Index_Vertex nbTriangle nbInTr x y ux uy Elast AR BR IR GR ER FR A1 A2 B12 C3 Defxx Defxy Defyx Defyy Density 
43 0 0 0.951738 0.346508 0.0146601 0.00796453 1.58414e+06 6.60968e+06 2.98934e+06 546254 0 5.40792e+06 0 6.60968e+06 5.40792e+06 2.98934e+06 546254 0.0264467 0.0020254 -0.000132546 0.035802 0.0847661
45 0 1 1.27773 0.185902 0.0171729 0.000441676 3.37841e+06 1.40961e+07 6.37521e+06 1.16497e+06 0 1.15332e+07 0 1.40961e+07 1.15332e+07 6.37521e+06 1.16497e+06 0.0172346 -0.000441343 0.0549719 0.0403512 0.0858168
44 0 2 1.24328 0.451605 0.0196477 0.00916648 5.00312e+06 2.08751e+07 9.44112e+06 1.72521e+06 0 1.70796e+07 0 2.08751e+07 1.70796e+07 9.44112e+06 1.72521e+06 0.00888026 -0.0177533 -0.0111236 0.0272861 0.080181
43 1 0 0.951738 0.346508 0.0146601 0.00796453 1.58414e+06 6.60968e+06 2.98934e+06 546254 0 5.40792e+06 0 6.60968e+06 5.40792e+06 2.98934e+06 546254 0.0264467 0.0020254 -0.000132546 0.035802 0.0847661
42 1 1 1 6.23511e-25 7.68118e-27 3.6488e-26 7.47625e+06 3.1194e+07 1.4108e+07 2.57802e+06 0 2.55224e+07 0 3.1194e+07 2.55224e+07 1.4108e+07 2.57802e+06 1.44616e-25 -6.26121e-25 0.0843896 0.0104719 0.101498
45 1 2 1.27773 0.185902 0.0171729 0.000441676 3.37841e+06 1.40961e+07 6.37521e+06 1.16497e+06 0 1.15332e+07 0 1.40961e+07 1.15332e+07 6.37521e+06 1.16497e+06 0.0172346 -0.000441343 0.0549719 0.0403512 0.0858168
43 2 0 0.951738 0.346508 0.0146601 0.00796453 1.58414e+06 6.60968e+06 2.98934e+06 546254 0 5.40792e+06 0 6.60968e+06 5.40792e+06 2.98934e+06 546254 0.0264467 0.0020254 -0.000132546 0.035802 0.0847661
38 2 1 0.714286 1.16573e-24 3.08089e-27 5.68031e-26 7.24036e+06 3.02098e+07 1.36629e+07 2.49668e+06 0 2.47171e+07 0 3.02098e+07 2.47171e+07 1.36629e+07 2.49668e+06 -1.49043e-25 -8.31728e-25 0.0568509 0.024317 0.111327
42 2 2 1 6.23511e-25 7.68118e-27 3.6488e-26 7.47625e+06 3.1194e+07 1.4108e+07 2.57802e+06 0 2.55224e+07 0 3.1194e+07 2.55224e+07 1.4108e+07 2.57802e+06 1.44616e-25 -6.26121e-25 0.0843896 0.0104719 0.101498
41 3 0 1.18978 0.714137 0.0166717 0.014722 8.82171e+06 3.68078e+07 1.6647e+07 3.04197e+06 0 3.01155e+07 0 3.68078e+07 3.01155e+07 1.6647e+07 3.04197e+06 0.00487811 -0.016374 0.00339033 0.0136699 0.0735113
43 3 1 0.951738 0.346508 0.0146601 0.00796453 1.58414e+06 6.60968e+06 2.98934e+06 546254 0 5.40792e+06 0 6.60968e+06 5.40792e+06 2.98934e+06 546254 0.0264467 0.0020254 -0.000132546 0.035802 0.0847661
44 3 2 1.24328 0.451605 0.0196477 0.00916648 5.00312e+06 2.08751e+07 9.44112e+06 1.72521e+06 0 1.70796e+07 0 2.08751e+07 1.70796e+07 9.44112e+06 1.72521e+06 0.00888026 -0.0177533 -0.0111236 0.0272861 0.080181
40 4 0 0.827389 0.68058 0.0123216 0.0161322 4.4716e+06 1.86573e+07 8.4381e+06 1.54193e+06 0 1.52651e+07 0 1.86573e+07 1.52651e+07 8.4381e+06 1.54193e+06 0.0181859 0.00563017 0.00679856 0.0183116 0.0727034
37 4 1 1.03515 0.988872 0.0162549 0.0204723 8.1455e+06 3.39864e+07 1.53709e+07 2.80879e+06 0 2.78071e+07 0 3.39864e+07 2.78071e+07 1.53709e+07 2.80879e+06 0.00775189 -0.0113887 0.000519219 0.0135388 0.0670237
35 4 2 0.70221 1.00436 0.0129166 0.0212148 5.20041e+06 2.16983e+07 9.8134e+06 1.79324e+06 0 1.77531e+07 0 2.16983e+07 1.77531e+07 9.8134e+06 1.79324e+06 0.0124106 0.00845569 0.00180803 0.0193007 0.0639446
31 5 0 0.848809 1.24318 0.014283 0.0252782 8.2262e+06 3.43231e+07 1.55232e+07 2.83662e+06 0 2.80825e+07 0 3.43231e+07 2.80825e+07 1.55232e+07 2.83662e+06 0.00918234 -0.00473417 -0.00361986 0.0124439 0.0617488
28 5 1 0.667456 1.38214 0.0114526 0.0290111 4.4104e+06 1.8402e+07 8.32262e+06 1.52083e+06 0 1.50562e+07 0 1.8402e+07 1.50562e+07 8.32262e+06 1.52083e+06 0.0192502 0.00172678 -0.0064797 0.0216674 0.0587356
35 5 2 0.70221 1.00436 0.0129166 0.0212148 5.20041e+06 2.16983e+07 9.8134e+06 1.79324e+06 0 1.77531e+07 0 2.16983e+07 1.77531e+07 9.8134e+06 1.79324e+06 0.0124106 0.00845569 0.00180803 0.0193007 0.0639446
38 6 0 0.714286 1.16573e-24 3.08089e-27 5.68031e-26 7.24036e+06 3.02098e+07 1.36629e+07 2.49668e+06 0 2.47171e+07 0 3.02098e+07 2.47171e+07 1.36629e+07 2.49668e+06 -1.49043e-25 -8.31728e-25 0.0568509 0.024317 0.111327
43 6 1 0.951738 0.346508 0.0146601 0.00796453 1.58414e+06 6.60968e+06 2.98934e+06 546254 0 5.40792e+06 0 6.60968e+06 5.40792e+06 2.98934e+06 546254 0.0264467 0.0020254 -0.000132546 0.035802 0.0847661
39 6 2 0.583149 0.374848 0.0092014 0.0106524 6.66208e+06 2.7797e+07 1.25716e+07 2.29727e+06 0 2.2743e+07 0 2.7797e+07 2.2743e+07 1.25716e+07 2.29727e+06 0.00410468 -0.0101329 -0.0044307 0.0228861 0.0855499
5 7 0 -0.96949 0.325864 -0.0176413 0.00876338 6.597e+06 2.75254e+07 1.24488e+07 2.27483e+06 0 2.25208e+07 0 2.75254e+07 2.25208e+07 1.24488e+07 2.27483e+06 -0.00266284 0.0105952 0.0178399 0.0238849 0.0818341
0 7 1 -1.31914 0.296576 -0.0223437 0.00774624 1.82429e+06 7.61167e+06 3.44251e+06 629064 0 6.22773e+06 0 7.61167e+06 6.22773e+06 3.44251e+06 629064 0.0269483 -0.0104838 0.0133482 0.0442442 0.0783853
1 7 2 -1.15957 0.148288 -0.0154718 0.00276188 5.02813e+06 2.09794e+07 9.48831e+06 1.73384e+06 0 1.7165e+07 0 2.09794e+07 1.7165e+07 9.48831e+06 1.73384e+06 0.0156231 0.000745418 -0.058527 0.026921 0.0884545
12 8 0 -0.629473 0.341731 -0.0147912 0.023318 552177 2.30391e+06 1.04198e+06 190406 0 1.88502e+06 0 2.30391e+06 1.88502e+06 1.04198e+06 190406 0.027333 0.05815 0.0522983 0.0538943 0.0857486
5 8 1 -0.96949 0.325864 -0.0176413 0.00876338 6.597e+06 2.75254e+07 1.24488e+07 2.27483e+06 0 2.25208e+07 0 2.75254e+07 2.25208e+07 1.24488e+07 2.27483e+06 -0.00266284 0.0105952 0.0178399 0.0238849 0.0818341
6 8 2 -0.714286 1.07297e-24 -7.21149e-28 5.41688e-26 3.63842e+06 1.5181e+07 6.86585e+06 1.25463e+06 0 1.24208e+07 0 1.5181e+07 1.24208e+07 6.86585e+06 1.25463e+06 -2.92917e-25 3.54411e-25 -0.117634 0.0326002 0.108705
10 9 0 -0.870679 0.629234 -0.00874072 0.0195573 4.98704e+06 2.0808e+07 9.41077e+06 1.71967e+06 0 1.70247e+07 0 2.0808e+07 1.70247e+07 9.41077e+06 1.71967e+06 0.0102826 0.0221679 0.00437735 0.0313967 0.0711612
18 9 1 -0.48205 0.69913 -0.00297677 0.0375259 9.44499e+06 3.94084e+07 1.78231e+07 3.25689e+06 0 3.22432e+07 0 3.94084e+07 3.22432e+07 1.78231e+07 3.25689e+06 0.0150127 0.00182883 0.008832 -0.00799998 0.0694982
11 9 2 -0.764371 0.906941 -0.00817966 0.0317828 2.73215e+06 1.13997e+07 5.1557e+06 942122 0 9.32701e+06 0 1.13997e+07 9.32701e+06 5.1557e+06 942122 0.0124647 0.0470971 -0.00681791 0.0338575 0.0634828
2 10 0 -1 6.67038e-25 2.85562e-27 6.28799e-26 8.23198e+06 3.43472e+07 1.55341e+07 2.83861e+06 0 2.81023e+07 0 3.43472e+07 2.81023e+07 1.55341e+07 2.83861e+06 0.0042613 0.0108063 -0.128748 0.0227599 0.0985238
6 10 1 -0.714286 1.07297e-24 -7.21149e-28 5.41688e-26 3.63842e+06 1.5181e+07 6.86585e+06 1.25463e+06 0 1.24208e+07 0 1.5181e+07 1.24208e+07 6.86585e+06 1.25463e+06 -2.92917e-25 3.54411e-25 -0.117634 0.0326002 0.108705
5 10 2 -0.96949 0.325864 -0.0176413 0.00876338 6.597e+06 2.75254e+07 1.24488e+07 2.27483e+06 0 2.25208e+07 0 2.75254e+07 2.25208e+07 1.24488e+07 2.27483e+06 -0.00266284 0.0105952 0.0178399 0.0238849 0.0818341
6 11 0 -0.714286 1.07297e-24 -7.21149e-28 5.41688e-26 3.63842e+06 1.5181e+07 6.86585e+06 1.25463e+06 0 1.24208e+07 0 1.5181e+07 1.24208e+07 6.86585e+06 1.25463e+06 -2.92917e-25 3.54411e-25 -0.117634 0.0326002 0.108705
13 11 1 -0.428571 1.11067e-24 2.51659e-27 2.68684e-26 819682 3.42005e+06 1.54678e+06 282649 0 2.79822e+06 0 3.42005e+06 2.79822e+06 1.54678e+06 282649 8.56302e-19 -4.76912e-17 -0.0293566 0.0803888 0.111978
12 11 2 -0.629473 0.341731 -0.0147912 0.023318 552177 2.30391e+06 1.04198e+06 190406 0 1.88502e+06 0 2.30391e+06 1.88502e+06 1.04198e+06 190406 0.027333 0.05815 0.0522983 0.0538943 0.0857486
19 12 0 -0.310009 0.341084 -0.000903725 0.0299498 607720 2.53566e+06 1.1468e+06 209559 0 2.07463e+06 0 2.53566e+06 2.07463e+06 1.1468e+06 209559 0.0310602 -0.0293648 -0.0169159 0.101348 0.0876718
18 12 1 -0.48205 0.69913 -0.00297677 0.0375259 9.44499e+06 3.94084e+07 1.78231e+07 3.25689e+06 0 3.22432e+07 0 3.94084e+07 3.22432e+07 1.78231e+07 3.25689e+06 0.0150127 0.00182883 0.008832 -0.00799998 0.0694982
12 12 2 -0.629473 0.341731 -0.0147912 0.023318 552177 2.30391e+06 1.04198e+06 190406 0 1.88502e+06 0 2.30391e+06 1.88502e+06 1.04198e+06 190406 0.027333 0.05815 0.0522983 0.0538943 0.0857486
13 13 0 -0.428571 1.11067e-24 2.51659e-27 2.68684e-26 819682 3.42005e+06 1.54678e+06 282649 0 2.79822e+06 0 3.42005e+06 2.79822e+06 1.54678e+06 282649 8.56302e-19 -4.76912e-17 -0.0293566 0.0803888 0.111978
19 13 1 -0.310009 0.341084 -0.000903725 0.0299498 607720 2.53566e+06 1.1468e+06 209559 0 2.07463e+06 0 2.53566e+06 2.07463e+06 1.1468e+06 209559 0.0310602 -0.0293648 -0.0169159 0.101348 0.0876718
12 13 2 -0.629473 0.341731 -0.0147912 0.023318 552177 2.30391e+06 1.04198e+06 190406 0 1.88502e+06 0 2.30391e+06 1.88502e+06 1.04198e+06 190406 0.027333 0.05815 0.0522983 0.0538943 0.0857486
5 14 0 -0.96949 0.325864 -0.0176413 0.00876338 6.597e+06 2.75254e+07 1.24488e+07 2.27483e+06 0 2.25208e+07 0 2.75254e+07 2.25208e+07 1.24488e+07 2.27483e+06 -0.00266284 0.0105952 0.0178399 0.0238849 0.0818341
12 14 1 -0.629473 0.341731 -0.0147912 0.023318 552177 2.30391e+06 1.04198e+06 190406 0 1.88502e+06 0 2.30391e+06 1.88502e+06 1.04198e+06 190406 0.027333 0.05815 0.0522983 0.0538943 0.0857486
10 14 2 -0.870679 0.629234 -0.00874072 0.0195573 4.98704e+06 2.0808e+07 9.41077e+06 1.71967e+06 0 1.70247e+07 0 2.0808e+07 1.70247e+07 9.41077e+06 1.71967e+06 0.0102826 0.0221679 0.00437735 0.0313967 0.0711612
3 15 0 -1.26301 0.625974 -0.0142493 0.0183995 3.19334e+06 1.33239e+07 6.02598e+06 1.10115e+06 0 1.09014e+07 0 1.33239e+07 1.09014e+07 6.02598e+06 1.10115e+06 0.0252912 -0.0247892 0.0268965 0.0264502 0.0719468
5 15 1 -0.96949 0.325864 -0.0176413 0.00876338 6.597e+06 2.75254e+07 1.24488e+07 2.27483e+06 0 2.25208e+07 0 2.75254e+07 2.25208e+07 1.24488e+07 2.27483e+06 -0.00266284 0.0105952 0.0178399 0.0238849 0.0818341
10 15 2 -0.870679 0.629234 -0.00874072 0.0195573 4.98704e+06 2.0808e+07 9.41077e+06 1.71967e+06 0 1.70247e+07 0 2.0808e+07 1.70247e+07 9.41077e+06 1.71967e+06 0.0102826 0.0221679 0.00437735 0.0313967 0.0711612
1 16 0 -1.15957 0.148288 -0.0154718 0.00276188 5.02813e+06 2.09794e+07 9.48831e+06 1.73384e+06 0 1.7165e+07 0 2.09794e+07 1.7165e+07 9.48831e+06 1.73384e+06 0.0156231 0.000745418 -0.058527 0.026921 0.0884545
2 16 1 -1 6.67038e-25 2.85562e-27 6.28799e-26 8.23198e+06 3.43472e+07 1.55341e+07 2.83861e+06 0 2.81023e+07 0 3.43472e+07 2.81023e+07 1.55341e+07 2.83861e+06 0.0042613 0.0108063 -0.128748 0.0227599 0.0985238
5 16 2 -0.96949 0.325864 -0.0176413 0.00876338 6.597e+06 2.75254e+07 1.24488e+07 2.27483e+06 0 2.25208e+07 0 2.75254e+07 2.25208e+07 1.24488e+07 2.27483e+06 -0.00266284 0.0105952 0.0178399 0.0238849 0.0818341
27 17 0 0.00162022 0.308175 0.00598616 0.0219806 1.70597e+06 7.118e+06 3.21924e+06 588264 0 5.82382e+06 0 7.118e+06 5.82382e+06 3.21924e+06 588264 0.0113711 -0.00443376 -8.4679e-06 0.0629173 0.0906554
20 17 1 -0.142857 1.08318e-24 1.63866e-27 4.20098e-26 1.54816e+06 6.45957e+06 2.92145e+06 533849 0 5.2851e+06 0 6.45957e+06 5.2851e+06 2.92145e+06 533849 0.00697528 0.0228751 0.0302565 0.0710871 0.113397
26 17 2 0.142857 1.0978e-24 9.22471e-27 4.82865e-26 912509 3.80736e+06 1.72194e+06 314658 0 3.11512e+06 0 3.80736e+06 3.11512e+06 1.72194e+06 314658 -1.46311e-26 9.74567e-25 0.0571599 0.0913073 0.114157
25 18 0 -0.11391 0.635557 0.00200472 0.0314399 8.91079e+06 3.71795e+07 1.68151e+07 3.07269e+06 0 3.04196e+07 0 3.71795e+07 3.04196e+07 1.68151e+07 3.07269e+06 0.0141144 -0.0213496 0.00397719 0.00352747 0.0727311
19 18 1 -0.310009 0.341084 -0.000903725 0.0299498 607720 2.53566e+06 1.1468e+06 209559 0 2.07463e+06 0 2.53566e+06 2.07463e+06 1.1468e+06 209559 0.0310602 -0.0293648 -0.0169159 0.101348 0.0876718
27 18 2 0.00162022 0.308175 0.00598616 0.0219806 1.70597e+06 7.118e+06 3.21924e+06 588264 0 5.82382e+06 0 7.118e+06 5.82382e+06 3.21924e+06 588264 0.0113711 -0.00443376 -8.4679e-06 0.0629173 0.0906554
33 19 0 0.234402 0.553275 0.00630508 0.0198676 7.20827e+06 3.00759e+07 1.36023e+07 2.48561e+06 0 2.46076e+07 0 3.00759e+07 2.46076e+07 1.36023e+07 2.48561e+06 0.00986068 -0.0245969 0.000182961 0.0180522 0.0766743
25 19 1 -0.11391 0.635557 0.00200472 0.0314399 8.91079e+06 3.71795e+07 1.68151e+07 3.07269e+06 0 3.04196e+07 0 3.71795e+07 3.04196e+07 1.68151e+07 3.07269e+06 0.0141144 -0.0213496 0.00397719 0.00352747 0.0727311
27 19 2 0.00162022 0.308175 0.00598616 0.0219806 1.70597e+06 7.118e+06 3.21924e+06 588264 0 5.82382e+06 0 7.118e+06 5.82382e+06 3.21924e+06 588264 0.0113711 -0.00443376 -8.4679e-06 0.0629173 0.0906554
22 20 0 -0.202464 0.977161 0.00183666 0.0386103 820490 3.42342e+06 1.5483e+06 282928 0 2.80098e+06 0 3.42342e+06 2.80098e+06 1.5483e+06 282928 0.0314849 -0.0245852 -0.00375213 0.0478995 0.0614992
18 20 1 -0.48205 0.69913 -0.00297677 0.0375259 9.44499e+06 3.94084e+07 1.78231e+07 3.25689e+06 0 3.22432e+07 0 3.94084e+07 3.22432e+07 1.78231e+07 3.25689e+06 0.0150127 0.00182883 0.008832 -0.00799998 0.0694982
25 20 2 -0.11391 0.635557 0.00200472 0.0314399 8.91079e+06 3.71795e+07 1.68151e+07 3.07269e+06 0 3.04196e+07 0 3.71795e+07 3.04196e+07 1.68151e+07 3.07269e+06 0.0141144 -0.0213496 0.00397719 0.00352747 0.0727311
11 21 0 -0.764371 0.906941 -0.00817966 0.0317828 2.73215e+06 1.13997e+07 5.1557e+06 942122 0 9.32701e+06 0 1.13997e+07 9.32701e+06 5.1557e+06 942122 0.0124647 0.0470971 -0.00681791 0.0338575 0.0634828
18 21 1 -0.48205 0.69913 -0.00297677 0.0375259 9.44499e+06 3.94084e+07 1.78231e+07 3.25689e+06 0 3.22432e+07 0 3.94084e+07 3.22432e+07 1.78231e+07 3.25689e+06 0.0150127 0.00182883 0.008832 -0.00799998 0.0694982
14 21 2 -0.531516 1.09404 -0.00605507 0.0427013 3.50319e+06 1.46167e+07 6.61067e+06 1.208e+06 0 1.19592e+07 0 1.46167e+07 1.19592e+07 6.61067e+06 1.208e+06 0.0073121 0.023054 -0.00873305 0.0328793 0.0590256
7 22 0 -0.885602 1.20973 -0.00854261 0.0320306 1.22109e+07 5.09489e+07 2.30425e+07 4.21066e+06 0 4.16855e+07 0 5.09489e+07 4.16855e+07 2.30425e+07 4.21066e+06 0.00514773 0.055754 0.0133697 0.00983264 0.0593912
11 22 1 -0.764371 0.906941 -0.00817966 0.0317828 2.73215e+06 1.13997e+07 5.1557e+06 942122 0 9.32701e+06 0 1.13997e+07 9.32701e+06 5.1557e+06 942122 0.0124647 0.0470971 -0.00681791 0.0338575 0.0634828
14 22 2 -0.531516 1.09404 -0.00605507 0.0427013 3.50319e+06 1.46167e+07 6.61067e+06 1.208e+06 0 1.19592e+07 0 1.46167e+07 1.19592e+07 6.61067e+06 1.208e+06 0.0073121 0.023054 -0.00873305 0.0328793 0.0590256
4 23 0 -1.09256 0.929657 -0.0108536 0.0219405 1.09249e+07 4.55832e+07 2.06158e+07 3.76721e+06 0 3.72953e+07 0 4.55832e+07 3.72953e+07 2.06158e+07 3.76721e+06 0.0032485 0.0160844 -0.00158964 0.0124119 0.0651975
3 23 1 -1.26301 0.625974 -0.0142493 0.0183995 3.19334e+06 1.33239e+07 6.02598e+06 1.10115e+06 0 1.09014e+07 0 1.33239e+07 1.09014e+07 6.02598e+06 1.10115e+06 0.0252912 -0.0247892 0.0268965 0.0264502 0.0719468
10 23 2 -0.870679 0.629234 -0.00874072 0.0195573 4.98704e+06 2.0808e+07 9.41077e+06 1.71967e+06 0 1.70247e+07 0 2.0808e+07 1.70247e+07 9.41077e+06 1.71967e+06 0.0102826 0.0221679 0.00437735 0.0313967 0.0711612
5 24 0 -0.96949 0.325864 -0.0176413 0.00876338 6.597e+06 2.75254e+07 1.24488e+07 2.27483e+06 0 2.25208e+07 0 2.75254e+07 2.25208e+07 1.24488e+07 2.27483e+06 -0.00266284 0.0105952 0.0178399 0.0238849 0.0818341
3 24 1 -1.26301 0.625974 -0.0142493 0.0183995 3.19334e+06 1.33239e+07 6.02598e+06 1.10115e+06 0 1.09014e+07 0 1.33239e+07 1.09014e+07 6.02598e+06 1.10115e+06 0.0252912 -0.0247892 0.0268965 0.0264502 0.0719468
0 24 2 -1.31914 0.296576 -0.0223437 0.00774624 1.82429e+06 7.61167e+06 3.44251e+06 629064 0 6.22773e+06 0 7.61167e+06 6.22773e+06 3.44251e+06 629064 0.0269483 -0.0104838 0.0133482 0.0442442 0.0783853
18 25 0 -0.48205 0.69913 -0.00297677 0.0375259 9.44499e+06 3.94084e+07 1.78231e+07 3.25689e+06 0 3.22432e+07 0 3.94084e+07 3.22432e+07 1.78231e+07 3.25689e+06 0.0150127 0.00182883 0.008832 -0.00799998 0.0694982
10 25 1 -0.870679 0.629234 -0.00874072 0.0195573 4.98704e+06 2.0808e+07 9.41077e+06 1.71967e+06 0 1.70247e+07 0 2.0808e+07 1.70247e+07 9.41077e+06 1.71967e+06 0.0102826 0.0221679 0.00437735 0.0313967 0.0711612
12 25 2 -0.629473 0.341731 -0.0147912 0.023318 552177 2.30391e+06 1.04198e+06 190406 0 1.88502e+06 0 2.30391e+06 1.88502e+06 1.04198e+06 190406 0.027333 0.05815 0.0522983 0.0538943 0.0857486
11 26 0 -0.764371 0.906941 -0.00817966 0.0317828 2.73215e+06 1.13997e+07 5.1557e+06 942122 0 9.32701e+06 0 1.13997e+07 9.32701e+06 5.1557e+06 942122 0.0124647 0.0470971 -0.00681791 0.0338575 0.0634828
4 26 1 -1.09256 0.929657 -0.0108536 0.0219405 1.09249e+07 4.55832e+07 2.06158e+07 3.76721e+06 0 3.72953e+07 0 4.55832e+07 3.72953e+07 2.06158e+07 3.76721e+06 0.0032485 0.0160844 -0.00158964 0.0124119 0.0651975
10 26 2 -0.870679 0.629234 -0.00874072 0.0195573 4.98704e+06 2.0808e+07 9.41077e+06 1.71967e+06 0 1.70247e+07 0 2.0808e+07 1.70247e+07 9.41077e+06 1.71967e+06 0.0102826 0.0221679 0.00437735 0.0313967 0.0711612
13 27 0 -0.428571 1.11067e-24 2.51659e-27 2.68684e-26 819682 3.42005e+06 1.54678e+06 282649 0 2.79822e+06 0 3.42005e+06 2.79822e+06 1.54678e+06 282649 8.56302e-19 -4.76912e-17 -0.0293566 0.0803888 0.111978
20 27 1 -0.142857 1.08318e-24 1.63866e-27 4.20098e-26 1.54816e+06 6.45957e+06 2.92145e+06 533849 0 5.2851e+06 0 6.45957e+06 5.2851e+06 2.92145e+06 533849 0.00697528 0.0228751 0.0302565 0.0710871 0.113397
19 27 2 -0.310009 0.341084 -0.000903725 0.0299498 607720 2.53566e+06 1.1468e+06 209559 0 2.07463e+06 0 2.53566e+06 2.07463e+06 1.1468e+06 209559 0.0310602 -0.0293648 -0.0169159 0.101348 0.0876718
11 28 0 -0.764371 0.906941 -0.00817966 0.0317828 2.73215e+06 1.13997e+07 5.1557e+06 942122 0 9.32701e+06 0 1.13997e+07 9.32701e+06 5.1557e+06 942122 0.0124647 0.0470971 -0.00681791 0.0338575 0.0634828
7 28 1 -0.885602 1.20973 -0.00854261 0.0320306 1.22109e+07 5.09489e+07 2.30425e+07 4.21066e+06 0 4.16855e+07 0 5.09489e+07 4.16855e+07 2.30425e+07 4.21066e+06 0.00514773 0.055754 0.0133697 0.00983264 0.0593912
4 28 2 -1.09256 0.929657 -0.0108536 0.0219405 1.09249e+07 4.55832e+07 2.06158e+07 3.76721e+06 0 3.72953e+07 0 4.55832e+07 3.72953e+07 2.06158e+07 3.76721e+06 0.0032485 0.0160844 -0.00158964 0.0124119 0.0651975
39 29 0 0.583149 0.374848 0.0092014 0.0106524 6.66208e+06 2.7797e+07 1.25716e+07 2.29727e+06 0 2.2743e+07 0 2.7797e+07 2.2743e+07 1.25716e+07 2.29727e+06 0.00410468 -0.0101329 -0.0044307 0.0228861 0.0855499
32 29 1 0.428571 1.03105e-24 -4.7298e-28 5.72995e-26 2.69752e+06 1.12552e+07 5.09035e+06 930181 0 9.20879e+06 0 1.12552e+07 9.20879e+06 5.09035e+06 930181 -2.74875e-26 -8.76244e-25 0.0531279 0.0595021 0.11371
38 29 2 0.714286 1.16573e-24 3.08089e-27 5.68031e-26 7.24036e+06 3.02098e+07 1.36629e+07 2.49668e+06 0 2.47171e+07 0 3.02098e+07 2.47171e+07 1.36629e+07 2.49668e+06 -1.49043e-25 -8.31728e-25 0.0568509 0.024317 0.111327
40 30 0 0.827389 0.68058 0.0123216 0.0161322 4.4716e+06 1.86573e+07 8.4381e+06 1.54193e+06 0 1.52651e+07 0 1.86573e+07 1.52651e+07 8.4381e+06 1.54193e+06 0.0181859 0.00563017 0.00679856 0.0183116 0.0727034
39 30 1 0.583149 0.374848 0.0092014 0.0106524 6.66208e+06 2.7797e+07 1.25716e+07 2.29727e+06 0 2.2743e+07 0 2.7797e+07 2.2743e+07 1.25716e+07 2.29727e+06 0.00410468 -0.0101329 -0.0044307 0.0228861 0.0855499
43 30 2 0.951738 0.346508 0.0146601 0.00796453 1.58414e+06 6.60968e+06 2.98934e+06 546254 0 5.40792e+06 0 6.60968e+06 5.40792e+06 2.98934e+06 546254 0.0264467 0.0020254 -0.000132546 0.035802 0.0847661
33 31 0 0.234402 0.553275 0.00630508 0.0198676 7.20827e+06 3.00759e+07 1.36023e+07 2.48561e+06 0 2.46076e+07 0 3.00759e+07 2.46076e+07 1.36023e+07 2.48561e+06 0.00986068 -0.0245969 0.000182961 0.0180522 0.0766743
34 31 1 0.296608 0.261978 0.00801329 0.012056 7.04012e+06 2.93743e+07 1.3285e+07 2.42763e+06 0 2.40335e+07 0 2.93743e+07 2.40335e+07 1.3285e+07 2.42763e+06 -0.00369703 -0.0291629 0.00618504 0.0178465 0.0934359
39 31 2 0.583149 0.374848 0.0092014 0.0106524 6.66208e+06 2.7797e+07 1.25716e+07 2.29727e+06 0 2.2743e+07 0 2.7797e+07 2.2743e+07 1.25716e+07 2.29727e+06 0.00410468 -0.0101329 -0.0044307 0.0228861 0.0855499
22 32 0 -0.202464 0.977161 0.00183666 0.0386103 820490 3.42342e+06 1.5483e+06 282928 0 2.80098e+06 0 3.42342e+06 2.80098e+06 1.5483e+06 282928 0.0314849 -0.0245852 -0.00375213 0.0478995 0.0614992
25 32 1 -0.11391 0.635557 0.00200472 0.0314399 8.91079e+06 3.71795e+07 1.68151e+07 3.07269e+06 0 3.04196e+07 0 3.71795e+07 3.04196e+07 1.68151e+07 3.07269e+06 0.0141144 -0.0213496 0.00397719 0.00352747 0.0727311
29 32 2 0.138361 0.887903 0.00771293 0.0283559 5.93968e+06 2.47828e+07 1.12084e+07 2.04817e+06 0 2.02768e+07 0 2.47828e+07 2.02768e+07 1.12084e+07 2.04817e+06 0.00845531 -0.0343163 0.00324049 0.0195221 0.0642093
34 33 0 0.296608 0.261978 0.00801329 0.012056 7.04012e+06 2.93743e+07 1.3285e+07 2.42763e+06 0 2.40335e+07 0 2.93743e+07 2.40335e+07 1.3285e+07 2.42763e+06 -0.00369703 -0.0291629 0.00618504 0.0178465 0.0934359
32 33 1 0.428571 1.03105e-24 -4.7298e-28 5.72995e-26 2.69752e+06 1.12552e+07 5.09035e+06 930181 0 9.20879e+06 0 1.12552e+07 9.20879e+06 5.09035e+06 930181 -2.74875e-26 -8.76244e-25 0.0531279 0.0595021 0.11371
39 33 2 0.583149 0.374848 0.0092014 0.0106524 6.66208e+06 2.7797e+07 1.25716e+07 2.29727e+06 0 2.2743e+07 0 2.7797e+07 2.2743e+07 1.25716e+07 2.29727e+06 0.00410468 -0.0101329 -0.0044307 0.0228861 0.0855499
27 34 0 0.00162022 0.308175 0.00598616 0.0219806 1.70597e+06 7.118e+06 3.21924e+06 588264 0 5.82382e+06 0 7.118e+06 5.82382e+06 3.21924e+06 588264 0.0113711 -0.00443376 -8.4679e-06 0.0629173 0.0906554
34 34 1 0.296608 0.261978 0.00801329 0.012056 7.04012e+06 2.93743e+07 1.3285e+07 2.42763e+06 0 2.40335e+07 0 2.93743e+07 2.40335e+07 1.3285e+07 2.42763e+06 -0.00369703 -0.0291629 0.00618504 0.0178465 0.0934359
33 34 2 0.234402 0.553275 0.00630508 0.0198676 7.20827e+06 3.00759e+07 1.36023e+07 2.48561e+06 0 2.46076e+07 0 3.00759e+07 2.46076e+07 1.36023e+07 2.48561e+06 0.00986068 -0.0245969 0.000182961 0.0180522 0.0766743
27 35 0 0.00162022 0.308175 0.00598616 0.0219806 1.70597e+06 7.118e+06 3.21924e+06 588264 0 5.82382e+06 0 7.118e+06 5.82382e+06 3.21924e+06 588264 0.0113711 -0.00443376 -8.4679e-06 0.0629173 0.0906554
26 35 1 0.142857 1.0978e-24 9.22471e-27 4.82865e-26 912509 3.80736e+06 1.72194e+06 314658 0 3.11512e+06 0 3.80736e+06 3.11512e+06 1.72194e+06 314658 -1.46311e-26 9.74567e-25 0.0571599 0.0913073 0.114157
34 35 2 0.296608 0.261978 0.00801329 0.012056 7.04012e+06 2.93743e+07 1.3285e+07 2.42763e+06 0 2.40335e+07 0 2.93743e+07 2.40335e+07 1.3285e+07 2.42763e+06 -0.00369703 -0.0291629 0.00618504 0.0178465 0.0934359
8 36 0 -0.632089 1.44562 -0.00348279 0.0449952 1.23212e+07 5.1409e+07 2.32506e+07 4.24868e+06 0 4.20619e+07 0 5.1409e+07 4.20619e+07 2.32506e+07 4.24868e+06 0.00746597 0.03651 0.0176156 0.00810832 0.0556859
7 36 1 -0.885602 1.20973 -0.00854261 0.0320306 1.22109e+07 5.09489e+07 2.30425e+07 4.21066e+06 0 4.16855e+07 0 5.09489e+07 4.16855e+07 2.30425e+07 4.21066e+06 0.00514773 0.055754 0.0133697 0.00983264 0.0593912
14 36 2 -0.531516 1.09404 -0.00605507 0.0427013 3.50319e+06 1.46167e+07 6.61067e+06 1.208e+06 0 1.19592e+07 0 1.46167e+07 1.19592e+07 6.61067e+06 1.208e+06 0.0073121 0.023054 -0.00873305 0.0328793 0.0590256
8 37 0 -0.632089 1.44562 -0.00348279 0.0449952 1.23212e+07 5.1409e+07 2.32506e+07 4.24868e+06 0 4.20619e+07 0 5.1409e+07 4.20619e+07 2.32506e+07 4.24868e+06 0.00746597 0.03651 0.0176156 0.00810832 0.0556859
14 37 1 -0.531516 1.09404 -0.00605507 0.0427013 3.50319e+06 1.46167e+07 6.61067e+06 1.208e+06 0 1.19592e+07 0 1.46167e+07 1.19592e+07 6.61067e+06 1.208e+06 0.0073121 0.023054 -0.00873305 0.0328793 0.0590256
16 37 2 -0.275587 1.31751 -0.00038114 0.0494202 5.06327e+06 2.1126e+07 9.55461e+06 1.74595e+06 0 1.72849e+07 0 2.1126e+07 1.72849e+07 9.55461e+06 1.74595e+06 0.0209482 -0.0192808 0.00198483 0.00619824 0.0558284
16 38 0 -0.275587 1.31751 -0.00038114 0.0494202 5.06327e+06 2.1126e+07 9.55461e+06 1.74595e+06 0 1.72849e+07 0 2.1126e+07 1.72849e+07 9.55461e+06 1.74595e+06 0.0209482 -0.0192808 0.00198483 0.00619824 0.0558284
9 38 1 -0.355038 1.57583 0.00152846 0.0515097 1.54308e+07 6.43838e+07 2.91187e+07 5.32097e+06 0 5.26776e+07 0 6.43838e+07 5.26776e+07 2.91187e+07 5.32097e+06 0.00560094 0.00818685 0.0263425 0.00450875 0.0545157
8 38 2 -0.632089 1.44562 -0.00348279 0.0449952 1.23212e+07 5.1409e+07 2.32506e+07 4.24868e+06 0 4.20619e+07 0 5.1409e+07 4.20619e+07 2.32506e+07 4.24868e+06 0.00746597 0.03651 0.0176156 0.00810832 0.0556859
22 39 0 -0.202464 0.977161 0.00183666 0.0386103 820490 3.42342e+06 1.5483e+06 282928 0 2.80098e+06 0 3.42342e+06 2.80098e+06 1.5483e+06 282928 0.0314849 -0.0245852 -0.00375213 0.0478995 0.0614992
16 39 1 -0.275587 1.31751 -0.00038114 0.0494202 5.06327e+06 2.1126e+07 9.55461e+06 1.74595e+06 0 1.72849e+07 0 2.1126e+07 1.72849e+07 9.55461e+06 1.74595e+06 0.0209482 -0.0192808 0.00198483 0.00619824 0.0558284
14 39 2 -0.531516 1.09404 -0.00605507 0.0427013 3.50319e+06 1.46167e+07 6.61067e+06 1.208e+06 0 1.19592e+07 0 1.46167e+07 1.19592e+07 6.61067e+06 1.208e+06 0.0073121 0.023054 -0.00873305 0.0328793 0.0590256
24 40 0 0.0587609 1.26299 0.00502984 0.0377399 6.72329e+06 2.80524e+07 1.26872e+07 2.31838e+06 0 2.29519e+07 0 2.80524e+07 2.29519e+07 1.26872e+07 2.31838e+06 0.0120668 -0.0316513 -0.00491429 0.0139391 0.0566604
15 40 1 -0.0591836 1.64299 0.00735389 0.0490439 4.35576e+06 1.8174e+07 8.21952e+06 1.50199e+06 0 1.48697e+07 0 1.8174e+07 1.48697e+07 8.21952e+06 1.50199e+06 0.0217516 -0.052515 0.0264708 0.0159012 0.0542052
16 40 2 -0.275587 1.31751 -0.00038114 0.0494202 5.06327e+06 2.1126e+07 9.55461e+06 1.74595e+06 0 1.72849e+07 0 2.1126e+07 1.72849e+07 9.55461e+06 1.74595e+06 0.0209482 -0.0192808 0.00198483 0.00619824 0.0558284
39 41 0 0.583149 0.374848 0.0092014 0.0106524 6.66208e+06 2.7797e+07 1.25716e+07 2.29727e+06 0 2.2743e+07 0 2.7797e+07 2.2743e+07 1.25716e+07 2.29727e+06 0.00410468 -0.0101329 -0.0044307 0.0228861 0.0855499
40 41 1 0.827389 0.68058 0.0123216 0.0161322 4.4716e+06 1.86573e+07 8.4381e+06 1.54193e+06 0 1.52651e+07 0 1.86573e+07 1.52651e+07 8.4381e+06 1.54193e+06 0.0181859 0.00563017 0.00679856 0.0183116 0.0727034
36 41 2 0.484289 0.750567 0.00918587 0.0179954 1.15796e+07 4.8315e+07 2.18513e+07 3.99298e+06 0 3.95305e+07 0 4.8315e+07 3.95305e+07 2.18513e+07 3.99298e+06 0.00579996 -0.0138051 0.0112161 0.0101453 0.069335
16 42 0 -0.275587 1.31751 -0.00038114 0.0494202 5.06327e+06 2.1126e+07 9.55461e+06 1.74595e+06 0 1.72849e+07 0 2.1126e+07 1.72849e+07 9.55461e+06 1.74595e+06 0.0209482 -0.0192808 0.00198483 0.00619824 0.0558284
15 42 1 -0.0591836 1.64299 0.00735389 0.0490439 4.35576e+06 1.8174e+07 8.21952e+06 1.50199e+06 0 1.48697e+07 0 1.8174e+07 1.48697e+07 8.21952e+06 1.50199e+06 0.0217516 -0.052515 0.0264708 0.0159012 0.0542052
9 42 2 -0.355038 1.57583 0.00152846 0.0515097 1.54308e+07 6.43838e+07 2.91187e+07 5.32097e+06 0 5.26776e+07 0 6.43838e+07 5.26776e+07 2.91187e+07 5.32097e+06 0.00560094 0.00818685 0.0263425 0.00450875 0.0545157
24 43 0 0.0587609 1.26299 0.00502984 0.0377399 6.72329e+06 2.80524e+07 1.26872e+07 2.31838e+06 0 2.29519e+07 0 2.80524e+07 2.29519e+07 1.26872e+07 2.31838e+06 0.0120668 -0.0316513 -0.00491429 0.0139391 0.0566604
17 43 1 0.221904 1.61932 0.0106006 0.0370234 1.10468e+07 4.60918e+07 2.08458e+07 3.80924e+06 0 3.77115e+07 0 4.60918e+07 3.77115e+07 2.08458e+07 3.80924e+06 0.00685454 -0.0306306 0.026554 0.00953968 0.0547097
15 43 2 -0.0591836 1.64299 0.00735389 0.0490439 4.35576e+06 1.8174e+07 8.21952e+06 1.50199e+06 0 1.48697e+07 0 1.8174e+07 1.48697e+07 8.21952e+06 1.50199e+06 0.0217516 -0.052515 0.0264708 0.0159012 0.0542052
24 44 0 0.0587609 1.26299 0.00502984 0.0377399 6.72329e+06 2.80524e+07 1.26872e+07 2.31838e+06 0 2.29519e+07 0 2.80524e+07 2.29519e+07 1.26872e+07 2.31838e+06 0.0120668 -0.0316513 -0.00491429 0.0139391 0.0566604
23 44 1 0.335523 1.34357 0.00772863 0.0311139 9.47144e+06 3.95188e+07 1.7873e+07 3.26601e+06 0 3.23335e+07 0 3.95188e+07 3.23335e+07 1.7873e+07 3.26601e+06 0.00926931 -0.0231382 -0.00138383 0.00978537 0.0565745
17 44 2 0.221904 1.61932 0.0106006 0.0370234 1.10468e+07 4.60918e+07 2.08458e+07 3.80924e+06 0 3.77115e+07 0 4.60918e+07 3.77115e+07 2.08458e+07 3.80924e+06 0.00685454 -0.0306306 0.026554 0.00953968 0.0547097
22 45 0 -0.202464 0.977161 0.00183666 0.0386103 820490 3.42342e+06 1.5483e+06 282928 0 2.80098e+06 0 3.42342e+06 2.80098e+06 1.5483e+06 282928 0.0314849 -0.0245852 -0.00375213 0.0478995 0.0614992
29 45 1 0.138361 0.887903 0.00771293 0.0283559 5.93968e+06 2.47828e+07 1.12084e+07 2.04817e+06 0 2.02768e+07 0 2.47828e+07 2.02768e+07 1.12084e+07 2.04817e+06 0.00845531 -0.0343163 0.00324049 0.0195221 0.0642093
24 45 2 0.0587609 1.26299 0.00502984 0.0377399 6.72329e+06 2.80524e+07 1.26872e+07 2.31838e+06 0 2.29519e+07 0 2.80524e+07 2.29519e+07 1.26872e+07 2.31838e+06 0.0120668 -0.0316513 -0.00491429 0.0139391 0.0566604
18 46 0 -0.48205 0.69913 -0.00297677 0.0375259 9.44499e+06 3.94084e+07 1.78231e+07 3.25689e+06 0 3.22432e+07 0 3.94084e+07 3.22432e+07 1.78231e+07 3.25689e+06 0.0150127 0.00182883 0.008832 -0.00799998 0.0694982
22 46 1 -0.202464 0.977161 0.00183666 0.0386103 820490 3.42342e+06 1.5483e+06 282928 0 2.80098e+06 0 3.42342e+06 2.80098e+06 1.5483e+06 282928 0.0314849 -0.0245852 -0.00375213 0.0478995 0.0614992
14 46 2 -0.531516 1.09404 -0.00605507 0.0427013 3.50319e+06 1.46167e+07 6.61067e+06 1.208e+06 0 1.19592e+07 0 1.46167e+07 1.19592e+07 6.61067e+06 1.208e+06 0.0073121 0.023054 -0.00873305 0.0328793 0.0590256
18 47 0 -0.48205 0.69913 -0.00297677 0.0375259 9.44499e+06 3.94084e+07 1.78231e+07 3.25689e+06 0 3.22432e+07 0 3.94084e+07 3.22432e+07 1.78231e+07 3.25689e+06 0.0150127 0.00182883 0.008832 -0.00799998 0.0694982
19 47 1 -0.310009 0.341084 -0.000903725 0.0299498 607720 2.53566e+06 1.1468e+06 209559 0 2.07463e+06 0 2.53566e+06 2.07463e+06 1.1468e+06 209559 0.0310602 -0.0293648 -0.0169159 0.101348 0.0876718
25 47 2 -0.11391 0.635557 0.00200472 0.0314399 8.91079e+06 3.71795e+07 1.68151e+07 3.07269e+06 0 3.04196e+07 0 3.71795e+07 3.04196e+07 1.68151e+07 3.07269e+06 0.0141144 -0.0213496 0.00397719 0.00352747 0.0727311
23 48 0 0.335523 1.34357 0.00772863 0.0311139 9.47144e+06 3.95188e+07 1.7873e+07 3.26601e+06 0 3.23335e+07 0 3.95188e+07 3.23335e+07 1.7873e+07 3.26601e+06 0.00926931 -0.0231382 -0.00138383 0.00978537 0.0565745
21 48 1 0.485623 1.52047 0.0102953 0.0311027 1.01e+07 4.21414e+07 1.90591e+07 3.48276e+06 0 3.44793e+07 0 4.21414e+07 3.44793e+07 1.90591e+07 3.48276e+06 0.00658044 -0.00526866 0.0155059 0.00959417 0.0563343
17 48 2 0.221904 1.61932 0.0106006 0.0370234 1.10468e+07 4.60918e+07 2.08458e+07 3.80924e+06 0 3.77115e+07 0 4.60918e+07 3.77115e+07 2.08458e+07 3.80924e+06 0.00685454 -0.0306306 0.026554 0.00953968 0.0547097
29 49 0 0.138361 0.887903 0.00771293 0.0283559 5.93968e+06 2.47828e+07 1.12084e+07 2.04817e+06 0 2.02768e+07 0 2.47828e+07 2.02768e+07 1.12084e+07 2.04817e+06 0.00845531 -0.0343163 0.00324049 0.0195221 0.0642093
30 49 1 0.400621 1.09139 0.00967319 0.0253787 5.32099e+06 2.22014e+07 1.0041e+07 1.83482e+06 0 1.81648e+07 0 2.22014e+07 1.81648e+07 1.0041e+07 1.83482e+06 0.00786098 -0.0223861 -0.00500278 0.0242968 0.0603888
24 49 2 0.0587609 1.26299 0.00502984 0.0377399 6.72329e+06 2.80524e+07 1.26872e+07 2.31838e+06 0 2.29519e+07 0 2.80524e+07 2.29519e+07 1.26872e+07 2.31838e+06 0.0120668 -0.0316513 -0.00491429 0.0139391 0.0566604
28 50 0 0.667456 1.38214 0.0114526 0.0290111 4.4104e+06 1.8402e+07 8.32262e+06 1.52083e+06 0 1.50562e+07 0 1.8402e+07 1.50562e+07 8.32262e+06 1.52083e+06 0.0192502 0.00172678 -0.0064797 0.0216674 0.0587356
21 50 1 0.485623 1.52047 0.0102953 0.0311027 1.01e+07 4.21414e+07 1.90591e+07 3.48276e+06 0 3.44793e+07 0 4.21414e+07 3.44793e+07 1.90591e+07 3.48276e+06 0.00658044 -0.00526866 0.0155059 0.00959417 0.0563343
23 50 2 0.335523 1.34357 0.00772863 0.0311139 9.47144e+06 3.95188e+07 1.7873e+07 3.26601e+06 0 3.23335e+07 0 3.95188e+07 3.23335e+07 1.7873e+07 3.26601e+06 0.00926931 -0.0231382 -0.00138383 0.00978537 0.0565745
36 51 0 0.484289 0.750567 0.00918587 0.0179954 1.15796e+07 4.8315e+07 2.18513e+07 3.99298e+06 0 3.95305e+07 0 4.8315e+07 3.95305e+07 2.18513e+07 3.99298e+06 0.00579996 -0.0138051 0.0112161 0.0101453 0.069335
33 51 1 0.234402 0.553275 0.00630508 0.0198676 7.20827e+06 3.00759e+07 1.36023e+07 2.48561e+06 0 2.46076e+07 0 3.00759e+07 2.46076e+07 1.36023e+07 2.48561e+06 0.00986068 -0.0245969 0.000182961 0.0180522 0.0766743
39 51 2 0.583149 0.374848 0.0092014 0.0106524 6.66208e+06 2.7797e+07 1.25716e+07 2.29727e+06 0 2.2743e+07 0 2.7797e+07 2.2743e+07 1.25716e+07 2.29727e+06 0.00410468 -0.0101329 -0.0044307 0.0228861 0.0855499
35 52 0 0.70221 1.00436 0.0129166 0.0212148 5.20041e+06 2.16983e+07 9.8134e+06 1.79324e+06 0 1.77531e+07 0 2.16983e+07 1.77531e+07 9.8134e+06 1.79324e+06 0.0124106 0.00845569 0.00180803 0.0193007 0.0639446
36 52 1 0.484289 0.750567 0.00918587 0.0179954 1.15796e+07 4.8315e+07 2.18513e+07 3.99298e+06 0 3.95305e+07 0 4.8315e+07 3.95305e+07 2.18513e+07 3.99298e+06 0.00579996 -0.0138051 0.0112161 0.0101453 0.069335
40 52 2 0.827389 0.68058 0.0123216 0.0161322 4.4716e+06 1.86573e+07 8.4381e+06 1.54193e+06 0 1.52651e+07 0 1.86573e+07 1.52651e+07 8.4381e+06 1.54193e+06 0.0181859 0.00563017 0.00679856 0.0183116 0.0727034
35 53 0 0.70221 1.00436 0.0129166 0.0212148 5.20041e+06 2.16983e+07 9.8134e+06 1.79324e+06 0 1.77531e+07 0 2.16983e+07 1.77531e+07 9.8134e+06 1.79324e+06 0.0124106 0.00845569 0.00180803 0.0193007 0.0639446
30 53 1 0.400621 1.09139 0.00967319 0.0253787 5.32099e+06 2.22014e+07 1.0041e+07 1.83482e+06 0 1.81648e+07 0 2.22014e+07 1.81648e+07 1.0041e+07 1.83482e+06 0.00786098 -0.0223861 -0.00500278 0.0242968 0.0603888
36 53 2 0.484289 0.750567 0.00918587 0.0179954 1.15796e+07 4.8315e+07 2.18513e+07 3.99298e+06 0 3.95305e+07 0 4.8315e+07 3.95305e+07 2.18513e+07 3.99298e+06 0.00579996 -0.0138051 0.0112161 0.0101453 0.069335
23 54 0 0.335523 1.34357 0.00772863 0.0311139 9.47144e+06 3.95188e+07 1.7873e+07 3.26601e+06 0 3.23335e+07 0 3.95188e+07 3.23335e+07 1.7873e+07 3.26601e+06 0.00926931 -0.0231382 -0.00138383 0.00978537 0.0565745
30 54 1 0.400621 1.09139 0.00967319 0.0253787 5.32099e+06 2.22014e+07 1.0041e+07 1.83482e+06 0 1.81648e+07 0 2.22014e+07 1.81648e+07 1.0041e+07 1.83482e+06 0.00786098 -0.0223861 -0.00500278 0.0242968 0.0603888
28 54 2 0.667456 1.38214 0.0114526 0.0290111 4.4104e+06 1.8402e+07 8.32262e+06 1.52083e+06 0 1.50562e+07 0 1.8402e+07 1.50562e+07 8.32262e+06 1.52083e+06 0.0192502 0.00172678 -0.0064797 0.0216674 0.0587356
22 55 0 -0.202464 0.977161 0.00183666 0.0386103 820490 3.42342e+06 1.5483e+06 282928 0 2.80098e+06 0 3.42342e+06 2.80098e+06 1.5483e+06 282928 0.0314849 -0.0245852 -0.00375213 0.0478995 0.0614992
24 55 1 0.0587609 1.26299 0.00502984 0.0377399 6.72329e+06 2.80524e+07 1.26872e+07 2.31838e+06 0 2.29519e+07 0 2.80524e+07 2.29519e+07 1.26872e+07 2.31838e+06 0.0120668 -0.0316513 -0.00491429 0.0139391 0.0566604
16 55 2 -0.275587 1.31751 -0.00038114 0.0494202 5.06327e+06 2.1126e+07 9.55461e+06 1.74595e+06 0 1.72849e+07 0 2.1126e+07 1.72849e+07 9.55461e+06 1.74595e+06 0.0209482 -0.0192808 0.00198483 0.00619824 0.0558284
25 56 0 -0.11391 0.635557 0.00200472 0.0314399 8.91079e+06 3.71795e+07 1.68151e+07 3.07269e+06 0 3.04196e+07 0 3.71795e+07 3.04196e+07 1.68151e+07 3.07269e+06 0.0141144 -0.0213496 0.00397719 0.00352747 0.0727311
33 56 1 0.234402 0.553275 0.00630508 0.0198676 7.20827e+06 3.00759e+07 1.36023e+07 2.48561e+06 0 2.46076e+07 0 3.00759e+07 2.46076e+07 1.36023e+07 2.48561e+06 0.00986068 -0.0245969 0.000182961 0.0180522 0.0766743
29 56 2 0.138361 0.887903 0.00771293 0.0283559 5.93968e+06 2.47828e+07 1.12084e+07 2.04817e+06 0 2.02768e+07 0 2.47828e+07 2.02768e+07 1.12084e+07 2.04817e+06 0.00845531 -0.0343163 0.00324049 0.0195221 0.0642093
20 57 0 -0.142857 1.08318e-24 1.63866e-27 4.20098e-26 1.54816e+06 6.45957e+06 2.92145e+06 533849 0 5.2851e+06 0 6.45957e+06 5.2851e+06 2.92145e+06 533849 0.00697528 0.0228751 0.0302565 0.0710871 0.113397
27 57 1 0.00162022 0.308175 0.00598616 0.0219806 1.70597e+06 7.118e+06 3.21924e+06 588264 0 5.82382e+06 0 7.118e+06 5.82382e+06 3.21924e+06 588264 0.0113711 -0.00443376 -8.4679e-06 0.0629173 0.0906554
19 57 2 -0.310009 0.341084 -0.000903725 0.0299498 607720 2.53566e+06 1.1468e+06 209559 0 2.07463e+06 0 2.53566e+06 2.07463e+06 1.1468e+06 209559 0.0310602 -0.0293648 -0.0169159 0.101348 0.0876718
26 58 0 0.142857 1.0978e-24 9.22471e-27 4.82865e-26 912509 3.80736e+06 1.72194e+06 314658 0 3.11512e+06 0 3.80736e+06 3.11512e+06 1.72194e+06 314658 -1.46311e-26 9.74567e-25 0.0571599 0.0913073 0.114157
32 58 1 0.428571 1.03105e-24 -4.7298e-28 5.72995e-26 2.69752e+06 1.12552e+07 5.09035e+06 930181 0 9.20879e+06 0 1.12552e+07 9.20879e+06 5.09035e+06 930181 -2.74875e-26 -8.76244e-25 0.0531279 0.0595021 0.11371
34 58 2 0.296608 0.261978 0.00801329 0.012056 7.04012e+06 2.93743e+07 1.3285e+07 2.42763e+06 0 2.40335e+07 0 2.93743e+07 2.40335e+07 1.3285e+07 2.42763e+06 -0.00369703 -0.0291629 0.00618504 0.0178465 0.0934359
30 59 0 0.400621 1.09139 0.00967319 0.0253787 5.32099e+06 2.22014e+07 1.0041e+07 1.83482e+06 0 1.81648e+07 0 2.22014e+07 1.81648e+07 1.0041e+07 1.83482e+06 0.00786098 -0.0223861 -0.00500278 0.0242968 0.0603888
23 59 1 0.335523 1.34357 0.00772863 0.0311139 9.47144e+06 3.95188e+07 1.7873e+07 3.26601e+06 0 3.23335e+07 0 3.95188e+07 3.23335e+07 1.7873e+07 3.26601e+06 0.00926931 -0.0231382 -0.00138383 0.00978537 0.0565745
24 59 2 0.0587609 1.26299 0.00502984 0.0377399 6.72329e+06 2.80524e+07 1.26872e+07 2.31838e+06 0 2.29519e+07 0 2.80524e+07 2.29519e+07 1.26872e+07 2.31838e+06 0.0120668 -0.0316513 -0.00491429 0.0139391 0.0566604
33 60 0 0.234402 0.553275 0.00630508 0.0198676 7.20827e+06 3.00759e+07 1.36023e+07 2.48561e+06 0 2.46076e+07 0 3.00759e+07 2.46076e+07 1.36023e+07 2.48561e+06 0.00986068 -0.0245969 0.000182961 0.0180522 0.0766743
36 60 1 0.484289 0.750567 0.00918587 0.0179954 1.15796e+07 4.8315e+07 2.18513e+07 3.99298e+06 0 3.95305e+07 0 4.8315e+07 3.95305e+07 2.18513e+07 3.99298e+06 0.00579996 -0.0138051 0.0112161 0.0101453 0.069335
29 60 2 0.138361 0.887903 0.00771293 0.0283559 5.93968e+06 2.47828e+07 1.12084e+07 2.04817e+06 0 2.02768e+07 0 2.47828e+07 2.02768e+07 1.12084e+07 2.04817e+06 0.00845531 -0.0343163 0.00324049 0.0195221 0.0642093
35 61 0 0.70221 1.00436 0.0129166 0.0212148 5.20041e+06 2.16983e+07 9.8134e+06 1.79324e+06 0 1.77531e+07 0 2.16983e+07 1.77531e+07 9.8134e+06 1.79324e+06 0.0124106 0.00845569 0.00180803 0.0193007 0.0639446
28 61 1 0.667456 1.38214 0.0114526 0.0290111 4.4104e+06 1.8402e+07 8.32262e+06 1.52083e+06 0 1.50562e+07 0 1.8402e+07 1.50562e+07 8.32262e+06 1.52083e+06 0.0192502 0.00172678 -0.0064797 0.0216674 0.0587356
30 61 2 0.400621 1.09139 0.00967319 0.0253787 5.32099e+06 2.22014e+07 1.0041e+07 1.83482e+06 0 1.81648e+07 0 2.22014e+07 1.81648e+07 1.0041e+07 1.83482e+06 0.00786098 -0.0223861 -0.00500278 0.0242968 0.0603888
29 62 0 0.138361 0.887903 0.00771293 0.0283559 5.93968e+06 2.47828e+07 1.12084e+07 2.04817e+06 0 2.02768e+07 0 2.47828e+07 2.02768e+07 1.12084e+07 2.04817e+06 0.00845531 -0.0343163 0.00324049 0.0195221 0.0642093
36 62 1 0.484289 0.750567 0.00918587 0.0179954 1.15796e+07 4.8315e+07 2.18513e+07 3.99298e+06 0 3.95305e+07 0 4.8315e+07 3.95305e+07 2.18513e+07 3.99298e+06 0.00579996 -0.0138051 0.0112161 0.0101453 0.069335
30 62 2 0.400621 1.09139 0.00967319 0.0253787 5.32099e+06 2.22014e+07 1.0041e+07 1.83482e+06 0 1.81648e+07 0 2.22014e+07 1.81648e+07 1.0041e+07 1.83482e+06 0.00786098 -0.0223861 -0.00500278 0.0242968 0.0603888
41 63 0 1.18978 0.714137 0.0166717 0.014722 8.82171e+06 3.68078e+07 1.6647e+07 3.04197e+06 0 3.01155e+07 0 3.68078e+07 3.01155e+07 1.6647e+07 3.04197e+06 0.00487811 -0.016374 0.00339033 0.0136699 0.0735113
40 63 1 0.827389 0.68058 0.0123216 0.0161322 4.4716e+06 1.86573e+07 8.4381e+06 1.54193e+06 0 1.52651e+07 0 1.86573e+07 1.52651e+07 8.4381e+06 1.54193e+06 0.0181859 0.00563017 0.00679856 0.0183116 0.0727034
43 63 2 0.951738 0.346508 0.0146601 0.00796453 1.58414e+06 6.60968e+06 2.98934e+06 546254 0 5.40792e+06 0 6.60968e+06 5.40792e+06 2.98934e+06 546254 0.0264467 0.0020254 -0.000132546 0.035802 0.0847661
41 64 0 1.18978 0.714137 0.0166717 0.014722 8.82171e+06 3.68078e+07 1.6647e+07 3.04197e+06 0 3.01155e+07 0 3.68078e+07 3.01155e+07 1.6647e+07 3.04197e+06 0.00487811 -0.016374 0.00339033 0.0136699 0.0735113
37 64 1 1.03515 0.988872 0.0162549 0.0204723 8.1455e+06 3.39864e+07 1.53709e+07 2.80879e+06 0 2.78071e+07 0 3.39864e+07 2.78071e+07 1.53709e+07 2.80879e+06 0.00775189 -0.0113887 0.000519219 0.0135388 0.0670237
40 64 2 0.827389 0.68058 0.0123216 0.0161322 4.4716e+06 1.86573e+07 8.4381e+06 1.54193e+06 0 1.52651e+07 0 1.86573e+07 1.52651e+07 8.4381e+06 1.54193e+06 0.0181859 0.00563017 0.00679856 0.0183116 0.0727034
37 65 0 1.03515 0.988872 0.0162549 0.0204723 8.1455e+06 3.39864e+07 1.53709e+07 2.80879e+06 0 2.78071e+07 0 3.39864e+07 2.78071e+07 1.53709e+07 2.80879e+06 0.00775189 -0.0113887 0.000519219 0.0135388 0.0670237
31 65 1 0.848809 1.24318 0.014283 0.0252782 8.2262e+06 3.43231e+07 1.55232e+07 2.83662e+06 0 2.80825e+07 0 3.43231e+07 2.80825e+07 1.55232e+07 2.83662e+06 0.00918234 -0.00473417 -0.00361986 0.0124439 0.0617488
35 65 2 0.70221 1.00436 0.0129166 0.0212148 5.20041e+06 2.16983e+07 9.8134e+06 1.79324e+06 0 1.77531e+07 0 2.16983e+07 1.77531e+07 9.8134e+06 1.79324e+06 0.0124106 0.00845569 0.00180803 0.0193007 0.0639446
