Index_Vertex nbTriangle nbInTr x y ux uy Elast AR BR IR GR ER FR A1 A2 B12 C3 Defxx Defxy Defyx Defyy Density 
41 0 0 -0.407786 1.83126 -0.00452854 0.0216716 9.38137e+06 3.9143e+07 1.77031e+07 3.23496e+06 0 3.20261e+07 0 3.9143e+07 3.20261e+07 1.77031e+07 3.23496e+06 0.0068046 0.00411248 0.00162711 0.0105728 0.0281603
49 0 1 -0.713508 1.99171 -0.0064616 0.0214051 1.08171e+07 4.51335e+07 2.04124e+07 3.73004e+06 0 3.69274e+07 0 4.51335e+07 3.69274e+07 2.04124e+07 3.73004e+06 0.00748807 0.00972284 0.00482488 0.00934399 0.0281292
47 0 2 -0.634981 1.61141 -0.00625791 0.0182396 1.05005e+07 4.38126e+07 1.9815e+07 3.62088e+06 0 3.58467e+07 0 4.38126e+07 3.58467e+07 1.9815e+07 3.62088e+06 0.00691805 0.00755271 -0.000697569 0.00977471 0.029954
47 1 0 -0.634981 1.61141 -0.00625791 0.0182396 1.05005e+07 4.38126e+07 1.9815e+07 3.62088e+06 0 3.58467e+07 0 4.38126e+07 3.58467e+07 1.9815e+07 3.62088e+06 0.00691805 0.00755271 -0.000697569 0.00977471 0.029954
49 1 1 -0.713508 1.99171 -0.0064616 0.0214051 1.08171e+07 4.51335e+07 2.04124e+07 3.73004e+06 0 3.69274e+07 0 4.51335e+07 3.69274e+07 2.04124e+07 3.73004e+06 0.00748807 0.00972284 0.00482488 0.00934399 0.0281292
57 1 2 -0.995873 1.74861 -0.00876034 0.0163305 1.132e+07 4.72318e+07 2.13614e+07 3.90346e+06 0 3.86442e+07 0 4.72318e+07 3.86442e+07 2.13614e+07 3.90346e+06 0.00651115 0.0111923 -0.00096774 0.00982497 0.0300013
20 2 0 0.636486 0.324147 0.00361283 0.0023056 2.61384e+07 1.0906e+08 4.93244e+07 9.01325e+06 0 8.92312e+07 0 1.0906e+08 8.92312e+07 4.93244e+07 9.01325e+06 -0.00101703 -0.0113337 0.00801373 0.00200205 0.0666212
23 2 1 0.428571 3.58275e-24 7.60621e-27 3.1143e-26 915678 3.82059e+06 1.72793e+06 315751 0 3.12593e+06 0 3.82059e+06 3.12593e+06 1.72793e+06 315751 4.15342e-25 -7.03448e-25 0.00936384 0.0223949 0.0951148
14 2 2 0.714286 3.59215e-24 3.04333e-27 6.10664e-26 2.3361e+07 9.74717e+07 4.40832e+07 8.05551e+06 0 7.97496e+07 0 9.74717e+07 7.97496e+07 4.40832e+07 8.05551e+06 8.83013e-05 -0.0011396 0.0195552 0.00763822 0.089619
29 3 0 0.174021 0.621497 0.000553521 0.00731906 2.22421e+07 9.28032e+07 4.19718e+07 7.66969e+06 0 7.59299e+07 0 9.28032e+07 7.59299e+07 4.19718e+07 7.66969e+06 0.00251482 0.00880561 -0.000302781 0.00591732 0.0545479
30 3 1 0.322519 0.316898 0.00163249 0.00505454 4.70613e+06 1.96359e+07 8.88068e+06 1.6228e+06 0 1.60658e+07 0 1.96359e+07 1.60658e+07 8.88068e+06 1.6228e+06 0.0113349 0.0171919 0.0047324 0.0152586 0.0707628
19 3 2 0.491181 0.635423 0.00272506 0.00676071 3.78834e+06 1.58065e+07 7.14876e+06 1.30632e+06 0 1.29326e+07 0 1.58065e+07 1.29326e+07 7.14876e+06 1.30632e+06 0.0130836 -0.0191777 -0.00447529 0.0114288 0.0527653
38 4 0 0.0195739 0.299148 0.000502802 0.00364628 1.31936e+07 5.50491e+07 2.48969e+07 4.54951e+06 0 4.50402e+07 0 5.50491e+07 4.50402e+07 2.48969e+07 4.54951e+06 0.00207117 0.000466598 -0.000691783 0.0117827 0.0728139
31 4 1 0.142857 3.65205e-24 5.50078e-27 6.85246e-26 2.04687e+07 8.54037e+07 3.86253e+07 7.05816e+06 0 6.98758e+07 0 8.54037e+07 6.98758e+07 3.86253e+07 7.05816e+06 -3.9854e-25 4.48882e-25 -0.000855644 0.00689476 0.097255
30 4 2 0.322519 0.316898 0.00163249 0.00505454 4.70613e+06 1.96359e+07 8.88068e+06 1.6228e+06 0 1.60658e+07 0 1.96359e+07 1.60658e+07 8.88068e+06 1.6228e+06 0.0113349 0.0171919 0.0047324 0.0152586 0.0707628
33 5 0 -0.0952918 1.88091 -0.00150742 0.0194648 5.4685e+06 2.28169e+07 1.03193e+07 1.88569e+06 0 1.86683e+07 0 2.28169e+07 1.86683e+07 1.03193e+07 1.88569e+06 0.012083 -0.01975 -0.00668676 0.0138028 0.0278086
42 5 1 -0.359585 2.16555 -0.00334995 0.0243104 1.78176e+07 7.43424e+07 3.36226e+07 6.144e+06 0 6.08256e+07 0 7.43424e+07 6.08256e+07 3.36226e+07 6.144e+06 0.00365485 0.0029711 0.00720602 0.00391292 0.0271971
41 5 2 -0.407786 1.83126 -0.00452854 0.0216716 9.38137e+06 3.9143e+07 1.77031e+07 3.23496e+06 0 3.20261e+07 0 3.9143e+07 3.20261e+07 1.77031e+07 3.23496e+06 0.0068046 0.00411248 0.00162711 0.0105728 0.0281603
62 6 0 -1.02761 1.15853 -0.0082836 0.0101775 1.30061e+07 5.42669e+07 2.45431e+07 4.48486e+06 0 4.44002e+07 0 5.42669e+07 4.44002e+07 2.45431e+07 4.48486e+06 0.00438691 -0.000467416 -0.00752761 0.00964874 0.0356487
56 6 1 -0.909073 1.44645 -0.00828857 0.0138141 8.80009e+06 3.67176e+07 1.66062e+07 3.03451e+06 0 3.00417e+07 0 3.67176e+07 3.00417e+07 1.66062e+07 3.03451e+06 0.00644388 0.00856749 0.00156666 0.0125074 0.0318968
64 6 2 -1.22758 1.43871 -0.00999408 0.0126865 1.55637e+07 6.49381e+07 2.93693e+07 5.36678e+06 0 5.31311e+07 0 6.49381e+07 5.31311e+07 2.93693e+07 5.36678e+06 0.00422585 -0.0021431 0.00146482 0.00639827 0.0330245
38 7 0 0.0195739 0.299148 0.000502802 0.00364628 1.31936e+07 5.50491e+07 2.48969e+07 4.54951e+06 0 4.50402e+07 0 5.50491e+07 4.50402e+07 2.48969e+07 4.54951e+06 0.00207117 0.000466598 -0.000691783 0.0117827 0.0728139
39 7 1 -0.142857 3.48359e-24 -6.92464e-28 4.34208e-26 5.75866e+06 2.40275e+07 1.08669e+07 1.98575e+06 0 1.96589e+07 0 2.40275e+07 1.96589e+07 1.08669e+07 1.98575e+06 0.00299112 -0.00295978 -0.00271607 0.0186107 0.0969855
31 7 2 0.142857 3.65205e-24 5.50078e-27 6.85246e-26 2.04687e+07 8.54037e+07 3.86253e+07 7.05816e+06 0 6.98758e+07 0 8.54037e+07 6.98758e+07 3.86253e+07 7.05816e+06 -3.9854e-25 4.48882e-25 -0.000855644 0.00689476 0.097255
63 8 0 -0.93344 0.578828 -0.00593831 0.00589133 1.2953e+07 5.40451e+07 2.44428e+07 4.46653e+06 0 4.42187e+07 0 5.40451e+07 4.42187e+07 2.44428e+07 4.46653e+06 0.00520849 0.00315365 -0.000356995 0.00854493 0.0489714
55 8 1 -0.659164 0.667169 -0.00462374 0.00805095 1.30773e+07 5.45638e+07 2.46774e+07 4.50941e+06 0 4.46431e+07 0 5.45638e+07 4.46431e+07 2.46774e+07 4.50941e+06 0.00696361 0.00278663 -0.00329997 0.00462669 0.0490976
61 8 2 -0.856116 0.907909 -0.00630963 0.00857318 2.18243e+07 9.10599e+07 4.11834e+07 7.52561e+06 0 7.45036e+07 0 9.10599e+07 7.45036e+07 4.11834e+07 7.52561e+06 0.00207394 0.000259408 -0.00372731 0.00310199 0.0406171
38 9 0 0.0195739 0.299148 0.000502802 0.00364628 1.31936e+07 5.50491e+07 2.48969e+07 4.54951e+06 0 4.50402e+07 0 5.50491e+07 4.50402e+07 2.48969e+07 4.54951e+06 0.00207117 0.000466598 -0.000691783 0.0117827 0.0728139
37 9 1 -0.110008 0.570773 -0.000344104 0.00577901 2.00631e+07 8.37114e+07 3.78599e+07 6.9183e+06 0 6.84911e+07 0 8.37114e+07 6.84911e+07 3.78599e+07 6.9183e+06 0.0047821 0.000429534 -0.00516382 0.00309289 0.0567776
45 9 2 -0.296167 0.32002 -0.000794531 0.00403201 1.30359e+07 5.43912e+07 2.45993e+07 4.49514e+06 0 4.45019e+07 0 5.43912e+07 4.45019e+07 2.45993e+07 4.49514e+06 0.00329141 0.000161843 0.0010226 0.00887662 0.0701921
36 10 0 -0.054966 0.886301 -0.000328582 0.00850106 4.78396e+06 1.99607e+07 9.02755e+06 1.64964e+06 0 1.63314e+07 0 1.99607e+07 1.63314e+07 9.02755e+06 1.64964e+06 0.00828805 0.00333088 0.00298219 0.0135051 0.0441923
43 10 1 -0.306659 1.1188 -0.00249952 0.0112185 6.97059e+06 2.90842e+07 1.31538e+07 2.40365e+06 0 2.37962e+07 0 2.90842e+07 2.37962e+07 1.31538e+07 2.40365e+06 0.0122663 0.000315496 0.00863883 0.0129372 0.0374262
44 10 2 -0.366147 0.695024 -0.00257381 0.00714977 1.23757e+07 5.16365e+07 2.33535e+07 4.26748e+06 0 4.22481e+07 0 5.16365e+07 4.22481e+07 2.33535e+07 4.26748e+06 0.0077051 -0.00817909 -0.00845991 0.00625516 0.0501045
48 11 0 -0.457364 1.37478 -0.00409488 0.0156468 5.16339e+06 2.15438e+07 9.74354e+06 1.78048e+06 0 1.76267e+07 0 2.15438e+07 1.76267e+07 9.74354e+06 1.78048e+06 0.0122478 -0.00252821 -0.00355095 0.0187122 0.0326073
43 11 1 -0.306659 1.1188 -0.00249952 0.0112185 6.97059e+06 2.90842e+07 1.31538e+07 2.40365e+06 0 2.37962e+07 0 2.90842e+07 2.37962e+07 1.31538e+07 2.40365e+06 0.0122663 0.000315496 0.00863883 0.0129372 0.0374262
40 11 2 -0.225979 1.52209 -0.00132128 0.016564 4.13329e+06 1.72458e+07 7.79971e+06 1.42527e+06 0 1.41102e+07 0 1.72458e+07 1.41102e+07 7.79971e+06 1.42527e+06 0.0192968 -0.0166362 -0.0070258 0.0151035 0.0308072
47 12 0 -0.634981 1.61141 -0.00625791 0.0182396 1.05005e+07 4.38126e+07 1.9815e+07 3.62088e+06 0 3.58467e+07 0 4.38126e+07 3.58467e+07 1.9815e+07 3.62088e+06 0.00691805 0.00755271 -0.000697569 0.00977471 0.029954
48 12 1 -0.457364 1.37478 -0.00409488 0.0156468 5.16339e+06 2.15438e+07 9.74354e+06 1.78048e+06 0 1.76267e+07 0 2.15438e+07 1.76267e+07 9.74354e+06 1.78048e+06 0.0122478 -0.00252821 -0.00355095 0.0187122 0.0326073
40 12 2 -0.225979 1.52209 -0.00132128 0.016564 4.13329e+06 1.72458e+07 7.79971e+06 1.42527e+06 0 1.41102e+07 0 1.72458e+07 1.41102e+07 7.79971e+06 1.42527e+06 0.0192968 -0.0166362 -0.0070258 0.0151035 0.0308072
47 13 0 -0.634981 1.61141 -0.00625791 0.0182396 1.05005e+07 4.38126e+07 1.9815e+07 3.62088e+06 0 3.58467e+07 0 4.38126e+07 3.58467e+07 1.9815e+07 3.62088e+06 0.00691805 0.00755271 -0.000697569 0.00977471 0.029954
56 13 1 -0.909073 1.44645 -0.00828857 0.0138141 8.80009e+06 3.67176e+07 1.66062e+07 3.03451e+06 0 3.00417e+07 0 3.67176e+07 3.00417e+07 1.66062e+07 3.03451e+06 0.00644388 0.00856749 0.00156666 0.0125074 0.0318968
53 13 2 -0.685437 1.22249 -0.00655828 0.0117949 5.34876e+06 2.23173e+07 1.00934e+07 1.8444e+06 0 1.82596e+07 0 2.23173e+07 1.82596e+07 1.00934e+07 1.8444e+06 0.00842221 0.00597193 -0.00354845 0.0140001 0.0348069
55 14 0 -0.659164 0.667169 -0.00462374 0.00805095 1.30773e+07 5.45638e+07 2.46774e+07 4.50941e+06 0 4.46431e+07 0 5.45638e+07 4.46431e+07 2.46774e+07 4.50941e+06 0.00696361 0.00278663 -0.00329997 0.00462669 0.0490976
52 14 1 -0.553794 0.944023 -0.00532086 0.00955934 1.64098e+07 6.84686e+07 3.09661e+07 5.65856e+06 0 5.60198e+07 0 6.84686e+07 5.60198e+07 3.09661e+07 5.65856e+06 0.00528339 -4.16162e-05 -0.00116905 0.00566219 0.0411823
61 14 2 -0.856116 0.907909 -0.00630963 0.00857318 2.18243e+07 9.10599e+07 4.11834e+07 7.52561e+06 0 7.45036e+07 0 9.10599e+07 7.45036e+07 4.11834e+07 7.52561e+06 0.00207394 0.000259408 -0.00372731 0.00310199 0.0406171
54 15 0 -0.615719 0.354365 -0.00369328 0.00435838 2.5824e+06 1.07748e+07 4.8731e+06 890482 0 8.81577e+06 0 1.07748e+07 8.81577e+06 4.8731e+06 890482 0.0163264 0.00387946 -0.00100041 0.0160508 0.0639764
55 15 1 -0.659164 0.667169 -0.00462374 0.00805095 1.30773e+07 5.45638e+07 2.46774e+07 4.50941e+06 0 4.46431e+07 0 5.45638e+07 4.46431e+07 2.46774e+07 4.50941e+06 0.00696361 0.00278663 -0.00329997 0.00462669 0.0490976
63 15 2 -0.93344 0.578828 -0.00593831 0.00589133 1.2953e+07 5.40451e+07 2.44428e+07 4.46653e+06 0 4.42187e+07 0 5.40451e+07 4.42187e+07 2.44428e+07 4.46653e+06 0.00520849 0.00315365 -0.000356995 0.00854493 0.0489714
44 16 0 -0.366147 0.695024 -0.00257381 0.00714977 1.23757e+07 5.16365e+07 2.33535e+07 4.26748e+06 0 4.22481e+07 0 5.16365e+07 4.22481e+07 2.33535e+07 4.26748e+06 0.0077051 -0.00817909 -0.00845991 0.00625516 0.0501045
52 16 1 -0.553794 0.944023 -0.00532086 0.00955934 1.64098e+07 6.84686e+07 3.09661e+07 5.65856e+06 0 5.60198e+07 0 6.84686e+07 5.60198e+07 3.09661e+07 5.65856e+06 0.00528339 -4.16162e-05 -0.00116905 0.00566219 0.0411823
55 16 2 -0.659164 0.667169 -0.00462374 0.00805095 1.30773e+07 5.45638e+07 2.46774e+07 4.50941e+06 0 4.46431e+07 0 5.45638e+07 4.46431e+07 2.46774e+07 4.50941e+06 0.00696361 0.00278663 -0.00329997 0.00462669 0.0490976
46 17 0 -0.428571 3.48099e-24 4.2218e-27 4.36432e-26 7.84713e+06 3.27415e+07 1.48079e+07 2.70591e+06 0 2.67885e+07 0 3.27415e+07 2.67885e+07 1.48079e+07 2.70591e+06 2.5394e-25 -5.00295e-25 -0.0133922 0.0115318 0.0942635
39 17 1 -0.142857 3.48359e-24 -6.92464e-28 4.34208e-26 5.75866e+06 2.40275e+07 1.08669e+07 1.98575e+06 0 1.96589e+07 0 2.40275e+07 1.96589e+07 1.08669e+07 1.98575e+06 0.00299112 -0.00295978 -0.00271607 0.0186107 0.0969855
45 17 2 -0.296167 0.32002 -0.000794531 0.00403201 1.30359e+07 5.43912e+07 2.45993e+07 4.49514e+06 0 4.45019e+07 0 5.43912e+07 4.45019e+07 2.45993e+07 4.49514e+06 0.00329141 0.000161843 0.0010226 0.00887662 0.0701921
62 18 0 -1.02761 1.15853 -0.0082836 0.0101775 1.30061e+07 5.42669e+07 2.45431e+07 4.48486e+06 0 4.44002e+07 0 5.42669e+07 4.44002e+07 2.45431e+07 4.48486e+06 0.00438691 -0.000467416 -0.00752761 0.00964874 0.0356487
68 18 1 -1.32739 1.18985 -0.0105044 0.0104236 7.02229e+06 2.92999e+07 1.32514e+07 2.42148e+06 0 2.39726e+07 0 2.92999e+07 2.39726e+07 1.32514e+07 2.42148e+06 0.0093494 0.00110822 -0.00280826 0.012203 0.0359936
67 18 2 -1.18527 0.830784 -0.00755868 0.00716933 1.3185e+07 5.50131e+07 2.48806e+07 4.54654e+06 0 4.50107e+07 0 5.50131e+07 4.50107e+07 2.48806e+07 4.54654e+06 0.00602309 0.00286508 -0.00127948 0.00761537 0.0409516
60 19 0 -1.50218 0.206669 -0.00708918 -0.00101153 2.36971e+07 9.8874e+07 4.47174e+07 8.1714e+06 0 8.08969e+07 0 9.8874e+07 8.08969e+07 4.47174e+07 8.1714e+06 0.00235837 0.00513722 -0.0100129 0.00414899 0.0488327
59 19 1 -1.25633 0.0906118 -0.00491432 -0.000148792 1.83714e+07 7.6653e+07 3.46676e+07 6.33496e+06 0 6.27161e+07 0 7.6653e+07 6.27161e+07 3.46676e+07 6.33496e+06 0.00260369 0.0102539 -0.0104543 0.00621059 0.0548442
65 19 2 -1.25111 0.460517 -0.00781065 0.00295945 8.41959e+06 3.513e+07 1.58881e+07 2.90331e+06 0 2.87427e+07 0 3.513e+07 2.87427e+07 1.58881e+07 2.90331e+06 0.00656263 0.00715337 0.000402585 0.013343 0.0478456
69 20 0 -1.55166 0.702859 -0.0115505 0.00412876 2.61889e+06 1.09271e+07 4.94196e+06 903065 0 8.94034e+06 0 1.09271e+07 8.94034e+06 4.94196e+06 903065 0.0177581 0.00482823 0.00116163 0.0215543 0.0427303
66 20 1 -1.53184 0.454274 -0.00941045 0.000378082 1.48782e+07 6.20779e+07 2.80758e+07 5.13041e+06 0 5.0791e+07 0 6.20779e+07 5.0791e+07 2.80758e+07 5.13041e+06 0.00362987 0.00519673 -0.00801961 0.00831329 0.0458866
65 20 2 -1.25111 0.460517 -0.00781065 0.00295945 8.41959e+06 3.513e+07 1.58881e+07 2.90331e+06 0 2.87427e+07 0 3.513e+07 2.87427e+07 1.58881e+07 2.90331e+06 0.00656263 0.00715337 0.000402585 0.013343 0.0478456
58 21 0 -0.953371 0.26935 -0.00532365 0.00324364 1.77456e+07 7.40421e+07 3.34868e+07 6.11918e+06 0 6.05799e+07 0 7.40421e+07 6.05799e+07 3.34868e+07 6.11918e+06 0.00219718 0.00739011 -0.0022633 0.00184322 0.0608364
65 21 1 -1.25111 0.460517 -0.00781065 0.00295945 8.41959e+06 3.513e+07 1.58881e+07 2.90331e+06 0 2.87427e+07 0 3.513e+07 2.87427e+07 1.58881e+07 2.90331e+06 0.00656263 0.00715337 0.000402585 0.013343 0.0478456
59 21 2 -1.25633 0.0906118 -0.00491432 -0.000148792 1.83714e+07 7.6653e+07 3.46676e+07 6.33496e+06 0 6.27161e+07 0 7.6653e+07 6.27161e+07 3.46676e+07 6.33496e+06 0.00260369 0.0102539 -0.0104543 0.00621059 0.0548442
58 22 0 -0.953371 0.26935 -0.00532365 0.00324364 1.77456e+07 7.40421e+07 3.34868e+07 6.11918e+06 0 6.05799e+07 0 7.40421e+07 6.05799e+07 3.34868e+07 6.11918e+06 0.00219718 0.00739011 -0.0022633 0.00184322 0.0608364
50 22 1 -1 2.27285e-24 -1.66242e-26 3.73948e-26 648162 2.7044e+06 1.22311e+06 223504 0 2.21269e+06 0 2.7044e+06 2.21269e+06 1.22311e+06 223504 0.0176562 0.000483185 -0.0407033 0.0208788 0.0726194
51 22 2 -0.714286 3.69544e-24 -8.28134e-27 5.49379e-26 1.87492e+07 7.82293e+07 3.53805e+07 6.46523e+06 0 6.40058e+07 0 7.82293e+07 6.40058e+07 3.53805e+07 6.46523e+06 -1.96848e-25 4.33789e-25 -0.0271515 0.00519792 0.0882762
58 23 0 -0.953371 0.26935 -0.00532365 0.00324364 1.77456e+07 7.40421e+07 3.34868e+07 6.11918e+06 0 6.05799e+07 0 7.40421e+07 6.05799e+07 3.34868e+07 6.11918e+06 0.00219718 0.00739011 -0.0022633 0.00184322 0.0608364
51 23 1 -0.714286 3.69544e-24 -8.28134e-27 5.49379e-26 1.87492e+07 7.82293e+07 3.53805e+07 6.46523e+06 0 6.40058e+07 0 7.82293e+07 6.40058e+07 3.53805e+07 6.46523e+06 -1.96848e-25 4.33789e-25 -0.0271515 0.00519792 0.0882762
54 23 2 -0.615719 0.354365 -0.00369328 0.00435838 2.5824e+06 1.07748e+07 4.8731e+06 890482 0 8.81577e+06 0 1.07748e+07 8.81577e+06 4.8731e+06 890482 0.0163264 0.00387946 -0.00100041 0.0160508 0.0639764
67 24 0 -1.18527 0.830784 -0.00755868 0.00716933 1.3185e+07 5.50131e+07 2.48806e+07 4.54654e+06 0 4.50107e+07 0 5.50131e+07 4.50107e+07 2.48806e+07 4.54654e+06 0.00602309 0.00286508 -0.00127948 0.00761537 0.0409516
70 24 1 -1.43464 0.944105 -0.00946581 0.00774462 1.2496e+07 5.21383e+07 2.35804e+07 4.30895e+06 0 4.26586e+07 0 5.21383e+07 4.26586e+07 2.35804e+07 4.30895e+06 0.00537563 2.73044e-05 -0.00605558 0.00769375 0.0396294
69 24 2 -1.55166 0.702859 -0.0115505 0.00412876 2.61889e+06 1.09271e+07 4.94196e+06 903065 0 8.94034e+06 0 1.09271e+07 8.94034e+06 4.94196e+06 903065 0.0177581 0.00482823 0.00116163 0.0215543 0.0427303
46 25 0 -0.428571 3.48099e-24 4.2218e-27 4.36432e-26 7.84713e+06 3.27415e+07 1.48079e+07 2.70591e+06 0 2.67885e+07 0 3.27415e+07 2.67885e+07 1.48079e+07 2.70591e+06 2.5394e-25 -5.00295e-25 -0.0133922 0.0115318 0.0942635
45 25 1 -0.296167 0.32002 -0.000794531 0.00403201 1.30359e+07 5.43912e+07 2.45993e+07 4.49514e+06 0 4.45019e+07 0 5.43912e+07 4.45019e+07 2.45993e+07 4.49514e+06 0.00329141 0.000161843 0.0010226 0.00887662 0.0701921
54 25 2 -0.615719 0.354365 -0.00369328 0.00435838 2.5824e+06 1.07748e+07 4.8731e+06 890482 0 8.81577e+06 0 1.07748e+07 8.81577e+06 4.8731e+06 890482 0.0163264 0.00387946 -0.00100041 0.0160508 0.0639764
68 26 0 -1.32739 1.18985 -0.0105044 0.0104236 7.02229e+06 2.92999e+07 1.32514e+07 2.42148e+06 0 2.39726e+07 0 2.92999e+07 2.39726e+07 1.32514e+07 2.42148e+06 0.0093494 0.00110822 -0.00280826 0.012203 0.0359936
70 26 1 -1.43464 0.944105 -0.00946581 0.00774462 1.2496e+07 5.21383e+07 2.35804e+07 4.30895e+06 0 4.26586e+07 0 5.21383e+07 4.26586e+07 2.35804e+07 4.30895e+06 0.00537563 2.73044e-05 -0.00605558 0.00769375 0.0396294
67 26 2 -1.18527 0.830784 -0.00755868 0.00716933 1.3185e+07 5.50131e+07 2.48806e+07 4.54654e+06 0 4.50107e+07 0 5.50131e+07 4.50107e+07 2.48806e+07 4.54654e+06 0.00602309 0.00286508 -0.00127948 0.00761537 0.0409516
36 27 0 -0.054966 0.886301 -0.000328582 0.00850106 4.78396e+06 1.99607e+07 9.02755e+06 1.64964e+06 0 1.63314e+07 0 1.99607e+07 1.63314e+07 9.02755e+06 1.64964e+06 0.00828805 0.00333088 0.00298219 0.0135051 0.0441923
44 27 1 -0.366147 0.695024 -0.00257381 0.00714977 1.23757e+07 5.16365e+07 2.33535e+07 4.26748e+06 0 4.22481e+07 0 5.16365e+07 4.22481e+07 2.33535e+07 4.26748e+06 0.0077051 -0.00817909 -0.00845991 0.00625516 0.0501045
37 27 2 -0.110008 0.570773 -0.000344104 0.00577901 2.00631e+07 8.37114e+07 3.78599e+07 6.9183e+06 0 6.84911e+07 0 8.37114e+07 6.84911e+07 3.78599e+07 6.9183e+06 0.0047821 0.000429534 -0.00516382 0.00309289 0.0567776
55 28 0 -0.659164 0.667169 -0.00462374 0.00805095 1.30773e+07 5.45638e+07 2.46774e+07 4.50941e+06 0 4.46431e+07 0 5.45638e+07 4.46431e+07 2.46774e+07 4.50941e+06 0.00696361 0.00278663 -0.00329997 0.00462669 0.0490976
54 28 1 -0.615719 0.354365 -0.00369328 0.00435838 2.5824e+06 1.07748e+07 4.8731e+06 890482 0 8.81577e+06 0 1.07748e+07 8.81577e+06 4.8731e+06 890482 0.0163264 0.00387946 -0.00100041 0.0160508 0.0639764
44 28 2 -0.366147 0.695024 -0.00257381 0.00714977 1.23757e+07 5.16365e+07 2.33535e+07 4.26748e+06 0 4.22481e+07 0 5.16365e+07 4.22481e+07 2.33535e+07 4.26748e+06 0.0077051 -0.00817909 -0.00845991 0.00625516 0.0501045
63 29 0 -0.93344 0.578828 -0.00593831 0.00589133 1.2953e+07 5.40451e+07 2.44428e+07 4.46653e+06 0 4.42187e+07 0 5.40451e+07 4.42187e+07 2.44428e+07 4.46653e+06 0.00520849 0.00315365 -0.000356995 0.00854493 0.0489714
58 29 1 -0.953371 0.26935 -0.00532365 0.00324364 1.77456e+07 7.40421e+07 3.34868e+07 6.11918e+06 0 6.05799e+07 0 7.40421e+07 6.05799e+07 3.34868e+07 6.11918e+06 0.00219718 0.00739011 -0.0022633 0.00184322 0.0608364
54 29 2 -0.615719 0.354365 -0.00369328 0.00435838 2.5824e+06 1.07748e+07 4.8731e+06 890482 0 8.81577e+06 0 1.07748e+07 8.81577e+06 4.8731e+06 890482 0.0163264 0.00387946 -0.00100041 0.0160508 0.0639764
67 30 0 -1.18527 0.830784 -0.00755868 0.00716933 1.3185e+07 5.50131e+07 2.48806e+07 4.54654e+06 0 4.50107e+07 0 5.50131e+07 4.50107e+07 2.48806e+07 4.54654e+06 0.00602309 0.00286508 -0.00127948 0.00761537 0.0409516
63 30 1 -0.93344 0.578828 -0.00593831 0.00589133 1.2953e+07 5.40451e+07 2.44428e+07 4.46653e+06 0 4.42187e+07 0 5.40451e+07 4.42187e+07 2.44428e+07 4.46653e+06 0.00520849 0.00315365 -0.000356995 0.00854493 0.0489714
61 30 2 -0.856116 0.907909 -0.00630963 0.00857318 2.18243e+07 9.10599e+07 4.11834e+07 7.52561e+06 0 7.45036e+07 0 9.10599e+07 7.45036e+07 4.11834e+07 7.52561e+06 0.00207394 0.000259408 -0.00372731 0.00310199 0.0406171
65 31 0 -1.25111 0.460517 -0.00781065 0.00295945 8.41959e+06 3.513e+07 1.58881e+07 2.90331e+06 0 2.87427e+07 0 3.513e+07 2.87427e+07 1.58881e+07 2.90331e+06 0.00656263 0.00715337 0.000402585 0.013343 0.0478456
58 31 1 -0.953371 0.26935 -0.00532365 0.00324364 1.77456e+07 7.40421e+07 3.34868e+07 6.11918e+06 0 6.05799e+07 0 7.40421e+07 6.05799e+07 3.34868e+07 6.11918e+06 0.00219718 0.00739011 -0.0022633 0.00184322 0.0608364
63 31 2 -0.93344 0.578828 -0.00593831 0.00589133 1.2953e+07 5.40451e+07 2.44428e+07 4.46653e+06 0 4.42187e+07 0 5.40451e+07 4.42187e+07 2.44428e+07 4.46653e+06 0.00520849 0.00315365 -0.000356995 0.00854493 0.0489714
69 32 0 -1.55166 0.702859 -0.0115505 0.00412876 2.61889e+06 1.09271e+07 4.94196e+06 903065 0 8.94034e+06 0 1.09271e+07 8.94034e+06 4.94196e+06 903065 0.0177581 0.00482823 0.00116163 0.0215543 0.0427303
65 32 1 -1.25111 0.460517 -0.00781065 0.00295945 8.41959e+06 3.513e+07 1.58881e+07 2.90331e+06 0 2.87427e+07 0 3.513e+07 2.87427e+07 1.58881e+07 2.90331e+06 0.00656263 0.00715337 0.000402585 0.013343 0.0478456
67 32 2 -1.18527 0.830784 -0.00755868 0.00716933 1.3185e+07 5.50131e+07 2.48806e+07 4.54654e+06 0 4.50107e+07 0 5.50131e+07 4.50107e+07 2.48806e+07 4.54654e+06 0.00602309 0.00286508 -0.00127948 0.00761537 0.0409516
66 33 0 -1.53184 0.454274 -0.00941045 0.000378082 1.48782e+07 6.20779e+07 2.80758e+07 5.13041e+06 0 5.0791e+07 0 6.20779e+07 5.0791e+07 2.80758e+07 5.13041e+06 0.00362987 0.00519673 -0.00801961 0.00831329 0.0458866
60 33 1 -1.50218 0.206669 -0.00708918 -0.00101153 2.36971e+07 9.8874e+07 4.47174e+07 8.1714e+06 0 8.08969e+07 0 9.8874e+07 8.08969e+07 4.47174e+07 8.1714e+06 0.00235837 0.00513722 -0.0100129 0.00414899 0.0488327
65 33 2 -1.25111 0.460517 -0.00781065 0.00295945 8.41959e+06 3.513e+07 1.58881e+07 2.90331e+06 0 2.87427e+07 0 3.513e+07 2.87427e+07 1.58881e+07 2.90331e+06 0.00656263 0.00715337 0.000402585 0.013343 0.0478456
59 34 0 -1.25633 0.0906118 -0.00491432 -0.000148792 1.83714e+07 7.6653e+07 3.46676e+07 6.33496e+06 0 6.27161e+07 0 7.6653e+07 6.27161e+07 3.46676e+07 6.33496e+06 0.00260369 0.0102539 -0.0104543 0.00621059 0.0548442
50 34 1 -1 2.27285e-24 -1.66242e-26 3.73948e-26 648162 2.7044e+06 1.22311e+06 223504 0 2.21269e+06 0 2.7044e+06 2.21269e+06 1.22311e+06 223504 0.0176562 0.000483185 -0.0407033 0.0208788 0.0726194
58 34 2 -0.953371 0.26935 -0.00532365 0.00324364 1.77456e+07 7.40421e+07 3.34868e+07 6.11918e+06 0 6.05799e+07 0 7.40421e+07 6.05799e+07 3.34868e+07 6.11918e+06 0.00219718 0.00739011 -0.0022633 0.00184322 0.0608364
51 35 0 -0.714286 3.69544e-24 -8.28134e-27 5.49379e-26 1.87492e+07 7.82293e+07 3.53805e+07 6.46523e+06 0 6.40058e+07 0 7.82293e+07 6.40058e+07 3.53805e+07 6.46523e+06 -1.96848e-25 4.33789e-25 -0.0271515 0.00519792 0.0882762
46 35 1 -0.428571 3.48099e-24 4.2218e-27 4.36432e-26 7.84713e+06 3.27415e+07 1.48079e+07 2.70591e+06 0 2.67885e+07 0 3.27415e+07 2.67885e+07 1.48079e+07 2.70591e+06 2.5394e-25 -5.00295e-25 -0.0133922 0.0115318 0.0942635
54 35 2 -0.615719 0.354365 -0.00369328 0.00435838 2.5824e+06 1.07748e+07 4.8731e+06 890482 0 8.81577e+06 0 1.07748e+07 8.81577e+06 4.8731e+06 890482 0.0163264 0.00387946 -0.00100041 0.0160508 0.0639764
61 36 0 -0.856116 0.907909 -0.00630963 0.00857318 2.18243e+07 9.10599e+07 4.11834e+07 7.52561e+06 0 7.45036e+07 0 9.10599e+07 7.45036e+07 4.11834e+07 7.52561e+06 0.00207394 0.000259408 -0.00372731 0.00310199 0.0406171
62 36 1 -1.02761 1.15853 -0.0082836 0.0101775 1.30061e+07 5.42669e+07 2.45431e+07 4.48486e+06 0 4.44002e+07 0 5.42669e+07 4.44002e+07 2.45431e+07 4.48486e+06 0.00438691 -0.000467416 -0.00752761 0.00964874 0.0356487
67 36 2 -1.18527 0.830784 -0.00755868 0.00716933 1.3185e+07 5.50131e+07 2.48806e+07 4.54654e+06 0 4.50107e+07 0 5.50131e+07 4.50107e+07 2.48806e+07 4.54654e+06 0.00602309 0.00286508 -0.00127948 0.00761537 0.0409516
65 37 0 -1.25111 0.460517 -0.00781065 0.00295945 8.41959e+06 3.513e+07 1.58881e+07 2.90331e+06 0 2.87427e+07 0 3.513e+07 2.87427e+07 1.58881e+07 2.90331e+06 0.00656263 0.00715337 0.000402585 0.013343 0.0478456
63 37 1 -0.93344 0.578828 -0.00593831 0.00589133 1.2953e+07 5.40451e+07 2.44428e+07 4.46653e+06 0 4.42187e+07 0 5.40451e+07 4.42187e+07 2.44428e+07 4.46653e+06 0.00520849 0.00315365 -0.000356995 0.00854493 0.0489714
67 37 2 -1.18527 0.830784 -0.00755868 0.00716933 1.3185e+07 5.50131e+07 2.48806e+07 4.54654e+06 0 4.50107e+07 0 5.50131e+07 4.50107e+07 2.48806e+07 4.54654e+06 0.00602309 0.00286508 -0.00127948 0.00761537 0.0409516
52 38 0 -0.553794 0.944023 -0.00532086 0.00955934 1.64098e+07 6.84686e+07 3.09661e+07 5.65856e+06 0 5.60198e+07 0 6.84686e+07 5.60198e+07 3.09661e+07 5.65856e+06 0.00528339 -4.16162e-05 -0.00116905 0.00566219 0.0411823
53 38 1 -0.685437 1.22249 -0.00655828 0.0117949 5.34876e+06 2.23173e+07 1.00934e+07 1.8444e+06 0 1.82596e+07 0 2.23173e+07 1.82596e+07 1.00934e+07 1.8444e+06 0.00842221 0.00597193 -0.00354845 0.0140001 0.0348069
61 38 2 -0.856116 0.907909 -0.00630963 0.00857318 2.18243e+07 9.10599e+07 4.11834e+07 7.52561e+06 0 7.45036e+07 0 9.10599e+07 7.45036e+07 4.11834e+07 7.52561e+06 0.00207394 0.000259408 -0.00372731 0.00310199 0.0406171
45 39 0 -0.296167 0.32002 -0.000794531 0.00403201 1.30359e+07 5.43912e+07 2.45993e+07 4.49514e+06 0 4.45019e+07 0 5.43912e+07 4.45019e+07 2.45993e+07 4.49514e+06 0.00329141 0.000161843 0.0010226 0.00887662 0.0701921
44 39 1 -0.366147 0.695024 -0.00257381 0.00714977 1.23757e+07 5.16365e+07 2.33535e+07 4.26748e+06 0 4.22481e+07 0 5.16365e+07 4.22481e+07 2.33535e+07 4.26748e+06 0.0077051 -0.00817909 -0.00845991 0.00625516 0.0501045
54 39 2 -0.615719 0.354365 -0.00369328 0.00435838 2.5824e+06 1.07748e+07 4.8731e+06 890482 0 8.81577e+06 0 1.07748e+07 8.81577e+06 4.8731e+06 890482 0.0163264 0.00387946 -0.00100041 0.0160508 0.0639764
43 40 0 -0.306659 1.1188 -0.00249952 0.0112185 6.97059e+06 2.90842e+07 1.31538e+07 2.40365e+06 0 2.37962e+07 0 2.90842e+07 2.37962e+07 1.31538e+07 2.40365e+06 0.0122663 0.000315496 0.00863883 0.0129372 0.0374262
48 40 1 -0.457364 1.37478 -0.00409488 0.0156468 5.16339e+06 2.15438e+07 9.74354e+06 1.78048e+06 0 1.76267e+07 0 2.15438e+07 1.76267e+07 9.74354e+06 1.78048e+06 0.0122478 -0.00252821 -0.00355095 0.0187122 0.0326073
53 40 2 -0.685437 1.22249 -0.00655828 0.0117949 5.34876e+06 2.23173e+07 1.00934e+07 1.8444e+06 0 1.82596e+07 0 2.23173e+07 1.82596e+07 1.00934e+07 1.8444e+06 0.00842221 0.00597193 -0.00354845 0.0140001 0.0348069
53 41 0 -0.685437 1.22249 -0.00655828 0.0117949 5.34876e+06 2.23173e+07 1.00934e+07 1.8444e+06 0 1.82596e+07 0 2.23173e+07 1.82596e+07 1.00934e+07 1.8444e+06 0.00842221 0.00597193 -0.00354845 0.0140001 0.0348069
56 41 1 -0.909073 1.44645 -0.00828857 0.0138141 8.80009e+06 3.67176e+07 1.66062e+07 3.03451e+06 0 3.00417e+07 0 3.67176e+07 3.00417e+07 1.66062e+07 3.03451e+06 0.00644388 0.00856749 0.00156666 0.0125074 0.0318968
62 41 2 -1.02761 1.15853 -0.0082836 0.0101775 1.30061e+07 5.42669e+07 2.45431e+07 4.48486e+06 0 4.44002e+07 0 5.42669e+07 4.44002e+07 2.45431e+07 4.48486e+06 0.00438691 -0.000467416 -0.00752761 0.00964874 0.0356487
43 42 0 -0.306659 1.1188 -0.00249952 0.0112185 6.97059e+06 2.90842e+07 1.31538e+07 2.40365e+06 0 2.37962e+07 0 2.90842e+07 2.37962e+07 1.31538e+07 2.40365e+06 0.0122663 0.000315496 0.00863883 0.0129372 0.0374262
53 42 1 -0.685437 1.22249 -0.00655828 0.0117949 5.34876e+06 2.23173e+07 1.00934e+07 1.8444e+06 0 1.82596e+07 0 2.23173e+07 1.82596e+07 1.00934e+07 1.8444e+06 0.00842221 0.00597193 -0.00354845 0.0140001 0.0348069
52 42 2 -0.553794 0.944023 -0.00532086 0.00955934 1.64098e+07 6.84686e+07 3.09661e+07 5.65856e+06 0 5.60198e+07 0 6.84686e+07 5.60198e+07 3.09661e+07 5.65856e+06 0.00528339 -4.16162e-05 -0.00116905 0.00566219 0.0411823
48 43 0 -0.457364 1.37478 -0.00409488 0.0156468 5.16339e+06 2.15438e+07 9.74354e+06 1.78048e+06 0 1.76267e+07 0 2.15438e+07 1.76267e+07 9.74354e+06 1.78048e+06 0.0122478 -0.00252821 -0.00355095 0.0187122 0.0326073
47 43 1 -0.634981 1.61141 -0.00625791 0.0182396 1.05005e+07 4.38126e+07 1.9815e+07 3.62088e+06 0 3.58467e+07 0 4.38126e+07 3.58467e+07 1.9815e+07 3.62088e+06 0.00691805 0.00755271 -0.000697569 0.00977471 0.029954
53 43 2 -0.685437 1.22249 -0.00655828 0.0117949 5.34876e+06 2.23173e+07 1.00934e+07 1.8444e+06 0 1.82596e+07 0 2.23173e+07 1.82596e+07 1.00934e+07 1.8444e+06 0.00842221 0.00597193 -0.00354845 0.0140001 0.0348069
41 44 0 -0.407786 1.83126 -0.00452854 0.0216716 9.38137e+06 3.9143e+07 1.77031e+07 3.23496e+06 0 3.20261e+07 0 3.9143e+07 3.20261e+07 1.77031e+07 3.23496e+06 0.0068046 0.00411248 0.00162711 0.0105728 0.0281603
47 44 1 -0.634981 1.61141 -0.00625791 0.0182396 1.05005e+07 4.38126e+07 1.9815e+07 3.62088e+06 0 3.58467e+07 0 4.38126e+07 3.58467e+07 1.9815e+07 3.62088e+06 0.00691805 0.00755271 -0.000697569 0.00977471 0.029954
40 44 2 -0.225979 1.52209 -0.00132128 0.016564 4.13329e+06 1.72458e+07 7.79971e+06 1.42527e+06 0 1.41102e+07 0 1.72458e+07 1.41102e+07 7.79971e+06 1.42527e+06 0.0192968 -0.0166362 -0.0070258 0.0151035 0.0308072
32 45 0 0.134667 1.57598 0.000994289 0.0149765 2.17865e+07 9.09023e+07 4.11121e+07 7.51259e+06 0 7.43746e+07 0 9.09023e+07 7.43746e+07 4.11121e+07 7.51259e+06 0.00108597 0.000670151 -0.00323856 0.00584337 0.0303854
33 45 1 -0.0952918 1.88091 -0.00150742 0.0194648 5.4685e+06 2.28169e+07 1.03193e+07 1.88569e+06 0 1.86683e+07 0 2.28169e+07 1.86683e+07 1.03193e+07 1.88569e+06 0.012083 -0.01975 -0.00668676 0.0138028 0.0278086
40 45 2 -0.225979 1.52209 -0.00132128 0.016564 4.13329e+06 1.72458e+07 7.79971e+06 1.42527e+06 0 1.41102e+07 0 1.72458e+07 1.41102e+07 7.79971e+06 1.42527e+06 0.0192968 -0.0166362 -0.0070258 0.0151035 0.0308072
42 46 0 -0.359585 2.16555 -0.00334995 0.0243104 1.78176e+07 7.43424e+07 3.36226e+07 6.144e+06 0 6.08256e+07 0 7.43424e+07 6.08256e+07 3.36226e+07 6.144e+06 0.00365485 0.0029711 0.00720602 0.00391292 0.0271971
49 46 1 -0.713508 1.99171 -0.0064616 0.0214051 1.08171e+07 4.51335e+07 2.04124e+07 3.73004e+06 0 3.69274e+07 0 4.51335e+07 3.69274e+07 2.04124e+07 3.73004e+06 0.00748807 0.00972284 0.00482488 0.00934399 0.0281292
41 46 2 -0.407786 1.83126 -0.00452854 0.0216716 9.38137e+06 3.9143e+07 1.77031e+07 3.23496e+06 0 3.20261e+07 0 3.9143e+07 3.20261e+07 1.77031e+07 3.23496e+06 0.0068046 0.00411248 0.00162711 0.0105728 0.0281603
53 47 0 -0.685437 1.22249 -0.00655828 0.0117949 5.34876e+06 2.23173e+07 1.00934e+07 1.8444e+06 0 1.82596e+07 0 2.23173e+07 1.82596e+07 1.00934e+07 1.8444e+06 0.00842221 0.00597193 -0.00354845 0.0140001 0.0348069
62 47 1 -1.02761 1.15853 -0.0082836 0.0101775 1.30061e+07 5.42669e+07 2.45431e+07 4.48486e+06 0 4.44002e+07 0 5.42669e+07 4.44002e+07 2.45431e+07 4.48486e+06 0.00438691 -0.000467416 -0.00752761 0.00964874 0.0356487
61 47 2 -0.856116 0.907909 -0.00630963 0.00857318 2.18243e+07 9.10599e+07 4.11834e+07 7.52561e+06 0 7.45036e+07 0 9.10599e+07 7.45036e+07 4.11834e+07 7.52561e+06 0.00207394 0.000259408 -0.00372731 0.00310199 0.0406171
57 48 0 -0.995873 1.74861 -0.00876034 0.0163305 1.132e+07 4.72318e+07 2.13614e+07 3.90346e+06 0 3.86442e+07 0 4.72318e+07 3.86442e+07 2.13614e+07 3.90346e+06 0.00651115 0.0111923 -0.00096774 0.00982497 0.0300013
56 48 1 -0.909073 1.44645 -0.00828857 0.0138141 8.80009e+06 3.67176e+07 1.66062e+07 3.03451e+06 0 3.00417e+07 0 3.67176e+07 3.00417e+07 1.66062e+07 3.03451e+06 0.00644388 0.00856749 0.00156666 0.0125074 0.0318968
47 48 2 -0.634981 1.61141 -0.00625791 0.0182396 1.05005e+07 4.38126e+07 1.9815e+07 3.62088e+06 0 3.58467e+07 0 4.38126e+07 3.58467e+07 1.9815e+07 3.62088e+06 0.00691805 0.00755271 -0.000697569 0.00977471 0.029954
57 49 0 -0.995873 1.74861 -0.00876034 0.0163305 1.132e+07 4.72318e+07 2.13614e+07 3.90346e+06 0 3.86442e+07 0 4.72318e+07 3.86442e+07 2.13614e+07 3.90346e+06 0.00651115 0.0111923 -0.00096774 0.00982497 0.0300013
64 49 1 -1.22758 1.43871 -0.00999408 0.0126865 1.55637e+07 6.49381e+07 2.93693e+07 5.36678e+06 0 5.31311e+07 0 6.49381e+07 5.31311e+07 2.93693e+07 5.36678e+06 0.00422585 -0.0021431 0.00146482 0.00639827 0.0330245
56 49 2 -0.909073 1.44645 -0.00828857 0.0138141 8.80009e+06 3.67176e+07 1.66062e+07 3.03451e+06 0 3.00417e+07 0 3.67176e+07 3.00417e+07 1.66062e+07 3.03451e+06 0.00644388 0.00856749 0.00156666 0.0125074 0.0318968
64 50 0 -1.22758 1.43871 -0.00999408 0.0126865 1.55637e+07 6.49381e+07 2.93693e+07 5.36678e+06 0 5.31311e+07 0 6.49381e+07 5.31311e+07 2.93693e+07 5.36678e+06 0.00422585 -0.0021431 0.00146482 0.00639827 0.0330245
68 50 1 -1.32739 1.18985 -0.0105044 0.0104236 7.02229e+06 2.92999e+07 1.32514e+07 2.42148e+06 0 2.39726e+07 0 2.92999e+07 2.39726e+07 1.32514e+07 2.42148e+06 0.0093494 0.00110822 -0.00280826 0.012203 0.0359936
62 50 2 -1.02761 1.15853 -0.0082836 0.0101775 1.30061e+07 5.42669e+07 2.45431e+07 4.48486e+06 0 4.44002e+07 0 5.42669e+07 4.44002e+07 2.45431e+07 4.48486e+06 0.00438691 -0.000467416 -0.00752761 0.00964874 0.0356487
4 51 0 1.23095 0.502157 0.00726823 0.00197092 7.63434e+06 3.18536e+07 1.44063e+07 2.63253e+06 0 2.6062e+07 0 3.18536e+07 2.6062e+07 1.44063e+07 2.63253e+06 0.0095275 -0.00193554 0.00183489 0.0102732 0.0488604
0 51 1 1.50613 0.212122 0.0104631 -0.00292735 1.1123e+06 4.64098e+06 2.09896e+06 383552 0 3.79717e+06 0 4.64098e+06 3.79717e+06 2.09896e+06 383552 0.029783 0.00922293 0.0120144 0.0397768 0.050812
1 51 2 1.51451 0.510625 0.00912175 0.00258267 1.38953e+07 5.79771e+07 2.62211e+07 4.79149e+06 0 4.74358e+07 0 5.79771e+07 4.74358e+07 2.62211e+07 4.79149e+06 0.0043506 -0.00663839 0.00311427 0.00710836 0.0471515
5 52 0 1.25977 0.0900509 0.00388504 -0.00389239 7.0319e+06 2.934e+07 1.32695e+07 2.42479e+06 0 2.40055e+07 0 2.934e+07 2.40055e+07 1.32695e+07 2.42479e+06 0.00848536 -0.0161615 0.0191969 0.0146546 0.0565467
0 52 1 1.50613 0.212122 0.0104631 -0.00292735 1.1123e+06 4.64098e+06 2.09896e+06 383552 0 3.79717e+06 0 4.64098e+06 3.79717e+06 2.09896e+06 383552 0.029783 0.00922293 0.0120144 0.0397768 0.050812
4 52 2 1.23095 0.502157 0.00726823 0.00197092 7.63434e+06 3.18536e+07 1.44063e+07 2.63253e+06 0 2.6062e+07 0 3.18536e+07 2.6062e+07 1.44063e+07 2.63253e+06 0.0095275 -0.00193554 0.00183489 0.0102732 0.0488604
4 53 0 1.23095 0.502157 0.00726823 0.00197092 7.63434e+06 3.18536e+07 1.44063e+07 2.63253e+06 0 2.6062e+07 0 3.18536e+07 2.6062e+07 1.44063e+07 2.63253e+06 0.0095275 -0.00193554 0.00183489 0.0102732 0.0488604
10 53 1 0.956535 0.288399 0.00447998 0.00157914 1.52444e+07 6.36061e+07 2.87669e+07 5.2567e+06 0 5.20414e+07 0 6.36061e+07 5.20414e+07 2.87669e+07 5.2567e+06 0.00459258 -0.000517986 0.00624944 0.0071215 0.0613289
5 53 2 1.25977 0.0900509 0.00388504 -0.00389239 7.0319e+06 2.934e+07 1.32695e+07 2.42479e+06 0 2.40055e+07 0 2.934e+07 2.40055e+07 1.32695e+07 2.42479e+06 0.00848536 -0.0161615 0.0191969 0.0146546 0.0565467
3 54 0 1.50623 0.809131 0.0112175 0.00463723 1.54675e+07 6.45367e+07 2.91878e+07 5.33361e+06 0 5.28028e+07 0 6.45367e+07 5.28028e+07 2.91878e+07 5.33361e+06 0.00142804 -0.0156375 0.0138328 0.00786511 0.0427818
4 54 1 1.23095 0.502157 0.00726823 0.00197092 7.63434e+06 3.18536e+07 1.44063e+07 2.63253e+06 0 2.6062e+07 0 3.18536e+07 2.6062e+07 1.44063e+07 2.63253e+06 0.0095275 -0.00193554 0.00183489 0.0102732 0.0488604
1 54 2 1.51451 0.510625 0.00912175 0.00258267 1.38953e+07 5.79771e+07 2.62211e+07 4.79149e+06 0 4.74358e+07 0 5.79771e+07 4.74358e+07 2.62211e+07 4.79149e+06 0.0043506 -0.00663839 0.00311427 0.00710836 0.0471515
7 55 0 1.1664 0.900297 0.00975451 0.00764825 3.71808e+06 1.55134e+07 7.01618e+06 1.2821e+06 0 1.26928e+07 0 1.55134e+07 1.26928e+07 7.01618e+06 1.2821e+06 0.0146799 0.0101916 0.0145794 0.0195847 0.04123
2 55 1 1.41061 1.05711 0.013316 0.00800632 1.72401e+07 7.19326e+07 3.25328e+07 5.94485e+06 0 5.8854e+07 0 7.19326e+07 5.8854e+07 3.25328e+07 5.94485e+06 0.00269143 -0.016914 0.00586958 0.00644035 0.0393558
6 55 2 1.30623 1.30153 0.0131164 0.0127373 8.46621e+06 3.53245e+07 1.59761e+07 2.91938e+06 0 2.89019e+07 0 3.53245e+07 2.89019e+07 1.59761e+07 2.91938e+06 0.00725088 -0.0262701 -0.00693657 0.0143184 0.0363246
9 56 0 0.859064 0.639472 0.00544018 0.00359579 2.27252e+07 9.48187e+07 4.28834e+07 7.83626e+06 0 7.7579e+07 0 9.48187e+07 7.7579e+07 4.28834e+07 7.83626e+06 0.00213563 0.00331609 0.00126766 0.00441466 0.0493452
7 56 1 1.1664 0.900297 0.00975451 0.00764825 3.71808e+06 1.55134e+07 7.01618e+06 1.2821e+06 0 1.26928e+07 0 1.55134e+07 1.26928e+07 7.01618e+06 1.2821e+06 0.0146799 0.0101916 0.0145794 0.0195847 0.04123
13 56 2 0.878496 0.956338 0.00597351 0.00708518 3.77306e+06 1.57428e+07 7.11993e+06 1.30105e+06 0 1.28804e+07 0 1.57428e+07 1.28804e+07 7.11993e+06 1.30105e+06 0.013572 0.00767406 0.020042 0.0250731 0.0407984
3 57 0 1.50623 0.809131 0.0112175 0.00463723 1.54675e+07 6.45367e+07 2.91878e+07 5.33361e+06 0 5.28028e+07 0 6.45367e+07 5.28028e+07 2.91878e+07 5.33361e+06 0.00142804 -0.0156375 0.0138328 0.00786511 0.0427818
2 57 1 1.41061 1.05711 0.013316 0.00800632 1.72401e+07 7.19326e+07 3.25328e+07 5.94485e+06 0 5.8854e+07 0 7.19326e+07 5.8854e+07 3.25328e+07 5.94485e+06 0.00269143 -0.016914 0.00586958 0.00644035 0.0393558
7 57 2 1.1664 0.900297 0.00975451 0.00764825 3.71808e+06 1.55134e+07 7.01618e+06 1.2821e+06 0 1.26928e+07 0 1.55134e+07 1.26928e+07 7.01618e+06 1.2821e+06 0.0146799 0.0101916 0.0145794 0.0195847 0.04123
8 58 0 1 2.26293e-24 1.31242e-26 2.97909e-26 2.08966e+07 8.71892e+07 3.94328e+07 7.20572e+06 0 7.13366e+07 0 8.71892e+07 7.13366e+07 3.94328e+07 7.20572e+06 1.79651e-25 -7.38941e-25 0.0262726 0.00464333 0.0743901
5 58 1 1.25977 0.0900509 0.00388504 -0.00389239 7.0319e+06 2.934e+07 1.32695e+07 2.42479e+06 0 2.40055e+07 0 2.934e+07 2.40055e+07 1.32695e+07 2.42479e+06 0.00848536 -0.0161615 0.0191969 0.0146546 0.0565467
10 58 2 0.956535 0.288399 0.00447998 0.00157914 1.52444e+07 6.36061e+07 2.87669e+07 5.2567e+06 0 5.20414e+07 0 6.36061e+07 5.20414e+07 2.87669e+07 5.2567e+06 0.00459258 -0.000517986 0.00624944 0.0071215 0.0613289
12 59 0 1.00381 1.23063 0.0105185 0.014399 6.51691e+06 2.71912e+07 1.22977e+07 2.24721e+06 0 2.22474e+07 0 2.71912e+07 2.22474e+07 1.22977e+07 2.24721e+06 0.0125201 0.0109476 0.00726687 0.0170252 0.0360903
7 59 1 1.1664 0.900297 0.00975451 0.00764825 3.71808e+06 1.55134e+07 7.01618e+06 1.2821e+06 0 1.26928e+07 0 1.55134e+07 1.26928e+07 7.01618e+06 1.2821e+06 0.0146799 0.0101916 0.0145794 0.0195847 0.04123
6 59 2 1.30623 1.30153 0.0131164 0.0127373 8.46621e+06 3.53245e+07 1.59761e+07 2.91938e+06 0 2.89019e+07 0 3.53245e+07 2.89019e+07 1.59761e+07 2.91938e+06 0.00725088 -0.0262701 -0.00693657 0.0143184 0.0363246
9 60 0 0.859064 0.639472 0.00544018 0.00359579 2.27252e+07 9.48187e+07 4.28834e+07 7.83626e+06 0 7.7579e+07 0 9.48187e+07 7.7579e+07 4.28834e+07 7.83626e+06 0.00213563 0.00331609 0.00126766 0.00441466 0.0493452
19 60 1 0.491181 0.635423 0.00272506 0.00676071 3.78834e+06 1.58065e+07 7.14876e+06 1.30632e+06 0 1.29326e+07 0 1.58065e+07 1.29326e+07 7.14876e+06 1.30632e+06 0.0130836 -0.0191777 -0.00447529 0.0114288 0.0527653
20 60 2 0.636486 0.324147 0.00361283 0.0023056 2.61384e+07 1.0906e+08 4.93244e+07 9.01325e+06 0 8.92312e+07 0 1.0906e+08 8.92312e+07 4.93244e+07 9.01325e+06 -0.00101703 -0.0113337 0.00801373 0.00200205 0.0666212
4 61 0 1.23095 0.502157 0.00726823 0.00197092 7.63434e+06 3.18536e+07 1.44063e+07 2.63253e+06 0 2.6062e+07 0 3.18536e+07 2.6062e+07 1.44063e+07 2.63253e+06 0.0095275 -0.00193554 0.00183489 0.0102732 0.0488604
9 61 1 0.859064 0.639472 0.00544018 0.00359579 2.27252e+07 9.48187e+07 4.28834e+07 7.83626e+06 0 7.7579e+07 0 9.48187e+07 7.7579e+07 4.28834e+07 7.83626e+06 0.00213563 0.00331609 0.00126766 0.00441466 0.0493452
10 61 2 0.956535 0.288399 0.00447998 0.00157914 1.52444e+07 6.36061e+07 2.87669e+07 5.2567e+06 0 5.20414e+07 0 6.36061e+07 5.20414e+07 2.87669e+07 5.2567e+06 0.00459258 -0.000517986 0.00624944 0.0071215 0.0613289
13 62 0 0.878496 0.956338 0.00597351 0.00708518 3.77306e+06 1.57428e+07 7.11993e+06 1.30105e+06 0 1.28804e+07 0 1.57428e+07 1.28804e+07 7.11993e+06 1.30105e+06 0.013572 0.00767406 0.020042 0.0250731 0.0407984
18 62 1 0.588739 0.942052 0.00265786 0.0090476 9.27228e+06 3.86878e+07 1.74972e+07 3.19734e+06 0 3.16536e+07 0 3.86878e+07 3.16536e+07 1.74972e+07 3.19734e+06 0.00842293 -0.0227775 -0.00197432 0.00653165 0.0420188
9 62 2 0.859064 0.639472 0.00544018 0.00359579 2.27252e+07 9.48187e+07 4.28834e+07 7.83626e+06 0 7.7579e+07 0 9.48187e+07 7.7579e+07 4.28834e+07 7.83626e+06 0.00213563 0.00331609 0.00126766 0.00441466 0.0493452
11 63 0 1.14322 1.50663 0.00956688 0.0187677 6.66824e+06 2.78227e+07 1.25833e+07 2.29939e+06 0 2.2764e+07 0 2.78227e+07 2.2764e+07 1.25833e+07 2.29939e+06 0.0109799 -0.00100183 -0.0217252 0.015573 0.0338859
12 63 1 1.00381 1.23063 0.0105185 0.014399 6.51691e+06 2.71912e+07 1.22977e+07 2.24721e+06 0 2.22474e+07 0 2.71912e+07 2.22474e+07 1.22977e+07 2.24721e+06 0.0125201 0.0109476 0.00726687 0.0170252 0.0360903
6 63 2 1.30623 1.30153 0.0131164 0.0127373 8.46621e+06 3.53245e+07 1.59761e+07 2.91938e+06 0 2.89019e+07 0 3.53245e+07 2.89019e+07 1.59761e+07 2.91938e+06 0.00725088 -0.0262701 -0.00693657 0.0143184 0.0363246
28 64 0 0.275951 0.954951 0.00125862 0.0103214 2.2434e+07 9.36038e+07 4.23339e+07 7.73585e+06 0 7.65849e+07 0 9.36038e+07 7.65849e+07 4.23339e+07 7.73585e+06 0.00124943 0.00254181 0.00405149 0.00670017 0.0422306
35 64 1 0.0391901 1.23575 0.000647661 0.0124732 1.53889e+07 6.42088e+07 2.90395e+07 5.30651e+06 0 5.25344e+07 0 6.42088e+07 5.25344e+07 2.90395e+07 5.30651e+06 0.00282823 -0.00108765 0.00168935 0.00585138 0.0354818
36 64 2 -0.054966 0.886301 -0.000328582 0.00850106 4.78396e+06 1.99607e+07 9.02755e+06 1.64964e+06 0 1.63314e+07 0 1.99607e+07 1.63314e+07 9.02755e+06 1.64964e+06 0.00828805 0.00333088 0.00298219 0.0135051 0.0441923
18 65 0 0.588739 0.942052 0.00265786 0.0090476 9.27228e+06 3.86878e+07 1.74972e+07 3.19734e+06 0 3.16536e+07 0 3.86878e+07 3.16536e+07 1.74972e+07 3.19734e+06 0.00842293 -0.0227775 -0.00197432 0.00653165 0.0420188
27 65 1 0.412445 1.31315 0.00221009 0.0132257 1.4216e+07 5.93152e+07 2.68263e+07 4.90208e+06 0 4.85306e+07 0 5.93152e+07 4.85306e+07 2.68263e+07 4.90208e+06 0.00384317 0.00277058 0.00379289 0.00876958 0.0342469
28 65 2 0.275951 0.954951 0.00125862 0.0103214 2.2434e+07 9.36038e+07 4.23339e+07 7.73585e+06 0 7.65849e+07 0 9.36038e+07 7.65849e+07 4.23339e+07 7.73585e+06 0.00124943 0.00254181 0.00405149 0.00670017 0.0422306
12 66 0 1.00381 1.23063 0.0105185 0.014399 6.51691e+06 2.71912e+07 1.22977e+07 2.24721e+06 0 2.22474e+07 0 2.71912e+07 2.22474e+07 1.22977e+07 2.24721e+06 0.0125201 0.0109476 0.00726687 0.0170252 0.0360903
22 66 1 0.707245 1.21203 0.00518064 0.0124584 1.52765e+06 6.37401e+06 2.88275e+06 526777 0 5.2151e+06 0 6.37401e+06 5.2151e+06 2.88275e+06 526777 0.0307744 0.00598739 0.00345754 0.0261056 0.0361486
13 66 2 0.878496 0.956338 0.00597351 0.00708518 3.77306e+06 1.57428e+07 7.11993e+06 1.30105e+06 0 1.28804e+07 0 1.57428e+07 1.28804e+07 7.11993e+06 1.30105e+06 0.013572 0.00767406 0.020042 0.0250731 0.0407984
12 67 0 1.00381 1.23063 0.0105185 0.014399 6.51691e+06 2.71912e+07 1.22977e+07 2.24721e+06 0 2.22474e+07 0 2.71912e+07 2.22474e+07 1.22977e+07 2.24721e+06 0.0125201 0.0109476 0.00726687 0.0170252 0.0360903
21 67 1 0.762284 1.50825 0.00535237 0.0183605 6.47535e+06 2.70178e+07 1.22193e+07 2.23288e+06 0 2.21055e+07 0 2.70178e+07 2.21055e+07 1.22193e+07 2.23288e+06 0.0110273 0.00326253 -0.0064638 0.0134234 0.0322166
22 67 2 0.707245 1.21203 0.00518064 0.0124584 1.52765e+06 6.37401e+06 2.88275e+06 526777 0 5.2151e+06 0 6.37401e+06 5.2151e+06 2.88275e+06 526777 0.0307744 0.00598739 0.00345754 0.0261056 0.0361486
21 68 0 0.762284 1.50825 0.00535237 0.0183605 6.47535e+06 2.70178e+07 1.22193e+07 2.23288e+06 0 2.21055e+07 0 2.70178e+07 2.21055e+07 1.22193e+07 2.23288e+06 0.0110273 0.00326253 -0.0064638 0.0134234 0.0322166
24 68 1 0.475884 1.70359 0.00223369 0.0171101 9.87889e+06 4.12188e+07 1.86419e+07 3.40651e+06 0 3.37245e+07 0 4.12188e+07 3.37245e+07 1.86419e+07 3.40651e+06 0.00691703 0.00963347 -0.00416711 0.00906819 0.0296195
27 68 2 0.412445 1.31315 0.00221009 0.0132257 1.4216e+07 5.93152e+07 2.68263e+07 4.90208e+06 0 4.85306e+07 0 5.93152e+07 4.85306e+07 2.68263e+07 4.90208e+06 0.00384317 0.00277058 0.00379289 0.00876958 0.0342469
10 69 0 0.956535 0.288399 0.00447998 0.00157914 1.52444e+07 6.36061e+07 2.87669e+07 5.2567e+06 0 5.20414e+07 0 6.36061e+07 5.20414e+07 2.87669e+07 5.2567e+06 0.00459258 -0.000517986 0.00624944 0.0071215 0.0613289
14 69 1 0.714286 3.59215e-24 3.04333e-27 6.10664e-26 2.3361e+07 9.74717e+07 4.40832e+07 8.05551e+06 0 7.97496e+07 0 9.74717e+07 7.97496e+07 4.40832e+07 8.05551e+06 8.83013e-05 -0.0011396 0.0195552 0.00763822 0.089619
8 69 2 1 2.26293e-24 1.31242e-26 2.97909e-26 2.08966e+07 8.71892e+07 3.94328e+07 7.20572e+06 0 7.13366e+07 0 8.71892e+07 7.13366e+07 3.94328e+07 7.20572e+06 1.79651e-25 -7.38941e-25 0.0262726 0.00464333 0.0743901
3 70 0 1.50623 0.809131 0.0112175 0.00463723 1.54675e+07 6.45367e+07 2.91878e+07 5.33361e+06 0 5.28028e+07 0 6.45367e+07 5.28028e+07 2.91878e+07 5.33361e+06 0.00142804 -0.0156375 0.0138328 0.00786511 0.0427818
7 70 1 1.1664 0.900297 0.00975451 0.00764825 3.71808e+06 1.55134e+07 7.01618e+06 1.2821e+06 0 1.26928e+07 0 1.55134e+07 1.26928e+07 7.01618e+06 1.2821e+06 0.0146799 0.0101916 0.0145794 0.0195847 0.04123
4 70 2 1.23095 0.502157 0.00726823 0.00197092 7.63434e+06 3.18536e+07 1.44063e+07 2.63253e+06 0 2.6062e+07 0 3.18536e+07 2.6062e+07 1.44063e+07 2.63253e+06 0.0095275 -0.00193554 0.00183489 0.0102732 0.0488604
10 71 0 0.956535 0.288399 0.00447998 0.00157914 1.52444e+07 6.36061e+07 2.87669e+07 5.2567e+06 0 5.20414e+07 0 6.36061e+07 5.20414e+07 2.87669e+07 5.2567e+06 0.00459258 -0.000517986 0.00624944 0.0071215 0.0613289
20 71 1 0.636486 0.324147 0.00361283 0.0023056 2.61384e+07 1.0906e+08 4.93244e+07 9.01325e+06 0 8.92312e+07 0 1.0906e+08 8.92312e+07 4.93244e+07 9.01325e+06 -0.00101703 -0.0113337 0.00801373 0.00200205 0.0666212
14 71 2 0.714286 3.59215e-24 3.04333e-27 6.10664e-26 2.3361e+07 9.74717e+07 4.40832e+07 8.05551e+06 0 7.97496e+07 0 9.74717e+07 7.97496e+07 4.40832e+07 8.05551e+06 8.83013e-05 -0.0011396 0.0195552 0.00763822 0.089619
12 72 0 1.00381 1.23063 0.0105185 0.014399 6.51691e+06 2.71912e+07 1.22977e+07 2.24721e+06 0 2.22474e+07 0 2.71912e+07 2.22474e+07 1.22977e+07 2.24721e+06 0.0125201 0.0109476 0.00726687 0.0170252 0.0360903
11 72 1 1.14322 1.50663 0.00956688 0.0187677 6.66824e+06 2.78227e+07 1.25833e+07 2.29939e+06 0 2.2764e+07 0 2.78227e+07 2.2764e+07 1.25833e+07 2.29939e+06 0.0109799 -0.00100183 -0.0217252 0.015573 0.0338859
21 72 2 0.762284 1.50825 0.00535237 0.0183605 6.47535e+06 2.70178e+07 1.22193e+07 2.23288e+06 0 2.21055e+07 0 2.70178e+07 2.21055e+07 1.22193e+07 2.23288e+06 0.0110273 0.00326253 -0.0064638 0.0134234 0.0322166
27 73 0 0.412445 1.31315 0.00221009 0.0132257 1.4216e+07 5.93152e+07 2.68263e+07 4.90208e+06 0 4.85306e+07 0 5.93152e+07 4.85306e+07 2.68263e+07 4.90208e+06 0.00384317 0.00277058 0.00379289 0.00876958 0.0342469
22 73 1 0.707245 1.21203 0.00518064 0.0124584 1.52765e+06 6.37401e+06 2.88275e+06 526777 0 5.2151e+06 0 6.37401e+06 5.2151e+06 2.88275e+06 526777 0.0307744 0.00598739 0.00345754 0.0261056 0.0361486
21 73 2 0.762284 1.50825 0.00535237 0.0183605 6.47535e+06 2.70178e+07 1.22193e+07 2.23288e+06 0 2.21055e+07 0 2.70178e+07 2.21055e+07 1.22193e+07 2.23288e+06 0.0110273 0.00326253 -0.0064638 0.0134234 0.0322166
13 74 0 0.878496 0.956338 0.00597351 0.00708518 3.77306e+06 1.57428e+07 7.11993e+06 1.30105e+06 0 1.28804e+07 0 1.57428e+07 1.28804e+07 7.11993e+06 1.30105e+06 0.013572 0.00767406 0.020042 0.0250731 0.0407984
7 74 1 1.1664 0.900297 0.00975451 0.00764825 3.71808e+06 1.55134e+07 7.01618e+06 1.2821e+06 0 1.26928e+07 0 1.55134e+07 1.26928e+07 7.01618e+06 1.2821e+06 0.0146799 0.0101916 0.0145794 0.0195847 0.04123
12 74 2 1.00381 1.23063 0.0105185 0.014399 6.51691e+06 2.71912e+07 1.22977e+07 2.24721e+06 0 2.22474e+07 0 2.71912e+07 2.22474e+07 1.22977e+07 2.24721e+06 0.0125201 0.0109476 0.00726687 0.0170252 0.0360903
21 75 0 0.762284 1.50825 0.00535237 0.0183605 6.47535e+06 2.70178e+07 1.22193e+07 2.23288e+06 0 2.21055e+07 0 2.70178e+07 2.21055e+07 1.22193e+07 2.23288e+06 0.0110273 0.00326253 -0.0064638 0.0134234 0.0322166
15 75 1 0.967625 1.70105 0.00545727 0.0207492 1.58501e+07 6.61331e+07 2.99098e+07 5.46555e+06 0 5.41089e+07 0 6.61331e+07 5.41089e+07 2.99098e+07 5.46555e+06 0.00327234 0.00201919 -0.00767752 0.00572974 0.0315511
17 75 2 0.789699 1.89335 0.00313418 0.0215434 1.82929e+07 7.63255e+07 3.45195e+07 6.30789e+06 0 6.24481e+07 0 7.63255e+07 6.24481e+07 3.45195e+07 6.30789e+06 0.00294258 0.00635138 -0.00554486 0.00556979 0.0296742
24 76 0 0.475884 1.70359 0.00223369 0.0171101 9.87889e+06 4.12188e+07 1.86419e+07 3.40651e+06 0 3.37245e+07 0 4.12188e+07 3.37245e+07 1.86419e+07 3.40651e+06 0.00691703 0.00963347 -0.00416711 0.00906819 0.0296195
21 76 1 0.762284 1.50825 0.00535237 0.0183605 6.47535e+06 2.70178e+07 1.22193e+07 2.23288e+06 0 2.21055e+07 0 2.70178e+07 2.21055e+07 1.22193e+07 2.23288e+06 0.0110273 0.00326253 -0.0064638 0.0134234 0.0322166
17 76 2 0.789699 1.89335 0.00313418 0.0215434 1.82929e+07 7.63255e+07 3.45195e+07 6.30789e+06 0 6.24481e+07 0 7.63255e+07 6.24481e+07 3.45195e+07 6.30789e+06 0.00294258 0.00635138 -0.00554486 0.00556979 0.0296742
32 77 0 0.134667 1.57598 0.000994289 0.0149765 2.17865e+07 9.09023e+07 4.11121e+07 7.51259e+06 0 7.43746e+07 0 9.09023e+07 7.43746e+07 4.11121e+07 7.51259e+06 0.00108597 0.000670151 -0.00323856 0.00584337 0.0303854
24 77 1 0.475884 1.70359 0.00223369 0.0171101 9.87889e+06 4.12188e+07 1.86419e+07 3.40651e+06 0 3.37245e+07 0 4.12188e+07 3.37245e+07 1.86419e+07 3.40651e+06 0.00691703 0.00963347 -0.00416711 0.00906819 0.0296195
25 77 2 0.219562 1.89113 0.000265642 0.017099 2.04504e+07 8.53274e+07 3.85908e+07 7.05185e+06 0 6.98133e+07 0 8.53274e+07 6.98133e+07 3.85908e+07 7.05185e+06 0.00245502 0.00318848 -0.0055385 0.00615791 0.0279235
32 78 0 0.134667 1.57598 0.000994289 0.0149765 2.17865e+07 9.09023e+07 4.11121e+07 7.51259e+06 0 7.43746e+07 0 9.09023e+07 7.43746e+07 4.11121e+07 7.51259e+06 0.00108597 0.000670151 -0.00323856 0.00584337 0.0303854
27 78 1 0.412445 1.31315 0.00221009 0.0132257 1.4216e+07 5.93152e+07 2.68263e+07 4.90208e+06 0 4.85306e+07 0 5.93152e+07 4.85306e+07 2.68263e+07 4.90208e+06 0.00384317 0.00277058 0.00379289 0.00876958 0.0342469
24 78 2 0.475884 1.70359 0.00223369 0.0171101 9.87889e+06 4.12188e+07 1.86419e+07 3.40651e+06 0 3.37245e+07 0 4.12188e+07 3.37245e+07 1.86419e+07 3.40651e+06 0.00691703 0.00963347 -0.00416711 0.00906819 0.0296195
33 79 0 -0.0952918 1.88091 -0.00150742 0.0194648 5.4685e+06 2.28169e+07 1.03193e+07 1.88569e+06 0 1.86683e+07 0 2.28169e+07 1.86683e+07 1.03193e+07 1.88569e+06 0.012083 -0.01975 -0.00668676 0.0138028 0.0278086
32 79 1 0.134667 1.57598 0.000994289 0.0149765 2.17865e+07 9.09023e+07 4.11121e+07 7.51259e+06 0 7.43746e+07 0 9.09023e+07 7.43746e+07 4.11121e+07 7.51259e+06 0.00108597 0.000670151 -0.00323856 0.00584337 0.0303854
25 79 2 0.219562 1.89113 0.000265642 0.017099 2.04504e+07 8.53274e+07 3.85908e+07 7.05185e+06 0 6.98133e+07 0 8.53274e+07 6.98133e+07 3.85908e+07 7.05185e+06 0.00245502 0.00318848 -0.0055385 0.00615791 0.0279235
40 80 0 -0.225979 1.52209 -0.00132128 0.016564 4.13329e+06 1.72458e+07 7.79971e+06 1.42527e+06 0 1.41102e+07 0 1.72458e+07 1.41102e+07 7.79971e+06 1.42527e+06 0.0192968 -0.0166362 -0.0070258 0.0151035 0.0308072
43 80 1 -0.306659 1.1188 -0.00249952 0.0112185 6.97059e+06 2.90842e+07 1.31538e+07 2.40365e+06 0 2.37962e+07 0 2.90842e+07 2.37962e+07 1.31538e+07 2.40365e+06 0.0122663 0.000315496 0.00863883 0.0129372 0.0374262
35 80 2 0.0391901 1.23575 0.000647661 0.0124732 1.53889e+07 6.42088e+07 2.90395e+07 5.30651e+06 0 5.25344e+07 0 6.42088e+07 5.25344e+07 2.90395e+07 5.30651e+06 0.00282823 -0.00108765 0.00168935 0.00585138 0.0354818
7 81 0 1.1664 0.900297 0.00975451 0.00764825 3.71808e+06 1.55134e+07 7.01618e+06 1.2821e+06 0 1.26928e+07 0 1.55134e+07 1.26928e+07 7.01618e+06 1.2821e+06 0.0146799 0.0101916 0.0145794 0.0195847 0.04123
9 81 1 0.859064 0.639472 0.00544018 0.00359579 2.27252e+07 9.48187e+07 4.28834e+07 7.83626e+06 0 7.7579e+07 0 9.48187e+07 7.7579e+07 4.28834e+07 7.83626e+06 0.00213563 0.00331609 0.00126766 0.00441466 0.0493452
4 81 2 1.23095 0.502157 0.00726823 0.00197092 7.63434e+06 3.18536e+07 1.44063e+07 2.63253e+06 0 2.6062e+07 0 3.18536e+07 2.6062e+07 1.44063e+07 2.63253e+06 0.0095275 -0.00193554 0.00183489 0.0102732 0.0488604
32 82 0 0.134667 1.57598 0.000994289 0.0149765 2.17865e+07 9.09023e+07 4.11121e+07 7.51259e+06 0 7.43746e+07 0 9.09023e+07 7.43746e+07 4.11121e+07 7.51259e+06 0.00108597 0.000670151 -0.00323856 0.00584337 0.0303854
35 82 1 0.0391901 1.23575 0.000647661 0.0124732 1.53889e+07 6.42088e+07 2.90395e+07 5.30651e+06 0 5.25344e+07 0 6.42088e+07 5.25344e+07 2.90395e+07 5.30651e+06 0.00282823 -0.00108765 0.00168935 0.00585138 0.0354818
27 82 2 0.412445 1.31315 0.00221009 0.0132257 1.4216e+07 5.93152e+07 2.68263e+07 4.90208e+06 0 4.85306e+07 0 5.93152e+07 4.85306e+07 2.68263e+07 4.90208e+06 0.00384317 0.00277058 0.00379289 0.00876958 0.0342469
29 83 0 0.174021 0.621497 0.000553521 0.00731906 2.22421e+07 9.28032e+07 4.19718e+07 7.66969e+06 0 7.59299e+07 0 9.28032e+07 7.59299e+07 4.19718e+07 7.66969e+06 0.00251482 0.00880561 -0.000302781 0.00591732 0.0545479
38 83 1 0.0195739 0.299148 0.000502802 0.00364628 1.31936e+07 5.50491e+07 2.48969e+07 4.54951e+06 0 4.50402e+07 0 5.50491e+07 4.50402e+07 2.48969e+07 4.54951e+06 0.00207117 0.000466598 -0.000691783 0.0117827 0.0728139
30 83 2 0.322519 0.316898 0.00163249 0.00505454 4.70613e+06 1.96359e+07 8.88068e+06 1.6228e+06 0 1.60658e+07 0 1.96359e+07 1.60658e+07 8.88068e+06 1.6228e+06 0.0113349 0.0171919 0.0047324 0.0152586 0.0707628
21 84 0 0.762284 1.50825 0.00535237 0.0183605 6.47535e+06 2.70178e+07 1.22193e+07 2.23288e+06 0 2.21055e+07 0 2.70178e+07 2.21055e+07 1.22193e+07 2.23288e+06 0.0110273 0.00326253 -0.0064638 0.0134234 0.0322166
11 84 1 1.14322 1.50663 0.00956688 0.0187677 6.66824e+06 2.78227e+07 1.25833e+07 2.29939e+06 0 2.2764e+07 0 2.78227e+07 2.2764e+07 1.25833e+07 2.29939e+06 0.0109799 -0.00100183 -0.0217252 0.015573 0.0338859
15 84 2 0.967625 1.70105 0.00545727 0.0207492 1.58501e+07 6.61331e+07 2.99098e+07 5.46555e+06 0 5.41089e+07 0 6.61331e+07 5.41089e+07 2.99098e+07 5.46555e+06 0.00327234 0.00201919 -0.00767752 0.00572974 0.0315511
18 85 0 0.588739 0.942052 0.00265786 0.0090476 9.27228e+06 3.86878e+07 1.74972e+07 3.19734e+06 0 3.16536e+07 0 3.86878e+07 3.16536e+07 1.74972e+07 3.19734e+06 0.00842293 -0.0227775 -0.00197432 0.00653165 0.0420188
22 85 1 0.707245 1.21203 0.00518064 0.0124584 1.52765e+06 6.37401e+06 2.88275e+06 526777 0 5.2151e+06 0 6.37401e+06 5.2151e+06 2.88275e+06 526777 0.0307744 0.00598739 0.00345754 0.0261056 0.0361486
27 85 2 0.412445 1.31315 0.00221009 0.0132257 1.4216e+07 5.93152e+07 2.68263e+07 4.90208e+06 0 4.85306e+07 0 5.93152e+07 4.85306e+07 2.68263e+07 4.90208e+06 0.00384317 0.00277058 0.00379289 0.00876958 0.0342469
20 86 0 0.636486 0.324147 0.00361283 0.0023056 2.61384e+07 1.0906e+08 4.93244e+07 9.01325e+06 0 8.92312e+07 0 1.0906e+08 8.92312e+07 4.93244e+07 9.01325e+06 -0.00101703 -0.0113337 0.00801373 0.00200205 0.0666212
30 86 1 0.322519 0.316898 0.00163249 0.00505454 4.70613e+06 1.96359e+07 8.88068e+06 1.6228e+06 0 1.60658e+07 0 1.96359e+07 1.60658e+07 8.88068e+06 1.6228e+06 0.0113349 0.0171919 0.0047324 0.0152586 0.0707628
23 86 2 0.428571 3.58275e-24 7.60621e-27 3.1143e-26 915678 3.82059e+06 1.72793e+06 315751 0 3.12593e+06 0 3.82059e+06 3.12593e+06 1.72793e+06 315751 4.15342e-25 -7.03448e-25 0.00936384 0.0223949 0.0951148
9 87 0 0.859064 0.639472 0.00544018 0.00359579 2.27252e+07 9.48187e+07 4.28834e+07 7.83626e+06 0 7.7579e+07 0 9.48187e+07 7.7579e+07 4.28834e+07 7.83626e+06 0.00213563 0.00331609 0.00126766 0.00441466 0.0493452
20 87 1 0.636486 0.324147 0.00361283 0.0023056 2.61384e+07 1.0906e+08 4.93244e+07 9.01325e+06 0 8.92312e+07 0 1.0906e+08 8.92312e+07 4.93244e+07 9.01325e+06 -0.00101703 -0.0113337 0.00801373 0.00200205 0.0666212
10 87 2 0.956535 0.288399 0.00447998 0.00157914 1.52444e+07 6.36061e+07 2.87669e+07 5.2567e+06 0 5.20414e+07 0 6.36061e+07 5.20414e+07 2.87669e+07 5.2567e+06 0.00459258 -0.000517986 0.00624944 0.0071215 0.0613289
19 88 0 0.491181 0.635423 0.00272506 0.00676071 3.78834e+06 1.58065e+07 7.14876e+06 1.30632e+06 0 1.29326e+07 0 1.58065e+07 1.29326e+07 7.14876e+06 1.30632e+06 0.0130836 -0.0191777 -0.00447529 0.0114288 0.0527653
30 88 1 0.322519 0.316898 0.00163249 0.00505454 4.70613e+06 1.96359e+07 8.88068e+06 1.6228e+06 0 1.60658e+07 0 1.96359e+07 1.60658e+07 8.88068e+06 1.6228e+06 0.0113349 0.0171919 0.0047324 0.0152586 0.0707628
20 88 2 0.636486 0.324147 0.00361283 0.0023056 2.61384e+07 1.0906e+08 4.93244e+07 9.01325e+06 0 8.92312e+07 0 1.0906e+08 8.92312e+07 4.93244e+07 9.01325e+06 -0.00101703 -0.0113337 0.00801373 0.00200205 0.0666212
24 89 0 0.475884 1.70359 0.00223369 0.0171101 9.87889e+06 4.12188e+07 1.86419e+07 3.40651e+06 0 3.37245e+07 0 4.12188e+07 3.37245e+07 1.86419e+07 3.40651e+06 0.00691703 0.00963347 -0.00416711 0.00906819 0.0296195
17 89 1 0.789699 1.89335 0.00313418 0.0215434 1.82929e+07 7.63255e+07 3.45195e+07 6.30789e+06 0 6.24481e+07 0 7.63255e+07 6.24481e+07 3.45195e+07 6.30789e+06 0.00294258 0.00635138 -0.00554486 0.00556979 0.0296742
16 89 2 0.466325 2.09821 0.000924821 0.0206599 1.05968e+07 4.42143e+07 1.99967e+07 3.65407e+06 0 3.61753e+07 0 4.42143e+07 3.61753e+07 1.99967e+07 3.65407e+06 0.00666392 0.0161626 -0.00213732 0.00954723 0.027699
25 90 0 0.219562 1.89113 0.000265642 0.017099 2.04504e+07 8.53274e+07 3.85908e+07 7.05185e+06 0 6.98133e+07 0 8.53274e+07 6.98133e+07 3.85908e+07 7.05185e+06 0.00245502 0.00318848 -0.0055385 0.00615791 0.0279235
16 90 1 0.466325 2.09821 0.000924821 0.0206599 1.05968e+07 4.42143e+07 1.99967e+07 3.65407e+06 0 3.61753e+07 0 4.42143e+07 3.61753e+07 1.99967e+07 3.65407e+06 0.00666392 0.0161626 -0.00213732 0.00954723 0.027699
26 90 2 0.108222 2.19539 -2.49982e-05 0.0193817 1.6803e+07 7.0109e+07 3.1708e+07 5.79413e+06 0 5.73619e+07 0 7.0109e+07 5.73619e+07 3.1708e+07 5.79413e+06 0.00104354 -0.0131434 0.00761978 0.00695551 0.0270588
18 91 0 0.588739 0.942052 0.00265786 0.0090476 9.27228e+06 3.86878e+07 1.74972e+07 3.19734e+06 0 3.16536e+07 0 3.86878e+07 3.16536e+07 1.74972e+07 3.19734e+06 0.00842293 -0.0227775 -0.00197432 0.00653165 0.0420188
28 91 1 0.275951 0.954951 0.00125862 0.0103214 2.2434e+07 9.36038e+07 4.23339e+07 7.73585e+06 0 7.65849e+07 0 9.36038e+07 7.65849e+07 4.23339e+07 7.73585e+06 0.00124943 0.00254181 0.00405149 0.00670017 0.0422306
19 91 2 0.491181 0.635423 0.00272506 0.00676071 3.78834e+06 1.58065e+07 7.14876e+06 1.30632e+06 0 1.29326e+07 0 1.58065e+07 1.29326e+07 7.14876e+06 1.30632e+06 0.0130836 -0.0191777 -0.00447529 0.0114288 0.0527653
9 92 0 0.859064 0.639472 0.00544018 0.00359579 2.27252e+07 9.48187e+07 4.28834e+07 7.83626e+06 0 7.7579e+07 0 9.48187e+07 7.7579e+07 4.28834e+07 7.83626e+06 0.00213563 0.00331609 0.00126766 0.00441466 0.0493452
18 92 1 0.588739 0.942052 0.00265786 0.0090476 9.27228e+06 3.86878e+07 1.74972e+07 3.19734e+06 0 3.16536e+07 0 3.86878e+07 3.16536e+07 1.74972e+07 3.19734e+06 0.00842293 -0.0227775 -0.00197432 0.00653165 0.0420188
19 92 2 0.491181 0.635423 0.00272506 0.00676071 3.78834e+06 1.58065e+07 7.14876e+06 1.30632e+06 0 1.29326e+07 0 1.58065e+07 1.29326e+07 7.14876e+06 1.30632e+06 0.0130836 -0.0191777 -0.00447529 0.0114288 0.0527653
13 93 0 0.878496 0.956338 0.00597351 0.00708518 3.77306e+06 1.57428e+07 7.11993e+06 1.30105e+06 0 1.28804e+07 0 1.57428e+07 1.28804e+07 7.11993e+06 1.30105e+06 0.013572 0.00767406 0.020042 0.0250731 0.0407984
22 93 1 0.707245 1.21203 0.00518064 0.0124584 1.52765e+06 6.37401e+06 2.88275e+06 526777 0 5.2151e+06 0 6.37401e+06 5.2151e+06 2.88275e+06 526777 0.0307744 0.00598739 0.00345754 0.0261056 0.0361486
18 93 2 0.588739 0.942052 0.00265786 0.0090476 9.27228e+06 3.86878e+07 1.74972e+07 3.19734e+06 0 3.16536e+07 0 3.86878e+07 3.16536e+07 1.74972e+07 3.19734e+06 0.00842293 -0.0227775 -0.00197432 0.00653165 0.0420188
40 94 0 -0.225979 1.52209 -0.00132128 0.016564 4.13329e+06 1.72458e+07 7.79971e+06 1.42527e+06 0 1.41102e+07 0 1.72458e+07 1.41102e+07 7.79971e+06 1.42527e+06 0.0192968 -0.0166362 -0.0070258 0.0151035 0.0308072
35 94 1 0.0391901 1.23575 0.000647661 0.0124732 1.53889e+07 6.42088e+07 2.90395e+07 5.30651e+06 0 5.25344e+07 0 6.42088e+07 5.25344e+07 2.90395e+07 5.30651e+06 0.00282823 -0.00108765 0.00168935 0.00585138 0.0354818
32 94 2 0.134667 1.57598 0.000994289 0.0149765 2.17865e+07 9.09023e+07 4.11121e+07 7.51259e+06 0 7.43746e+07 0 9.09023e+07 7.43746e+07 4.11121e+07 7.51259e+06 0.00108597 0.000670151 -0.00323856 0.00584337 0.0303854
28 95 0 0.275951 0.954951 0.00125862 0.0103214 2.2434e+07 9.36038e+07 4.23339e+07 7.73585e+06 0 7.65849e+07 0 9.36038e+07 7.65849e+07 4.23339e+07 7.73585e+06 0.00124943 0.00254181 0.00405149 0.00670017 0.0422306
29 95 1 0.174021 0.621497 0.000553521 0.00731906 2.22421e+07 9.28032e+07 4.19718e+07 7.66969e+06 0 7.59299e+07 0 9.28032e+07 7.59299e+07 4.19718e+07 7.66969e+06 0.00251482 0.00880561 -0.000302781 0.00591732 0.0545479
19 95 2 0.491181 0.635423 0.00272506 0.00676071 3.78834e+06 1.58065e+07 7.14876e+06 1.30632e+06 0 1.29326e+07 0 1.58065e+07 1.29326e+07 7.14876e+06 1.30632e+06 0.0130836 -0.0191777 -0.00447529 0.0114288 0.0527653
35 96 0 0.0391901 1.23575 0.000647661 0.0124732 1.53889e+07 6.42088e+07 2.90395e+07 5.30651e+06 0 5.25344e+07 0 6.42088e+07 5.25344e+07 2.90395e+07 5.30651e+06 0.00282823 -0.00108765 0.00168935 0.00585138 0.0354818
28 96 1 0.275951 0.954951 0.00125862 0.0103214 2.2434e+07 9.36038e+07 4.23339e+07 7.73585e+06 0 7.65849e+07 0 9.36038e+07 7.65849e+07 4.23339e+07 7.73585e+06 0.00124943 0.00254181 0.00405149 0.00670017 0.0422306
27 96 2 0.412445 1.31315 0.00221009 0.0132257 1.4216e+07 5.93152e+07 2.68263e+07 4.90208e+06 0 4.85306e+07 0 5.93152e+07 4.85306e+07 2.68263e+07 4.90208e+06 0.00384317 0.00277058 0.00379289 0.00876958 0.0342469
36 97 0 -0.054966 0.886301 -0.000328582 0.00850106 4.78396e+06 1.99607e+07 9.02755e+06 1.64964e+06 0 1.63314e+07 0 1.99607e+07 1.63314e+07 9.02755e+06 1.64964e+06 0.00828805 0.00333088 0.00298219 0.0135051 0.0441923
29 97 1 0.174021 0.621497 0.000553521 0.00731906 2.22421e+07 9.28032e+07 4.19718e+07 7.66969e+06 0 7.59299e+07 0 9.28032e+07 7.59299e+07 4.19718e+07 7.66969e+06 0.00251482 0.00880561 -0.000302781 0.00591732 0.0545479
28 97 2 0.275951 0.954951 0.00125862 0.0103214 2.2434e+07 9.36038e+07 4.23339e+07 7.73585e+06 0 7.65849e+07 0 9.36038e+07 7.65849e+07 4.23339e+07 7.73585e+06 0.00124943 0.00254181 0.00405149 0.00670017 0.0422306
43 98 0 -0.306659 1.1188 -0.00249952 0.0112185 6.97059e+06 2.90842e+07 1.31538e+07 2.40365e+06 0 2.37962e+07 0 2.90842e+07 2.37962e+07 1.31538e+07 2.40365e+06 0.0122663 0.000315496 0.00863883 0.0129372 0.0374262
36 98 1 -0.054966 0.886301 -0.000328582 0.00850106 4.78396e+06 1.99607e+07 9.02755e+06 1.64964e+06 0 1.63314e+07 0 1.99607e+07 1.63314e+07 9.02755e+06 1.64964e+06 0.00828805 0.00333088 0.00298219 0.0135051 0.0441923
35 98 2 0.0391901 1.23575 0.000647661 0.0124732 1.53889e+07 6.42088e+07 2.90395e+07 5.30651e+06 0 5.25344e+07 0 6.42088e+07 5.25344e+07 2.90395e+07 5.30651e+06 0.00282823 -0.00108765 0.00168935 0.00585138 0.0354818
43 99 0 -0.306659 1.1188 -0.00249952 0.0112185 6.97059e+06 2.90842e+07 1.31538e+07 2.40365e+06 0 2.37962e+07 0 2.90842e+07 2.37962e+07 1.31538e+07 2.40365e+06 0.0122663 0.000315496 0.00863883 0.0129372 0.0374262
52 99 1 -0.553794 0.944023 -0.00532086 0.00955934 1.64098e+07 6.84686e+07 3.09661e+07 5.65856e+06 0 5.60198e+07 0 6.84686e+07 5.60198e+07 3.09661e+07 5.65856e+06 0.00528339 -4.16162e-05 -0.00116905 0.00566219 0.0411823
44 99 2 -0.366147 0.695024 -0.00257381 0.00714977 1.23757e+07 5.16365e+07 2.33535e+07 4.26748e+06 0 4.22481e+07 0 5.16365e+07 4.22481e+07 2.33535e+07 4.26748e+06 0.0077051 -0.00817909 -0.00845991 0.00625516 0.0501045
24 100 0 0.475884 1.70359 0.00223369 0.0171101 9.87889e+06 4.12188e+07 1.86419e+07 3.40651e+06 0 3.37245e+07 0 4.12188e+07 3.37245e+07 1.86419e+07 3.40651e+06 0.00691703 0.00963347 -0.00416711 0.00906819 0.0296195
16 100 1 0.466325 2.09821 0.000924821 0.0206599 1.05968e+07 4.42143e+07 1.99967e+07 3.65407e+06 0 3.61753e+07 0 4.42143e+07 3.61753e+07 1.99967e+07 3.65407e+06 0.00666392 0.0161626 -0.00213732 0.00954723 0.027699
25 100 2 0.219562 1.89113 0.000265642 0.017099 2.04504e+07 8.53274e+07 3.85908e+07 7.05185e+06 0 6.98133e+07 0 8.53274e+07 6.98133e+07 3.85908e+07 7.05185e+06 0.00245502 0.00318848 -0.0055385 0.00615791 0.0279235
33 101 0 -0.0952918 1.88091 -0.00150742 0.0194648 5.4685e+06 2.28169e+07 1.03193e+07 1.88569e+06 0 1.86683e+07 0 2.28169e+07 1.86683e+07 1.03193e+07 1.88569e+06 0.012083 -0.01975 -0.00668676 0.0138028 0.0278086
25 101 1 0.219562 1.89113 0.000265642 0.017099 2.04504e+07 8.53274e+07 3.85908e+07 7.05185e+06 0 6.98133e+07 0 8.53274e+07 6.98133e+07 3.85908e+07 7.05185e+06 0.00245502 0.00318848 -0.0055385 0.00615791 0.0279235
26 101 2 0.108222 2.19539 -2.49982e-05 0.0193817 1.6803e+07 7.0109e+07 3.1708e+07 5.79413e+06 0 5.73619e+07 0 7.0109e+07 5.73619e+07 3.1708e+07 5.79413e+06 0.00104354 -0.0131434 0.00761978 0.00695551 0.0270588
42 102 0 -0.359585 2.16555 -0.00334995 0.0243104 1.78176e+07 7.43424e+07 3.36226e+07 6.144e+06 0 6.08256e+07 0 7.43424e+07 6.08256e+07 3.36226e+07 6.144e+06 0.00365485 0.0029711 0.00720602 0.00391292 0.0271971
33 102 1 -0.0952918 1.88091 -0.00150742 0.0194648 5.4685e+06 2.28169e+07 1.03193e+07 1.88569e+06 0 1.86683e+07 0 2.28169e+07 1.86683e+07 1.03193e+07 1.88569e+06 0.012083 -0.01975 -0.00668676 0.0138028 0.0278086
34 102 2 -0.126069 2.18654 -0.00151643 0.023865 7.58712e+06 3.16566e+07 1.43172e+07 2.61625e+06 0 2.59008e+07 0 3.16566e+07 2.59008e+07 1.43172e+07 2.61625e+06 0.0110615 -0.0257842 0.00895845 0.0104067 0.0270209
41 103 0 -0.407786 1.83126 -0.00452854 0.0216716 9.38137e+06 3.9143e+07 1.77031e+07 3.23496e+06 0 3.20261e+07 0 3.9143e+07 3.20261e+07 1.77031e+07 3.23496e+06 0.0068046 0.00411248 0.00162711 0.0105728 0.0281603
40 103 1 -0.225979 1.52209 -0.00132128 0.016564 4.13329e+06 1.72458e+07 7.79971e+06 1.42527e+06 0 1.41102e+07 0 1.72458e+07 1.41102e+07 7.79971e+06 1.42527e+06 0.0192968 -0.0166362 -0.0070258 0.0151035 0.0308072
33 103 2 -0.0952918 1.88091 -0.00150742 0.0194648 5.4685e+06 2.28169e+07 1.03193e+07 1.88569e+06 0 1.86683e+07 0 2.28169e+07 1.86683e+07 1.03193e+07 1.88569e+06 0.012083 -0.01975 -0.00668676 0.0138028 0.0278086
33 104 0 -0.0952918 1.88091 -0.00150742 0.0194648 5.4685e+06 2.28169e+07 1.03193e+07 1.88569e+06 0 1.86683e+07 0 2.28169e+07 1.86683e+07 1.03193e+07 1.88569e+06 0.012083 -0.01975 -0.00668676 0.0138028 0.0278086
26 104 1 0.108222 2.19539 -2.49982e-05 0.0193817 1.6803e+07 7.0109e+07 3.1708e+07 5.79413e+06 0 5.73619e+07 0 7.0109e+07 5.73619e+07 3.1708e+07 5.79413e+06 0.00104354 -0.0131434 0.00761978 0.00695551 0.0270588
34 104 2 -0.126069 2.18654 -0.00151643 0.023865 7.58712e+06 3.16566e+07 1.43172e+07 2.61625e+06 0 2.59008e+07 0 3.16566e+07 2.59008e+07 1.43172e+07 2.61625e+06 0.0110615 -0.0257842 0.00895845 0.0104067 0.0270209
38 105 0 0.0195739 0.299148 0.000502802 0.00364628 1.31936e+07 5.50491e+07 2.48969e+07 4.54951e+06 0 4.50402e+07 0 5.50491e+07 4.50402e+07 2.48969e+07 4.54951e+06 0.00207117 0.000466598 -0.000691783 0.0117827 0.0728139
45 105 1 -0.296167 0.32002 -0.000794531 0.00403201 1.30359e+07 5.43912e+07 2.45993e+07 4.49514e+06 0 4.45019e+07 0 5.43912e+07 4.45019e+07 2.45993e+07 4.49514e+06 0.00329141 0.000161843 0.0010226 0.00887662 0.0701921
39 105 2 -0.142857 3.48359e-24 -6.92464e-28 4.34208e-26 5.75866e+06 2.40275e+07 1.08669e+07 1.98575e+06 0 1.96589e+07 0 2.40275e+07 1.96589e+07 1.08669e+07 1.98575e+06 0.00299112 -0.00295978 -0.00271607 0.0186107 0.0969855
23 106 0 0.428571 3.58275e-24 7.60621e-27 3.1143e-26 915678 3.82059e+06 1.72793e+06 315751 0 3.12593e+06 0 3.82059e+06 3.12593e+06 1.72793e+06 315751 4.15342e-25 -7.03448e-25 0.00936384 0.0223949 0.0951148
30 106 1 0.322519 0.316898 0.00163249 0.00505454 4.70613e+06 1.96359e+07 8.88068e+06 1.6228e+06 0 1.60658e+07 0 1.96359e+07 1.60658e+07 8.88068e+06 1.6228e+06 0.0113349 0.0171919 0.0047324 0.0152586 0.0707628
31 106 2 0.142857 3.65205e-24 5.50078e-27 6.85246e-26 2.04687e+07 8.54037e+07 3.86253e+07 7.05816e+06 0 6.98758e+07 0 8.54037e+07 6.98758e+07 3.86253e+07 7.05816e+06 -3.9854e-25 4.48882e-25 -0.000855644 0.00689476 0.097255
37 107 0 -0.110008 0.570773 -0.000344104 0.00577901 2.00631e+07 8.37114e+07 3.78599e+07 6.9183e+06 0 6.84911e+07 0 8.37114e+07 6.84911e+07 3.78599e+07 6.9183e+06 0.0047821 0.000429534 -0.00516382 0.00309289 0.0567776
44 107 1 -0.366147 0.695024 -0.00257381 0.00714977 1.23757e+07 5.16365e+07 2.33535e+07 4.26748e+06 0 4.22481e+07 0 5.16365e+07 4.22481e+07 2.33535e+07 4.26748e+06 0.0077051 -0.00817909 -0.00845991 0.00625516 0.0501045
45 107 2 -0.296167 0.32002 -0.000794531 0.00403201 1.30359e+07 5.43912e+07 2.45993e+07 4.49514e+06 0 4.45019e+07 0 5.43912e+07 4.45019e+07 2.45993e+07 4.49514e+06 0.00329141 0.000161843 0.0010226 0.00887662 0.0701921
29 108 0 0.174021 0.621497 0.000553521 0.00731906 2.22421e+07 9.28032e+07 4.19718e+07 7.66969e+06 0 7.59299e+07 0 9.28032e+07 7.59299e+07 4.19718e+07 7.66969e+06 0.00251482 0.00880561 -0.000302781 0.00591732 0.0545479
37 108 1 -0.110008 0.570773 -0.000344104 0.00577901 2.00631e+07 8.37114e+07 3.78599e+07 6.9183e+06 0 6.84911e+07 0 8.37114e+07 6.84911e+07 3.78599e+07 6.9183e+06 0.0047821 0.000429534 -0.00516382 0.00309289 0.0567776
38 108 2 0.0195739 0.299148 0.000502802 0.00364628 1.31936e+07 5.50491e+07 2.48969e+07 4.54951e+06 0 4.50402e+07 0 5.50491e+07 4.50402e+07 2.48969e+07 4.54951e+06 0.00207117 0.000466598 -0.000691783 0.0117827 0.0728139
29 109 0 0.174021 0.621497 0.000553521 0.00731906 2.22421e+07 9.28032e+07 4.19718e+07 7.66969e+06 0 7.59299e+07 0 9.28032e+07 7.59299e+07 4.19718e+07 7.66969e+06 0.00251482 0.00880561 -0.000302781 0.00591732 0.0545479
36 109 1 -0.054966 0.886301 -0.000328582 0.00850106 4.78396e+06 1.99607e+07 9.02755e+06 1.64964e+06 0 1.63314e+07 0 1.99607e+07 1.63314e+07 9.02755e+06 1.64964e+06 0.00828805 0.00333088 0.00298219 0.0135051 0.0441923
37 109 2 -0.110008 0.570773 -0.000344104 0.00577901 2.00631e+07 8.37114e+07 3.78599e+07 6.9183e+06 0 6.84911e+07 0 8.37114e+07 6.84911e+07 3.78599e+07 6.9183e+06 0.0047821 0.000429534 -0.00516382 0.00309289 0.0567776
