Index_Vertex nbTriangle nbInTr x y ux uy Elast AR BR IR GR ER FR A1 A2 B12 C3 Defxx Defxy Defyx Defyy Density 
10 0 0 -0.76929 1.57615 -0.00148758 0.0217747 1.27383e+07 5.31493e+07 2.40377e+07 4.3925e+06 0 4.34858e+07 0 5.31493e+07 4.34858e+07 2.40377e+07 4.3925e+06 0.00582749 -0.00321274 0.00753766 0.00813245 0.0440105
13 0 1 -0.651576 1.30209 -0.00123538 0.0185061 8.18059e+06 3.41328e+07 1.54371e+07 2.82089e+06 0 2.79268e+07 0 3.41328e+07 2.79268e+07 1.54371e+07 2.82089e+06 0.00904317 -0.0203615 -0.00620152 0.0101048 0.0455799
16 0 2 -0.54979 1.68951 0.000362387 0.019969 1.8963e+07 7.91216e+07 3.57841e+07 6.53897e+06 0 6.47358e+07 0 7.91216e+07 6.47358e+07 3.57841e+07 6.53897e+06 0.00199317 -0.00766225 0.00571796 0.00536234 0.042626
5 1 0 -1.10152 0.528681 -0.0107175 0.010214 2.54495e+07 1.06186e+08 4.80243e+07 8.77569e+06 0 8.68793e+07 0 1.06186e+08 8.68793e+07 4.80243e+07 8.77569e+06 0.000289406 -0.00494366 0.0015362 0.00575679 0.0616625
4 1 1 -1.25381 0.226111 -0.0137365 0.00876716 5.90153e+06 2.46236e+07 1.11364e+07 2.03501e+06 0 2.01466e+07 0 2.46236e+07 2.01466e+07 1.11364e+07 2.03501e+06 0.00595078 -0.00845489 0.0112306 0.0127068 0.0682111
11 1 2 -0.909346 0.282157 -0.010095 0.00660152 2.13349e+06 8.90181e+06 4.026e+06 735687 0 7.2833e+06 0 8.90181e+06 7.2833e+06 4.026e+06 735687 0.0102571 -0.00361558 0.0148741 0.0372763 0.0746371
19 2 0 -0.591625 0.318334 -0.00394283 0.00484586 7.29866e+06 3.0453e+07 1.37729e+07 2.51678e+06 0 2.49161e+07 0 3.0453e+07 2.49161e+07 1.37729e+07 2.51678e+06 0.00903234 -0.0112387 -0.00225304 0.0129837 0.0776087
11 2 1 -0.909346 0.282157 -0.010095 0.00660152 2.13349e+06 8.90181e+06 4.026e+06 735687 0 7.2833e+06 0 8.90181e+06 7.2833e+06 4.026e+06 735687 0.0102571 -0.00361558 0.0148741 0.0372763 0.0746371
15 2 2 -0.714286 2.59183e-24 -2.34783e-27 3.11148e-26 2.22286e+06 9.27467e+06 4.19463e+06 766502 0 7.58837e+06 0 9.27467e+06 7.58837e+06 4.19463e+06 766502 -1.57634e-17 4.36343e-18 -0.0529459 0.0290803 0.100191
23 3 0 -0.428571 2.843e-24 -4.14079e-27 6.32031e-26 1.25983e+07 5.25653e+07 2.37736e+07 4.34424e+06 0 4.3008e+07 0 5.25653e+07 4.3008e+07 2.37736e+07 4.34424e+06 -7.95378e-26 9.18353e-25 -0.0170921 0.0155551 0.104648
19 3 1 -0.591625 0.318334 -0.00394283 0.00484586 7.29866e+06 3.0453e+07 1.37729e+07 2.51678e+06 0 2.49161e+07 0 3.0453e+07 2.49161e+07 1.37729e+07 2.51678e+06 0.00903234 -0.0112387 -0.00225304 0.0129837 0.0776087
15 3 2 -0.714286 2.59183e-24 -2.34783e-27 3.11148e-26 2.22286e+06 9.27467e+06 4.19463e+06 766502 0 7.58837e+06 0 9.27467e+06 7.58837e+06 4.19463e+06 766502 -1.57634e-17 4.36343e-18 -0.0529459 0.0290803 0.100191
27 4 0 -0.280126 0.369128 -0.00298848 0.00411459 2.5609e+07 1.06851e+08 4.83253e+07 8.83067e+06 0 8.74237e+07 0 1.06851e+08 8.74237e+07 4.83253e+07 8.83067e+06 0.00115951 0.00113642 0.000533664 0.00373188 0.0766967
20 4 1 -0.486041 0.664765 -0.00315589 0.00909774 6.61293e+06 2.75919e+07 1.24789e+07 2.28032e+06 0 2.25752e+07 0 2.75919e+07 2.25752e+07 1.24789e+07 2.28032e+06 0.00148466 -0.0183721 0.0105713 0.0238411 0.0609642
19 4 2 -0.591625 0.318334 -0.00394283 0.00484586 7.29866e+06 3.0453e+07 1.37729e+07 2.51678e+06 0 2.49161e+07 0 3.0453e+07 2.49161e+07 1.37729e+07 2.51678e+06 0.00903234 -0.0112387 -0.00225304 0.0129837 0.0776087
12 5 0 -0.790069 0.59106 -0.00807245 0.01017 3.69889e+06 1.54333e+07 6.97997e+06 1.27548e+06 0 1.26272e+07 0 1.54333e+07 1.26272e+07 6.97997e+06 1.27548e+06 0.0247907 -0.00774202 -0.00342022 0.0122495 0.0622593
11 5 1 -0.909346 0.282157 -0.010095 0.00660152 2.13349e+06 8.90181e+06 4.026e+06 735687 0 7.2833e+06 0 8.90181e+06 7.2833e+06 4.026e+06 735687 0.0102571 -0.00361558 0.0148741 0.0372763 0.0746371
19 5 2 -0.591625 0.318334 -0.00394283 0.00484586 7.29866e+06 3.0453e+07 1.37729e+07 2.51678e+06 0 2.49161e+07 0 3.0453e+07 2.49161e+07 1.37729e+07 2.51678e+06 0.00903234 -0.0112387 -0.00225304 0.0129837 0.0776087
8 6 0 -1.00477 0.831447 -0.00876465 0.012784 9.4745e+06 3.95315e+07 1.78788e+07 3.26707e+06 0 3.2344e+07 0 3.95315e+07 3.2344e+07 1.78788e+07 3.26707e+06 0.00700411 -0.00221219 0.00696044 0.0117074 0.0541606
12 6 1 -0.790069 0.59106 -0.00807245 0.01017 3.69889e+06 1.54333e+07 6.97997e+06 1.27548e+06 0 1.26272e+07 0 1.54333e+07 1.26272e+07 6.97997e+06 1.27548e+06 0.0247907 -0.00774202 -0.00342022 0.0122495 0.0622593
14 6 2 -0.694113 0.922066 -0.00297301 0.0148498 3.05634e+06 1.27523e+07 5.76745e+06 1.05391e+06 0 1.04337e+07 0 1.27523e+07 1.04337e+07 5.76745e+06 1.05391e+06 0.0264838 0.00149239 0.0117485 0.0124006 0.0523652
6 7 0 -0.899495 1.12045 -0.00488375 0.0178232 4.07079e+06 1.6985e+07 7.68176e+06 1.40372e+06 0 1.38968e+07 0 1.6985e+07 1.38968e+07 7.68176e+06 1.40372e+06 0.0102649 0.00226738 0.0125797 0.0131067 0.0486133
8 7 1 -1.00477 0.831447 -0.00876465 0.012784 9.4745e+06 3.95315e+07 1.78788e+07 3.26707e+06 0 3.2344e+07 0 3.95315e+07 3.2344e+07 1.78788e+07 3.26707e+06 0.00700411 -0.00221219 0.00696044 0.0117074 0.0541606
14 7 2 -0.694113 0.922066 -0.00297301 0.0148498 3.05634e+06 1.27523e+07 5.76745e+06 1.05391e+06 0 1.04337e+07 0 1.27523e+07 1.04337e+07 5.76745e+06 1.05391e+06 0.0264838 0.00149239 0.0117485 0.0124006 0.0523652
2 8 0 -1.31647 0.777623 -0.0108116 0.0130451 1.18489e+07 4.94384e+07 2.23593e+07 4.08582e+06 0 4.04496e+07 0 4.94384e+07 4.04496e+07 2.23593e+07 4.08582e+06 0.00565853 -0.00542962 0.00352313 0.00955653 0.0557715
0 8 1 -1.38683 0.470813 -0.0118276 0.0115815 2.6354e+07 1.0996e+08 4.97312e+07 9.08759e+06 0 8.99671e+07 0 1.0996e+08 8.99671e+07 4.97312e+07 9.08759e+06 0.00241262 -0.00494144 0.00891736 0.00301352 0.061284
5 8 2 -1.10152 0.528681 -0.0107175 0.010214 2.54495e+07 1.06186e+08 4.80243e+07 8.77569e+06 0 8.68793e+07 0 1.06186e+08 8.68793e+07 4.80243e+07 8.77569e+06 0.000289406 -0.00494366 0.0015362 0.00575679 0.0616625
11 9 0 -0.909346 0.282157 -0.010095 0.00660152 2.13349e+06 8.90181e+06 4.026e+06 735687 0 7.2833e+06 0 8.90181e+06 7.2833e+06 4.026e+06 735687 0.0102571 -0.00361558 0.0148741 0.0372763 0.0746371
9 9 1 -1 1.43523e-24 6.24892e-28 5.39111e-26 8.87514e+06 3.70308e+07 1.67478e+07 3.06039e+06 0 3.02979e+07 0 3.70308e+07 3.02979e+07 1.67478e+07 3.06039e+06 0.0070978 -0.0169688 -0.0920059 0.0161306 0.0885446
15 9 2 -0.714286 2.59183e-24 -2.34783e-27 3.11148e-26 2.22286e+06 9.27467e+06 4.19463e+06 766502 0 7.58837e+06 0 9.27467e+06 7.58837e+06 4.19463e+06 766502 -1.57634e-17 4.36343e-18 -0.0529459 0.0290803 0.100191
5 10 0 -1.10152 0.528681 -0.0107175 0.010214 2.54495e+07 1.06186e+08 4.80243e+07 8.77569e+06 0 8.68793e+07 0 1.06186e+08 8.68793e+07 4.80243e+07 8.77569e+06 0.000289406 -0.00494366 0.0015362 0.00575679 0.0616625
11 10 1 -0.909346 0.282157 -0.010095 0.00660152 2.13349e+06 8.90181e+06 4.026e+06 735687 0 7.2833e+06 0 8.90181e+06 7.2833e+06 4.026e+06 735687 0.0102571 -0.00361558 0.0148741 0.0372763 0.0746371
12 10 2 -0.790069 0.59106 -0.00807245 0.01017 3.69889e+06 1.54333e+07 6.97997e+06 1.27548e+06 0 1.26272e+07 0 1.54333e+07 1.26272e+07 6.97997e+06 1.27548e+06 0.0247907 -0.00774202 -0.00342022 0.0122495 0.0622593
4 11 0 -1.25381 0.226111 -0.0137365 0.00876716 5.90153e+06 2.46236e+07 1.11364e+07 2.03501e+06 0 2.01466e+07 0 2.46236e+07 2.01466e+07 1.11364e+07 2.03501e+06 0.00595078 -0.00845489 0.0112306 0.0127068 0.0682111
9 11 1 -1 1.43523e-24 6.24892e-28 5.39111e-26 8.87514e+06 3.70308e+07 1.67478e+07 3.06039e+06 0 3.02979e+07 0 3.70308e+07 3.02979e+07 1.67478e+07 3.06039e+06 0.0070978 -0.0169688 -0.0920059 0.0161306 0.0885446
11 11 2 -0.909346 0.282157 -0.010095 0.00660152 2.13349e+06 8.90181e+06 4.026e+06 735687 0 7.2833e+06 0 8.90181e+06 7.2833e+06 4.026e+06 735687 0.0102571 -0.00361558 0.0148741 0.0372763 0.0746371
27 12 0 -0.280126 0.369128 -0.00298848 0.00411459 2.5609e+07 1.06851e+08 4.83253e+07 8.83067e+06 0 8.74237e+07 0 1.06851e+08 8.74237e+07 4.83253e+07 8.83067e+06 0.00115951 0.00113642 0.000533664 0.00373188 0.0766967
19 12 1 -0.591625 0.318334 -0.00394283 0.00484586 7.29866e+06 3.0453e+07 1.37729e+07 2.51678e+06 0 2.49161e+07 0 3.0453e+07 2.49161e+07 1.37729e+07 2.51678e+06 0.00903234 -0.0112387 -0.00225304 0.0129837 0.0776087
23 12 2 -0.428571 2.843e-24 -4.14079e-27 6.32031e-26 1.25983e+07 5.25653e+07 2.37736e+07 4.34424e+06 0 4.3008e+07 0 5.25653e+07 4.3008e+07 2.37736e+07 4.34424e+06 -7.95378e-26 9.18353e-25 -0.0170921 0.0155551 0.104648
21 13 0 -0.418259 1.04361 6.96647e-05 0.0133003 2.44642e+07 1.02075e+08 4.61651e+07 8.43594e+06 0 8.35158e+07 0 1.02075e+08 8.35158e+07 4.61651e+07 8.43594e+06 0.000523102 -0.00668255 0.00473871 0.0057633 0.0496694
14 13 1 -0.694113 0.922066 -0.00297301 0.0148498 3.05634e+06 1.27523e+07 5.76745e+06 1.05391e+06 0 1.04337e+07 0 1.27523e+07 1.04337e+07 5.76745e+06 1.05391e+06 0.0264838 0.00149239 0.0117485 0.0124006 0.0523652
20 13 2 -0.486041 0.664765 -0.00315589 0.00909774 6.61293e+06 2.75919e+07 1.24789e+07 2.28032e+06 0 2.25752e+07 0 2.75919e+07 2.25752e+07 1.24789e+07 2.28032e+06 0.00148466 -0.0183721 0.0105713 0.0238411 0.0609642
22 14 0 -0.360816 1.40547 0.000507826 0.0161466 9.08407e+06 3.79025e+07 1.71421e+07 3.13244e+06 0 3.10111e+07 0 3.79025e+07 3.10111e+07 1.71421e+07 3.13244e+06 0.00774698 -0.00641644 -0.000261823 0.0121858 0.043819
21 14 1 -0.418259 1.04361 6.96647e-05 0.0133003 2.44642e+07 1.02075e+08 4.61651e+07 8.43594e+06 0 8.35158e+07 0 1.02075e+08 8.35158e+07 4.61651e+07 8.43594e+06 0.000523102 -0.00668255 0.00473871 0.0057633 0.0496694
29 14 2 -0.11175 1.14126 0.00167269 0.0144545 1.89235e+07 7.89565e+07 3.57094e+07 6.52533e+06 0 6.46008e+07 0 7.89565e+07 6.46008e+07 3.57094e+07 6.52533e+06 0.00465321 0.00247854 0.00297444 0.00533937 0.0476668
13 15 0 -0.651576 1.30209 -0.00123538 0.0185061 8.18059e+06 3.41328e+07 1.54371e+07 2.82089e+06 0 2.79268e+07 0 3.41328e+07 2.79268e+07 1.54371e+07 2.82089e+06 0.00904317 -0.0203615 -0.00620152 0.0101048 0.0455799
14 15 1 -0.694113 0.922066 -0.00297301 0.0148498 3.05634e+06 1.27523e+07 5.76745e+06 1.05391e+06 0 1.04337e+07 0 1.27523e+07 1.04337e+07 5.76745e+06 1.05391e+06 0.0264838 0.00149239 0.0117485 0.0124006 0.0523652
21 15 2 -0.418259 1.04361 6.96647e-05 0.0133003 2.44642e+07 1.02075e+08 4.61651e+07 8.43594e+06 0 8.35158e+07 0 1.02075e+08 8.35158e+07 4.61651e+07 8.43594e+06 0.000523102 -0.00668255 0.00473871 0.0057633 0.0496694
24 16 0 -0.0845999 1.48783 0.00243604 0.0171533 9.19949e+06 3.83841e+07 1.73598e+07 3.17224e+06 0 3.14051e+07 0 3.83841e+07 3.14051e+07 1.73598e+07 3.17224e+06 0.00672953 0.00164112 0.00163637 0.0121613 0.0428564
22 16 1 -0.360816 1.40547 0.000507826 0.0161466 9.08407e+06 3.79025e+07 1.71421e+07 3.13244e+06 0 3.10111e+07 0 3.79025e+07 3.10111e+07 1.71421e+07 3.13244e+06 0.00774698 -0.00641644 -0.000261823 0.0121858 0.043819
29 16 2 -0.11175 1.14126 0.00167269 0.0144545 1.89235e+07 7.89565e+07 3.57094e+07 6.52533e+06 0 6.46008e+07 0 7.89565e+07 6.46008e+07 3.57094e+07 6.52533e+06 0.00465321 0.00247854 0.00297444 0.00533937 0.0476668
10 17 0 -0.76929 1.57615 -0.00148758 0.0217747 1.27383e+07 5.31493e+07 2.40377e+07 4.3925e+06 0 4.34858e+07 0 5.31493e+07 4.34858e+07 2.40377e+07 4.3925e+06 0.00582749 -0.00321274 0.00753766 0.00813245 0.0440105
7 17 1 -0.973998 1.43786 -0.00314354 0.0200344 2.24026e+07 9.3473e+07 4.22747e+07 7.72504e+06 0 7.64779e+07 0 9.3473e+07 7.64779e+07 4.22747e+07 7.72504e+06 0.00314123 0.0082548 0.00153215 0.00329586 0.0456499
13 17 2 -0.651576 1.30209 -0.00123538 0.0185061 8.18059e+06 3.41328e+07 1.54371e+07 2.82089e+06 0 2.79268e+07 0 3.41328e+07 2.79268e+07 1.54371e+07 2.82089e+06 0.00904317 -0.0203615 -0.00620152 0.0101048 0.0455799
5 18 0 -1.10152 0.528681 -0.0107175 0.010214 2.54495e+07 1.06186e+08 4.80243e+07 8.77569e+06 0 8.68793e+07 0 1.06186e+08 8.68793e+07 4.80243e+07 8.77569e+06 0.000289406 -0.00494366 0.0015362 0.00575679 0.0616625
0 18 1 -1.38683 0.470813 -0.0118276 0.0115815 2.6354e+07 1.0996e+08 4.97312e+07 9.08759e+06 0 8.99671e+07 0 1.0996e+08 8.99671e+07 4.97312e+07 9.08759e+06 0.00241262 -0.00494144 0.00891736 0.00301352 0.061284
4 18 2 -1.25381 0.226111 -0.0137365 0.00876716 5.90153e+06 2.46236e+07 1.11364e+07 2.03501e+06 0 2.01466e+07 0 2.46236e+07 2.01466e+07 1.11364e+07 2.03501e+06 0.00595078 -0.00845489 0.0112306 0.0127068 0.0682111
8 19 0 -1.00477 0.831447 -0.00876465 0.012784 9.4745e+06 3.95315e+07 1.78788e+07 3.26707e+06 0 3.2344e+07 0 3.95315e+07 3.2344e+07 1.78788e+07 3.26707e+06 0.00700411 -0.00221219 0.00696044 0.0117074 0.0541606
5 19 1 -1.10152 0.528681 -0.0107175 0.010214 2.54495e+07 1.06186e+08 4.80243e+07 8.77569e+06 0 8.68793e+07 0 1.06186e+08 8.68793e+07 4.80243e+07 8.77569e+06 0.000289406 -0.00494366 0.0015362 0.00575679 0.0616625
12 19 2 -0.790069 0.59106 -0.00807245 0.01017 3.69889e+06 1.54333e+07 6.97997e+06 1.27548e+06 0 1.26272e+07 0 1.54333e+07 1.26272e+07 6.97997e+06 1.27548e+06 0.0247907 -0.00774202 -0.00342022 0.0122495 0.0622593
8 20 0 -1.00477 0.831447 -0.00876465 0.012784 9.4745e+06 3.95315e+07 1.78788e+07 3.26707e+06 0 3.2344e+07 0 3.95315e+07 3.2344e+07 1.78788e+07 3.26707e+06 0.00700411 -0.00221219 0.00696044 0.0117074 0.0541606
2 20 1 -1.31647 0.777623 -0.0108116 0.0130451 1.18489e+07 4.94384e+07 2.23593e+07 4.08582e+06 0 4.04496e+07 0 4.94384e+07 4.04496e+07 2.23593e+07 4.08582e+06 0.00565853 -0.00542962 0.00352313 0.00955653 0.0557715
5 20 2 -1.10152 0.528681 -0.0107175 0.010214 2.54495e+07 1.06186e+08 4.80243e+07 8.77569e+06 0 8.68793e+07 0 1.06186e+08 8.68793e+07 4.80243e+07 8.77569e+06 0.000289406 -0.00494366 0.0015362 0.00575679 0.0616625
27 21 0 -0.280126 0.369128 -0.00298848 0.00411459 2.5609e+07 1.06851e+08 4.83253e+07 8.83067e+06 0 8.74237e+07 0 1.06851e+08 8.74237e+07 4.83253e+07 8.83067e+06 0.00115951 0.00113642 0.000533664 0.00373188 0.0766967
23 21 1 -0.428571 2.843e-24 -4.14079e-27 6.32031e-26 1.25983e+07 5.25653e+07 2.37736e+07 4.34424e+06 0 4.3008e+07 0 5.25653e+07 4.3008e+07 2.37736e+07 4.34424e+06 -7.95378e-26 9.18353e-25 -0.0170921 0.0155551 0.104648
30 21 2 -0.142857 2.75539e-24 -3.61426e-27 5.48042e-26 7.06651e+06 2.94844e+07 1.33348e+07 2.43673e+06 0 2.41236e+07 0 2.94844e+07 2.41236e+07 1.33348e+07 2.43673e+06 0.000317762 0.00124071 -0.0161764 0.0194457 0.106417
37 22 0 0.142857 2.69433e-24 -3.81994e-27 3.58829e-26 3.43158e+06 1.4318e+07 6.47556e+06 1.18331e+06 0 1.17147e+07 0 1.4318e+07 1.17147e+07 6.47556e+06 1.18331e+06 2.26715e-25 4.72346e-25 0.00359329 0.0229506 0.106552
35 22 1 0.0309641 0.287698 -0.00171394 0.00565389 6.19593e+06 2.5852e+07 1.1692e+07 2.13653e+06 0 2.11516e+07 0 2.5852e+07 2.11516e+07 1.1692e+07 2.13653e+06 0.00711431 0.0127259 -0.000228753 0.0114203 0.0830635
30 22 2 -0.142857 2.75539e-24 -3.61426e-27 5.48042e-26 7.06651e+06 2.94844e+07 1.33348e+07 2.43673e+06 0 2.41236e+07 0 2.94844e+07 2.41236e+07 1.33348e+07 2.43673e+06 0.000317762 0.00124071 -0.0161764 0.0194457 0.106417
20 23 0 -0.486041 0.664765 -0.00315589 0.00909774 6.61293e+06 2.75919e+07 1.24789e+07 2.28032e+06 0 2.25752e+07 0 2.75919e+07 2.25752e+07 1.24789e+07 2.28032e+06 0.00148466 -0.0183721 0.0105713 0.0238411 0.0609642
14 23 1 -0.694113 0.922066 -0.00297301 0.0148498 3.05634e+06 1.27523e+07 5.76745e+06 1.05391e+06 0 1.04337e+07 0 1.27523e+07 1.04337e+07 5.76745e+06 1.05391e+06 0.0264838 0.00149239 0.0117485 0.0124006 0.0523652
12 23 2 -0.790069 0.59106 -0.00807245 0.01017 3.69889e+06 1.54333e+07 6.97997e+06 1.27548e+06 0 1.26272e+07 0 1.54333e+07 1.26272e+07 6.97997e+06 1.27548e+06 0.0247907 -0.00774202 -0.00342022 0.0122495 0.0622593
8 24 0 -1.00477 0.831447 -0.00876465 0.012784 9.4745e+06 3.95315e+07 1.78788e+07 3.26707e+06 0 3.2344e+07 0 3.95315e+07 3.2344e+07 1.78788e+07 3.26707e+06 0.00700411 -0.00221219 0.00696044 0.0117074 0.0541606
3 24 1 -1.22158 1.07776 -0.00826968 0.0163952 8.62576e+06 3.59903e+07 1.62772e+07 2.9744e+06 0 2.94466e+07 0 3.59903e+07 2.94466e+07 1.62772e+07 2.9744e+06 0.00683283 -0.000544533 0.00923871 0.0151884 0.0506113
2 24 2 -1.31647 0.777623 -0.0108116 0.0130451 1.18489e+07 4.94384e+07 2.23593e+07 4.08582e+06 0 4.04496e+07 0 4.94384e+07 4.04496e+07 2.23593e+07 4.08582e+06 0.00565853 -0.00542962 0.00352313 0.00955653 0.0557715
6 25 0 -0.899495 1.12045 -0.00488375 0.0178232 4.07079e+06 1.6985e+07 7.68176e+06 1.40372e+06 0 1.38968e+07 0 1.6985e+07 1.38968e+07 7.68176e+06 1.40372e+06 0.0102649 0.00226738 0.0125797 0.0131067 0.0486133
1 25 1 -1.09605 1.25661 -0.00458073 0.0183169 2.04293e+07 8.52396e+07 3.8551e+07 7.04459e+06 0 6.97415e+07 0 8.52396e+07 6.97415e+07 3.8551e+07 7.04459e+06 0.00260885 0.00598936 0.0104548 0.00606381 0.0478389
3 25 2 -1.22158 1.07776 -0.00826968 0.0163952 8.62576e+06 3.59903e+07 1.62772e+07 2.9744e+06 0 2.94466e+07 0 3.59903e+07 2.94466e+07 1.62772e+07 2.9744e+06 0.00683283 -0.000544533 0.00923871 0.0151884 0.0506113
13 26 0 -0.651576 1.30209 -0.00123538 0.0185061 8.18059e+06 3.41328e+07 1.54371e+07 2.82089e+06 0 2.79268e+07 0 3.41328e+07 2.79268e+07 1.54371e+07 2.82089e+06 0.00904317 -0.0203615 -0.00620152 0.0101048 0.0455799
6 26 1 -0.899495 1.12045 -0.00488375 0.0178232 4.07079e+06 1.6985e+07 7.68176e+06 1.40372e+06 0 1.38968e+07 0 1.6985e+07 1.38968e+07 7.68176e+06 1.40372e+06 0.0102649 0.00226738 0.0125797 0.0131067 0.0486133
14 26 2 -0.694113 0.922066 -0.00297301 0.0148498 3.05634e+06 1.27523e+07 5.76745e+06 1.05391e+06 0 1.04337e+07 0 1.27523e+07 1.04337e+07 5.76745e+06 1.05391e+06 0.0264838 0.00149239 0.0117485 0.0124006 0.0523652
13 27 0 -0.651576 1.30209 -0.00123538 0.0185061 8.18059e+06 3.41328e+07 1.54371e+07 2.82089e+06 0 2.79268e+07 0 3.41328e+07 2.79268e+07 1.54371e+07 2.82089e+06 0.00904317 -0.0203615 -0.00620152 0.0101048 0.0455799
7 27 1 -0.973998 1.43786 -0.00314354 0.0200344 2.24026e+07 9.3473e+07 4.22747e+07 7.72504e+06 0 7.64779e+07 0 9.3473e+07 7.64779e+07 4.22747e+07 7.72504e+06 0.00314123 0.0082548 0.00153215 0.00329586 0.0456499
6 27 2 -0.899495 1.12045 -0.00488375 0.0178232 4.07079e+06 1.6985e+07 7.68176e+06 1.40372e+06 0 1.38968e+07 0 1.6985e+07 1.38968e+07 7.68176e+06 1.40372e+06 0.0102649 0.00226738 0.0125797 0.0131067 0.0486133
8 28 0 -1.00477 0.831447 -0.00876465 0.012784 9.4745e+06 3.95315e+07 1.78788e+07 3.26707e+06 0 3.2344e+07 0 3.95315e+07 3.2344e+07 1.78788e+07 3.26707e+06 0.00700411 -0.00221219 0.00696044 0.0117074 0.0541606
6 28 1 -0.899495 1.12045 -0.00488375 0.0178232 4.07079e+06 1.6985e+07 7.68176e+06 1.40372e+06 0 1.38968e+07 0 1.6985e+07 1.38968e+07 7.68176e+06 1.40372e+06 0.0102649 0.00226738 0.0125797 0.0131067 0.0486133
3 28 2 -1.22158 1.07776 -0.00826968 0.0163952 8.62576e+06 3.59903e+07 1.62772e+07 2.9744e+06 0 2.94466e+07 0 3.59903e+07 2.94466e+07 1.62772e+07 2.9744e+06 0.00683283 -0.000544533 0.00923871 0.0151884 0.0506113
34 29 0 -0.054013 0.584016 -0.000995185 0.00825327 7.65392e+06 3.19353e+07 1.44433e+07 2.63928e+06 0 2.61289e+07 0 3.19353e+07 2.61289e+07 1.44433e+07 2.63928e+06 0.00736702 0.0217826 0.0118706 0.01404 0.06571
41 29 1 0.19121 0.562991 0.00160761 0.0112249 4.45168e+06 1.85743e+07 8.40053e+06 1.53506e+06 0 1.51971e+07 0 1.85743e+07 1.51971e+07 8.40053e+06 1.53506e+06 0.0158268 0.00505729 0.0110588 0.0163338 0.0667959
36 29 2 0.134071 0.884927 0.00266234 0.0135155 1.42071e+07 5.92778e+07 2.68094e+07 4.89899e+06 0 4.85e+07 0 5.92778e+07 4.85e+07 2.68094e+07 4.89899e+06 0.00590357 0.00138385 -0.000572199 0.00569131 0.0542151
27 30 0 -0.280126 0.369128 -0.00298848 0.00411459 2.5609e+07 1.06851e+08 4.83253e+07 8.83067e+06 0 8.74237e+07 0 1.06851e+08 8.74237e+07 4.83253e+07 8.83067e+06 0.00115951 0.00113642 0.000533664 0.00373188 0.0766967
34 30 1 -0.054013 0.584016 -0.000995185 0.00825327 7.65392e+06 3.19353e+07 1.44433e+07 2.63928e+06 0 2.61289e+07 0 3.19353e+07 2.61289e+07 1.44433e+07 2.63928e+06 0.00736702 0.0217826 0.0118706 0.01404 0.06571
28 30 2 -0.208157 0.790961 -0.00028404 0.0101145 1.52029e+06 6.34326e+06 2.86885e+06 524236 0 5.18994e+06 0 6.34326e+06 5.18994e+06 2.86885e+06 524236 0.0112287 0.00356792 0.00694799 0.0248714 0.0569976
27 31 0 -0.280126 0.369128 -0.00298848 0.00411459 2.5609e+07 1.06851e+08 4.83253e+07 8.83067e+06 0 8.74237e+07 0 1.06851e+08 8.74237e+07 4.83253e+07 8.83067e+06 0.00115951 0.00113642 0.000533664 0.00373188 0.0766967
35 31 1 0.0309641 0.287698 -0.00171394 0.00565389 6.19593e+06 2.5852e+07 1.1692e+07 2.13653e+06 0 2.11516e+07 0 2.5852e+07 2.11516e+07 1.1692e+07 2.13653e+06 0.00711431 0.0127259 -0.000228753 0.0114203 0.0830635
34 31 2 -0.054013 0.584016 -0.000995185 0.00825327 7.65392e+06 3.19353e+07 1.44433e+07 2.63928e+06 0 2.61289e+07 0 3.19353e+07 2.61289e+07 1.44433e+07 2.63928e+06 0.00736702 0.0217826 0.0118706 0.01404 0.06571
1 32 0 -1.09605 1.25661 -0.00458073 0.0183169 2.04293e+07 8.52396e+07 3.8551e+07 7.04459e+06 0 6.97415e+07 0 8.52396e+07 6.97415e+07 3.8551e+07 7.04459e+06 0.00260885 0.00598936 0.0104548 0.00606381 0.0478389
6 32 1 -0.899495 1.12045 -0.00488375 0.0178232 4.07079e+06 1.6985e+07 7.68176e+06 1.40372e+06 0 1.38968e+07 0 1.6985e+07 1.38968e+07 7.68176e+06 1.40372e+06 0.0102649 0.00226738 0.0125797 0.0131067 0.0486133
7 32 2 -0.973998 1.43786 -0.00314354 0.0200344 2.24026e+07 9.3473e+07 4.22747e+07 7.72504e+06 0 7.64779e+07 0 9.3473e+07 7.64779e+07 4.22747e+07 7.72504e+06 0.00314123 0.0082548 0.00153215 0.00329586 0.0456499
54 33 0 1.06809 0.402583 0.00784019 0.00323872 1.62025e+07 6.76034e+07 3.05748e+07 5.58705e+06 0 5.53118e+07 0 6.76034e+07 5.53118e+07 3.05748e+07 5.58705e+06 0.00261763 -0.00107377 0.00111368 0.00704706 0.067006
57 33 1 1.34336 0.22 0.00848628 0.000479236 8.86674e+06 3.69957e+07 1.67319e+07 3.0575e+06 0 3.02692e+07 0 3.69957e+07 3.02692e+07 1.67319e+07 3.0575e+06 0.00799298 -0.00395511 0.00934394 0.0127664 0.0679593
56 33 2 1.36279 0.589549 0.00983813 0.00380294 1.60149e+07 6.68206e+07 3.02208e+07 5.52236e+06 0 5.46714e+07 0 6.68206e+07 5.46714e+07 3.02208e+07 5.52236e+06 0.00325505 -0.00271498 0.0049911 0.00785624 0.0607755
54 34 0 1.06809 0.402583 0.00784019 0.00323872 1.62025e+07 6.76034e+07 3.05748e+07 5.58705e+06 0 5.53118e+07 0 6.76034e+07 5.53118e+07 3.05748e+07 5.58705e+06 0.00261763 -0.00107377 0.00111368 0.00704706 0.067006
55 34 1 1 1.61741e-24 5.18204e-27 4.61105e-26 8.96403e+06 3.74016e+07 1.69155e+07 3.09104e+06 0 3.06013e+07 0 3.74016e+07 3.06013e+07 1.69155e+07 3.09104e+06 0.00398656 -0.00726624 0.040986 0.0105912 0.0879596
57 34 2 1.34336 0.22 0.00848628 0.000479236 8.86674e+06 3.69957e+07 1.67319e+07 3.0575e+06 0 3.02692e+07 0 3.69957e+07 3.02692e+07 1.67319e+07 3.0575e+06 0.00799298 -0.00395511 0.00934394 0.0127664 0.0679593
56 35 0 1.36279 0.589549 0.00983813 0.00380294 1.60149e+07 6.68206e+07 3.02208e+07 5.52236e+06 0 5.46714e+07 0 6.68206e+07 5.46714e+07 3.02208e+07 5.52236e+06 0.00325505 -0.00271498 0.0049911 0.00785624 0.0607755
52 35 1 1.27044 0.860349 0.0102584 0.00664106 1.1644e+07 4.85838e+07 2.19728e+07 4.01519e+06 0 3.97503e+07 0 4.85838e+07 3.97503e+07 2.19728e+07 4.01519e+06 0.00531688 -0.007324 -0.00134989 0.0108246 0.0554809
51 35 2 1.01045 0.758099 0.00849804 0.0068466 7.27662e+06 3.03611e+07 1.37313e+07 2.50918e+06 0 2.48409e+07 0 3.03611e+07 2.48409e+07 1.37313e+07 2.50918e+06 0.00941736 -0.00530265 1.64573e-05 0.0142539 0.0568616
53 36 0 0.856249 0.247025 0.0059404 0.00260543 1.63256e+07 6.81171e+07 3.08071e+07 5.62951e+06 0 5.57322e+07 0 6.81171e+07 5.57322e+07 3.08071e+07 5.62951e+06 0.00517227 -0.00233806 0.0133877 0.00470173 0.0780579
50 36 1 0.714286 2.69829e-24 3.92392e-27 5.06606e-26 7.40881e+06 3.09126e+07 1.39808e+07 2.55476e+06 0 2.52921e+07 0 3.09126e+07 2.52921e+07 1.39808e+07 2.55476e+06 0.000812065 -0.000343389 0.0312687 0.0179338 0.100474
55 36 2 1 1.61741e-24 5.18204e-27 4.61105e-26 8.96403e+06 3.74016e+07 1.69155e+07 3.09104e+06 0 3.06013e+07 0 3.74016e+07 3.06013e+07 1.69155e+07 3.09104e+06 0.00398656 -0.00726624 0.040986 0.0105912 0.0879596
45 37 0 0.828397 1.08253 0.00648029 0.0119886 8.27702e+06 3.45352e+07 1.56191e+07 2.85415e+06 0 2.8256e+07 0 3.45352e+07 2.8256e+07 1.56191e+07 2.85415e+06 0.00745026 -0.00333612 -0.000173939 0.00967318 0.0498955
38 37 1 0.59896 1.30771 0.00565689 0.0143032 1.54209e+07 6.43423e+07 2.90999e+07 5.31755e+06 0 5.26437e+07 0 6.43423e+07 5.26437e+07 2.90999e+07 5.31755e+06 0.00454971 -0.00569678 0.0059352 0.00782641 0.0458519
39 37 2 0.467012 1.01382 0.00432123 0.0129991 1.8619e+07 7.76862e+07 3.51349e+07 6.42035e+06 0 6.35614e+07 0 7.76862e+07 6.35614e+07 3.51349e+07 6.42035e+06 0.0035939 -0.0070745 -0.000501954 0.00678208 0.0507719
51 38 0 1.01045 0.758099 0.00849804 0.0068466 7.27662e+06 3.03611e+07 1.37313e+07 2.50918e+06 0 2.48409e+07 0 3.03611e+07 2.48409e+07 1.37313e+07 2.50918e+06 0.00941736 -0.00530265 1.64573e-05 0.0142539 0.0568616
45 38 1 0.828397 1.08253 0.00648029 0.0119886 8.27702e+06 3.45352e+07 1.56191e+07 2.85415e+06 0 2.8256e+07 0 3.45352e+07 2.8256e+07 1.56191e+07 2.85415e+06 0.00745026 -0.00333612 -0.000173939 0.00967318 0.0498955
46 38 2 0.70259 0.813419 0.00554344 0.00946246 6.77805e+06 2.82808e+07 1.27905e+07 2.33726e+06 0 2.31389e+07 0 2.82808e+07 2.31389e+07 1.27905e+07 2.33726e+06 0.00771887 -0.00790069 -0.000965005 0.0138548 0.0558473
47 39 0 1.15928 1.12398 0.0088059 0.0104525 1.06363e+07 4.43792e+07 2.00712e+07 3.6677e+06 0 3.63102e+07 0 4.43792e+07 3.63102e+07 2.00712e+07 3.6677e+06 0.00623582 -0.00717968 -0.00470063 0.0105338 0.0508635
40 39 1 0.935183 1.42503 0.00762637 0.0137844 2.2939e+07 9.57108e+07 4.32869e+07 7.90999e+06 0 7.83089e+07 0 9.57108e+07 7.83089e+07 4.32869e+07 7.90999e+06 0.00335029 -0.00567732 0.00349894 0.00362341 0.046341
45 39 2 0.828397 1.08253 0.00648029 0.0119886 8.27702e+06 3.45352e+07 1.56191e+07 2.85415e+06 0 2.8256e+07 0 3.45352e+07 2.8256e+07 1.56191e+07 2.85415e+06 0.00745026 -0.00333612 -0.000173939 0.00967318 0.0498955
48 40 0 0.594945 0.245623 0.00489962 0.00317829 1.78389e+07 7.44313e+07 3.36628e+07 6.15135e+06 0 6.08984e+07 0 7.44313e+07 6.08984e+07 3.36628e+07 6.15135e+06 0.000317436 0.000837937 0.0115246 0.00677867 0.0825625
44 40 1 0.428571 2.79843e-24 1.8652e-27 5.14766e-26 9.13462e+06 3.81134e+07 1.72374e+07 3.14987e+06 0 3.11837e+07 0 3.81134e+07 3.11837e+07 1.72374e+07 3.14987e+06 -1.97945e-25 -3.76008e-25 0.026667 0.0122281 0.104829
50 40 2 0.714286 2.69829e-24 3.92392e-27 5.06606e-26 7.40881e+06 3.09126e+07 1.39808e+07 2.55476e+06 0 2.52921e+07 0 3.09126e+07 2.52921e+07 1.39808e+07 2.55476e+06 0.000812065 -0.000343389 0.0312687 0.0179338 0.100474
49 41 0 0.719202 0.513677 0.00603028 0.00534245 8.86701e+06 3.69969e+07 1.67325e+07 3.05759e+06 0 3.02702e+07 0 3.69969e+07 3.02702e+07 1.67325e+07 3.05759e+06 0.00427881 -0.0103672 -0.00553558 0.0146772 0.0664191
48 41 1 0.594945 0.245623 0.00489962 0.00317829 1.78389e+07 7.44313e+07 3.36628e+07 6.15135e+06 0 6.08984e+07 0 7.44313e+07 6.08984e+07 3.36628e+07 6.15135e+06 0.000317436 0.000837937 0.0115246 0.00677867 0.0825625
53 41 2 0.856249 0.247025 0.0059404 0.00260543 1.63256e+07 6.81171e+07 3.08071e+07 5.62951e+06 0 5.57322e+07 0 6.81171e+07 5.57322e+07 3.08071e+07 5.62951e+06 0.00517227 -0.00233806 0.0133877 0.00470173 0.0780579
49 42 0 0.719202 0.513677 0.00603028 0.00534245 8.86701e+06 3.69969e+07 1.67325e+07 3.05759e+06 0 3.02702e+07 0 3.69969e+07 3.02702e+07 1.67325e+07 3.05759e+06 0.00427881 -0.0103672 -0.00553558 0.0146772 0.0664191
43 42 1 0.430869 0.684131 0.00421579 0.0109898 1.54531e+07 6.44765e+07 2.91606e+07 5.32864e+06 0 5.27535e+07 0 6.44765e+07 5.27535e+07 2.91606e+07 5.32864e+06 0.0042654 -0.0108248 -0.00174259 0.00769708 0.0609112
42 42 2 0.357177 0.328424 0.00404053 0.00673131 1.78339e+06 7.44103e+06 3.36533e+06 614961 0 6.08811e+06 0 7.44103e+06 6.08811e+06 3.36533e+06 614961 0.0265229 -0.0123254 0.00370426 0.0260842 0.0793154
54 43 0 1.06809 0.402583 0.00784019 0.00323872 1.62025e+07 6.76034e+07 3.05748e+07 5.58705e+06 0 5.53118e+07 0 6.76034e+07 5.53118e+07 3.05748e+07 5.58705e+06 0.00261763 -0.00107377 0.00111368 0.00704706 0.067006
53 43 1 0.856249 0.247025 0.0059404 0.00260543 1.63256e+07 6.81171e+07 3.08071e+07 5.62951e+06 0 5.57322e+07 0 6.81171e+07 5.57322e+07 3.08071e+07 5.62951e+06 0.00517227 -0.00233806 0.0133877 0.00470173 0.0780579
55 43 2 1 1.61741e-24 5.18204e-27 4.61105e-26 8.96403e+06 3.74016e+07 1.69155e+07 3.09104e+06 0 3.06013e+07 0 3.74016e+07 3.06013e+07 1.69155e+07 3.09104e+06 0.00398656 -0.00726624 0.040986 0.0105912 0.0879596
51 44 0 1.01045 0.758099 0.00849804 0.0068466 7.27662e+06 3.03611e+07 1.37313e+07 2.50918e+06 0 2.48409e+07 0 3.03611e+07 2.48409e+07 1.37313e+07 2.50918e+06 0.00941736 -0.00530265 1.64573e-05 0.0142539 0.0568616
54 44 1 1.06809 0.402583 0.00784019 0.00323872 1.62025e+07 6.76034e+07 3.05748e+07 5.58705e+06 0 5.53118e+07 0 6.76034e+07 5.53118e+07 3.05748e+07 5.58705e+06 0.00261763 -0.00107377 0.00111368 0.00704706 0.067006
56 44 2 1.36279 0.589549 0.00983813 0.00380294 1.60149e+07 6.68206e+07 3.02208e+07 5.52236e+06 0 5.46714e+07 0 6.68206e+07 5.46714e+07 3.02208e+07 5.52236e+06 0.00325505 -0.00271498 0.0049911 0.00785624 0.0607755
51 45 0 1.01045 0.758099 0.00849804 0.0068466 7.27662e+06 3.03611e+07 1.37313e+07 2.50918e+06 0 2.48409e+07 0 3.03611e+07 2.48409e+07 1.37313e+07 2.50918e+06 0.00941736 -0.00530265 1.64573e-05 0.0142539 0.0568616
49 45 1 0.719202 0.513677 0.00603028 0.00534245 8.86701e+06 3.69969e+07 1.67325e+07 3.05759e+06 0 3.02702e+07 0 3.69969e+07 3.02702e+07 1.67325e+07 3.05759e+06 0.00427881 -0.0103672 -0.00553558 0.0146772 0.0664191
54 45 2 1.06809 0.402583 0.00784019 0.00323872 1.62025e+07 6.76034e+07 3.05748e+07 5.58705e+06 0 5.53118e+07 0 6.76034e+07 5.53118e+07 3.05748e+07 5.58705e+06 0.00261763 -0.00107377 0.00111368 0.00704706 0.067006
47 46 0 1.15928 1.12398 0.0088059 0.0104525 1.06363e+07 4.43792e+07 2.00712e+07 3.6677e+06 0 3.63102e+07 0 4.43792e+07 3.63102e+07 2.00712e+07 3.6677e+06 0.00623582 -0.00717968 -0.00470063 0.0105338 0.0508635
51 46 1 1.01045 0.758099 0.00849804 0.0068466 7.27662e+06 3.03611e+07 1.37313e+07 2.50918e+06 0 2.48409e+07 0 3.03611e+07 2.48409e+07 1.37313e+07 2.50918e+06 0.00941736 -0.00530265 1.64573e-05 0.0142539 0.0568616
52 46 2 1.27044 0.860349 0.0102584 0.00664106 1.1644e+07 4.85838e+07 2.19728e+07 4.01519e+06 0 3.97503e+07 0 4.85838e+07 3.97503e+07 2.19728e+07 4.01519e+06 0.00531688 -0.007324 -0.00134989 0.0108246 0.0554809
46 47 0 0.70259 0.813419 0.00554344 0.00946246 6.77805e+06 2.82808e+07 1.27905e+07 2.33726e+06 0 2.31389e+07 0 2.82808e+07 2.31389e+07 1.27905e+07 2.33726e+06 0.00771887 -0.00790069 -0.000965005 0.0138548 0.0558473
43 47 1 0.430869 0.684131 0.00421579 0.0109898 1.54531e+07 6.44765e+07 2.91606e+07 5.32864e+06 0 5.27535e+07 0 6.44765e+07 5.27535e+07 2.91606e+07 5.32864e+06 0.0042654 -0.0108248 -0.00174259 0.00769708 0.0609112
49 47 2 0.719202 0.513677 0.00603028 0.00534245 8.86701e+06 3.69969e+07 1.67325e+07 3.05759e+06 0 3.02702e+07 0 3.69969e+07 3.02702e+07 1.67325e+07 3.05759e+06 0.00427881 -0.0103672 -0.00553558 0.0146772 0.0664191
38 48 0 0.59896 1.30771 0.00565689 0.0143032 1.54209e+07 6.43423e+07 2.90999e+07 5.31755e+06 0 5.26437e+07 0 6.43423e+07 5.26437e+07 2.90999e+07 5.31755e+06 0.00454971 -0.00569678 0.0059352 0.00782641 0.0458519
40 48 1 0.935183 1.42503 0.00762637 0.0137844 2.2939e+07 9.57108e+07 4.32869e+07 7.90999e+06 0 7.83089e+07 0 9.57108e+07 7.83089e+07 4.32869e+07 7.90999e+06 0.00335029 -0.00567732 0.00349894 0.00362341 0.046341
33 48 2 0.659573 1.65286 0.00756845 0.0178382 3.62972e+06 1.51447e+07 6.84945e+06 1.25163e+06 0 1.23911e+07 0 1.51447e+07 1.23911e+07 6.84945e+06 1.25163e+06 0.0115759 0.00488277 0.00297615 0.0124177 0.043485
26 49 0 0.340734 1.79131 0.00570712 0.0183784 2.18273e+07 9.10726e+07 4.11891e+07 7.52666e+06 0 7.4514e+07 0 9.10726e+07 7.4514e+07 4.11891e+07 7.52666e+06 0.00263096 -0.0107731 0.00232144 0.00443018 0.0419603
25 49 1 0.161923 1.56096 0.00438604 0.0178331 7.30818e+06 3.04928e+07 1.37909e+07 2.52006e+06 0 2.49486e+07 0 3.04928e+07 2.49486e+07 1.37909e+07 2.52006e+06 0.00827736 -0.00175114 0.00302398 0.0118228 0.0424367
32 49 2 0.410013 1.49767 0.00543458 0.0164107 1.80949e+07 7.54993e+07 3.41458e+07 6.23961e+06 0 6.17721e+07 0 7.54993e+07 6.17721e+07 3.41458e+07 6.23961e+06 0.00385959 -0.00335873 0.00307533 0.00689627 0.0433698
39 50 0 0.467012 1.01382 0.00432123 0.0129991 1.8619e+07 7.76862e+07 3.51349e+07 6.42035e+06 0 6.35614e+07 0 7.76862e+07 6.35614e+07 3.51349e+07 6.42035e+06 0.0035939 -0.0070745 -0.000501954 0.00678208 0.0507719
46 50 1 0.70259 0.813419 0.00554344 0.00946246 6.77805e+06 2.82808e+07 1.27905e+07 2.33726e+06 0 2.31389e+07 0 2.82808e+07 2.31389e+07 1.27905e+07 2.33726e+06 0.00771887 -0.00790069 -0.000965005 0.0138548 0.0558473
45 50 2 0.828397 1.08253 0.00648029 0.0119886 8.27702e+06 3.45352e+07 1.56191e+07 2.85415e+06 0 2.8256e+07 0 3.45352e+07 2.8256e+07 1.56191e+07 2.85415e+06 0.00745026 -0.00333612 -0.000173939 0.00967318 0.0498955
36 51 0 0.134071 0.884927 0.00266234 0.0135155 1.42071e+07 5.92778e+07 2.68094e+07 4.89899e+06 0 4.85e+07 0 5.92778e+07 4.85e+07 2.68094e+07 4.89899e+06 0.00590357 0.00138385 -0.000572199 0.00569131 0.0542151
39 51 1 0.467012 1.01382 0.00432123 0.0129991 1.8619e+07 7.76862e+07 3.51349e+07 6.42035e+06 0 6.35614e+07 0 7.76862e+07 6.35614e+07 3.51349e+07 6.42035e+06 0.0035939 -0.0070745 -0.000501954 0.00678208 0.0507719
31 51 2 0.216775 1.24585 0.00358197 0.0154064 1.87604e+07 7.82761e+07 3.54017e+07 6.4691e+06 0 6.40441e+07 0 7.82761e+07 6.40441e+07 3.54017e+07 6.4691e+06 0.00482784 -0.00201715 0.00321242 0.00416291 0.0459942
28 52 0 -0.208157 0.790961 -0.00028404 0.0101145 1.52029e+06 6.34326e+06 2.86885e+06 524236 0 5.18994e+06 0 6.34326e+06 5.18994e+06 2.86885e+06 524236 0.0112287 0.00356792 0.00694799 0.0248714 0.0569976
36 52 1 0.134071 0.884927 0.00266234 0.0135155 1.42071e+07 5.92778e+07 2.68094e+07 4.89899e+06 0 4.85e+07 0 5.92778e+07 4.85e+07 2.68094e+07 4.89899e+06 0.00590357 0.00138385 -0.000572199 0.00569131 0.0542151
29 52 2 -0.11175 1.14126 0.00167269 0.0144545 1.89235e+07 7.89565e+07 3.57094e+07 6.52533e+06 0 6.46008e+07 0 7.89565e+07 6.46008e+07 3.57094e+07 6.52533e+06 0.00465321 0.00247854 0.00297444 0.00533937 0.0476668
41 53 0 0.19121 0.562991 0.00160761 0.0112249 4.45168e+06 1.85743e+07 8.40053e+06 1.53506e+06 0 1.51971e+07 0 1.85743e+07 1.51971e+07 8.40053e+06 1.53506e+06 0.0158268 0.00505729 0.0110588 0.0163338 0.0667959
43 53 1 0.430869 0.684131 0.00421579 0.0109898 1.54531e+07 6.44765e+07 2.91606e+07 5.32864e+06 0 5.27535e+07 0 6.44765e+07 5.27535e+07 2.91606e+07 5.32864e+06 0.0042654 -0.0108248 -0.00174259 0.00769708 0.0609112
36 53 2 0.134071 0.884927 0.00266234 0.0135155 1.42071e+07 5.92778e+07 2.68094e+07 4.89899e+06 0 4.85e+07 0 5.92778e+07 4.85e+07 2.68094e+07 4.89899e+06 0.00590357 0.00138385 -0.000572199 0.00569131 0.0542151
49 54 0 0.719202 0.513677 0.00603028 0.00534245 8.86701e+06 3.69969e+07 1.67325e+07 3.05759e+06 0 3.02702e+07 0 3.69969e+07 3.02702e+07 1.67325e+07 3.05759e+06 0.00427881 -0.0103672 -0.00553558 0.0146772 0.0664191
53 54 1 0.856249 0.247025 0.0059404 0.00260543 1.63256e+07 6.81171e+07 3.08071e+07 5.62951e+06 0 5.57322e+07 0 6.81171e+07 5.57322e+07 3.08071e+07 5.62951e+06 0.00517227 -0.00233806 0.0133877 0.00470173 0.0780579
54 54 2 1.06809 0.402583 0.00784019 0.00323872 1.62025e+07 6.76034e+07 3.05748e+07 5.58705e+06 0 5.53118e+07 0 6.76034e+07 5.53118e+07 3.05748e+07 5.58705e+06 0.00261763 -0.00107377 0.00111368 0.00704706 0.067006
46 55 0 0.70259 0.813419 0.00554344 0.00946246 6.77805e+06 2.82808e+07 1.27905e+07 2.33726e+06 0 2.31389e+07 0 2.82808e+07 2.31389e+07 1.27905e+07 2.33726e+06 0.00771887 -0.00790069 -0.000965005 0.0138548 0.0558473
49 55 1 0.719202 0.513677 0.00603028 0.00534245 8.86701e+06 3.69969e+07 1.67325e+07 3.05759e+06 0 3.02702e+07 0 3.69969e+07 3.02702e+07 1.67325e+07 3.05759e+06 0.00427881 -0.0103672 -0.00553558 0.0146772 0.0664191
51 55 2 1.01045 0.758099 0.00849804 0.0068466 7.27662e+06 3.03611e+07 1.37313e+07 2.50918e+06 0 2.48409e+07 0 3.03611e+07 2.48409e+07 1.37313e+07 2.50918e+06 0.00941736 -0.00530265 1.64573e-05 0.0142539 0.0568616
47 56 0 1.15928 1.12398 0.0088059 0.0104525 1.06363e+07 4.43792e+07 2.00712e+07 3.6677e+06 0 3.63102e+07 0 4.43792e+07 3.63102e+07 2.00712e+07 3.6677e+06 0.00623582 -0.00717968 -0.00470063 0.0105338 0.0508635
45 56 1 0.828397 1.08253 0.00648029 0.0119886 8.27702e+06 3.45352e+07 1.56191e+07 2.85415e+06 0 2.8256e+07 0 3.45352e+07 2.8256e+07 1.56191e+07 2.85415e+06 0.00745026 -0.00333612 -0.000173939 0.00967318 0.0498955
51 56 2 1.01045 0.758099 0.00849804 0.0068466 7.27662e+06 3.03611e+07 1.37313e+07 2.50918e+06 0 2.48409e+07 0 3.03611e+07 2.48409e+07 1.37313e+07 2.50918e+06 0.00941736 -0.00530265 1.64573e-05 0.0142539 0.0568616
43 57 0 0.430869 0.684131 0.00421579 0.0109898 1.54531e+07 6.44765e+07 2.91606e+07 5.32864e+06 0 5.27535e+07 0 6.44765e+07 5.27535e+07 2.91606e+07 5.32864e+06 0.0042654 -0.0108248 -0.00174259 0.00769708 0.0609112
41 57 1 0.19121 0.562991 0.00160761 0.0112249 4.45168e+06 1.85743e+07 8.40053e+06 1.53506e+06 0 1.51971e+07 0 1.85743e+07 1.51971e+07 8.40053e+06 1.53506e+06 0.0158268 0.00505729 0.0110588 0.0163338 0.0667959
42 57 2 0.357177 0.328424 0.00404053 0.00673131 1.78339e+06 7.44103e+06 3.36533e+06 614961 0 6.08811e+06 0 7.44103e+06 6.08811e+06 3.36533e+06 614961 0.0265229 -0.0123254 0.00370426 0.0260842 0.0793154
39 58 0 0.467012 1.01382 0.00432123 0.0129991 1.8619e+07 7.76862e+07 3.51349e+07 6.42035e+06 0 6.35614e+07 0 7.76862e+07 6.35614e+07 3.51349e+07 6.42035e+06 0.0035939 -0.0070745 -0.000501954 0.00678208 0.0507719
43 58 1 0.430869 0.684131 0.00421579 0.0109898 1.54531e+07 6.44765e+07 2.91606e+07 5.32864e+06 0 5.27535e+07 0 6.44765e+07 5.27535e+07 2.91606e+07 5.32864e+06 0.0042654 -0.0108248 -0.00174259 0.00769708 0.0609112
46 58 2 0.70259 0.813419 0.00554344 0.00946246 6.77805e+06 2.82808e+07 1.27905e+07 2.33726e+06 0 2.31389e+07 0 2.82808e+07 2.31389e+07 1.27905e+07 2.33726e+06 0.00771887 -0.00790069 -0.000965005 0.0138548 0.0558473
39 59 0 0.467012 1.01382 0.00432123 0.0129991 1.8619e+07 7.76862e+07 3.51349e+07 6.42035e+06 0 6.35614e+07 0 7.76862e+07 6.35614e+07 3.51349e+07 6.42035e+06 0.0035939 -0.0070745 -0.000501954 0.00678208 0.0507719
36 59 1 0.134071 0.884927 0.00266234 0.0135155 1.42071e+07 5.92778e+07 2.68094e+07 4.89899e+06 0 4.85e+07 0 5.92778e+07 4.85e+07 2.68094e+07 4.89899e+06 0.00590357 0.00138385 -0.000572199 0.00569131 0.0542151
43 59 2 0.430869 0.684131 0.00421579 0.0109898 1.54531e+07 6.44765e+07 2.91606e+07 5.32864e+06 0 5.27535e+07 0 6.44765e+07 5.27535e+07 2.91606e+07 5.32864e+06 0.0042654 -0.0108248 -0.00174259 0.00769708 0.0609112
42 60 0 0.357177 0.328424 0.00404053 0.00673131 1.78339e+06 7.44103e+06 3.36533e+06 614961 0 6.08811e+06 0 7.44103e+06 6.08811e+06 3.36533e+06 614961 0.0265229 -0.0123254 0.00370426 0.0260842 0.0793154
35 60 1 0.0309641 0.287698 -0.00171394 0.00565389 6.19593e+06 2.5852e+07 1.1692e+07 2.13653e+06 0 2.11516e+07 0 2.5852e+07 2.11516e+07 1.1692e+07 2.13653e+06 0.00711431 0.0127259 -0.000228753 0.0114203 0.0830635
37 60 2 0.142857 2.69433e-24 -3.81994e-27 3.58829e-26 3.43158e+06 1.4318e+07 6.47556e+06 1.18331e+06 0 1.17147e+07 0 1.4318e+07 1.17147e+07 6.47556e+06 1.18331e+06 2.26715e-25 4.72346e-25 0.00359329 0.0229506 0.106552
49 61 0 0.719202 0.513677 0.00603028 0.00534245 8.86701e+06 3.69969e+07 1.67325e+07 3.05759e+06 0 3.02702e+07 0 3.69969e+07 3.02702e+07 1.67325e+07 3.05759e+06 0.00427881 -0.0103672 -0.00553558 0.0146772 0.0664191
42 61 1 0.357177 0.328424 0.00404053 0.00673131 1.78339e+06 7.44103e+06 3.36533e+06 614961 0 6.08811e+06 0 7.44103e+06 6.08811e+06 3.36533e+06 614961 0.0265229 -0.0123254 0.00370426 0.0260842 0.0793154
48 61 2 0.594945 0.245623 0.00489962 0.00317829 1.78389e+07 7.44313e+07 3.36628e+07 6.15135e+06 0 6.08984e+07 0 7.44313e+07 6.08984e+07 3.36628e+07 6.15135e+06 0.000317436 0.000837937 0.0115246 0.00677867 0.0825625
41 62 0 0.19121 0.562991 0.00160761 0.0112249 4.45168e+06 1.85743e+07 8.40053e+06 1.53506e+06 0 1.51971e+07 0 1.85743e+07 1.51971e+07 8.40053e+06 1.53506e+06 0.0158268 0.00505729 0.0110588 0.0163338 0.0667959
35 62 1 0.0309641 0.287698 -0.00171394 0.00565389 6.19593e+06 2.5852e+07 1.1692e+07 2.13653e+06 0 2.11516e+07 0 2.5852e+07 2.11516e+07 1.1692e+07 2.13653e+06 0.00711431 0.0127259 -0.000228753 0.0114203 0.0830635
42 62 2 0.357177 0.328424 0.00404053 0.00673131 1.78339e+06 7.44103e+06 3.36533e+06 614961 0 6.08811e+06 0 7.44103e+06 6.08811e+06 3.36533e+06 614961 0.0265229 -0.0123254 0.00370426 0.0260842 0.0793154
38 63 0 0.59896 1.30771 0.00565689 0.0143032 1.54209e+07 6.43423e+07 2.90999e+07 5.31755e+06 0 5.26437e+07 0 6.43423e+07 5.26437e+07 2.90999e+07 5.31755e+06 0.00454971 -0.00569678 0.0059352 0.00782641 0.0458519
45 63 1 0.828397 1.08253 0.00648029 0.0119886 8.27702e+06 3.45352e+07 1.56191e+07 2.85415e+06 0 2.8256e+07 0 3.45352e+07 2.8256e+07 1.56191e+07 2.85415e+06 0.00745026 -0.00333612 -0.000173939 0.00967318 0.0498955
40 63 2 0.935183 1.42503 0.00762637 0.0137844 2.2939e+07 9.57108e+07 4.32869e+07 7.90999e+06 0 7.83089e+07 0 9.57108e+07 7.83089e+07 4.32869e+07 7.90999e+06 0.00335029 -0.00567732 0.00349894 0.00362341 0.046341
28 64 0 -0.208157 0.790961 -0.00028404 0.0101145 1.52029e+06 6.34326e+06 2.86885e+06 524236 0 5.18994e+06 0 6.34326e+06 5.18994e+06 2.86885e+06 524236 0.0112287 0.00356792 0.00694799 0.0248714 0.0569976
34 64 1 -0.054013 0.584016 -0.000995185 0.00825327 7.65392e+06 3.19353e+07 1.44433e+07 2.63928e+06 0 2.61289e+07 0 3.19353e+07 2.61289e+07 1.44433e+07 2.63928e+06 0.00736702 0.0217826 0.0118706 0.01404 0.06571
36 64 2 0.134071 0.884927 0.00266234 0.0135155 1.42071e+07 5.92778e+07 2.68094e+07 4.89899e+06 0 4.85e+07 0 5.92778e+07 4.85e+07 2.68094e+07 4.89899e+06 0.00590357 0.00138385 -0.000572199 0.00569131 0.0542151
21 65 0 -0.418259 1.04361 6.96647e-05 0.0133003 2.44642e+07 1.02075e+08 4.61651e+07 8.43594e+06 0 8.35158e+07 0 1.02075e+08 8.35158e+07 4.61651e+07 8.43594e+06 0.000523102 -0.00668255 0.00473871 0.0057633 0.0496694
28 65 1 -0.208157 0.790961 -0.00028404 0.0101145 1.52029e+06 6.34326e+06 2.86885e+06 524236 0 5.18994e+06 0 6.34326e+06 5.18994e+06 2.86885e+06 524236 0.0112287 0.00356792 0.00694799 0.0248714 0.0569976
29 65 2 -0.11175 1.14126 0.00167269 0.0144545 1.89235e+07 7.89565e+07 3.57094e+07 6.52533e+06 0 6.46008e+07 0 7.89565e+07 6.46008e+07 3.57094e+07 6.52533e+06 0.00465321 0.00247854 0.00297444 0.00533937 0.0476668
20 66 0 -0.486041 0.664765 -0.00315589 0.00909774 6.61293e+06 2.75919e+07 1.24789e+07 2.28032e+06 0 2.25752e+07 0 2.75919e+07 2.25752e+07 1.24789e+07 2.28032e+06 0.00148466 -0.0183721 0.0105713 0.0238411 0.0609642
12 66 1 -0.790069 0.59106 -0.00807245 0.01017 3.69889e+06 1.54333e+07 6.97997e+06 1.27548e+06 0 1.26272e+07 0 1.54333e+07 1.26272e+07 6.97997e+06 1.27548e+06 0.0247907 -0.00774202 -0.00342022 0.0122495 0.0622593
19 66 2 -0.591625 0.318334 -0.00394283 0.00484586 7.29866e+06 3.0453e+07 1.37729e+07 2.51678e+06 0 2.49161e+07 0 3.0453e+07 2.49161e+07 1.37729e+07 2.51678e+06 0.00903234 -0.0112387 -0.00225304 0.0129837 0.0776087
28 67 0 -0.208157 0.790961 -0.00028404 0.0101145 1.52029e+06 6.34326e+06 2.86885e+06 524236 0 5.18994e+06 0 6.34326e+06 5.18994e+06 2.86885e+06 524236 0.0112287 0.00356792 0.00694799 0.0248714 0.0569976
20 67 1 -0.486041 0.664765 -0.00315589 0.00909774 6.61293e+06 2.75919e+07 1.24789e+07 2.28032e+06 0 2.25752e+07 0 2.75919e+07 2.25752e+07 1.24789e+07 2.28032e+06 0.00148466 -0.0183721 0.0105713 0.0238411 0.0609642
27 67 2 -0.280126 0.369128 -0.00298848 0.00411459 2.5609e+07 1.06851e+08 4.83253e+07 8.83067e+06 0 8.74237e+07 0 1.06851e+08 8.74237e+07 4.83253e+07 8.83067e+06 0.00115951 0.00113642 0.000533664 0.00373188 0.0766967
28 68 0 -0.208157 0.790961 -0.00028404 0.0101145 1.52029e+06 6.34326e+06 2.86885e+06 524236 0 5.18994e+06 0 6.34326e+06 5.18994e+06 2.86885e+06 524236 0.0112287 0.00356792 0.00694799 0.0248714 0.0569976
21 68 1 -0.418259 1.04361 6.96647e-05 0.0133003 2.44642e+07 1.02075e+08 4.61651e+07 8.43594e+06 0 8.35158e+07 0 1.02075e+08 8.35158e+07 4.61651e+07 8.43594e+06 0.000523102 -0.00668255 0.00473871 0.0057633 0.0496694
20 68 2 -0.486041 0.664765 -0.00315589 0.00909774 6.61293e+06 2.75919e+07 1.24789e+07 2.28032e+06 0 2.25752e+07 0 2.75919e+07 2.25752e+07 1.24789e+07 2.28032e+06 0.00148466 -0.0183721 0.0105713 0.0238411 0.0609642
48 69 0 0.594945 0.245623 0.00489962 0.00317829 1.78389e+07 7.44313e+07 3.36628e+07 6.15135e+06 0 6.08984e+07 0 7.44313e+07 6.08984e+07 3.36628e+07 6.15135e+06 0.000317436 0.000837937 0.0115246 0.00677867 0.0825625
50 69 1 0.714286 2.69829e-24 3.92392e-27 5.06606e-26 7.40881e+06 3.09126e+07 1.39808e+07 2.55476e+06 0 2.52921e+07 0 3.09126e+07 2.52921e+07 1.39808e+07 2.55476e+06 0.000812065 -0.000343389 0.0312687 0.0179338 0.100474
53 69 2 0.856249 0.247025 0.0059404 0.00260543 1.63256e+07 6.81171e+07 3.08071e+07 5.62951e+06 0 5.57322e+07 0 6.81171e+07 5.57322e+07 3.08071e+07 5.62951e+06 0.00517227 -0.00233806 0.0133877 0.00470173 0.0780579
32 70 0 0.410013 1.49767 0.00543458 0.0164107 1.80949e+07 7.54993e+07 3.41458e+07 6.23961e+06 0 6.17721e+07 0 7.54993e+07 6.17721e+07 3.41458e+07 6.23961e+06 0.00385959 -0.00335873 0.00307533 0.00689627 0.0433698
38 70 1 0.59896 1.30771 0.00565689 0.0143032 1.54209e+07 6.43423e+07 2.90999e+07 5.31755e+06 0 5.26437e+07 0 6.43423e+07 5.26437e+07 2.90999e+07 5.31755e+06 0.00454971 -0.00569678 0.0059352 0.00782641 0.0458519
33 70 2 0.659573 1.65286 0.00756845 0.0178382 3.62972e+06 1.51447e+07 6.84945e+06 1.25163e+06 0 1.23911e+07 0 1.51447e+07 1.23911e+07 6.84945e+06 1.25163e+06 0.0115759 0.00488277 0.00297615 0.0124177 0.043485
26 71 0 0.340734 1.79131 0.00570712 0.0183784 2.18273e+07 9.10726e+07 4.11891e+07 7.52666e+06 0 7.4514e+07 0 9.10726e+07 7.4514e+07 4.11891e+07 7.52666e+06 0.00263096 -0.0107731 0.00232144 0.00443018 0.0419603
32 71 1 0.410013 1.49767 0.00543458 0.0164107 1.80949e+07 7.54993e+07 3.41458e+07 6.23961e+06 0 6.17721e+07 0 7.54993e+07 6.17721e+07 3.41458e+07 6.23961e+06 0.00385959 -0.00335873 0.00307533 0.00689627 0.0433698
33 71 2 0.659573 1.65286 0.00756845 0.0178382 3.62972e+06 1.51447e+07 6.84945e+06 1.25163e+06 0 1.23911e+07 0 1.51447e+07 1.23911e+07 6.84945e+06 1.25163e+06 0.0115759 0.00488277 0.00297615 0.0124177 0.043485
25 72 0 0.161923 1.56096 0.00438604 0.0178331 7.30818e+06 3.04928e+07 1.37909e+07 2.52006e+06 0 2.49486e+07 0 3.04928e+07 2.49486e+07 1.37909e+07 2.52006e+06 0.00827736 -0.00175114 0.00302398 0.0118228 0.0424367
31 72 1 0.216775 1.24585 0.00358197 0.0154064 1.87604e+07 7.82761e+07 3.54017e+07 6.4691e+06 0 6.40441e+07 0 7.82761e+07 6.40441e+07 3.54017e+07 6.4691e+06 0.00482784 -0.00201715 0.00321242 0.00416291 0.0459942
32 72 2 0.410013 1.49767 0.00543458 0.0164107 1.80949e+07 7.54993e+07 3.41458e+07 6.23961e+06 0 6.17721e+07 0 7.54993e+07 6.17721e+07 3.41458e+07 6.23961e+06 0.00385959 -0.00335873 0.00307533 0.00689627 0.0433698
18 73 0 0.00980421 1.82104 0.00420016 0.0205849 1.25522e+07 5.2373e+07 2.36866e+07 4.32835e+06 0 4.28507e+07 0 5.2373e+07 4.28507e+07 2.36866e+07 4.32835e+06 0.00618468 -0.00025945 0.00529337 0.00804449 0.0414711
25 73 1 0.161923 1.56096 0.00438604 0.0178331 7.30818e+06 3.04928e+07 1.37909e+07 2.52006e+06 0 2.49486e+07 0 3.04928e+07 2.49486e+07 1.37909e+07 2.52006e+06 0.00827736 -0.00175114 0.00302398 0.0118228 0.0424367
26 73 2 0.340734 1.79131 0.00570712 0.0183784 2.18273e+07 9.10726e+07 4.11891e+07 7.52666e+06 0 7.4514e+07 0 9.10726e+07 7.4514e+07 4.11891e+07 7.52666e+06 0.00263096 -0.0107731 0.00232144 0.00443018 0.0419603
24 74 0 -0.0845999 1.48783 0.00243604 0.0171533 9.19949e+06 3.83841e+07 1.73598e+07 3.17224e+06 0 3.14051e+07 0 3.83841e+07 3.14051e+07 1.73598e+07 3.17224e+06 0.00672953 0.00164112 0.00163637 0.0121613 0.0428564
29 74 1 -0.11175 1.14126 0.00167269 0.0144545 1.89235e+07 7.89565e+07 3.57094e+07 6.52533e+06 0 6.46008e+07 0 7.89565e+07 6.46008e+07 3.57094e+07 6.52533e+06 0.00465321 0.00247854 0.00297444 0.00533937 0.0476668
31 74 2 0.216775 1.24585 0.00358197 0.0154064 1.87604e+07 7.82761e+07 3.54017e+07 6.4691e+06 0 6.40441e+07 0 7.82761e+07 6.40441e+07 3.54017e+07 6.4691e+06 0.00482784 -0.00201715 0.00321242 0.00416291 0.0459942
38 75 0 0.59896 1.30771 0.00565689 0.0143032 1.54209e+07 6.43423e+07 2.90999e+07 5.31755e+06 0 5.26437e+07 0 6.43423e+07 5.26437e+07 2.90999e+07 5.31755e+06 0.00454971 -0.00569678 0.0059352 0.00782641 0.0458519
32 75 1 0.410013 1.49767 0.00543458 0.0164107 1.80949e+07 7.54993e+07 3.41458e+07 6.23961e+06 0 6.17721e+07 0 7.54993e+07 6.17721e+07 3.41458e+07 6.23961e+06 0.00385959 -0.00335873 0.00307533 0.00689627 0.0433698
31 75 2 0.216775 1.24585 0.00358197 0.0154064 1.87604e+07 7.82761e+07 3.54017e+07 6.4691e+06 0 6.40441e+07 0 7.82761e+07 6.40441e+07 3.54017e+07 6.4691e+06 0.00482784 -0.00201715 0.00321242 0.00416291 0.0459942
25 76 0 0.161923 1.56096 0.00438604 0.0178331 7.30818e+06 3.04928e+07 1.37909e+07 2.52006e+06 0 2.49486e+07 0 3.04928e+07 2.49486e+07 1.37909e+07 2.52006e+06 0.00827736 -0.00175114 0.00302398 0.0118228 0.0424367
18 76 1 0.00980421 1.82104 0.00420016 0.0205849 1.25522e+07 5.2373e+07 2.36866e+07 4.32835e+06 0 4.28507e+07 0 5.2373e+07 4.28507e+07 2.36866e+07 4.32835e+06 0.00618468 -0.00025945 0.00529337 0.00804449 0.0414711
24 76 2 -0.0845999 1.48783 0.00243604 0.0171533 9.19949e+06 3.83841e+07 1.73598e+07 3.17224e+06 0 3.14051e+07 0 3.83841e+07 3.14051e+07 1.73598e+07 3.17224e+06 0.00672953 0.00164112 0.00163637 0.0121613 0.0428564
48 77 0 0.594945 0.245623 0.00489962 0.00317829 1.78389e+07 7.44313e+07 3.36628e+07 6.15135e+06 0 6.08984e+07 0 7.44313e+07 6.08984e+07 3.36628e+07 6.15135e+06 0.000317436 0.000837937 0.0115246 0.00677867 0.0825625
42 77 1 0.357177 0.328424 0.00404053 0.00673131 1.78339e+06 7.44103e+06 3.36533e+06 614961 0 6.08811e+06 0 7.44103e+06 6.08811e+06 3.36533e+06 614961 0.0265229 -0.0123254 0.00370426 0.0260842 0.0793154
44 77 2 0.428571 2.79843e-24 1.8652e-27 5.14766e-26 9.13462e+06 3.81134e+07 1.72374e+07 3.14987e+06 0 3.11837e+07 0 3.81134e+07 3.11837e+07 1.72374e+07 3.14987e+06 -1.97945e-25 -3.76008e-25 0.026667 0.0122281 0.104829
22 78 0 -0.360816 1.40547 0.000507826 0.0161466 9.08407e+06 3.79025e+07 1.71421e+07 3.13244e+06 0 3.10111e+07 0 3.79025e+07 3.10111e+07 1.71421e+07 3.13244e+06 0.00774698 -0.00641644 -0.000261823 0.0121858 0.043819
24 78 1 -0.0845999 1.48783 0.00243604 0.0171533 9.19949e+06 3.83841e+07 1.73598e+07 3.17224e+06 0 3.14051e+07 0 3.83841e+07 3.14051e+07 1.73598e+07 3.17224e+06 0.00672953 0.00164112 0.00163637 0.0121613 0.0428564
17 78 2 -0.322621 1.7866 0.00184545 0.0203436 1.00488e+07 4.1928e+07 1.89626e+07 3.46512e+06 0 3.43047e+07 0 4.1928e+07 3.43047e+07 1.89626e+07 3.46512e+06 0.00688869 -0.000194255 0.00525943 0.0103477 0.0417747
13 79 0 -0.651576 1.30209 -0.00123538 0.0185061 8.18059e+06 3.41328e+07 1.54371e+07 2.82089e+06 0 2.79268e+07 0 3.41328e+07 2.79268e+07 1.54371e+07 2.82089e+06 0.00904317 -0.0203615 -0.00620152 0.0101048 0.0455799
22 79 1 -0.360816 1.40547 0.000507826 0.0161466 9.08407e+06 3.79025e+07 1.71421e+07 3.13244e+06 0 3.10111e+07 0 3.79025e+07 3.10111e+07 1.71421e+07 3.13244e+06 0.00774698 -0.00641644 -0.000261823 0.0121858 0.043819
16 79 2 -0.54979 1.68951 0.000362387 0.019969 1.8963e+07 7.91216e+07 3.57841e+07 6.53897e+06 0 6.47358e+07 0 7.91216e+07 6.47358e+07 3.57841e+07 6.53897e+06 0.00199317 -0.00766225 0.00571796 0.00536234 0.042626
13 80 0 -0.651576 1.30209 -0.00123538 0.0185061 8.18059e+06 3.41328e+07 1.54371e+07 2.82089e+06 0 2.79268e+07 0 3.41328e+07 2.79268e+07 1.54371e+07 2.82089e+06 0.00904317 -0.0203615 -0.00620152 0.0101048 0.0455799
21 80 1 -0.418259 1.04361 6.96647e-05 0.0133003 2.44642e+07 1.02075e+08 4.61651e+07 8.43594e+06 0 8.35158e+07 0 1.02075e+08 8.35158e+07 4.61651e+07 8.43594e+06 0.000523102 -0.00668255 0.00473871 0.0057633 0.0496694
22 80 2 -0.360816 1.40547 0.000507826 0.0161466 9.08407e+06 3.79025e+07 1.71421e+07 3.13244e+06 0 3.10111e+07 0 3.79025e+07 3.10111e+07 1.71421e+07 3.13244e+06 0.00774698 -0.00641644 -0.000261823 0.0121858 0.043819
35 81 0 0.0309641 0.287698 -0.00171394 0.00565389 6.19593e+06 2.5852e+07 1.1692e+07 2.13653e+06 0 2.11516e+07 0 2.5852e+07 2.11516e+07 1.1692e+07 2.13653e+06 0.00711431 0.0127259 -0.000228753 0.0114203 0.0830635
41 81 1 0.19121 0.562991 0.00160761 0.0112249 4.45168e+06 1.85743e+07 8.40053e+06 1.53506e+06 0 1.51971e+07 0 1.85743e+07 1.51971e+07 8.40053e+06 1.53506e+06 0.0158268 0.00505729 0.0110588 0.0163338 0.0667959
34 81 2 -0.054013 0.584016 -0.000995185 0.00825327 7.65392e+06 3.19353e+07 1.44433e+07 2.63928e+06 0 2.61289e+07 0 3.19353e+07 2.61289e+07 1.44433e+07 2.63928e+06 0.00736702 0.0217826 0.0118706 0.01404 0.06571
30 82 0 -0.142857 2.75539e-24 -3.61426e-27 5.48042e-26 7.06651e+06 2.94844e+07 1.33348e+07 2.43673e+06 0 2.41236e+07 0 2.94844e+07 2.41236e+07 1.33348e+07 2.43673e+06 0.000317762 0.00124071 -0.0161764 0.0194457 0.106417
35 82 1 0.0309641 0.287698 -0.00171394 0.00565389 6.19593e+06 2.5852e+07 1.1692e+07 2.13653e+06 0 2.11516e+07 0 2.5852e+07 2.11516e+07 1.1692e+07 2.13653e+06 0.00711431 0.0127259 -0.000228753 0.0114203 0.0830635
27 82 2 -0.280126 0.369128 -0.00298848 0.00411459 2.5609e+07 1.06851e+08 4.83253e+07 8.83067e+06 0 8.74237e+07 0 1.06851e+08 8.74237e+07 4.83253e+07 8.83067e+06 0.00115951 0.00113642 0.000533664 0.00373188 0.0766967
37 83 0 0.142857 2.69433e-24 -3.81994e-27 3.58829e-26 3.43158e+06 1.4318e+07 6.47556e+06 1.18331e+06 0 1.17147e+07 0 1.4318e+07 1.17147e+07 6.47556e+06 1.18331e+06 2.26715e-25 4.72346e-25 0.00359329 0.0229506 0.106552
44 83 1 0.428571 2.79843e-24 1.8652e-27 5.14766e-26 9.13462e+06 3.81134e+07 1.72374e+07 3.14987e+06 0 3.11837e+07 0 3.81134e+07 3.11837e+07 1.72374e+07 3.14987e+06 -1.97945e-25 -3.76008e-25 0.026667 0.0122281 0.104829
42 83 2 0.357177 0.328424 0.00404053 0.00673131 1.78339e+06 7.44103e+06 3.36533e+06 614961 0 6.08811e+06 0 7.44103e+06 6.08811e+06 3.36533e+06 614961 0.0265229 -0.0123254 0.00370426 0.0260842 0.0793154
22 84 0 -0.360816 1.40547 0.000507826 0.0161466 9.08407e+06 3.79025e+07 1.71421e+07 3.13244e+06 0 3.10111e+07 0 3.79025e+07 3.10111e+07 1.71421e+07 3.13244e+06 0.00774698 -0.00641644 -0.000261823 0.0121858 0.043819
17 84 1 -0.322621 1.7866 0.00184545 0.0203436 1.00488e+07 4.1928e+07 1.89626e+07 3.46512e+06 0 3.43047e+07 0 4.1928e+07 3.43047e+07 1.89626e+07 3.46512e+06 0.00688869 -0.000194255 0.00525943 0.0103477 0.0417747
16 84 2 -0.54979 1.68951 0.000362387 0.019969 1.8963e+07 7.91216e+07 3.57841e+07 6.53897e+06 0 6.47358e+07 0 7.91216e+07 6.47358e+07 3.57841e+07 6.53897e+06 0.00199317 -0.00766225 0.00571796 0.00536234 0.042626
31 85 0 0.216775 1.24585 0.00358197 0.0154064 1.87604e+07 7.82761e+07 3.54017e+07 6.4691e+06 0 6.40441e+07 0 7.82761e+07 6.40441e+07 3.54017e+07 6.4691e+06 0.00482784 -0.00201715 0.00321242 0.00416291 0.0459942
25 85 1 0.161923 1.56096 0.00438604 0.0178331 7.30818e+06 3.04928e+07 1.37909e+07 2.52006e+06 0 2.49486e+07 0 3.04928e+07 2.49486e+07 1.37909e+07 2.52006e+06 0.00827736 -0.00175114 0.00302398 0.0118228 0.0424367
24 85 2 -0.0845999 1.48783 0.00243604 0.0171533 9.19949e+06 3.83841e+07 1.73598e+07 3.17224e+06 0 3.14051e+07 0 3.83841e+07 3.14051e+07 1.73598e+07 3.17224e+06 0.00672953 0.00164112 0.00163637 0.0121613 0.0428564
36 86 0 0.134071 0.884927 0.00266234 0.0135155 1.42071e+07 5.92778e+07 2.68094e+07 4.89899e+06 0 4.85e+07 0 5.92778e+07 4.85e+07 2.68094e+07 4.89899e+06 0.00590357 0.00138385 -0.000572199 0.00569131 0.0542151
31 86 1 0.216775 1.24585 0.00358197 0.0154064 1.87604e+07 7.82761e+07 3.54017e+07 6.4691e+06 0 6.40441e+07 0 7.82761e+07 6.40441e+07 3.54017e+07 6.4691e+06 0.00482784 -0.00201715 0.00321242 0.00416291 0.0459942
29 86 2 -0.11175 1.14126 0.00167269 0.0144545 1.89235e+07 7.89565e+07 3.57094e+07 6.52533e+06 0 6.46008e+07 0 7.89565e+07 6.46008e+07 3.57094e+07 6.52533e+06 0.00465321 0.00247854 0.00297444 0.00533937 0.0476668
39 87 0 0.467012 1.01382 0.00432123 0.0129991 1.8619e+07 7.76862e+07 3.51349e+07 6.42035e+06 0 6.35614e+07 0 7.76862e+07 6.35614e+07 3.51349e+07 6.42035e+06 0.0035939 -0.0070745 -0.000501954 0.00678208 0.0507719
38 87 1 0.59896 1.30771 0.00565689 0.0143032 1.54209e+07 6.43423e+07 2.90999e+07 5.31755e+06 0 5.26437e+07 0 6.43423e+07 5.26437e+07 2.90999e+07 5.31755e+06 0.00454971 -0.00569678 0.0059352 0.00782641 0.0458519
31 87 2 0.216775 1.24585 0.00358197 0.0154064 1.87604e+07 7.82761e+07 3.54017e+07 6.4691e+06 0 6.40441e+07 0 7.82761e+07 6.40441e+07 3.54017e+07 6.4691e+06 0.00482784 -0.00201715 0.00321242 0.00416291 0.0459942
18 88 0 0.00980421 1.82104 0.00420016 0.0205849 1.25522e+07 5.2373e+07 2.36866e+07 4.32835e+06 0 4.28507e+07 0 5.2373e+07 4.28507e+07 2.36866e+07 4.32835e+06 0.00618468 -0.00025945 0.00529337 0.00804449 0.0414711
17 88 1 -0.322621 1.7866 0.00184545 0.0203436 1.00488e+07 4.1928e+07 1.89626e+07 3.46512e+06 0 3.43047e+07 0 4.1928e+07 3.43047e+07 1.89626e+07 3.46512e+06 0.00688869 -0.000194255 0.00525943 0.0103477 0.0417747
24 88 2 -0.0845999 1.48783 0.00243604 0.0171533 9.19949e+06 3.83841e+07 1.73598e+07 3.17224e+06 0 3.14051e+07 0 3.83841e+07 3.14051e+07 1.73598e+07 3.17224e+06 0.00672953 0.00164112 0.00163637 0.0121613 0.0428564
