Index_Vertex nbTriangle nbInTr x y ux uy Elast AR BR IR GR ER FR A1 A2 B12 C3 Defxx Defxy Defyx Defyy Density 
26 0 0 -0.178452 1.95933 0.000566738 0.0181011 9.82694e+06 4.10021e+07 1.85439e+07 3.3886e+06 0 3.35471e+07 0 4.10021e+07 3.35471e+07 1.85439e+07 3.3886e+06 0.00777031 -0.0013546 0.0017737 0.00997098 0.0242856
34 0 1 0.17838 2.01423 0.00270224 0.0164872 1.76153e+07 7.34984e+07 3.32409e+07 6.07424e+06 0 6.0135e+07 0 7.34984e+07 6.0135e+07 3.32409e+07 6.07424e+06 0.00451882 -0.0106387 -0.00142562 0.00485483 0.0241744
25 0 2 -0.0851525 2.32596 0.00252235 0.0210741 1.24568e+07 5.1975e+07 2.35066e+07 4.29546e+06 0 4.2525e+07 0 5.1975e+07 4.2525e+07 2.35066e+07 4.29546e+06 0.00374604 -0.012697 0.0059637 0.00982282 0.0233672
34 1 0 0.17838 2.01423 0.00270224 0.0164872 1.76153e+07 7.34984e+07 3.32409e+07 6.07424e+06 0 6.0135e+07 0 7.34984e+07 6.0135e+07 3.32409e+07 6.07424e+06 0.00451882 -0.0106387 -0.00142562 0.00485483 0.0241744
37 1 1 0.441236 2.27378 0.00519444 0.0172946 1.35378e+07 5.64852e+07 2.55464e+07 4.6682e+06 0 4.62152e+07 0 5.64852e+07 4.62152e+07 2.55464e+07 4.6682e+06 0.00422694 -0.00185705 0.00990286 0.00802419 0.0238875
28 1 2 0.179321 2.31278 0.00410316 0.0195489 5.68851e+06 2.37348e+07 1.07345e+07 1.96156e+06 0 1.94194e+07 0 2.37348e+07 1.94194e+07 1.07345e+07 1.96156e+06 0.00792128 -0.00356727 0.00847335 0.0154174 0.0235291
32 2 0 -0.533309 1.41732 -0.0010899 0.0129622 1.57144e+07 6.55671e+07 2.96538e+07 5.41877e+06 0 5.36458e+07 0 6.55671e+07 5.36458e+07 2.96538e+07 5.41877e+06 0.00513579 -0.00447512 -0.00277316 0.00561289 0.0293431
30 2 1 -0.57438 1.06789 -0.00126453 0.0114843 3.56702e+07 1.48831e+08 6.73113e+07 1.23001e+07 0 1.21771e+08 0 1.48831e+08 1.21771e+08 6.73113e+07 1.23001e+07 0.00148907 0.00211506 0.00327278 0.00171992 0.0356099
40 2 2 -0.204391 1.18402 0.000191971 0.0110231 2.11552e+07 8.82684e+07 3.99209e+07 7.29491e+06 0 7.22196e+07 0 8.82684e+07 7.22196e+07 3.99209e+07 7.29491e+06 0.00317424 -0.000152159 0.00278951 0.0049871 0.0337864
27 3 0 -0.542996 1.79885 -0.002275 0.0167855 7.07237e+06 2.95088e+07 1.33459e+07 2.43875e+06 0 2.41436e+07 0 2.95088e+07 2.41436e+07 1.33459e+07 2.43875e+06 0.00728734 -0.00182357 -0.00375621 0.0135036 0.0255064
32 3 1 -0.533309 1.41732 -0.0010899 0.0129622 1.57144e+07 6.55671e+07 2.96538e+07 5.41877e+06 0 5.36458e+07 0 6.55671e+07 5.36458e+07 2.96538e+07 5.41877e+06 0.00513579 -0.00447512 -0.00277316 0.00561289 0.0293431
35 3 2 -0.243823 1.58008 0.000333894 0.0138551 9.65627e+06 4.029e+07 1.82218e+07 3.32975e+06 0 3.29645e+07 0 4.029e+07 3.29645e+07 1.82218e+07 3.32975e+06 0.00711106 -0.00699025 -0.00104881 0.00860246 0.0273698
23 4 0 -0.831161 1.63136 -0.00340066 0.0157803 1.28311e+07 5.35368e+07 2.42129e+07 4.42453e+06 0 4.38029e+07 0 5.35368e+07 4.38029e+07 2.42129e+07 4.42453e+06 0.00451592 -0.00349961 -0.00310962 0.0076575 0.0270799
11 4 1 -1.08785 1.45003 -0.00424855 0.0143538 1.91121e+07 7.97437e+07 3.60654e+07 6.59038e+06 0 6.52448e+07 0 7.97437e+07 6.52448e+07 3.60654e+07 6.59038e+06 0.00152001 0.00613137 -0.00101645 0.00722226 0.0291504
22 4 2 -0.84313 1.2583 -0.00242909 0.0125615 7.79825e+06 3.25375e+07 1.47157e+07 2.68905e+06 0 2.66216e+07 0 3.25375e+07 2.66216e+07 1.47157e+07 2.68905e+06 0.00956216 -0.00383634 -0.00248993 0.0103783 0.0314231
3 5 0 -1.46271 0.281686 -0.0130756 -0.000369036 1.91883e+06 8.00615e+06 3.62092e+06 661666 0 6.55049e+06 0 8.00615e+06 6.55049e+06 3.62092e+06 661666 0.0246267 0.00316848 -0.0119557 0.0312351 0.0457144
9 5 1 -1.10764 0.343633 -0.00825866 0.00267706 8.06256e+06 3.36403e+07 1.52144e+07 2.78019e+06 0 2.75239e+07 0 3.36403e+07 2.75239e+07 1.52144e+07 2.78019e+06 0.00400241 0.00586886 0.00337779 0.0153095 0.0520853
1 5 2 -1.34268 0.547488 -0.0100873 0.00596196 6.47658e+06 2.7023e+07 1.22216e+07 2.2333e+06 0 2.21097e+07 0 2.7023e+07 2.21097e+07 1.22216e+07 2.2333e+06 0.0132659 -0.00364671 0.011747 0.0131976 0.0422086
9 6 0 -1.10764 0.343633 -0.00825866 0.00267706 8.06256e+06 3.36403e+07 1.52144e+07 2.78019e+06 0 2.75239e+07 0 3.36403e+07 2.75239e+07 1.52144e+07 2.78019e+06 0.00400241 0.00586886 0.00337779 0.0153095 0.0520853
5 6 1 -1.24042 0.125944 -0.00655956 -0.00149585 8.68577e+06 3.62406e+07 1.63904e+07 2.99509e+06 0 2.96514e+07 0 3.62406e+07 2.96514e+07 1.63904e+07 2.99509e+06 0.00743363 0.015556 -0.0259639 0.00996008 0.0537978
13 6 2 -1 2.34028e-24 -9.04617e-27 3.5546e-26 1.05588e+07 4.40558e+07 1.9925e+07 3.64097e+06 0 3.60456e+07 0 4.40558e+07 3.60456e+07 1.9925e+07 3.64097e+06 0.0064371 0.00905387 -0.0454196 0.00725427 0.072726
20 7 0 -0.827844 0.542119 -0.00616779 0.00597868 1.47065e+07 6.13618e+07 2.77519e+07 5.07122e+06 0 5.02051e+07 0 6.13618e+07 5.02051e+07 2.77519e+07 5.07122e+06 0.000855189 0.00931115 0.00930387 0.00776737 0.0499539
9 7 1 -1.10764 0.343633 -0.00825866 0.00267706 8.06256e+06 3.36403e+07 1.52144e+07 2.78019e+06 0 2.75239e+07 0 3.36403e+07 2.75239e+07 1.52144e+07 2.78019e+06 0.00400241 0.00586886 0.00337779 0.0153095 0.0520853
21 7 2 -0.838756 0.250859 -0.00627187 0.00305481 1.46381e+07 6.10761e+07 2.76227e+07 5.04761e+06 0 4.99714e+07 0 6.10761e+07 4.99714e+07 2.76227e+07 5.04761e+06 0.00193862 0.00441794 -0.0138052 0.00921346 0.0636818
8 8 0 -1.07615 0.643571 -0.00712501 0.0066183 7.68417e+06 3.20616e+07 1.45004e+07 2.64972e+06 0 2.62322e+07 0 3.20616e+07 2.62322e+07 1.45004e+07 2.64972e+06 0.00827588 -0.00254279 0.0077647 0.0137156 0.0432333
1 8 1 -1.34268 0.547488 -0.0100873 0.00596196 6.47658e+06 2.7023e+07 1.22216e+07 2.2333e+06 0 2.21097e+07 0 2.7023e+07 2.21097e+07 1.22216e+07 2.2333e+06 0.0132659 -0.00364671 0.011747 0.0131976 0.0422086
9 8 2 -1.10764 0.343633 -0.00825866 0.00267706 8.06256e+06 3.36403e+07 1.52144e+07 2.78019e+06 0 2.75239e+07 0 3.36403e+07 2.75239e+07 1.52144e+07 2.78019e+06 0.00400241 0.00586886 0.00337779 0.0153095 0.0520853
31 9 0 -0.561555 0.340753 -0.00445748 0.00520532 1.46906e+06 6.12954e+06 2.77219e+06 506574 0 5.01508e+06 0 6.12954e+06 5.01508e+06 2.77219e+06 506574 0.0182278 0.00525123 -0.00105531 0.0191712 0.064171
24 9 1 -0.714286 3.75644e-24 -7.76186e-27 5.11715e-26 9.53193e+06 3.97712e+07 1.79872e+07 3.28687e+06 0 3.254e+07 0 3.97712e+07 3.254e+07 1.79872e+07 3.28687e+06 0.0024373 -0.00642646 -0.0340269 0.0141448 0.0871335
33 9 2 -0.428571 4.01415e-24 -2.10542e-28 4.39457e-26 9.56933e+06 3.99272e+07 1.80578e+07 3.29977e+06 0 3.26677e+07 0 3.99272e+07 3.26677e+07 1.80578e+07 3.29977e+06 -2.34438e-27 8.29923e-25 -0.0100697 0.0152098 0.0928403
8 10 0 -1.07615 0.643571 -0.00712501 0.0066183 7.68417e+06 3.20616e+07 1.45004e+07 2.64972e+06 0 2.62322e+07 0 3.20616e+07 2.62322e+07 1.45004e+07 2.64972e+06 0.00827588 -0.00254279 0.0077647 0.0137156 0.0432333
9 10 1 -1.10764 0.343633 -0.00825866 0.00267706 8.06256e+06 3.36403e+07 1.52144e+07 2.78019e+06 0 2.75239e+07 0 3.36403e+07 2.75239e+07 1.52144e+07 2.78019e+06 0.00400241 0.00586886 0.00337779 0.0153095 0.0520853
20 10 2 -0.827844 0.542119 -0.00616779 0.00597868 1.47065e+07 6.13618e+07 2.77519e+07 5.07122e+06 0 5.02051e+07 0 6.13618e+07 5.02051e+07 2.77519e+07 5.07122e+06 0.000855189 0.00931115 0.00930387 0.00776737 0.0499539
13 11 0 -1 2.34028e-24 -9.04617e-27 3.5546e-26 1.05588e+07 4.40558e+07 1.9925e+07 3.64097e+06 0 3.60456e+07 0 4.40558e+07 3.60456e+07 1.9925e+07 3.64097e+06 0.0064371 0.00905387 -0.0454196 0.00725427 0.072726
24 11 1 -0.714286 3.75644e-24 -7.76186e-27 5.11715e-26 9.53193e+06 3.97712e+07 1.79872e+07 3.28687e+06 0 3.254e+07 0 3.97712e+07 3.254e+07 1.79872e+07 3.28687e+06 0.0024373 -0.00642646 -0.0340269 0.0141448 0.0871335
21 11 2 -0.838756 0.250859 -0.00627187 0.00305481 1.46381e+07 6.10761e+07 2.76227e+07 5.04761e+06 0 4.99714e+07 0 6.10761e+07 4.99714e+07 2.76227e+07 5.04761e+06 0.00193862 0.00441794 -0.0138052 0.00921346 0.0636818
31 12 0 -0.561555 0.340753 -0.00445748 0.00520532 1.46906e+06 6.12954e+06 2.77219e+06 506574 0 5.01508e+06 0 6.12954e+06 5.01508e+06 2.77219e+06 506574 0.0182278 0.00525123 -0.00105531 0.0191712 0.064171
33 12 1 -0.428571 4.01415e-24 -2.10542e-28 4.39457e-26 9.56933e+06 3.99272e+07 1.80578e+07 3.29977e+06 0 3.26677e+07 0 3.99272e+07 3.26677e+07 1.80578e+07 3.29977e+06 -2.34438e-27 8.29923e-25 -0.0100697 0.0152098 0.0928403
41 12 2 -0.276271 0.264328 -0.0016126 0.00387116 1.09068e+07 4.55076e+07 2.05816e+07 3.76096e+06 0 3.72335e+07 0 4.55076e+07 3.72335e+07 2.05816e+07 3.76096e+06 0.0020541 -0.000748685 -0.00322839 0.0143946 0.0722949
21 13 0 -0.838756 0.250859 -0.00627187 0.00305481 1.46381e+07 6.10761e+07 2.76227e+07 5.04761e+06 0 4.99714e+07 0 6.10761e+07 4.99714e+07 2.76227e+07 5.04761e+06 0.00193862 0.00441794 -0.0138052 0.00921346 0.0636818
9 13 1 -1.10764 0.343633 -0.00825866 0.00267706 8.06256e+06 3.36403e+07 1.52144e+07 2.78019e+06 0 2.75239e+07 0 3.36403e+07 2.75239e+07 1.52144e+07 2.78019e+06 0.00400241 0.00586886 0.00337779 0.0153095 0.0520853
13 13 2 -1 2.34028e-24 -9.04617e-27 3.5546e-26 1.05588e+07 4.40558e+07 1.9925e+07 3.64097e+06 0 3.60456e+07 0 4.40558e+07 3.60456e+07 1.9925e+07 3.64097e+06 0.0064371 0.00905387 -0.0454196 0.00725427 0.072726
31 14 0 -0.561555 0.340753 -0.00445748 0.00520532 1.46906e+06 6.12954e+06 2.77219e+06 506574 0 5.01508e+06 0 6.12954e+06 5.01508e+06 2.77219e+06 506574 0.0182278 0.00525123 -0.00105531 0.0191712 0.064171
20 14 1 -0.827844 0.542119 -0.00616779 0.00597868 1.47065e+07 6.13618e+07 2.77519e+07 5.07122e+06 0 5.02051e+07 0 6.13618e+07 5.02051e+07 2.77519e+07 5.07122e+06 0.000855189 0.00931115 0.00930387 0.00776737 0.0499539
21 14 2 -0.838756 0.250859 -0.00627187 0.00305481 1.46381e+07 6.10761e+07 2.76227e+07 5.04761e+06 0 4.99714e+07 0 6.10761e+07 4.99714e+07 2.76227e+07 5.04761e+06 0.00193862 0.00441794 -0.0138052 0.00921346 0.0636818
24 15 0 -0.714286 3.75644e-24 -7.76186e-27 5.11715e-26 9.53193e+06 3.97712e+07 1.79872e+07 3.28687e+06 0 3.254e+07 0 3.97712e+07 3.254e+07 1.79872e+07 3.28687e+06 0.0024373 -0.00642646 -0.0340269 0.0141448 0.0871335
31 15 1 -0.561555 0.340753 -0.00445748 0.00520532 1.46906e+06 6.12954e+06 2.77219e+06 506574 0 5.01508e+06 0 6.12954e+06 5.01508e+06 2.77219e+06 506574 0.0182278 0.00525123 -0.00105531 0.0191712 0.064171
21 15 2 -0.838756 0.250859 -0.00627187 0.00305481 1.46381e+07 6.10761e+07 2.76227e+07 5.04761e+06 0 4.99714e+07 0 6.10761e+07 4.99714e+07 2.76227e+07 5.04761e+06 0.00193862 0.00441794 -0.0138052 0.00921346 0.0636818
41 16 0 -0.276271 0.264328 -0.0016126 0.00387116 1.09068e+07 4.55076e+07 2.05816e+07 3.76096e+06 0 3.72335e+07 0 4.55076e+07 3.72335e+07 2.05816e+07 3.76096e+06 0.0020541 -0.000748685 -0.00322839 0.0143946 0.0722949
39 16 1 -0.295455 0.566787 -0.00201848 0.00748796 1.4419e+07 6.0162e+07 2.72093e+07 4.97207e+06 0 4.92235e+07 0 6.0162e+07 4.92235e+07 2.72093e+07 4.97207e+06 0.00328993 -0.00670888 0.00459461 0.00936181 0.0542326
31 16 2 -0.561555 0.340753 -0.00445748 0.00520532 1.46906e+06 6.12954e+06 2.77219e+06 506574 0 5.01508e+06 0 6.12954e+06 5.01508e+06 2.77219e+06 506574 0.0182278 0.00525123 -0.00105531 0.0191712 0.064171
30 17 0 -0.57438 1.06789 -0.00126453 0.0114843 3.56702e+07 1.48831e+08 6.73113e+07 1.23001e+07 0 1.21771e+08 0 1.48831e+08 1.21771e+08 6.73113e+07 1.23001e+07 0.00148907 0.00211506 0.00327278 0.00171992 0.0356099
29 17 1 -0.592227 0.715293 -0.00308812 0.00993355 8.03432e+06 3.35225e+07 1.51611e+07 2.77045e+06 0 2.74275e+07 0 3.35225e+07 2.74275e+07 1.51611e+07 2.77045e+06 0.00876622 -0.00125856 0.00509294 0.00765227 0.0458902
38 17 2 -0.335464 0.883357 -0.000832277 0.0100456 2.06892e+07 8.63239e+07 3.90414e+07 7.1342e+06 0 7.06286e+07 0 8.63239e+07 7.06286e+07 3.90414e+07 7.1342e+06 0.00364921 -0.00572942 0.0023578 0.00540826 0.0414465
30 18 0 -0.57438 1.06789 -0.00126453 0.0114843 3.56702e+07 1.48831e+08 6.73113e+07 1.23001e+07 0 1.21771e+08 0 1.48831e+08 1.21771e+08 6.73113e+07 1.23001e+07 0.00148907 0.00211506 0.00327278 0.00171992 0.0356099
19 18 1 -0.903854 0.898172 -0.0035267 0.00928416 9.10034e+06 3.79704e+07 1.71728e+07 3.13805e+06 0 3.10667e+07 0 3.79704e+07 3.10667e+07 1.71728e+07 3.13805e+06 0.00809843 0.00702837 0.00711559 0.00783556 0.0381861
29 18 2 -0.592227 0.715293 -0.00308812 0.00993355 8.03432e+06 3.35225e+07 1.51611e+07 2.77045e+06 0 2.74275e+07 0 3.35225e+07 2.74275e+07 1.51611e+07 2.77045e+06 0.00876622 -0.00125856 0.00509294 0.00765227 0.0458902
40 19 0 -0.204391 1.18402 0.000191971 0.0110231 2.11552e+07 8.82684e+07 3.99209e+07 7.29491e+06 0 7.22196e+07 0 8.82684e+07 7.22196e+07 3.99209e+07 7.29491e+06 0.00317424 -0.000152159 0.00278951 0.0049871 0.0337864
30 19 1 -0.57438 1.06789 -0.00126453 0.0114843 3.56702e+07 1.48831e+08 6.73113e+07 1.23001e+07 0 1.21771e+08 0 1.48831e+08 1.21771e+08 6.73113e+07 1.23001e+07 0.00148907 0.00211506 0.00327278 0.00171992 0.0356099
38 19 2 -0.335464 0.883357 -0.000832277 0.0100456 2.06892e+07 8.63239e+07 3.90414e+07 7.1342e+06 0 7.06286e+07 0 8.63239e+07 7.06286e+07 3.90414e+07 7.1342e+06 0.00364921 -0.00572942 0.0023578 0.00540826 0.0414465
11 20 0 -1.08785 1.45003 -0.00424855 0.0143538 1.91121e+07 7.97437e+07 3.60654e+07 6.59038e+06 0 6.52448e+07 0 7.97437e+07 6.52448e+07 3.60654e+07 6.59038e+06 0.00152001 0.00613137 -0.00101645 0.00722226 0.0291504
4 20 1 -1.27264 1.59245 -0.00554298 0.0161367 4.10078e+06 1.71102e+07 7.73836e+06 1.41406e+06 0 1.39992e+07 0 1.71102e+07 1.39992e+07 7.73836e+06 1.41406e+06 0.0109213 -0.0122808 -0.00101838 0.00983634 0.0284861
7 20 2 -1.42491 1.36516 -0.00578441 0.0145914 1.2238e+07 5.10619e+07 2.30936e+07 4.21999e+06 0 4.17779e+07 0 5.10619e+07 4.17779e+07 2.30936e+07 4.21999e+06 0.00601362 -0.00726276 0.000450186 0.00779636 0.03087
19 21 0 -0.903854 0.898172 -0.0035267 0.00928416 9.10034e+06 3.79704e+07 1.71728e+07 3.13805e+06 0 3.10667e+07 0 3.79704e+07 3.10667e+07 1.71728e+07 3.13805e+06 0.00809843 0.00702837 0.00711559 0.00783556 0.0381861
22 21 1 -0.84313 1.2583 -0.00242909 0.0125615 7.79825e+06 3.25375e+07 1.47157e+07 2.68905e+06 0 2.66216e+07 0 3.25375e+07 2.66216e+07 1.47157e+07 2.68905e+06 0.00956216 -0.00383634 -0.00248993 0.0103783 0.0314231
14 21 2 -1.16648 1.13353 -0.00467279 0.0120229 1.38022e+07 5.75883e+07 2.60453e+07 4.75936e+06 0 4.71177e+07 0 5.75883e+07 4.71177e+07 2.60453e+07 4.75936e+06 0.0045988 0.00149889 0.00179207 0.00795043 0.0330606
23 22 0 -0.831161 1.63136 -0.00340066 0.0157803 1.28311e+07 5.35368e+07 2.42129e+07 4.42453e+06 0 4.38029e+07 0 5.35368e+07 4.38029e+07 2.42129e+07 4.42453e+06 0.00451592 -0.00349961 -0.00310962 0.0076575 0.0270799
12 22 1 -1.13077 1.82638 -0.00509624 0.0164086 2.33666e+07 9.74951e+07 4.40938e+07 8.05744e+06 0 7.97687e+07 0 9.74951e+07 7.97687e+07 4.40938e+07 8.05744e+06 0.00212256 -0.00619065 -0.00307291 0.003691 0.0266038
11 22 2 -1.08785 1.45003 -0.00424855 0.0143538 1.91121e+07 7.97437e+07 3.60654e+07 6.59038e+06 0 6.52448e+07 0 7.97437e+07 6.52448e+07 3.60654e+07 6.59038e+06 0.00152001 0.00613137 -0.00101645 0.00722226 0.0291504
1 23 0 -1.34268 0.547488 -0.0100873 0.00596196 6.47658e+06 2.7023e+07 1.22216e+07 2.2333e+06 0 2.21097e+07 0 2.7023e+07 2.21097e+07 1.22216e+07 2.2333e+06 0.0132659 -0.00364671 0.011747 0.0131976 0.0422086
0 23 1 -1.61654 0.593352 -0.0123841 0.00861402 7.56013e+06 3.1544e+07 1.42663e+07 2.60694e+06 0 2.58087e+07 0 3.1544e+07 2.58087e+07 1.42663e+07 2.60694e+06 0.00751003 -0.0112306 0.0121516 0.0136166 0.040232
3 23 2 -1.46271 0.281686 -0.0130756 -0.000369036 1.91883e+06 8.00615e+06 3.62092e+06 661666 0 6.55049e+06 0 8.00615e+06 6.55049e+06 3.62092e+06 661666 0.0246267 0.00316848 -0.0119557 0.0312351 0.0457144
5 24 0 -1.24042 0.125944 -0.00655956 -0.00149585 8.68577e+06 3.62406e+07 1.63904e+07 2.99509e+06 0 2.96514e+07 0 3.62406e+07 2.96514e+07 1.63904e+07 2.99509e+06 0.00743363 0.015556 -0.0259639 0.00996008 0.0537978
9 24 1 -1.10764 0.343633 -0.00825866 0.00267706 8.06256e+06 3.36403e+07 1.52144e+07 2.78019e+06 0 2.75239e+07 0 3.36403e+07 2.75239e+07 1.52144e+07 2.78019e+06 0.00400241 0.00586886 0.00337779 0.0153095 0.0520853
3 24 2 -1.46271 0.281686 -0.0130756 -0.000369036 1.91883e+06 8.00615e+06 3.62092e+06 661666 0 6.55049e+06 0 8.00615e+06 6.55049e+06 3.62092e+06 661666 0.0246267 0.00316848 -0.0119557 0.0312351 0.0457144
8 25 0 -1.07615 0.643571 -0.00712501 0.0066183 7.68417e+06 3.20616e+07 1.45004e+07 2.64972e+06 0 2.62322e+07 0 3.20616e+07 2.62322e+07 1.45004e+07 2.64972e+06 0.00827588 -0.00254279 0.0077647 0.0137156 0.0432333
10 25 1 -1.27559 0.84772 -0.00680534 0.0094948 1.05415e+07 4.39834e+07 1.98922e+07 3.63499e+06 0 3.59864e+07 0 4.39834e+07 3.59864e+07 1.98922e+07 3.63499e+06 0.00678561 -0.00166934 0.00881849 0.0103823 0.037536
1 25 2 -1.34268 0.547488 -0.0100873 0.00596196 6.47658e+06 2.7023e+07 1.22216e+07 2.2333e+06 0 2.21097e+07 0 2.7023e+07 2.21097e+07 1.22216e+07 2.2333e+06 0.0132659 -0.00364671 0.011747 0.0131976 0.0422086
29 26 0 -0.592227 0.715293 -0.00308812 0.00993355 8.03432e+06 3.35225e+07 1.51611e+07 2.77045e+06 0 2.74275e+07 0 3.35225e+07 2.74275e+07 1.51611e+07 2.77045e+06 0.00876622 -0.00125856 0.00509294 0.00765227 0.0458902
19 26 1 -0.903854 0.898172 -0.0035267 0.00928416 9.10034e+06 3.79704e+07 1.71728e+07 3.13805e+06 0 3.10667e+07 0 3.79704e+07 3.10667e+07 1.71728e+07 3.13805e+06 0.00809843 0.00702837 0.00711559 0.00783556 0.0381861
20 26 2 -0.827844 0.542119 -0.00616779 0.00597868 1.47065e+07 6.13618e+07 2.77519e+07 5.07122e+06 0 5.02051e+07 0 6.13618e+07 5.02051e+07 2.77519e+07 5.07122e+06 0.000855189 0.00931115 0.00930387 0.00776737 0.0499539
10 27 0 -1.27559 0.84772 -0.00680534 0.0094948 1.05415e+07 4.39834e+07 1.98922e+07 3.63499e+06 0 3.59864e+07 0 4.39834e+07 3.59864e+07 1.98922e+07 3.63499e+06 0.00678561 -0.00166934 0.00881849 0.0103823 0.037536
2 27 1 -1.56334 0.853185 -0.00904786 0.0113488 8.24109e+06 3.43852e+07 1.55513e+07 2.84175e+06 0 2.81334e+07 0 3.43852e+07 2.81334e+07 1.55513e+07 2.84175e+06 0.00917059 -0.0108063 0.0106196 0.0112582 0.0370577
1 27 2 -1.34268 0.547488 -0.0100873 0.00596196 6.47658e+06 2.7023e+07 1.22216e+07 2.2333e+06 0 2.21097e+07 0 2.7023e+07 2.21097e+07 1.22216e+07 2.2333e+06 0.0132659 -0.00364671 0.011747 0.0131976 0.0422086
50 28 0 0.000963833 0.38402 -0.00124079 0.00514463 1.24989e+07 5.21507e+07 2.35861e+07 4.30998e+06 0 4.26688e+07 0 5.21507e+07 4.26688e+07 2.35861e+07 4.30998e+06 -0.000639861 -0.00100477 -0.000141446 0.0104611 0.0651356
41 28 1 -0.276271 0.264328 -0.0016126 0.00387116 1.09068e+07 4.55076e+07 2.05816e+07 3.76096e+06 0 3.72335e+07 0 4.55076e+07 3.72335e+07 2.05816e+07 3.76096e+06 0.0020541 -0.000748685 -0.00322839 0.0143946 0.0722949
42 28 2 -0.142857 3.89666e-24 -1.61205e-27 5.59974e-26 1.06648e+07 4.4498e+07 2.0125e+07 3.67752e+06 0 3.64075e+07 0 4.4498e+07 3.64075e+07 2.0125e+07 3.67752e+06 -4.56711e-26 7.55956e-25 -0.00598449 0.0157295 0.095156
23 29 0 -0.831161 1.63136 -0.00340066 0.0157803 1.28311e+07 5.35368e+07 2.42129e+07 4.42453e+06 0 4.38029e+07 0 5.35368e+07 4.38029e+07 2.42129e+07 4.42453e+06 0.00451592 -0.00349961 -0.00310962 0.0076575 0.0270799
22 29 1 -0.84313 1.2583 -0.00242909 0.0125615 7.79825e+06 3.25375e+07 1.47157e+07 2.68905e+06 0 2.66216e+07 0 3.25375e+07 2.66216e+07 1.47157e+07 2.68905e+06 0.00956216 -0.00383634 -0.00248993 0.0103783 0.0314231
32 29 2 -0.533309 1.41732 -0.0010899 0.0129622 1.57144e+07 6.55671e+07 2.96538e+07 5.41877e+06 0 5.36458e+07 0 6.55671e+07 5.36458e+07 2.96538e+07 5.41877e+06 0.00513579 -0.00447512 -0.00277316 0.00561289 0.0293431
10 30 0 -1.27559 0.84772 -0.00680534 0.0094948 1.05415e+07 4.39834e+07 1.98922e+07 3.63499e+06 0 3.59864e+07 0 4.39834e+07 3.59864e+07 1.98922e+07 3.63499e+06 0.00678561 -0.00166934 0.00881849 0.0103823 0.037536
19 30 1 -0.903854 0.898172 -0.0035267 0.00928416 9.10034e+06 3.79704e+07 1.71728e+07 3.13805e+06 0 3.10667e+07 0 3.79704e+07 3.10667e+07 1.71728e+07 3.13805e+06 0.00809843 0.00702837 0.00711559 0.00783556 0.0381861
14 30 2 -1.16648 1.13353 -0.00467279 0.0120229 1.38022e+07 5.75883e+07 2.60453e+07 4.75936e+06 0 4.71177e+07 0 5.75883e+07 4.71177e+07 2.60453e+07 4.75936e+06 0.0045988 0.00149889 0.00179207 0.00795043 0.0330606
8 31 0 -1.07615 0.643571 -0.00712501 0.0066183 7.68417e+06 3.20616e+07 1.45004e+07 2.64972e+06 0 2.62322e+07 0 3.20616e+07 2.62322e+07 1.45004e+07 2.64972e+06 0.00827588 -0.00254279 0.0077647 0.0137156 0.0432333
20 31 1 -0.827844 0.542119 -0.00616779 0.00597868 1.47065e+07 6.13618e+07 2.77519e+07 5.07122e+06 0 5.02051e+07 0 6.13618e+07 5.02051e+07 2.77519e+07 5.07122e+06 0.000855189 0.00931115 0.00930387 0.00776737 0.0499539
19 31 2 -0.903854 0.898172 -0.0035267 0.00928416 9.10034e+06 3.79704e+07 1.71728e+07 3.13805e+06 0 3.10667e+07 0 3.79704e+07 3.10667e+07 1.71728e+07 3.13805e+06 0.00809843 0.00702837 0.00711559 0.00783556 0.0381861
10 32 0 -1.27559 0.84772 -0.00680534 0.0094948 1.05415e+07 4.39834e+07 1.98922e+07 3.63499e+06 0 3.59864e+07 0 4.39834e+07 3.59864e+07 1.98922e+07 3.63499e+06 0.00678561 -0.00166934 0.00881849 0.0103823 0.037536
14 32 1 -1.16648 1.13353 -0.00467279 0.0120229 1.38022e+07 5.75883e+07 2.60453e+07 4.75936e+06 0 4.71177e+07 0 5.75883e+07 4.71177e+07 2.60453e+07 4.75936e+06 0.0045988 0.00149889 0.00179207 0.00795043 0.0330606
6 32 2 -1.49897 1.11048 -0.0066659 0.0131774 1.10622e+07 4.61563e+07 2.0875e+07 3.81457e+06 0 3.77642e+07 0 4.61563e+07 3.77642e+07 2.0875e+07 3.81457e+06 0.00689849 -0.00960633 0.00387581 0.00806235 0.0336442
0 33 0 -1.61654 0.593352 -0.0123841 0.00861402 7.56013e+06 3.1544e+07 1.42663e+07 2.60694e+06 0 2.58087e+07 0 3.1544e+07 2.58087e+07 1.42663e+07 2.60694e+06 0.00751003 -0.0112306 0.0121516 0.0136166 0.040232
1 33 1 -1.34268 0.547488 -0.0100873 0.00596196 6.47658e+06 2.7023e+07 1.22216e+07 2.2333e+06 0 2.21097e+07 0 2.7023e+07 2.21097e+07 1.22216e+07 2.2333e+06 0.0132659 -0.00364671 0.011747 0.0131976 0.0422086
2 33 2 -1.56334 0.853185 -0.00904786 0.0113488 8.24109e+06 3.43852e+07 1.55513e+07 2.84175e+06 0 2.81334e+07 0 3.43852e+07 2.81334e+07 1.55513e+07 2.84175e+06 0.00917059 -0.0108063 0.0106196 0.0112582 0.0370577
8 34 0 -1.07615 0.643571 -0.00712501 0.0066183 7.68417e+06 3.20616e+07 1.45004e+07 2.64972e+06 0 2.62322e+07 0 3.20616e+07 2.62322e+07 1.45004e+07 2.64972e+06 0.00827588 -0.00254279 0.0077647 0.0137156 0.0432333
19 34 1 -0.903854 0.898172 -0.0035267 0.00928416 9.10034e+06 3.79704e+07 1.71728e+07 3.13805e+06 0 3.10667e+07 0 3.79704e+07 3.10667e+07 1.71728e+07 3.13805e+06 0.00809843 0.00702837 0.00711559 0.00783556 0.0381861
10 34 2 -1.27559 0.84772 -0.00680534 0.0094948 1.05415e+07 4.39834e+07 1.98922e+07 3.63499e+06 0 3.59864e+07 0 4.39834e+07 3.59864e+07 1.98922e+07 3.63499e+06 0.00678561 -0.00166934 0.00881849 0.0103823 0.037536
11 35 0 -1.08785 1.45003 -0.00424855 0.0143538 1.91121e+07 7.97437e+07 3.60654e+07 6.59038e+06 0 6.52448e+07 0 7.97437e+07 6.52448e+07 3.60654e+07 6.59038e+06 0.00152001 0.00613137 -0.00101645 0.00722226 0.0291504
7 35 1 -1.42491 1.36516 -0.00578441 0.0145914 1.2238e+07 5.10619e+07 2.30936e+07 4.21999e+06 0 4.17779e+07 0 5.10619e+07 4.17779e+07 2.30936e+07 4.21999e+06 0.00601362 -0.00726276 0.000450186 0.00779636 0.03087
14 35 2 -1.16648 1.13353 -0.00467279 0.0120229 1.38022e+07 5.75883e+07 2.60453e+07 4.75936e+06 0 4.71177e+07 0 5.75883e+07 4.71177e+07 2.60453e+07 4.75936e+06 0.0045988 0.00149889 0.00179207 0.00795043 0.0330606
22 36 0 -0.84313 1.2583 -0.00242909 0.0125615 7.79825e+06 3.25375e+07 1.47157e+07 2.68905e+06 0 2.66216e+07 0 3.25375e+07 2.66216e+07 1.47157e+07 2.68905e+06 0.00956216 -0.00383634 -0.00248993 0.0103783 0.0314231
19 36 1 -0.903854 0.898172 -0.0035267 0.00928416 9.10034e+06 3.79704e+07 1.71728e+07 3.13805e+06 0 3.10667e+07 0 3.79704e+07 3.10667e+07 1.71728e+07 3.13805e+06 0.00809843 0.00702837 0.00711559 0.00783556 0.0381861
30 36 2 -0.57438 1.06789 -0.00126453 0.0114843 3.56702e+07 1.48831e+08 6.73113e+07 1.23001e+07 0 1.21771e+08 0 1.48831e+08 1.21771e+08 6.73113e+07 1.23001e+07 0.00148907 0.00211506 0.00327278 0.00171992 0.0356099
32 37 0 -0.533309 1.41732 -0.0010899 0.0129622 1.57144e+07 6.55671e+07 2.96538e+07 5.41877e+06 0 5.36458e+07 0 6.55671e+07 5.36458e+07 2.96538e+07 5.41877e+06 0.00513579 -0.00447512 -0.00277316 0.00561289 0.0293431
22 37 1 -0.84313 1.2583 -0.00242909 0.0125615 7.79825e+06 3.25375e+07 1.47157e+07 2.68905e+06 0 2.66216e+07 0 3.25375e+07 2.66216e+07 1.47157e+07 2.68905e+06 0.00956216 -0.00383634 -0.00248993 0.0103783 0.0314231
30 37 2 -0.57438 1.06789 -0.00126453 0.0114843 3.56702e+07 1.48831e+08 6.73113e+07 1.23001e+07 0 1.21771e+08 0 1.48831e+08 1.21771e+08 6.73113e+07 1.23001e+07 0.00148907 0.00211506 0.00327278 0.00171992 0.0356099
11 38 0 -1.08785 1.45003 -0.00424855 0.0143538 1.91121e+07 7.97437e+07 3.60654e+07 6.59038e+06 0 6.52448e+07 0 7.97437e+07 6.52448e+07 3.60654e+07 6.59038e+06 0.00152001 0.00613137 -0.00101645 0.00722226 0.0291504
14 38 1 -1.16648 1.13353 -0.00467279 0.0120229 1.38022e+07 5.75883e+07 2.60453e+07 4.75936e+06 0 4.71177e+07 0 5.75883e+07 4.71177e+07 2.60453e+07 4.75936e+06 0.0045988 0.00149889 0.00179207 0.00795043 0.0330606
22 38 2 -0.84313 1.2583 -0.00242909 0.0125615 7.79825e+06 3.25375e+07 1.47157e+07 2.68905e+06 0 2.66216e+07 0 3.25375e+07 2.66216e+07 1.47157e+07 2.68905e+06 0.00956216 -0.00383634 -0.00248993 0.0103783 0.0314231
6 39 0 -1.49897 1.11048 -0.0066659 0.0131774 1.10622e+07 4.61563e+07 2.0875e+07 3.81457e+06 0 3.77642e+07 0 4.61563e+07 3.77642e+07 2.0875e+07 3.81457e+06 0.00689849 -0.00960633 0.00387581 0.00806235 0.0336442
14 39 1 -1.16648 1.13353 -0.00467279 0.0120229 1.38022e+07 5.75883e+07 2.60453e+07 4.75936e+06 0 4.71177e+07 0 5.75883e+07 4.71177e+07 2.60453e+07 4.75936e+06 0.0045988 0.00149889 0.00179207 0.00795043 0.0330606
7 39 2 -1.42491 1.36516 -0.00578441 0.0145914 1.2238e+07 5.10619e+07 2.30936e+07 4.21999e+06 0 4.17779e+07 0 5.10619e+07 4.17779e+07 2.30936e+07 4.21999e+06 0.00601362 -0.00726276 0.000450186 0.00779636 0.03087
6 40 0 -1.49897 1.11048 -0.0066659 0.0131774 1.10622e+07 4.61563e+07 2.0875e+07 3.81457e+06 0 3.77642e+07 0 4.61563e+07 3.77642e+07 2.0875e+07 3.81457e+06 0.00689849 -0.00960633 0.00387581 0.00806235 0.0336442
2 40 1 -1.56334 0.853185 -0.00904786 0.0113488 8.24109e+06 3.43852e+07 1.55513e+07 2.84175e+06 0 2.81334e+07 0 3.43852e+07 2.81334e+07 1.55513e+07 2.84175e+06 0.00917059 -0.0108063 0.0106196 0.0112582 0.0370577
10 40 2 -1.27559 0.84772 -0.00680534 0.0094948 1.05415e+07 4.39834e+07 1.98922e+07 3.63499e+06 0 3.59864e+07 0 4.39834e+07 3.59864e+07 1.98922e+07 3.63499e+06 0.00678561 -0.00166934 0.00881849 0.0103823 0.037536
41 41 0 -0.276271 0.264328 -0.0016126 0.00387116 1.09068e+07 4.55076e+07 2.05816e+07 3.76096e+06 0 3.72335e+07 0 4.55076e+07 3.72335e+07 2.05816e+07 3.76096e+06 0.0020541 -0.000748685 -0.00322839 0.0143946 0.0722949
33 41 1 -0.428571 4.01415e-24 -2.10542e-28 4.39457e-26 9.56933e+06 3.99272e+07 1.80578e+07 3.29977e+06 0 3.26677e+07 0 3.99272e+07 3.26677e+07 1.80578e+07 3.29977e+06 -2.34438e-27 8.29923e-25 -0.0100697 0.0152098 0.0928403
42 41 2 -0.142857 3.89666e-24 -1.61205e-27 5.59974e-26 1.06648e+07 4.4498e+07 2.0125e+07 3.67752e+06 0 3.64075e+07 0 4.4498e+07 3.64075e+07 2.0125e+07 3.67752e+06 -4.56711e-26 7.55956e-25 -0.00598449 0.0157295 0.095156
47 42 0 -0.0511844 0.803525 -7.16549e-05 0.00911204 2.07178e+07 8.64432e+07 3.90954e+07 7.14407e+06 0 7.07263e+07 0 8.64432e+07 7.07263e+07 3.90954e+07 7.14407e+06 0.00181923 0.000926879 0.00699892 0.00613516 0.0448182
39 42 1 -0.295455 0.566787 -0.00201848 0.00748796 1.4419e+07 6.0162e+07 2.72093e+07 4.97207e+06 0 4.92235e+07 0 6.0162e+07 4.92235e+07 2.72093e+07 4.97207e+06 0.00328993 -0.00670888 0.00459461 0.00936181 0.0542326
50 42 2 0.000963833 0.38402 -0.00124079 0.00514463 1.24989e+07 5.21507e+07 2.35861e+07 4.30998e+06 0 4.26688e+07 0 5.21507e+07 4.26688e+07 2.35861e+07 4.30998e+06 -0.000639861 -0.00100477 -0.000141446 0.0104611 0.0651356
39 43 0 -0.295455 0.566787 -0.00201848 0.00748796 1.4419e+07 6.0162e+07 2.72093e+07 4.97207e+06 0 4.92235e+07 0 6.0162e+07 4.92235e+07 2.72093e+07 4.97207e+06 0.00328993 -0.00670888 0.00459461 0.00936181 0.0542326
29 43 1 -0.592227 0.715293 -0.00308812 0.00993355 8.03432e+06 3.35225e+07 1.51611e+07 2.77045e+06 0 2.74275e+07 0 3.35225e+07 2.74275e+07 1.51611e+07 2.77045e+06 0.00876622 -0.00125856 0.00509294 0.00765227 0.0458902
31 43 2 -0.561555 0.340753 -0.00445748 0.00520532 1.46906e+06 6.12954e+06 2.77219e+06 506574 0 5.01508e+06 0 6.12954e+06 5.01508e+06 2.77219e+06 506574 0.0182278 0.00525123 -0.00105531 0.0191712 0.064171
23 44 0 -0.831161 1.63136 -0.00340066 0.0157803 1.28311e+07 5.35368e+07 2.42129e+07 4.42453e+06 0 4.38029e+07 0 5.35368e+07 4.38029e+07 2.42129e+07 4.42453e+06 0.00451592 -0.00349961 -0.00310962 0.0076575 0.0270799
16 44 1 -0.887209 2.01006 -0.00492429 0.0180107 2.04194e+07 8.51982e+07 3.85324e+07 7.04118e+06 0 6.97077e+07 0 8.51982e+07 6.97077e+07 3.85324e+07 7.04118e+06 0.00349977 0.00572102 -0.0037507 0.00445077 0.0253279
12 44 2 -1.13077 1.82638 -0.00509624 0.0164086 2.33666e+07 9.74951e+07 4.40938e+07 8.05744e+06 0 7.97687e+07 0 9.74951e+07 7.97687e+07 4.40938e+07 8.05744e+06 0.00212256 -0.00619065 -0.00307291 0.003691 0.0266038
4 45 0 -1.27264 1.59245 -0.00554298 0.0161367 4.10078e+06 1.71102e+07 7.73836e+06 1.41406e+06 0 1.39992e+07 0 1.71102e+07 1.39992e+07 7.73836e+06 1.41406e+06 0.0109213 -0.0122808 -0.00101838 0.00983634 0.0284861
11 45 1 -1.08785 1.45003 -0.00424855 0.0143538 1.91121e+07 7.97437e+07 3.60654e+07 6.59038e+06 0 6.52448e+07 0 7.97437e+07 6.52448e+07 3.60654e+07 6.59038e+06 0.00152001 0.00613137 -0.00101645 0.00722226 0.0291504
12 45 2 -1.13077 1.82638 -0.00509624 0.0164086 2.33666e+07 9.74951e+07 4.40938e+07 8.05744e+06 0 7.97687e+07 0 9.74951e+07 7.97687e+07 4.40938e+07 8.05744e+06 0.00212256 -0.00619065 -0.00307291 0.003691 0.0266038
43 46 0 0.507214 1.94128 0.00380031 0.0150767 2.12066e+07 8.84827e+07 4.00178e+07 7.31262e+06 0 7.2395e+07 0 8.84827e+07 7.2395e+07 4.00178e+07 7.31262e+06 0.0030287 0.000479825 -7.76018e-05 0.00504301 0.0249372
44 46 1 0.364453 1.64639 0.00322458 0.0140857 3.6978e+07 1.54288e+08 6.97792e+07 1.2751e+07 0 1.26235e+08 0 1.54288e+08 1.26235e+08 6.97792e+07 1.2751e+07 0.000596968 -0.000444685 0.0011734 0.00259576 0.0269963
53 46 2 0.746026 1.69296 0.00446682 0.0140145 1.95603e+07 8.16136e+07 3.69111e+07 6.74492e+06 0 6.67747e+07 0 8.16136e+07 6.67747e+07 3.69111e+07 6.74492e+06 0.00223374 0.0028103 -0.000303926 0.00623107 0.0270212
37 47 0 0.441236 2.27378 0.00519444 0.0172946 1.35378e+07 5.64852e+07 2.55464e+07 4.6682e+06 0 4.62152e+07 0 5.64852e+07 4.62152e+07 2.55464e+07 4.6682e+06 0.00422694 -0.00185705 0.00990286 0.00802419 0.0238875
43 47 1 0.507214 1.94128 0.00380031 0.0150767 2.12066e+07 8.84827e+07 4.00178e+07 7.31262e+06 0 7.2395e+07 0 8.84827e+07 7.2395e+07 4.00178e+07 7.31262e+06 0.0030287 0.000479825 -7.76018e-05 0.00504301 0.0249372
46 47 2 0.803886 2.0787 0.00513258 0.0168235 1.58769e+07 6.62449e+07 2.99604e+07 5.47478e+06 0 5.42003e+07 0 6.62449e+07 5.42003e+07 2.99604e+07 5.47478e+06 0.0040857 0.0139583 0.00280791 0.00581846 0.0251931
34 48 0 0.17838 2.01423 0.00270224 0.0164872 1.76153e+07 7.34984e+07 3.32409e+07 6.07424e+06 0 6.0135e+07 0 7.34984e+07 6.0135e+07 3.32409e+07 6.07424e+06 0.00451882 -0.0106387 -0.00142562 0.00485483 0.0241744
44 48 1 0.364453 1.64639 0.00322458 0.0140857 3.6978e+07 1.54288e+08 6.97792e+07 1.2751e+07 0 1.26235e+08 0 1.54288e+08 1.26235e+08 6.97792e+07 1.2751e+07 0.000596968 -0.000444685 0.0011734 0.00259576 0.0269963
43 48 2 0.507214 1.94128 0.00380031 0.0150767 2.12066e+07 8.84827e+07 4.00178e+07 7.31262e+06 0 7.2395e+07 0 8.84827e+07 7.2395e+07 4.00178e+07 7.31262e+06 0.0030287 0.000479825 -7.76018e-05 0.00504301 0.0249372
25 49 0 -0.0851525 2.32596 0.00252235 0.0210741 1.24568e+07 5.1975e+07 2.35066e+07 4.29546e+06 0 4.2525e+07 0 5.1975e+07 4.2525e+07 2.35066e+07 4.29546e+06 0.00374604 -0.012697 0.0059637 0.00982282 0.0233672
34 49 1 0.17838 2.01423 0.00270224 0.0164872 1.76153e+07 7.34984e+07 3.32409e+07 6.07424e+06 0 6.0135e+07 0 7.34984e+07 6.0135e+07 3.32409e+07 6.07424e+06 0.00451882 -0.0106387 -0.00142562 0.00485483 0.0241744
28 49 2 0.179321 2.31278 0.00410316 0.0195489 5.68851e+06 2.37348e+07 1.07345e+07 1.96156e+06 0 1.94194e+07 0 2.37348e+07 1.94194e+07 1.07345e+07 1.96156e+06 0.00792128 -0.00356727 0.00847335 0.0154174 0.0235291
36 50 0 0.0438725 1.72666 0.00233737 0.0145128 4.32778e+06 1.80573e+07 8.16671e+06 1.49234e+06 0 1.47741e+07 0 1.80573e+07 1.47741e+07 8.16671e+06 1.49234e+06 0.00509797 0.00169977 -0.000534909 0.0130578 0.025971
45 50 1 0.0561578 1.41492 0.00155591 0.0124215 2.88342e+07 1.20308e+08 5.44114e+07 9.94282e+06 0 9.84339e+07 0 1.20308e+08 9.84339e+07 5.44114e+07 9.94282e+06 0.00136683 0.0062517 0.00265108 0.00511232 0.0297568
44 50 2 0.364453 1.64639 0.00322458 0.0140857 3.6978e+07 1.54288e+08 6.97792e+07 1.2751e+07 0 1.26235e+08 0 1.54288e+08 1.26235e+08 6.97792e+07 1.2751e+07 0.000596968 -0.000444685 0.0011734 0.00259576 0.0269963
26 51 0 -0.178452 1.95933 0.000566738 0.0181011 9.82694e+06 4.10021e+07 1.85439e+07 3.3886e+06 0 3.35471e+07 0 4.10021e+07 3.35471e+07 1.85439e+07 3.3886e+06 0.00777031 -0.0013546 0.0017737 0.00997098 0.0242856
36 51 1 0.0438725 1.72666 0.00233737 0.0145128 4.32778e+06 1.80573e+07 8.16671e+06 1.49234e+06 0 1.47741e+07 0 1.80573e+07 1.47741e+07 8.16671e+06 1.49234e+06 0.00509797 0.00169977 -0.000534909 0.0130578 0.025971
34 51 2 0.17838 2.01423 0.00270224 0.0164872 1.76153e+07 7.34984e+07 3.32409e+07 6.07424e+06 0 6.0135e+07 0 7.34984e+07 6.0135e+07 3.32409e+07 6.07424e+06 0.00451882 -0.0106387 -0.00142562 0.00485483 0.0241744
26 52 0 -0.178452 1.95933 0.000566738 0.0181011 9.82694e+06 4.10021e+07 1.85439e+07 3.3886e+06 0 3.35471e+07 0 4.10021e+07 3.35471e+07 1.85439e+07 3.3886e+06 0.00777031 -0.0013546 0.0017737 0.00997098 0.0242856
35 52 1 -0.243823 1.58008 0.000333894 0.0138551 9.65627e+06 4.029e+07 1.82218e+07 3.32975e+06 0 3.29645e+07 0 4.029e+07 3.29645e+07 1.82218e+07 3.32975e+06 0.00711106 -0.00699025 -0.00104881 0.00860246 0.0273698
36 52 2 0.0438725 1.72666 0.00233737 0.0145128 4.32778e+06 1.80573e+07 8.16671e+06 1.49234e+06 0 1.47741e+07 0 1.80573e+07 1.47741e+07 8.16671e+06 1.49234e+06 0.00509797 0.00169977 -0.000534909 0.0130578 0.025971
17 53 0 -0.414179 2.02796 -0.00103267 0.0196033 1.30816e+07 5.45817e+07 2.46855e+07 4.51088e+06 0 4.46577e+07 0 5.45817e+07 4.46577e+07 2.46855e+07 4.51088e+06 0.000790229 -0.00112506 0.00152551 0.00684493 0.024143
27 53 1 -0.542996 1.79885 -0.002275 0.0167855 7.07237e+06 2.95088e+07 1.33459e+07 2.43875e+06 0 2.41436e+07 0 2.95088e+07 2.41436e+07 1.33459e+07 2.43875e+06 0.00728734 -0.00182357 -0.00375621 0.0135036 0.0255064
26 53 2 -0.178452 1.95933 0.000566738 0.0181011 9.82694e+06 4.10021e+07 1.85439e+07 3.3886e+06 0 3.35471e+07 0 4.10021e+07 3.35471e+07 1.85439e+07 3.3886e+06 0.00777031 -0.0013546 0.0017737 0.00997098 0.0242856
15 54 0 -0.348093 2.29462 0.000263537 0.0228979 5.12186e+06 2.13705e+07 9.66517e+06 1.76616e+06 0 1.7485e+07 0 2.13705e+07 1.7485e+07 9.66517e+06 1.76616e+06 0.0095801 -0.0159541 0.00562619 0.0220982 0.0234972
17 54 1 -0.414179 2.02796 -0.00103267 0.0196033 1.30816e+07 5.45817e+07 2.46855e+07 4.51088e+06 0 4.46577e+07 0 5.45817e+07 4.46577e+07 2.46855e+07 4.51088e+06 0.000790229 -0.00112506 0.00152551 0.00684493 0.024143
26 54 2 -0.178452 1.95933 0.000566738 0.0181011 9.82694e+06 4.10021e+07 1.85439e+07 3.3886e+06 0 3.35471e+07 0 4.10021e+07 3.35471e+07 1.85439e+07 3.3886e+06 0.00777031 -0.0013546 0.0017737 0.00997098 0.0242856
18 55 0 -0.623508 2.16344 -0.00423127 0.0232394 1.26115e+06 5.26203e+06 2.37984e+06 434878 0 4.30529e+06 0 5.26203e+06 4.30529e+06 2.37984e+06 434878 0.0247799 -0.0106747 -0.00923643 0.0286017 0.0242353
27 55 1 -0.542996 1.79885 -0.002275 0.0167855 7.07237e+06 2.95088e+07 1.33459e+07 2.43875e+06 0 2.41436e+07 0 2.95088e+07 2.41436e+07 1.33459e+07 2.43875e+06 0.00728734 -0.00182357 -0.00375621 0.0135036 0.0255064
17 55 2 -0.414179 2.02796 -0.00103267 0.0196033 1.30816e+07 5.45817e+07 2.46855e+07 4.51088e+06 0 4.46577e+07 0 5.45817e+07 4.46577e+07 2.46855e+07 4.51088e+06 0.000790229 -0.00112506 0.00152551 0.00684493 0.024143
40 56 0 -0.204391 1.18402 0.000191971 0.0110231 2.11552e+07 8.82684e+07 3.99209e+07 7.29491e+06 0 7.22196e+07 0 8.82684e+07 7.22196e+07 3.99209e+07 7.29491e+06 0.00317424 -0.000152159 0.00278951 0.0049871 0.0337864
51 56 1 0.200313 1.07812 0.00166008 0.011506 2.26395e+07 9.44613e+07 4.27217e+07 7.80672e+06 0 7.72865e+07 0 9.44613e+07 7.72865e+07 4.27217e+07 7.80672e+06 0.00536753 -7.01003e-05 -0.000912497 0.00242485 0.036535
45 56 2 0.0561578 1.41492 0.00155591 0.0124215 2.88342e+07 1.20308e+08 5.44114e+07 9.94282e+06 0 9.84339e+07 0 1.20308e+08 9.84339e+07 5.44114e+07 9.94282e+06 0.00136683 0.0062517 0.00265108 0.00511232 0.0297568
32 57 0 -0.533309 1.41732 -0.0010899 0.0129622 1.57144e+07 6.55671e+07 2.96538e+07 5.41877e+06 0 5.36458e+07 0 6.55671e+07 5.36458e+07 2.96538e+07 5.41877e+06 0.00513579 -0.00447512 -0.00277316 0.00561289 0.0293431
40 57 1 -0.204391 1.18402 0.000191971 0.0110231 2.11552e+07 8.82684e+07 3.99209e+07 7.29491e+06 0 7.22196e+07 0 8.82684e+07 7.22196e+07 3.99209e+07 7.29491e+06 0.00317424 -0.000152159 0.00278951 0.0049871 0.0337864
35 57 2 -0.243823 1.58008 0.000333894 0.0138551 9.65627e+06 4.029e+07 1.82218e+07 3.32975e+06 0 3.29645e+07 0 4.029e+07 3.29645e+07 1.82218e+07 3.32975e+06 0.00711106 -0.00699025 -0.00104881 0.00860246 0.0273698
65 58 0 0.628908 0.307787 0.00412675 0.00315118 1.1709e+07 4.88549e+07 2.20955e+07 4.0376e+06 0 3.99722e+07 0 4.88549e+07 3.99722e+07 2.20955e+07 4.0376e+06 0.00195732 -0.000658297 0.00837903 0.0126294 0.0652341
60 58 1 0.428571 3.89758e-24 1.65722e-27 4.3009e-26 1.39903e+07 5.83734e+07 2.64004e+07 4.82425e+06 0 4.776e+07 0 5.83734e+07 4.776e+07 2.64004e+07 4.82425e+06 0.00124189 0.00342917 0.0148695 0.00724094 0.0927201
67 58 2 0.714286 3.90871e-24 8.09214e-27 5.81292e-26 1.87349e+07 7.81699e+07 3.53537e+07 6.46032e+06 0 6.39572e+07 0 7.81699e+07 6.39572e+07 3.53537e+07 6.46032e+06 0.00153155 0.00112935 0.020361 0.00874513 0.0869677
55 59 0 0.230545 0.687911 0.00101732 0.00967928 4.60176e+06 1.92004e+07 8.68373e+06 1.58681e+06 0 1.57095e+07 0 1.92004e+07 1.57095e+07 8.68373e+06 1.58681e+06 0.0141958 0.00869224 0.00476162 0.0135752 0.0492317
51 59 1 0.200313 1.07812 0.00166008 0.011506 2.26395e+07 9.44613e+07 4.27217e+07 7.80672e+06 0 7.72865e+07 0 9.44613e+07 7.72865e+07 4.27217e+07 7.80672e+06 0.00536753 -7.01003e-05 -0.000912497 0.00242485 0.036535
47 59 2 -0.0511844 0.803525 -7.16549e-05 0.00911204 2.07178e+07 8.64432e+07 3.90954e+07 7.14407e+06 0 7.07263e+07 0 8.64432e+07 7.07263e+07 3.90954e+07 7.14407e+06 0.00181923 0.000926879 0.00699892 0.00613516 0.0448182
72 60 0 0.957211 0.301881 0.0051385 0.00223738 1.31526e+07 5.48782e+07 2.48196e+07 4.53538e+06 0 4.49003e+07 0 5.48782e+07 4.49003e+07 2.48196e+07 4.53538e+06 0.00458157 -0.00960931 0.00784108 0.0081558 0.0578264
66 60 1 0.774232 0.656011 0.00480723 0.00621664 1.79983e+07 7.50962e+07 3.39635e+07 6.2063e+06 0 6.14423e+07 0 7.50962e+07 6.14423e+07 3.39635e+07 6.2063e+06 0.0030556 -0.00751398 -0.00494657 0.00655894 0.0467998
65 60 2 0.628908 0.307787 0.00412675 0.00315118 1.1709e+07 4.88549e+07 2.20955e+07 4.0376e+06 0 3.99722e+07 0 4.88549e+07 3.99722e+07 2.20955e+07 4.0376e+06 0.00195732 -0.000658297 0.00837903 0.0126294 0.0652341
62 61 0 0.817023 1.06046 0.00426806 0.00855442 1.59314e+07 6.64725e+07 3.00633e+07 5.4936e+06 0 5.43866e+07 0 6.64725e+07 5.43866e+07 3.00633e+07 5.4936e+06 0.00540823 -0.00740506 0.0012888 0.00457802 0.0357075
54 61 1 0.585307 1.31091 0.00343194 0.0117038 1.65128e+07 6.88983e+07 3.11604e+07 5.69407e+06 0 5.63713e+07 0 6.88983e+07 5.63713e+07 3.11604e+07 5.69407e+06 0.00315101 -0.00508346 -0.00065064 0.0070517 0.0315341
59 61 2 0.515704 0.918074 0.00313761 0.00990568 2.67349e+07 1.11549e+08 5.045e+07 9.21895e+06 0 9.12676e+07 0 1.11549e+08 9.12676e+07 5.045e+07 9.21895e+06 0.00148003 -0.00749924 -0.00137923 0.00217974 0.0402254
66 62 0 0.774232 0.656011 0.00480723 0.00621664 1.79983e+07 7.50962e+07 3.39635e+07 6.2063e+06 0 6.14423e+07 0 7.50962e+07 6.14423e+07 3.39635e+07 6.2063e+06 0.0030556 -0.00751398 -0.00494657 0.00655894 0.0467998
62 62 1 0.817023 1.06046 0.00426806 0.00855442 1.59314e+07 6.64725e+07 3.00633e+07 5.4936e+06 0 5.43866e+07 0 6.64725e+07 5.43866e+07 3.00633e+07 5.4936e+06 0.00540823 -0.00740506 0.0012888 0.00457802 0.0357075
59 62 2 0.515704 0.918074 0.00313761 0.00990568 2.67349e+07 1.11549e+08 5.045e+07 9.21895e+06 0 9.12676e+07 0 1.11549e+08 9.12676e+07 5.045e+07 9.21895e+06 0.00148003 -0.00749924 -0.00137923 0.00217974 0.0402254
69 63 0 1.00929 0.855045 0.00529793 0.00614267 1.27776e+07 5.33134e+07 2.41119e+07 4.40606e+06 0 4.362e+07 0 5.33134e+07 4.362e+07 2.41119e+07 4.40606e+06 0.00618652 -0.00482418 -0.00103772 0.00726933 0.0392109
68 63 1 1.1487 1.12248 0.00690959 0.00821682 9.38295e+06 3.91495e+07 1.7706e+07 3.2355e+06 0 3.20314e+07 0 3.91495e+07 3.20314e+07 1.7706e+07 3.2355e+06 0.00881651 0.00291777 0.00782162 0.00853492 0.0339888
62 63 2 0.817023 1.06046 0.00426806 0.00855442 1.59314e+07 6.64725e+07 3.00633e+07 5.4936e+06 0 5.43866e+07 0 6.64725e+07 5.43866e+07 3.00633e+07 5.4936e+06 0.00540823 -0.00740506 0.0012888 0.00457802 0.0357075
58 64 0 0.307542 0.320922 0.0013945 0.0034273 1.89285e+06 7.89775e+06 3.57189e+06 652707 0 6.4618e+06 0 7.89775e+06 6.4618e+06 3.57189e+06 652707 0.0177801 -0.00360735 -0.000108339 0.0215634 0.0681551
52 64 1 0.142857 3.78486e-24 -7.08465e-28 4.61027e-26 1.10513e+07 4.61104e+07 2.08542e+07 3.81078e+06 0 3.77267e+07 0 4.61104e+07 3.77267e+07 2.08542e+07 3.81078e+06 0.00112626 -0.00432099 -0.00316851 0.0116326 0.0950937
60 64 2 0.428571 3.89758e-24 1.65722e-27 4.3009e-26 1.39903e+07 5.83734e+07 2.64004e+07 4.82425e+06 0 4.776e+07 0 5.83734e+07 4.776e+07 2.64004e+07 4.82425e+06 0.00124189 0.00342917 0.0148695 0.00724094 0.0927201
59 65 0 0.515704 0.918074 0.00313761 0.00990568 2.67349e+07 1.11549e+08 5.045e+07 9.21895e+06 0 9.12676e+07 0 1.11549e+08 9.12676e+07 5.045e+07 9.21895e+06 0.00148003 -0.00749924 -0.00137923 0.00217974 0.0402254
54 65 1 0.585307 1.31091 0.00343194 0.0117038 1.65128e+07 6.88983e+07 3.11604e+07 5.69407e+06 0 5.63713e+07 0 6.88983e+07 5.63713e+07 3.11604e+07 5.69407e+06 0.00315101 -0.00508346 -0.00065064 0.0070517 0.0315341
51 65 2 0.200313 1.07812 0.00166008 0.011506 2.26395e+07 9.44613e+07 4.27217e+07 7.80672e+06 0 7.72865e+07 0 9.44613e+07 7.72865e+07 4.27217e+07 7.80672e+06 0.00536753 -7.01003e-05 -0.000912497 0.00242485 0.036535
55 66 0 0.230545 0.687911 0.00101732 0.00967928 4.60176e+06 1.92004e+07 8.68373e+06 1.58681e+06 0 1.57095e+07 0 1.92004e+07 1.57095e+07 8.68373e+06 1.58681e+06 0.0141958 0.00869224 0.00476162 0.0135752 0.0492317
59 66 1 0.515704 0.918074 0.00313761 0.00990568 2.67349e+07 1.11549e+08 5.045e+07 9.21895e+06 0 9.12676e+07 0 1.11549e+08 9.12676e+07 5.045e+07 9.21895e+06 0.00148003 -0.00749924 -0.00137923 0.00217974 0.0402254
51 66 2 0.200313 1.07812 0.00166008 0.011506 2.26395e+07 9.44613e+07 4.27217e+07 7.80672e+06 0 7.72865e+07 0 9.44613e+07 7.72865e+07 4.27217e+07 7.80672e+06 0.00536753 -7.01003e-05 -0.000912497 0.00242485 0.036535
63 67 0 0.494725 0.582993 0.00402585 0.00766019 7.22277e+06 3.01364e+07 1.36297e+07 2.49061e+06 0 2.4657e+07 0 3.01364e+07 2.4657e+07 1.36297e+07 2.49061e+06 0.00633643 -0.00925924 -0.00441179 0.0122721 0.0524415
66 67 1 0.774232 0.656011 0.00480723 0.00621664 1.79983e+07 7.50962e+07 3.39635e+07 6.2063e+06 0 6.14423e+07 0 7.50962e+07 6.14423e+07 3.39635e+07 6.2063e+06 0.0030556 -0.00751398 -0.00494657 0.00655894 0.0467998
59 67 2 0.515704 0.918074 0.00313761 0.00990568 2.67349e+07 1.11549e+08 5.045e+07 9.21895e+06 0 9.12676e+07 0 1.11549e+08 9.12676e+07 5.045e+07 9.21895e+06 0.00148003 -0.00749924 -0.00137923 0.00217974 0.0402254
50 68 0 0.000963833 0.38402 -0.00124079 0.00514463 1.24989e+07 5.21507e+07 2.35861e+07 4.30998e+06 0 4.26688e+07 0 5.21507e+07 4.26688e+07 2.35861e+07 4.30998e+06 -0.000639861 -0.00100477 -0.000141446 0.0104611 0.0651356
42 68 1 -0.142857 3.89666e-24 -1.61205e-27 5.59974e-26 1.06648e+07 4.4498e+07 2.0125e+07 3.67752e+06 0 3.64075e+07 0 4.4498e+07 3.64075e+07 2.0125e+07 3.67752e+06 -4.56711e-26 7.55956e-25 -0.00598449 0.0157295 0.095156
52 68 2 0.142857 3.78486e-24 -7.08465e-28 4.61027e-26 1.10513e+07 4.61104e+07 2.08542e+07 3.81078e+06 0 3.77267e+07 0 4.61104e+07 3.77267e+07 2.08542e+07 3.81078e+06 0.00112626 -0.00432099 -0.00316851 0.0116326 0.0950937
65 69 0 0.628908 0.307787 0.00412675 0.00315118 1.1709e+07 4.88549e+07 2.20955e+07 4.0376e+06 0 3.99722e+07 0 4.88549e+07 3.99722e+07 2.20955e+07 4.0376e+06 0.00195732 -0.000658297 0.00837903 0.0126294 0.0652341
63 69 1 0.494725 0.582993 0.00402585 0.00766019 7.22277e+06 3.01364e+07 1.36297e+07 2.49061e+06 0 2.4657e+07 0 3.01364e+07 2.4657e+07 1.36297e+07 2.49061e+06 0.00633643 -0.00925924 -0.00441179 0.0122721 0.0524415
58 69 2 0.307542 0.320922 0.0013945 0.0034273 1.89285e+06 7.89775e+06 3.57189e+06 652707 0 6.4618e+06 0 7.89775e+06 6.4618e+06 3.57189e+06 652707 0.0177801 -0.00360735 -0.000108339 0.0215634 0.0681551
31 70 0 -0.561555 0.340753 -0.00445748 0.00520532 1.46906e+06 6.12954e+06 2.77219e+06 506574 0 5.01508e+06 0 6.12954e+06 5.01508e+06 2.77219e+06 506574 0.0182278 0.00525123 -0.00105531 0.0191712 0.064171
29 70 1 -0.592227 0.715293 -0.00308812 0.00993355 8.03432e+06 3.35225e+07 1.51611e+07 2.77045e+06 0 2.74275e+07 0 3.35225e+07 2.74275e+07 1.51611e+07 2.77045e+06 0.00876622 -0.00125856 0.00509294 0.00765227 0.0458902
20 70 2 -0.827844 0.542119 -0.00616779 0.00597868 1.47065e+07 6.13618e+07 2.77519e+07 5.07122e+06 0 5.02051e+07 0 6.13618e+07 5.02051e+07 2.77519e+07 5.07122e+06 0.000855189 0.00931115 0.00930387 0.00776737 0.0499539
27 71 0 -0.542996 1.79885 -0.002275 0.0167855 7.07237e+06 2.95088e+07 1.33459e+07 2.43875e+06 0 2.41436e+07 0 2.95088e+07 2.41436e+07 1.33459e+07 2.43875e+06 0.00728734 -0.00182357 -0.00375621 0.0135036 0.0255064
23 71 1 -0.831161 1.63136 -0.00340066 0.0157803 1.28311e+07 5.35368e+07 2.42129e+07 4.42453e+06 0 4.38029e+07 0 5.35368e+07 4.38029e+07 2.42129e+07 4.42453e+06 0.00451592 -0.00349961 -0.00310962 0.0076575 0.0270799
32 71 2 -0.533309 1.41732 -0.0010899 0.0129622 1.57144e+07 6.55671e+07 2.96538e+07 5.41877e+06 0 5.36458e+07 0 6.55671e+07 5.36458e+07 2.96538e+07 5.41877e+06 0.00513579 -0.00447512 -0.00277316 0.00561289 0.0293431
26 72 0 -0.178452 1.95933 0.000566738 0.0181011 9.82694e+06 4.10021e+07 1.85439e+07 3.3886e+06 0 3.35471e+07 0 4.10021e+07 3.35471e+07 1.85439e+07 3.3886e+06 0.00777031 -0.0013546 0.0017737 0.00997098 0.0242856
27 72 1 -0.542996 1.79885 -0.002275 0.0167855 7.07237e+06 2.95088e+07 1.33459e+07 2.43875e+06 0 2.41436e+07 0 2.95088e+07 2.41436e+07 1.33459e+07 2.43875e+06 0.00728734 -0.00182357 -0.00375621 0.0135036 0.0255064
35 72 2 -0.243823 1.58008 0.000333894 0.0138551 9.65627e+06 4.029e+07 1.82218e+07 3.32975e+06 0 3.29645e+07 0 4.029e+07 3.29645e+07 1.82218e+07 3.32975e+06 0.00711106 -0.00699025 -0.00104881 0.00860246 0.0273698
18 73 0 -0.623508 2.16344 -0.00423127 0.0232394 1.26115e+06 5.26203e+06 2.37984e+06 434878 0 4.30529e+06 0 5.26203e+06 4.30529e+06 2.37984e+06 434878 0.0247799 -0.0106747 -0.00923643 0.0286017 0.0242353
16 73 1 -0.887209 2.01006 -0.00492429 0.0180107 2.04194e+07 8.51982e+07 3.85324e+07 7.04118e+06 0 6.97077e+07 0 8.51982e+07 6.97077e+07 3.85324e+07 7.04118e+06 0.00349977 0.00572102 -0.0037507 0.00445077 0.0253279
27 73 2 -0.542996 1.79885 -0.002275 0.0167855 7.07237e+06 2.95088e+07 1.33459e+07 2.43875e+06 0 2.41436e+07 0 2.95088e+07 2.41436e+07 1.33459e+07 2.43875e+06 0.00728734 -0.00182357 -0.00375621 0.0135036 0.0255064
16 74 0 -0.887209 2.01006 -0.00492429 0.0180107 2.04194e+07 8.51982e+07 3.85324e+07 7.04118e+06 0 6.97077e+07 0 8.51982e+07 6.97077e+07 3.85324e+07 7.04118e+06 0.00349977 0.00572102 -0.0037507 0.00445077 0.0253279
23 74 1 -0.831161 1.63136 -0.00340066 0.0157803 1.28311e+07 5.35368e+07 2.42129e+07 4.42453e+06 0 4.38029e+07 0 5.35368e+07 4.38029e+07 2.42129e+07 4.42453e+06 0.00451592 -0.00349961 -0.00310962 0.0076575 0.0270799
27 74 2 -0.542996 1.79885 -0.002275 0.0167855 7.07237e+06 2.95088e+07 1.33459e+07 2.43875e+06 0 2.41436e+07 0 2.95088e+07 2.41436e+07 1.33459e+07 2.43875e+06 0.00728734 -0.00182357 -0.00375621 0.0135036 0.0255064
50 75 0 0.000963833 0.38402 -0.00124079 0.00514463 1.24989e+07 5.21507e+07 2.35861e+07 4.30998e+06 0 4.26688e+07 0 5.21507e+07 4.26688e+07 2.35861e+07 4.30998e+06 -0.000639861 -0.00100477 -0.000141446 0.0104611 0.0651356
52 75 1 0.142857 3.78486e-24 -7.08465e-28 4.61027e-26 1.10513e+07 4.61104e+07 2.08542e+07 3.81078e+06 0 3.77267e+07 0 4.61104e+07 3.77267e+07 2.08542e+07 3.81078e+06 0.00112626 -0.00432099 -0.00316851 0.0116326 0.0950937
58 75 2 0.307542 0.320922 0.0013945 0.0034273 1.89285e+06 7.89775e+06 3.57189e+06 652707 0 6.4618e+06 0 7.89775e+06 6.4618e+06 3.57189e+06 652707 0.0177801 -0.00360735 -0.000108339 0.0215634 0.0681551
26 76 0 -0.178452 1.95933 0.000566738 0.0181011 9.82694e+06 4.10021e+07 1.85439e+07 3.3886e+06 0 3.35471e+07 0 4.10021e+07 3.35471e+07 1.85439e+07 3.3886e+06 0.00777031 -0.0013546 0.0017737 0.00997098 0.0242856
25 76 1 -0.0851525 2.32596 0.00252235 0.0210741 1.24568e+07 5.1975e+07 2.35066e+07 4.29546e+06 0 4.2525e+07 0 5.1975e+07 4.2525e+07 2.35066e+07 4.29546e+06 0.00374604 -0.012697 0.0059637 0.00982282 0.0233672
15 76 2 -0.348093 2.29462 0.000263537 0.0228979 5.12186e+06 2.13705e+07 9.66517e+06 1.76616e+06 0 1.7485e+07 0 2.13705e+07 1.7485e+07 9.66517e+06 1.76616e+06 0.0095801 -0.0159541 0.00562619 0.0220982 0.0234972
18 77 0 -0.623508 2.16344 -0.00423127 0.0232394 1.26115e+06 5.26203e+06 2.37984e+06 434878 0 4.30529e+06 0 5.26203e+06 4.30529e+06 2.37984e+06 434878 0.0247799 -0.0106747 -0.00923643 0.0286017 0.0242353
17 77 1 -0.414179 2.02796 -0.00103267 0.0196033 1.30816e+07 5.45817e+07 2.46855e+07 4.51088e+06 0 4.46577e+07 0 5.45817e+07 4.46577e+07 2.46855e+07 4.51088e+06 0.000790229 -0.00112506 0.00152551 0.00684493 0.024143
15 77 2 -0.348093 2.29462 0.000263537 0.0228979 5.12186e+06 2.13705e+07 9.66517e+06 1.76616e+06 0 1.7485e+07 0 2.13705e+07 1.7485e+07 9.66517e+06 1.76616e+06 0.0095801 -0.0159541 0.00562619 0.0220982 0.0234972
35 78 0 -0.243823 1.58008 0.000333894 0.0138551 9.65627e+06 4.029e+07 1.82218e+07 3.32975e+06 0 3.29645e+07 0 4.029e+07 3.29645e+07 1.82218e+07 3.32975e+06 0.00711106 -0.00699025 -0.00104881 0.00860246 0.0273698
45 78 1 0.0561578 1.41492 0.00155591 0.0124215 2.88342e+07 1.20308e+08 5.44114e+07 9.94282e+06 0 9.84339e+07 0 1.20308e+08 9.84339e+07 5.44114e+07 9.94282e+06 0.00136683 0.0062517 0.00265108 0.00511232 0.0297568
36 78 2 0.0438725 1.72666 0.00233737 0.0145128 4.32778e+06 1.80573e+07 8.16671e+06 1.49234e+06 0 1.47741e+07 0 1.80573e+07 1.47741e+07 8.16671e+06 1.49234e+06 0.00509797 0.00169977 -0.000534909 0.0130578 0.025971
63 79 0 0.494725 0.582993 0.00402585 0.00766019 7.22277e+06 3.01364e+07 1.36297e+07 2.49061e+06 0 2.4657e+07 0 3.01364e+07 2.4657e+07 1.36297e+07 2.49061e+06 0.00633643 -0.00925924 -0.00441179 0.0122721 0.0524415
55 79 1 0.230545 0.687911 0.00101732 0.00967928 4.60176e+06 1.92004e+07 8.68373e+06 1.58681e+06 0 1.57095e+07 0 1.92004e+07 1.57095e+07 8.68373e+06 1.58681e+06 0.0141958 0.00869224 0.00476162 0.0135752 0.0492317
58 79 2 0.307542 0.320922 0.0013945 0.0034273 1.89285e+06 7.89775e+06 3.57189e+06 652707 0 6.4618e+06 0 7.89775e+06 6.4618e+06 3.57189e+06 652707 0.0177801 -0.00360735 -0.000108339 0.0215634 0.0681551
40 80 0 -0.204391 1.18402 0.000191971 0.0110231 2.11552e+07 8.82684e+07 3.99209e+07 7.29491e+06 0 7.22196e+07 0 8.82684e+07 7.22196e+07 3.99209e+07 7.29491e+06 0.00317424 -0.000152159 0.00278951 0.0049871 0.0337864
47 80 1 -0.0511844 0.803525 -7.16549e-05 0.00911204 2.07178e+07 8.64432e+07 3.90954e+07 7.14407e+06 0 7.07263e+07 0 8.64432e+07 7.07263e+07 3.90954e+07 7.14407e+06 0.00181923 0.000926879 0.00699892 0.00613516 0.0448182
51 80 2 0.200313 1.07812 0.00166008 0.011506 2.26395e+07 9.44613e+07 4.27217e+07 7.80672e+06 0 7.72865e+07 0 9.44613e+07 7.72865e+07 4.27217e+07 7.80672e+06 0.00536753 -7.01003e-05 -0.000912497 0.00242485 0.036535
39 81 0 -0.295455 0.566787 -0.00201848 0.00748796 1.4419e+07 6.0162e+07 2.72093e+07 4.97207e+06 0 4.92235e+07 0 6.0162e+07 4.92235e+07 2.72093e+07 4.97207e+06 0.00328993 -0.00670888 0.00459461 0.00936181 0.0542326
41 81 1 -0.276271 0.264328 -0.0016126 0.00387116 1.09068e+07 4.55076e+07 2.05816e+07 3.76096e+06 0 3.72335e+07 0 4.55076e+07 3.72335e+07 2.05816e+07 3.76096e+06 0.0020541 -0.000748685 -0.00322839 0.0143946 0.0722949
50 81 2 0.000963833 0.38402 -0.00124079 0.00514463 1.24989e+07 5.21507e+07 2.35861e+07 4.30998e+06 0 4.26688e+07 0 5.21507e+07 4.26688e+07 2.35861e+07 4.30998e+06 -0.000639861 -0.00100477 -0.000141446 0.0104611 0.0651356
38 82 0 -0.335464 0.883357 -0.000832277 0.0100456 2.06892e+07 8.63239e+07 3.90414e+07 7.1342e+06 0 7.06286e+07 0 8.63239e+07 7.06286e+07 3.90414e+07 7.1342e+06 0.00364921 -0.00572942 0.0023578 0.00540826 0.0414465
39 82 1 -0.295455 0.566787 -0.00201848 0.00748796 1.4419e+07 6.0162e+07 2.72093e+07 4.97207e+06 0 4.92235e+07 0 6.0162e+07 4.92235e+07 2.72093e+07 4.97207e+06 0.00328993 -0.00670888 0.00459461 0.00936181 0.0542326
47 82 2 -0.0511844 0.803525 -7.16549e-05 0.00911204 2.07178e+07 8.64432e+07 3.90954e+07 7.14407e+06 0 7.07263e+07 0 8.64432e+07 7.07263e+07 3.90954e+07 7.14407e+06 0.00181923 0.000926879 0.00699892 0.00613516 0.0448182
38 83 0 -0.335464 0.883357 -0.000832277 0.0100456 2.06892e+07 8.63239e+07 3.90414e+07 7.1342e+06 0 7.06286e+07 0 8.63239e+07 7.06286e+07 3.90414e+07 7.1342e+06 0.00364921 -0.00572942 0.0023578 0.00540826 0.0414465
29 83 1 -0.592227 0.715293 -0.00308812 0.00993355 8.03432e+06 3.35225e+07 1.51611e+07 2.77045e+06 0 2.74275e+07 0 3.35225e+07 2.74275e+07 1.51611e+07 2.77045e+06 0.00876622 -0.00125856 0.00509294 0.00765227 0.0458902
39 83 2 -0.295455 0.566787 -0.00201848 0.00748796 1.4419e+07 6.0162e+07 2.72093e+07 4.97207e+06 0 4.92235e+07 0 6.0162e+07 4.92235e+07 2.72093e+07 4.97207e+06 0.00328993 -0.00670888 0.00459461 0.00936181 0.0542326
53 84 0 0.746026 1.69296 0.00446682 0.0140145 1.95603e+07 8.16136e+07 3.69111e+07 6.74492e+06 0 6.67747e+07 0 8.16136e+07 6.67747e+07 3.69111e+07 6.74492e+06 0.00223374 0.0028103 -0.000303926 0.00623107 0.0270212
46 84 1 0.803886 2.0787 0.00513258 0.0168235 1.58769e+07 6.62449e+07 2.99604e+07 5.47478e+06 0 5.42003e+07 0 6.62449e+07 5.42003e+07 2.99604e+07 5.47478e+06 0.0040857 0.0139583 0.00280791 0.00581846 0.0251931
43 84 2 0.507214 1.94128 0.00380031 0.0150767 2.12066e+07 8.84827e+07 4.00178e+07 7.31262e+06 0 7.2395e+07 0 8.84827e+07 7.2395e+07 4.00178e+07 7.31262e+06 0.0030287 0.000479825 -7.76018e-05 0.00504301 0.0249372
58 85 0 0.307542 0.320922 0.0013945 0.0034273 1.89285e+06 7.89775e+06 3.57189e+06 652707 0 6.4618e+06 0 7.89775e+06 6.4618e+06 3.57189e+06 652707 0.0177801 -0.00360735 -0.000108339 0.0215634 0.0681551
60 85 1 0.428571 3.89758e-24 1.65722e-27 4.3009e-26 1.39903e+07 5.83734e+07 2.64004e+07 4.82425e+06 0 4.776e+07 0 5.83734e+07 4.776e+07 2.64004e+07 4.82425e+06 0.00124189 0.00342917 0.0148695 0.00724094 0.0927201
65 85 2 0.628908 0.307787 0.00412675 0.00315118 1.1709e+07 4.88549e+07 2.20955e+07 4.0376e+06 0 3.99722e+07 0 4.88549e+07 3.99722e+07 2.20955e+07 4.0376e+06 0.00195732 -0.000658297 0.00837903 0.0126294 0.0652341
37 86 0 0.441236 2.27378 0.00519444 0.0172946 1.35378e+07 5.64852e+07 2.55464e+07 4.6682e+06 0 4.62152e+07 0 5.64852e+07 4.62152e+07 2.55464e+07 4.6682e+06 0.00422694 -0.00185705 0.00990286 0.00802419 0.0238875
34 86 1 0.17838 2.01423 0.00270224 0.0164872 1.76153e+07 7.34984e+07 3.32409e+07 6.07424e+06 0 6.0135e+07 0 7.34984e+07 6.0135e+07 3.32409e+07 6.07424e+06 0.00451882 -0.0106387 -0.00142562 0.00485483 0.0241744
43 86 2 0.507214 1.94128 0.00380031 0.0150767 2.12066e+07 8.84827e+07 4.00178e+07 7.31262e+06 0 7.2395e+07 0 8.84827e+07 7.2395e+07 4.00178e+07 7.31262e+06 0.0030287 0.000479825 -7.76018e-05 0.00504301 0.0249372
53 87 0 0.746026 1.69296 0.00446682 0.0140145 1.95603e+07 8.16136e+07 3.69111e+07 6.74492e+06 0 6.67747e+07 0 8.16136e+07 6.67747e+07 3.69111e+07 6.74492e+06 0.00223374 0.0028103 -0.000303926 0.00623107 0.0270212
61 87 1 0.976823 1.41165 0.00602212 0.0124892 2.82042e+06 1.1768e+07 5.32226e+06 972559 0 9.62833e+06 0 1.1768e+07 9.62833e+06 5.32226e+06 972559 0.0142544 -0.00147524 -0.00024655 0.0218711 0.0301265
56 87 2 1.12155 1.77992 0.00613306 0.017827 1.55775e+07 6.49957e+07 2.93954e+07 5.37155e+06 0 5.31783e+07 0 6.49957e+07 5.31783e+07 2.93954e+07 5.37155e+06 0.00365006 0.0119134 0.0037971 0.00665166 0.0275169
71 88 0 1 2.50256e-24 1.57786e-26 3.55792e-26 1.494e+07 6.23359e+07 2.81925e+07 5.15173e+06 0 5.10021e+07 0 6.23359e+07 5.10021e+07 2.81925e+07 5.15173e+06 0.00790324 -0.0114886 0.0305206 0.00496372 0.0713645
72 88 1 0.957211 0.301881 0.0051385 0.00223738 1.31526e+07 5.48782e+07 2.48196e+07 4.53538e+06 0 4.49003e+07 0 5.48782e+07 4.49003e+07 2.48196e+07 4.53538e+06 0.00458157 -0.00960931 0.00784108 0.0081558 0.0578264
67 88 2 0.714286 3.90871e-24 8.09214e-27 5.81292e-26 1.87349e+07 7.81699e+07 3.53537e+07 6.46032e+06 0 6.39572e+07 0 7.81699e+07 6.39572e+07 3.53537e+07 6.46032e+06 0.00153155 0.00112935 0.020361 0.00874513 0.0869677
61 89 0 0.976823 1.41165 0.00602212 0.0124892 2.82042e+06 1.1768e+07 5.32226e+06 972559 0 9.62833e+06 0 1.1768e+07 9.62833e+06 5.32226e+06 972559 0.0142544 -0.00147524 -0.00024655 0.0218711 0.0301265
64 89 1 1.37205 1.37119 0.0118679 0.0119949 5.87348e+06 2.45066e+07 1.10835e+07 2.02534e+06 0 2.00508e+07 0 2.45066e+07 2.00508e+07 1.10835e+07 2.02534e+06 0.00992115 -0.000936734 0.0173979 0.0181912 0.0315134
57 89 2 1.24776 1.57614 0.00877839 0.0162339 6.17516e+06 2.57653e+07 1.16528e+07 2.12937e+06 0 2.10807e+07 0 2.57653e+07 2.10807e+07 1.16528e+07 2.12937e+06 0.0109284 -0.00426137 -0.0143759 0.0165592 0.0293247
61 90 0 0.976823 1.41165 0.00602212 0.0124892 2.82042e+06 1.1768e+07 5.32226e+06 972559 0 9.62833e+06 0 1.1768e+07 9.62833e+06 5.32226e+06 972559 0.0142544 -0.00147524 -0.00024655 0.0218711 0.0301265
68 90 1 1.1487 1.12248 0.00690959 0.00821682 9.38295e+06 3.91495e+07 1.7706e+07 3.2355e+06 0 3.20314e+07 0 3.91495e+07 3.20314e+07 1.7706e+07 3.2355e+06 0.00881651 0.00291777 0.00782162 0.00853492 0.0339888
64 90 2 1.37205 1.37119 0.0118679 0.0119949 5.87348e+06 2.45066e+07 1.10835e+07 2.02534e+06 0 2.00508e+07 0 2.45066e+07 2.00508e+07 1.10835e+07 2.02534e+06 0.00992115 -0.000936734 0.0173979 0.0181912 0.0315134
56 91 0 1.12155 1.77992 0.00613306 0.017827 1.55775e+07 6.49957e+07 2.93954e+07 5.37155e+06 0 5.31783e+07 0 6.49957e+07 5.31783e+07 2.93954e+07 5.37155e+06 0.00365006 0.0119134 0.0037971 0.00665166 0.0275169
61 91 1 0.976823 1.41165 0.00602212 0.0124892 2.82042e+06 1.1768e+07 5.32226e+06 972559 0 9.62833e+06 0 1.1768e+07 9.62833e+06 5.32226e+06 972559 0.0142544 -0.00147524 -0.00024655 0.0218711 0.0301265
57 91 2 1.24776 1.57614 0.00877839 0.0162339 6.17516e+06 2.57653e+07 1.16528e+07 2.12937e+06 0 2.10807e+07 0 2.57653e+07 2.10807e+07 1.16528e+07 2.12937e+06 0.0109284 -0.00426137 -0.0143759 0.0165592 0.0293247
53 92 0 0.746026 1.69296 0.00446682 0.0140145 1.95603e+07 8.16136e+07 3.69111e+07 6.74492e+06 0 6.67747e+07 0 8.16136e+07 6.67747e+07 3.69111e+07 6.74492e+06 0.00223374 0.0028103 -0.000303926 0.00623107 0.0270212
54 92 1 0.585307 1.31091 0.00343194 0.0117038 1.65128e+07 6.88983e+07 3.11604e+07 5.69407e+06 0 5.63713e+07 0 6.88983e+07 5.63713e+07 3.11604e+07 5.69407e+06 0.00315101 -0.00508346 -0.00065064 0.0070517 0.0315341
61 92 2 0.976823 1.41165 0.00602212 0.0124892 2.82042e+06 1.1768e+07 5.32226e+06 972559 0 9.62833e+06 0 1.1768e+07 9.62833e+06 5.32226e+06 972559 0.0142544 -0.00147524 -0.00024655 0.0218711 0.0301265
69 93 0 1.00929 0.855045 0.00529793 0.00614267 1.27776e+07 5.33134e+07 2.41119e+07 4.40606e+06 0 4.362e+07 0 5.33134e+07 4.362e+07 2.41119e+07 4.40606e+06 0.00618652 -0.00482418 -0.00103772 0.00726933 0.0392109
74 93 1 1.29193 0.810567 0.00761146 0.00467059 6.37492e+06 2.65988e+07 1.20298e+07 2.19825e+06 0 2.17627e+07 0 2.65988e+07 2.17627e+07 1.20298e+07 2.19825e+06 0.0119619 -0.00637608 -0.00278671 0.0148413 0.0388009
68 93 2 1.1487 1.12248 0.00690959 0.00821682 9.38295e+06 3.91495e+07 1.7706e+07 3.2355e+06 0 3.20314e+07 0 3.91495e+07 3.20314e+07 1.7706e+07 3.2355e+06 0.00881651 0.00291777 0.00782162 0.00853492 0.0339888
44 94 0 0.364453 1.64639 0.00322458 0.0140857 3.6978e+07 1.54288e+08 6.97792e+07 1.2751e+07 0 1.26235e+08 0 1.54288e+08 1.26235e+08 6.97792e+07 1.2751e+07 0.000596968 -0.000444685 0.0011734 0.00259576 0.0269963
54 94 1 0.585307 1.31091 0.00343194 0.0117038 1.65128e+07 6.88983e+07 3.11604e+07 5.69407e+06 0 5.63713e+07 0 6.88983e+07 5.63713e+07 3.11604e+07 5.69407e+06 0.00315101 -0.00508346 -0.00065064 0.0070517 0.0315341
53 94 2 0.746026 1.69296 0.00446682 0.0140145 1.95603e+07 8.16136e+07 3.69111e+07 6.74492e+06 0 6.67747e+07 0 8.16136e+07 6.67747e+07 3.69111e+07 6.74492e+06 0.00223374 0.0028103 -0.000303926 0.00623107 0.0270212
74 95 0 1.29193 0.810567 0.00761146 0.00467059 6.37492e+06 2.65988e+07 1.20298e+07 2.19825e+06 0 2.17627e+07 0 2.65988e+07 2.17627e+07 1.20298e+07 2.19825e+06 0.0119619 -0.00637608 -0.00278671 0.0148413 0.0388009
75 95 1 1.52741 0.916773 0.00991952 0.00502211 8.38323e+06 3.49783e+07 1.58195e+07 2.89077e+06 0 2.86186e+07 0 3.49783e+07 2.86186e+07 1.58195e+07 2.89077e+06 0.00812944 -0.00461235 -0.0019021 0.0128411 0.0371736
70 95 2 1.45566 1.14601 0.00974436 0.00820196 7.72226e+06 3.22205e+07 1.45723e+07 2.66285e+06 0 2.63622e+07 0 3.22205e+07 2.63622e+07 1.45723e+07 2.66285e+06 0.00951235 -0.00539723 0.00472418 0.0110928 0.0342546
73 96 0 1.06283 0.585753 0.00627952 0.00371244 1.28308e+07 5.35355e+07 2.42123e+07 4.42442e+06 0 4.38018e+07 0 5.35355e+07 4.38018e+07 2.42123e+07 4.42442e+06 0.00536107 -0.00843123 -0.00350135 0.00894888 0.0453094
74 96 1 1.29193 0.810567 0.00761146 0.00467059 6.37492e+06 2.65988e+07 1.20298e+07 2.19825e+06 0 2.17627e+07 0 2.65988e+07 2.17627e+07 1.20298e+07 2.19825e+06 0.0119619 -0.00637608 -0.00278671 0.0148413 0.0388009
69 96 2 1.00929 0.855045 0.00529793 0.00614267 1.27776e+07 5.33134e+07 2.41119e+07 4.40606e+06 0 4.362e+07 0 5.33134e+07 4.362e+07 2.41119e+07 4.40606e+06 0.00618652 -0.00482418 -0.00103772 0.00726933 0.0392109
73 97 0 1.06283 0.585753 0.00627952 0.00371244 1.28308e+07 5.35355e+07 2.42123e+07 4.42442e+06 0 4.38018e+07 0 5.35355e+07 4.38018e+07 2.42123e+07 4.42442e+06 0.00536107 -0.00843123 -0.00350135 0.00894888 0.0453094
77 97 1 1.29529 0.447668 0.00773838 0.000189099 1.02833e+07 4.29061e+07 1.9405e+07 3.54596e+06 0 3.5105e+07 0 4.29061e+07 3.5105e+07 1.9405e+07 3.54596e+06 0.00739919 -0.00851702 0.00226653 0.00971903 0.0455616
74 97 2 1.29193 0.810567 0.00761146 0.00467059 6.37492e+06 2.65988e+07 1.20298e+07 2.19825e+06 0 2.17627e+07 0 2.65988e+07 2.17627e+07 1.20298e+07 2.19825e+06 0.0119619 -0.00637608 -0.00278671 0.0148413 0.0388009
54 98 0 0.585307 1.31091 0.00343194 0.0117038 1.65128e+07 6.88983e+07 3.11604e+07 5.69407e+06 0 5.63713e+07 0 6.88983e+07 5.63713e+07 3.11604e+07 5.69407e+06 0.00315101 -0.00508346 -0.00065064 0.0070517 0.0315341
62 98 1 0.817023 1.06046 0.00426806 0.00855442 1.59314e+07 6.64725e+07 3.00633e+07 5.4936e+06 0 5.43866e+07 0 6.64725e+07 5.43866e+07 3.00633e+07 5.4936e+06 0.00540823 -0.00740506 0.0012888 0.00457802 0.0357075
61 98 2 0.976823 1.41165 0.00602212 0.0124892 2.82042e+06 1.1768e+07 5.32226e+06 972559 0 9.62833e+06 0 1.1768e+07 9.62833e+06 5.32226e+06 972559 0.0142544 -0.00147524 -0.00024655 0.0218711 0.0301265
72 99 0 0.957211 0.301881 0.0051385 0.00223738 1.31526e+07 5.48782e+07 2.48196e+07 4.53538e+06 0 4.49003e+07 0 5.48782e+07 4.49003e+07 2.48196e+07 4.53538e+06 0.00458157 -0.00960931 0.00784108 0.0081558 0.0578264
65 99 1 0.628908 0.307787 0.00412675 0.00315118 1.1709e+07 4.88549e+07 2.20955e+07 4.0376e+06 0 3.99722e+07 0 4.88549e+07 3.99722e+07 2.20955e+07 4.0376e+06 0.00195732 -0.000658297 0.00837903 0.0126294 0.0652341
67 99 2 0.714286 3.90871e-24 8.09214e-27 5.81292e-26 1.87349e+07 7.81699e+07 3.53537e+07 6.46032e+06 0 6.39572e+07 0 7.81699e+07 6.39572e+07 3.53537e+07 6.46032e+06 0.00153155 0.00112935 0.020361 0.00874513 0.0869677
76 100 0 1.26692 0.095216 0.00387966 -0.00223219 2.04204e+07 8.52023e+07 3.85342e+07 7.04152e+06 0 6.9711e+07 0 8.52023e+07 6.9711e+07 3.85342e+07 7.04152e+06 0.00382839 -0.00894965 0.0175412 0.00496847 0.0526512
72 100 1 0.957211 0.301881 0.0051385 0.00223738 1.31526e+07 5.48782e+07 2.48196e+07 4.53538e+06 0 4.49003e+07 0 5.48782e+07 4.49003e+07 2.48196e+07 4.53538e+06 0.00458157 -0.00960931 0.00784108 0.0081558 0.0578264
71 100 2 1 2.50256e-24 1.57786e-26 3.55792e-26 1.494e+07 6.23359e+07 2.81925e+07 5.15173e+06 0 5.10021e+07 0 6.23359e+07 5.10021e+07 2.81925e+07 5.15173e+06 0.00790324 -0.0114886 0.0305206 0.00496372 0.0713645
73 101 0 1.06283 0.585753 0.00627952 0.00371244 1.28308e+07 5.35355e+07 2.42123e+07 4.42442e+06 0 4.38018e+07 0 5.35355e+07 4.38018e+07 2.42123e+07 4.42442e+06 0.00536107 -0.00843123 -0.00350135 0.00894888 0.0453094
66 101 1 0.774232 0.656011 0.00480723 0.00621664 1.79983e+07 7.50962e+07 3.39635e+07 6.2063e+06 0 6.14423e+07 0 7.50962e+07 6.14423e+07 3.39635e+07 6.2063e+06 0.0030556 -0.00751398 -0.00494657 0.00655894 0.0467998
72 101 2 0.957211 0.301881 0.0051385 0.00223738 1.31526e+07 5.48782e+07 2.48196e+07 4.53538e+06 0 4.49003e+07 0 5.48782e+07 4.49003e+07 2.48196e+07 4.53538e+06 0.00458157 -0.00960931 0.00784108 0.0081558 0.0578264
64 102 0 1.37205 1.37119 0.0118679 0.0119949 5.87348e+06 2.45066e+07 1.10835e+07 2.02534e+06 0 2.00508e+07 0 2.45066e+07 2.00508e+07 1.10835e+07 2.02534e+06 0.00992115 -0.000936734 0.0173979 0.0181912 0.0315134
68 102 1 1.1487 1.12248 0.00690959 0.00821682 9.38295e+06 3.91495e+07 1.7706e+07 3.2355e+06 0 3.20314e+07 0 3.91495e+07 3.20314e+07 1.7706e+07 3.2355e+06 0.00881651 0.00291777 0.00782162 0.00853492 0.0339888
70 102 2 1.45566 1.14601 0.00974436 0.00820196 7.72226e+06 3.22205e+07 1.45723e+07 2.66285e+06 0 2.63622e+07 0 3.22205e+07 2.63622e+07 1.45723e+07 2.66285e+06 0.00951235 -0.00539723 0.00472418 0.0110928 0.0342546
66 103 0 0.774232 0.656011 0.00480723 0.00621664 1.79983e+07 7.50962e+07 3.39635e+07 6.2063e+06 0 6.14423e+07 0 7.50962e+07 6.14423e+07 3.39635e+07 6.2063e+06 0.0030556 -0.00751398 -0.00494657 0.00655894 0.0467998
63 103 1 0.494725 0.582993 0.00402585 0.00766019 7.22277e+06 3.01364e+07 1.36297e+07 2.49061e+06 0 2.4657e+07 0 3.01364e+07 2.4657e+07 1.36297e+07 2.49061e+06 0.00633643 -0.00925924 -0.00441179 0.0122721 0.0524415
65 103 2 0.628908 0.307787 0.00412675 0.00315118 1.1709e+07 4.88549e+07 2.20955e+07 4.0376e+06 0 3.99722e+07 0 4.88549e+07 3.99722e+07 2.20955e+07 4.0376e+06 0.00195732 -0.000658297 0.00837903 0.0126294 0.0652341
69 104 0 1.00929 0.855045 0.00529793 0.00614267 1.27776e+07 5.33134e+07 2.41119e+07 4.40606e+06 0 4.362e+07 0 5.33134e+07 4.362e+07 2.41119e+07 4.40606e+06 0.00618652 -0.00482418 -0.00103772 0.00726933 0.0392109
66 104 1 0.774232 0.656011 0.00480723 0.00621664 1.79983e+07 7.50962e+07 3.39635e+07 6.2063e+06 0 6.14423e+07 0 7.50962e+07 6.14423e+07 3.39635e+07 6.2063e+06 0.0030556 -0.00751398 -0.00494657 0.00655894 0.0467998
73 104 2 1.06283 0.585753 0.00627952 0.00371244 1.28308e+07 5.35355e+07 2.42123e+07 4.42442e+06 0 4.38018e+07 0 5.35355e+07 4.38018e+07 2.42123e+07 4.42442e+06 0.00536107 -0.00843123 -0.00350135 0.00894888 0.0453094
69 105 0 1.00929 0.855045 0.00529793 0.00614267 1.27776e+07 5.33134e+07 2.41119e+07 4.40606e+06 0 4.362e+07 0 5.33134e+07 4.362e+07 2.41119e+07 4.40606e+06 0.00618652 -0.00482418 -0.00103772 0.00726933 0.0392109
62 105 1 0.817023 1.06046 0.00426806 0.00855442 1.59314e+07 6.64725e+07 3.00633e+07 5.4936e+06 0 5.43866e+07 0 6.64725e+07 5.43866e+07 3.00633e+07 5.4936e+06 0.00540823 -0.00740506 0.0012888 0.00457802 0.0357075
66 105 2 0.774232 0.656011 0.00480723 0.00621664 1.79983e+07 7.50962e+07 3.39635e+07 6.2063e+06 0 6.14423e+07 0 7.50962e+07 6.14423e+07 3.39635e+07 6.2063e+06 0.0030556 -0.00751398 -0.00494657 0.00655894 0.0467998
74 106 0 1.29193 0.810567 0.00761146 0.00467059 6.37492e+06 2.65988e+07 1.20298e+07 2.19825e+06 0 2.17627e+07 0 2.65988e+07 2.17627e+07 1.20298e+07 2.19825e+06 0.0119619 -0.00637608 -0.00278671 0.0148413 0.0388009
70 106 1 1.45566 1.14601 0.00974436 0.00820196 7.72226e+06 3.22205e+07 1.45723e+07 2.66285e+06 0 2.63622e+07 0 3.22205e+07 2.63622e+07 1.45723e+07 2.66285e+06 0.00951235 -0.00539723 0.00472418 0.0110928 0.0342546
68 106 2 1.1487 1.12248 0.00690959 0.00821682 9.38295e+06 3.91495e+07 1.7706e+07 3.2355e+06 0 3.20314e+07 0 3.91495e+07 3.20314e+07 1.7706e+07 3.2355e+06 0.00881651 0.00291777 0.00782162 0.00853492 0.0339888
77 107 0 1.29529 0.447668 0.00773838 0.000189099 1.02833e+07 4.29061e+07 1.9405e+07 3.54596e+06 0 3.5105e+07 0 4.29061e+07 3.5105e+07 1.9405e+07 3.54596e+06 0.00739919 -0.00851702 0.00226653 0.00971903 0.0455616
72 107 1 0.957211 0.301881 0.0051385 0.00223738 1.31526e+07 5.48782e+07 2.48196e+07 4.53538e+06 0 4.49003e+07 0 5.48782e+07 4.49003e+07 2.48196e+07 4.53538e+06 0.00458157 -0.00960931 0.00784108 0.0081558 0.0578264
76 107 2 1.26692 0.095216 0.00387966 -0.00223219 2.04204e+07 8.52023e+07 3.85342e+07 7.04152e+06 0 6.9711e+07 0 8.52023e+07 6.9711e+07 3.85342e+07 7.04152e+06 0.00382839 -0.00894965 0.0175412 0.00496847 0.0526512
77 108 0 1.29529 0.447668 0.00773838 0.000189099 1.02833e+07 4.29061e+07 1.9405e+07 3.54596e+06 0 3.5105e+07 0 4.29061e+07 3.5105e+07 1.9405e+07 3.54596e+06 0.00739919 -0.00851702 0.00226653 0.00971903 0.0455616
73 108 1 1.06283 0.585753 0.00627952 0.00371244 1.28308e+07 5.35355e+07 2.42123e+07 4.42442e+06 0 4.38018e+07 0 5.35355e+07 4.38018e+07 2.42123e+07 4.42442e+06 0.00536107 -0.00843123 -0.00350135 0.00894888 0.0453094
72 108 2 0.957211 0.301881 0.0051385 0.00223738 1.31526e+07 5.48782e+07 2.48196e+07 4.53538e+06 0 4.49003e+07 0 5.48782e+07 4.49003e+07 2.48196e+07 4.53538e+06 0.00458157 -0.00960931 0.00784108 0.0081558 0.0578264
79 109 0 1.52076 0.221211 0.00696172 -0.00332055 1.52468e+07 6.36161e+07 2.87715e+07 5.25753e+06 0 5.20496e+07 0 6.36161e+07 5.20496e+07 2.87715e+07 5.25753e+06 0.00419924 -0.00519109 0.012971 0.00729792 0.0463769
77 109 1 1.29529 0.447668 0.00773838 0.000189099 1.02833e+07 4.29061e+07 1.9405e+07 3.54596e+06 0 3.5105e+07 0 4.29061e+07 3.5105e+07 1.9405e+07 3.54596e+06 0.00739919 -0.00851702 0.00226653 0.00971903 0.0455616
76 109 2 1.26692 0.095216 0.00387966 -0.00223219 2.04204e+07 8.52023e+07 3.85342e+07 7.04152e+06 0 6.9711e+07 0 8.52023e+07 6.9711e+07 3.85342e+07 7.04152e+06 0.00382839 -0.00894965 0.0175412 0.00496847 0.0526512
80 110 0 1.55528 0.452476 0.00942221 -0.0013394 1.08862e+07 4.54217e+07 2.05427e+07 3.75386e+06 0 3.71632e+07 0 4.54217e+07 3.71632e+07 2.05427e+07 3.75386e+06 0.0058204 -0.00342122 0.00681173 0.011121 0.0435289
78 110 1 1.58717 0.68412 0.0106615 0.00151372 7.8665e+06 3.28223e+07 1.48444e+07 2.71259e+06 0 2.68546e+07 0 3.28223e+07 2.68546e+07 1.48444e+07 2.71259e+06 0.00864341 -0.00229868 0.00265533 0.0148361 0.0402699
77 110 2 1.29529 0.447668 0.00773838 0.000189099 1.02833e+07 4.29061e+07 1.9405e+07 3.54596e+06 0 3.5105e+07 0 4.29061e+07 3.5105e+07 1.9405e+07 3.54596e+06 0.00739919 -0.00851702 0.00226653 0.00971903 0.0455616
79 111 0 1.52076 0.221211 0.00696172 -0.00332055 1.52468e+07 6.36161e+07 2.87715e+07 5.25753e+06 0 5.20496e+07 0 6.36161e+07 5.20496e+07 2.87715e+07 5.25753e+06 0.00419924 -0.00519109 0.012971 0.00729792 0.0463769
80 111 1 1.55528 0.452476 0.00942221 -0.0013394 1.08862e+07 4.54217e+07 2.05427e+07 3.75386e+06 0 3.71632e+07 0 4.54217e+07 3.71632e+07 2.05427e+07 3.75386e+06 0.0058204 -0.00342122 0.00681173 0.011121 0.0435289
77 111 2 1.29529 0.447668 0.00773838 0.000189099 1.02833e+07 4.29061e+07 1.9405e+07 3.54596e+06 0 3.5105e+07 0 4.29061e+07 3.5105e+07 1.9405e+07 3.54596e+06 0.00739919 -0.00851702 0.00226653 0.00971903 0.0455616
74 112 0 1.29193 0.810567 0.00761146 0.00467059 6.37492e+06 2.65988e+07 1.20298e+07 2.19825e+06 0 2.17627e+07 0 2.65988e+07 2.17627e+07 1.20298e+07 2.19825e+06 0.0119619 -0.00637608 -0.00278671 0.0148413 0.0388009
78 112 1 1.58717 0.68412 0.0106615 0.00151372 7.8665e+06 3.28223e+07 1.48444e+07 2.71259e+06 0 2.68546e+07 0 3.28223e+07 2.68546e+07 1.48444e+07 2.71259e+06 0.00864341 -0.00229868 0.00265533 0.0148361 0.0402699
75 112 2 1.52741 0.916773 0.00991952 0.00502211 8.38323e+06 3.49783e+07 1.58195e+07 2.89077e+06 0 2.86186e+07 0 3.49783e+07 2.86186e+07 1.58195e+07 2.89077e+06 0.00812944 -0.00461235 -0.0019021 0.0128411 0.0371736
77 113 0 1.29529 0.447668 0.00773838 0.000189099 1.02833e+07 4.29061e+07 1.9405e+07 3.54596e+06 0 3.5105e+07 0 4.29061e+07 3.5105e+07 1.9405e+07 3.54596e+06 0.00739919 -0.00851702 0.00226653 0.00971903 0.0455616
78 113 1 1.58717 0.68412 0.0106615 0.00151372 7.8665e+06 3.28223e+07 1.48444e+07 2.71259e+06 0 2.68546e+07 0 3.28223e+07 2.68546e+07 1.48444e+07 2.71259e+06 0.00864341 -0.00229868 0.00265533 0.0148361 0.0402699
74 113 2 1.29193 0.810567 0.00761146 0.00467059 6.37492e+06 2.65988e+07 1.20298e+07 2.19825e+06 0 2.17627e+07 0 2.65988e+07 2.17627e+07 1.20298e+07 2.19825e+06 0.0119619 -0.00637608 -0.00278671 0.0148413 0.0388009
53 114 0 0.746026 1.69296 0.00446682 0.0140145 1.95603e+07 8.16136e+07 3.69111e+07 6.74492e+06 0 6.67747e+07 0 8.16136e+07 6.67747e+07 3.69111e+07 6.74492e+06 0.00223374 0.0028103 -0.000303926 0.00623107 0.0270212
56 114 1 1.12155 1.77992 0.00613306 0.017827 1.55775e+07 6.49957e+07 2.93954e+07 5.37155e+06 0 5.31783e+07 0 6.49957e+07 5.31783e+07 2.93954e+07 5.37155e+06 0.00365006 0.0119134 0.0037971 0.00665166 0.0275169
48 114 2 0.963052 1.92966 0.00585449 0.0176635 5.89077e+06 2.45787e+07 1.11161e+07 2.0313e+06 0 2.01099e+07 0 2.45787e+07 2.01099e+07 1.11161e+07 2.0313e+06 0.00912567 0.0121962 0.00161379 0.0108422 0.0262438
46 115 0 0.803886 2.0787 0.00513258 0.0168235 1.58769e+07 6.62449e+07 2.99604e+07 5.47478e+06 0 5.42003e+07 0 6.62449e+07 5.42003e+07 2.99604e+07 5.47478e+06 0.0040857 0.0139583 0.00280791 0.00581846 0.0251931
53 115 1 0.746026 1.69296 0.00446682 0.0140145 1.95603e+07 8.16136e+07 3.69111e+07 6.74492e+06 0 6.67747e+07 0 8.16136e+07 6.67747e+07 3.69111e+07 6.74492e+06 0.00223374 0.0028103 -0.000303926 0.00623107 0.0270212
48 115 2 0.963052 1.92966 0.00585449 0.0176635 5.89077e+06 2.45787e+07 1.11161e+07 2.0313e+06 0 2.01099e+07 0 2.45787e+07 2.01099e+07 1.11161e+07 2.0313e+06 0.00912567 0.0121962 0.00161379 0.0108422 0.0262438
47 116 0 -0.0511844 0.803525 -7.16549e-05 0.00911204 2.07178e+07 8.64432e+07 3.90954e+07 7.14407e+06 0 7.07263e+07 0 8.64432e+07 7.07263e+07 3.90954e+07 7.14407e+06 0.00181923 0.000926879 0.00699892 0.00613516 0.0448182
40 116 1 -0.204391 1.18402 0.000191971 0.0110231 2.11552e+07 8.82684e+07 3.99209e+07 7.29491e+06 0 7.22196e+07 0 8.82684e+07 7.22196e+07 3.99209e+07 7.29491e+06 0.00317424 -0.000152159 0.00278951 0.0049871 0.0337864
38 116 2 -0.335464 0.883357 -0.000832277 0.0100456 2.06892e+07 8.63239e+07 3.90414e+07 7.1342e+06 0 7.06286e+07 0 8.63239e+07 7.06286e+07 3.90414e+07 7.1342e+06 0.00364921 -0.00572942 0.0023578 0.00540826 0.0414465
55 117 0 0.230545 0.687911 0.00101732 0.00967928 4.60176e+06 1.92004e+07 8.68373e+06 1.58681e+06 0 1.57095e+07 0 1.92004e+07 1.57095e+07 8.68373e+06 1.58681e+06 0.0141958 0.00869224 0.00476162 0.0135752 0.0492317
63 117 1 0.494725 0.582993 0.00402585 0.00766019 7.22277e+06 3.01364e+07 1.36297e+07 2.49061e+06 0 2.4657e+07 0 3.01364e+07 2.4657e+07 1.36297e+07 2.49061e+06 0.00633643 -0.00925924 -0.00441179 0.0122721 0.0524415
59 117 2 0.515704 0.918074 0.00313761 0.00990568 2.67349e+07 1.11549e+08 5.045e+07 9.21895e+06 0 9.12676e+07 0 1.11549e+08 9.12676e+07 5.045e+07 9.21895e+06 0.00148003 -0.00749924 -0.00137923 0.00217974 0.0402254
50 118 0 0.000963833 0.38402 -0.00124079 0.00514463 1.24989e+07 5.21507e+07 2.35861e+07 4.30998e+06 0 4.26688e+07 0 5.21507e+07 4.26688e+07 2.35861e+07 4.30998e+06 -0.000639861 -0.00100477 -0.000141446 0.0104611 0.0651356
55 118 1 0.230545 0.687911 0.00101732 0.00967928 4.60176e+06 1.92004e+07 8.68373e+06 1.58681e+06 0 1.57095e+07 0 1.92004e+07 1.57095e+07 8.68373e+06 1.58681e+06 0.0141958 0.00869224 0.00476162 0.0135752 0.0492317
47 118 2 -0.0511844 0.803525 -7.16549e-05 0.00911204 2.07178e+07 8.64432e+07 3.90954e+07 7.14407e+06 0 7.07263e+07 0 8.64432e+07 7.07263e+07 3.90954e+07 7.14407e+06 0.00181923 0.000926879 0.00699892 0.00613516 0.0448182
50 119 0 0.000963833 0.38402 -0.00124079 0.00514463 1.24989e+07 5.21507e+07 2.35861e+07 4.30998e+06 0 4.26688e+07 0 5.21507e+07 4.26688e+07 2.35861e+07 4.30998e+06 -0.000639861 -0.00100477 -0.000141446 0.0104611 0.0651356
58 119 1 0.307542 0.320922 0.0013945 0.0034273 1.89285e+06 7.89775e+06 3.57189e+06 652707 0 6.4618e+06 0 7.89775e+06 6.4618e+06 3.57189e+06 652707 0.0177801 -0.00360735 -0.000108339 0.0215634 0.0681551
55 119 2 0.230545 0.687911 0.00101732 0.00967928 4.60176e+06 1.92004e+07 8.68373e+06 1.58681e+06 0 1.57095e+07 0 1.92004e+07 1.57095e+07 8.68373e+06 1.58681e+06 0.0141958 0.00869224 0.00476162 0.0135752 0.0492317
49 120 0 0.317838 1.35095 0.00226593 0.01289 1.06665e+07 4.45051e+07 2.01282e+07 3.6781e+06 0 3.64132e+07 0 4.45051e+07 3.64132e+07 2.01282e+07 3.6781e+06 0.00583568 -0.00171837 0.00243969 0.00676285 0.0309023
44 120 1 0.364453 1.64639 0.00322458 0.0140857 3.6978e+07 1.54288e+08 6.97792e+07 1.2751e+07 0 1.26235e+08 0 1.54288e+08 1.26235e+08 6.97792e+07 1.2751e+07 0.000596968 -0.000444685 0.0011734 0.00259576 0.0269963
45 120 2 0.0561578 1.41492 0.00155591 0.0124215 2.88342e+07 1.20308e+08 5.44114e+07 9.94282e+06 0 9.84339e+07 0 1.20308e+08 9.84339e+07 5.44114e+07 9.94282e+06 0.00136683 0.0062517 0.00265108 0.00511232 0.0297568
68 121 0 1.1487 1.12248 0.00690959 0.00821682 9.38295e+06 3.91495e+07 1.7706e+07 3.2355e+06 0 3.20314e+07 0 3.91495e+07 3.20314e+07 1.7706e+07 3.2355e+06 0.00881651 0.00291777 0.00782162 0.00853492 0.0339888
61 121 1 0.976823 1.41165 0.00602212 0.0124892 2.82042e+06 1.1768e+07 5.32226e+06 972559 0 9.62833e+06 0 1.1768e+07 9.62833e+06 5.32226e+06 972559 0.0142544 -0.00147524 -0.00024655 0.0218711 0.0301265
62 121 2 0.817023 1.06046 0.00426806 0.00855442 1.59314e+07 6.64725e+07 3.00633e+07 5.4936e+06 0 5.43866e+07 0 6.64725e+07 5.43866e+07 3.00633e+07 5.4936e+06 0.00540823 -0.00740506 0.0012888 0.00457802 0.0357075
45 122 0 0.0561578 1.41492 0.00155591 0.0124215 2.88342e+07 1.20308e+08 5.44114e+07 9.94282e+06 0 9.84339e+07 0 1.20308e+08 9.84339e+07 5.44114e+07 9.94282e+06 0.00136683 0.0062517 0.00265108 0.00511232 0.0297568
35 122 1 -0.243823 1.58008 0.000333894 0.0138551 9.65627e+06 4.029e+07 1.82218e+07 3.32975e+06 0 3.29645e+07 0 4.029e+07 3.29645e+07 1.82218e+07 3.32975e+06 0.00711106 -0.00699025 -0.00104881 0.00860246 0.0273698
40 122 2 -0.204391 1.18402 0.000191971 0.0110231 2.11552e+07 8.82684e+07 3.99209e+07 7.29491e+06 0 7.22196e+07 0 8.82684e+07 7.22196e+07 3.99209e+07 7.29491e+06 0.00317424 -0.000152159 0.00278951 0.0049871 0.0337864
49 123 0 0.317838 1.35095 0.00226593 0.01289 1.06665e+07 4.45051e+07 2.01282e+07 3.6781e+06 0 3.64132e+07 0 4.45051e+07 3.64132e+07 2.01282e+07 3.6781e+06 0.00583568 -0.00171837 0.00243969 0.00676285 0.0309023
45 123 1 0.0561578 1.41492 0.00155591 0.0124215 2.88342e+07 1.20308e+08 5.44114e+07 9.94282e+06 0 9.84339e+07 0 1.20308e+08 9.84339e+07 5.44114e+07 9.94282e+06 0.00136683 0.0062517 0.00265108 0.00511232 0.0297568
51 123 2 0.200313 1.07812 0.00166008 0.011506 2.26395e+07 9.44613e+07 4.27217e+07 7.80672e+06 0 7.72865e+07 0 9.44613e+07 7.72865e+07 4.27217e+07 7.80672e+06 0.00536753 -7.01003e-05 -0.000912497 0.00242485 0.036535
54 124 0 0.585307 1.31091 0.00343194 0.0117038 1.65128e+07 6.88983e+07 3.11604e+07 5.69407e+06 0 5.63713e+07 0 6.88983e+07 5.63713e+07 3.11604e+07 5.69407e+06 0.00315101 -0.00508346 -0.00065064 0.0070517 0.0315341
49 124 1 0.317838 1.35095 0.00226593 0.01289 1.06665e+07 4.45051e+07 2.01282e+07 3.6781e+06 0 3.64132e+07 0 4.45051e+07 3.64132e+07 2.01282e+07 3.6781e+06 0.00583568 -0.00171837 0.00243969 0.00676285 0.0309023
51 124 2 0.200313 1.07812 0.00166008 0.011506 2.26395e+07 9.44613e+07 4.27217e+07 7.80672e+06 0 7.72865e+07 0 9.44613e+07 7.72865e+07 4.27217e+07 7.80672e+06 0.00536753 -7.01003e-05 -0.000912497 0.00242485 0.036535
54 125 0 0.585307 1.31091 0.00343194 0.0117038 1.65128e+07 6.88983e+07 3.11604e+07 5.69407e+06 0 5.63713e+07 0 6.88983e+07 5.63713e+07 3.11604e+07 5.69407e+06 0.00315101 -0.00508346 -0.00065064 0.0070517 0.0315341
44 125 1 0.364453 1.64639 0.00322458 0.0140857 3.6978e+07 1.54288e+08 6.97792e+07 1.2751e+07 0 1.26235e+08 0 1.54288e+08 1.26235e+08 6.97792e+07 1.2751e+07 0.000596968 -0.000444685 0.0011734 0.00259576 0.0269963
49 125 2 0.317838 1.35095 0.00226593 0.01289 1.06665e+07 4.45051e+07 2.01282e+07 3.6781e+06 0 3.64132e+07 0 4.45051e+07 3.64132e+07 2.01282e+07 3.6781e+06 0.00583568 -0.00171837 0.00243969 0.00676285 0.0309023
44 126 0 0.364453 1.64639 0.00322458 0.0140857 3.6978e+07 1.54288e+08 6.97792e+07 1.2751e+07 0 1.26235e+08 0 1.54288e+08 1.26235e+08 6.97792e+07 1.2751e+07 0.000596968 -0.000444685 0.0011734 0.00259576 0.0269963
34 126 1 0.17838 2.01423 0.00270224 0.0164872 1.76153e+07 7.34984e+07 3.32409e+07 6.07424e+06 0 6.0135e+07 0 7.34984e+07 6.0135e+07 3.32409e+07 6.07424e+06 0.00451882 -0.0106387 -0.00142562 0.00485483 0.0241744
36 126 2 0.0438725 1.72666 0.00233737 0.0145128 4.32778e+06 1.80573e+07 8.16671e+06 1.49234e+06 0 1.47741e+07 0 1.80573e+07 1.47741e+07 8.16671e+06 1.49234e+06 0.00509797 0.00169977 -0.000534909 0.0130578 0.025971
