Index_Vertex nbTriangle nbInTr x y ux uy Elast AR BR IR GR ER FR A1 A2 B12 C3 Defxx Defxy Defyx Defyy Density 
6 0 0 -1.13335 0.550191 -0.0118064 0.0085599 1.1568e+07 4.82663e+07 2.18293e+07 3.98895e+06 0 3.94906e+07 0 4.82663e+07 3.94906e+07 2.18293e+07 3.98895e+06 0.00645524 -0.00115341 -0.00430572 0.0095169 0.059183
0 0 1 -1.48651 0.474026 -0.0133731 0.006792 1.88486e+07 7.86442e+07 3.55682e+07 6.49952e+06 0 6.43453e+07 0 7.86442e+07 6.43453e+07 3.55682e+07 6.49952e+06 0.00392455 0.00508152 -0.00170418 0.00463689 0.0586078
1 0 2 -1.29928 0.227913 -0.0133437 0.00457165 5.19601e+06 2.16799e+07 9.80511e+06 1.79173e+06 0 1.77381e+07 0 2.16799e+07 1.77381e+07 9.80511e+06 1.79173e+06 0.01116 -0.000895483 0.00855889 0.0194163 0.0645725
14 1 0 -0.59764 0.310705 -0.00726025 0.0108453 3.37976e+06 1.41017e+07 6.37775e+06 1.16543e+06 0 1.15378e+07 0 1.41017e+07 1.15378e+07 6.37775e+06 1.16543e+06 0.0256426 0.00196194 -0.00851281 0.0117637 0.0774129
8 1 1 -0.714286 1.96623e-24 -9.54755e-27 5.27258e-26 1.73431e+06 7.23626e+06 3.27272e+06 598038 0 5.92057e+06 0 7.23626e+06 5.92057e+06 3.27272e+06 598038 0.00682564 0.00143563 -0.074268 0.0518562 0.0987431
15 1 2 -0.428571 1.86516e-24 2.84309e-27 3.6315e-26 649224 2.70883e+06 1.22512e+06 223870 0 2.21632e+06 0 2.70883e+06 2.21632e+06 1.22512e+06 223870 2.43003e-18 -1.0384e-17 -0.0162683 0.0543524 0.103453
30 2 0 -0.0461416 0.570244 -0.00130203 0.00888585 1.34081e+07 5.59443e+07 2.53017e+07 4.62349e+06 0 4.57726e+07 0 5.59443e+07 4.57726e+07 2.53017e+07 4.62349e+06 0.00380161 0.00430744 0.00054012 0.0105237 0.0654488
22 2 1 -0.414715 0.612237 -0.00555591 0.0131626 5.03312e+06 2.10003e+07 9.49773e+06 1.73556e+06 0 1.7182e+07 0 2.10003e+07 1.7182e+07 9.49773e+06 1.73556e+06 0.0192133 -0.0205217 0.000304346 0.0116651 0.0628048
23 2 2 -0.285734 0.306845 -0.00225036 0.00738886 7.91766e+06 3.30357e+07 1.4941e+07 2.73023e+06 0 2.70292e+07 0 3.30357e+07 2.70292e+07 1.4941e+07 2.73023e+06 0.0078231 -0.0104915 -0.00710972 0.0113784 0.0800798
7 3 0 -0.929784 0.291272 -0.0103127 0.00669908 1.3298e+07 5.54849e+07 2.5094e+07 4.58553e+06 0 4.53967e+07 0 5.54849e+07 4.53967e+07 2.5094e+07 4.58553e+06 0.00150308 0.0127443 0.000775931 0.0104598 0.0721328
2 3 1 -1 1.43565e-24 -9.19303e-28 5.21793e-26 2.47036e+06 1.03074e+07 4.66168e+06 851848 0 8.43329e+06 0 1.03074e+07 8.43329e+06 4.66168e+06 851848 0.0157462 0.0135346 -0.0903224 0.0372984 0.0863279
8 3 2 -0.714286 1.96623e-24 -9.54755e-27 5.27258e-26 1.73431e+06 7.23626e+06 3.27272e+06 598038 0 5.92057e+06 0 7.23626e+06 5.92057e+06 3.27272e+06 598038 0.00682564 0.00143563 -0.074268 0.0518562 0.0987431
22 4 0 -0.414715 0.612237 -0.00555591 0.0131626 5.03312e+06 2.10003e+07 9.49773e+06 1.73556e+06 0 1.7182e+07 0 2.10003e+07 1.7182e+07 9.49773e+06 1.73556e+06 0.0192133 -0.0205217 0.000304346 0.0116651 0.0628048
13 4 1 -0.779341 0.601177 -0.00985735 0.0113801 1.5885e+07 6.62789e+07 2.99757e+07 5.47759e+06 0 5.42282e+07 0 6.62789e+07 5.42282e+07 2.99757e+07 5.47759e+06 0.00329018 0.0171433 -0.00655453 0.00117859 0.0608152
14 4 2 -0.59764 0.310705 -0.00726025 0.0108453 3.37976e+06 1.41017e+07 6.37775e+06 1.16543e+06 0 1.15378e+07 0 1.41017e+07 1.15378e+07 6.37775e+06 1.16543e+06 0.0256426 0.00196194 -0.00851281 0.0117637 0.0774129
6 5 0 -1.13335 0.550191 -0.0118064 0.0085599 1.1568e+07 4.82663e+07 2.18293e+07 3.98895e+06 0 3.94906e+07 0 4.82663e+07 3.94906e+07 2.18293e+07 3.98895e+06 0.00645524 -0.00115341 -0.00430572 0.0095169 0.059183
1 5 1 -1.29928 0.227913 -0.0133437 0.00457165 5.19601e+06 2.16799e+07 9.80511e+06 1.79173e+06 0 1.77381e+07 0 2.16799e+07 1.77381e+07 9.80511e+06 1.79173e+06 0.01116 -0.000895483 0.00855889 0.0194163 0.0645725
7 5 2 -0.929784 0.291272 -0.0103127 0.00669908 1.3298e+07 5.54849e+07 2.5094e+07 4.58553e+06 0 4.53967e+07 0 5.54849e+07 4.53967e+07 2.5094e+07 4.58553e+06 0.00150308 0.0127443 0.000775931 0.0104598 0.0721328
6 6 0 -1.13335 0.550191 -0.0118064 0.0085599 1.1568e+07 4.82663e+07 2.18293e+07 3.98895e+06 0 3.94906e+07 0 4.82663e+07 3.94906e+07 2.18293e+07 3.98895e+06 0.00645524 -0.00115341 -0.00430572 0.0095169 0.059183
9 6 1 -0.981531 0.897587 -0.0139986 0.0145328 2.69437e+06 1.1242e+07 5.0844e+06 929094 0 9.19803e+06 0 1.1242e+07 9.19803e+06 5.0844e+06 929094 0.0131388 -0.000363464 -0.0114201 0.0286913 0.0516713
3 6 2 -1.3778 0.757299 -0.0150608 0.00900922 1.52382e+07 6.358e+07 2.87552e+07 5.25455e+06 0 5.202e+07 0 6.358e+07 5.202e+07 2.87552e+07 5.25455e+06 0.0058069 0.0128979 -0.0275241 -0.00399385 0.0550451
2 7 0 -1 1.43565e-24 -9.19303e-28 5.21793e-26 2.47036e+06 1.03074e+07 4.66168e+06 851848 0 8.43329e+06 0 1.03074e+07 8.43329e+06 4.66168e+06 851848 0.0157462 0.0135346 -0.0903224 0.0372984 0.0863279
7 7 1 -0.929784 0.291272 -0.0103127 0.00669908 1.3298e+07 5.54849e+07 2.5094e+07 4.58553e+06 0 4.53967e+07 0 5.54849e+07 4.53967e+07 2.5094e+07 4.58553e+06 0.00150308 0.0127443 0.000775931 0.0104598 0.0721328
1 7 2 -1.29928 0.227913 -0.0133437 0.00457165 5.19601e+06 2.16799e+07 9.80511e+06 1.79173e+06 0 1.77381e+07 0 2.16799e+07 1.77381e+07 9.80511e+06 1.79173e+06 0.01116 -0.000895483 0.00855889 0.0194163 0.0645725
7 8 0 -0.929784 0.291272 -0.0103127 0.00669908 1.3298e+07 5.54849e+07 2.5094e+07 4.58553e+06 0 4.53967e+07 0 5.54849e+07 4.53967e+07 2.5094e+07 4.58553e+06 0.00150308 0.0127443 0.000775931 0.0104598 0.0721328
8 8 1 -0.714286 1.96623e-24 -9.54755e-27 5.27258e-26 1.73431e+06 7.23626e+06 3.27272e+06 598038 0 5.92057e+06 0 7.23626e+06 5.92057e+06 3.27272e+06 598038 0.00682564 0.00143563 -0.074268 0.0518562 0.0987431
14 8 2 -0.59764 0.310705 -0.00726025 0.0108453 3.37976e+06 1.41017e+07 6.37775e+06 1.16543e+06 0 1.15378e+07 0 1.41017e+07 1.15378e+07 6.37775e+06 1.16543e+06 0.0256426 0.00196194 -0.00851281 0.0117637 0.0774129
0 9 0 -1.48651 0.474026 -0.0133731 0.006792 1.88486e+07 7.86442e+07 3.55682e+07 6.49952e+06 0 6.43453e+07 0 7.86442e+07 6.43453e+07 3.55682e+07 6.49952e+06 0.00392455 0.00508152 -0.00170418 0.00463689 0.0586078
6 9 1 -1.13335 0.550191 -0.0118064 0.0085599 1.1568e+07 4.82663e+07 2.18293e+07 3.98895e+06 0 3.94906e+07 0 4.82663e+07 3.94906e+07 2.18293e+07 3.98895e+06 0.00645524 -0.00115341 -0.00430572 0.0095169 0.059183
3 9 2 -1.3778 0.757299 -0.0150608 0.00900922 1.52382e+07 6.358e+07 2.87552e+07 5.25455e+06 0 5.202e+07 0 6.358e+07 5.202e+07 2.87552e+07 5.25455e+06 0.0058069 0.0128979 -0.0275241 -0.00399385 0.0550451
14 10 0 -0.59764 0.310705 -0.00726025 0.0108453 3.37976e+06 1.41017e+07 6.37775e+06 1.16543e+06 0 1.15378e+07 0 1.41017e+07 1.15378e+07 6.37775e+06 1.16543e+06 0.0256426 0.00196194 -0.00851281 0.0117637 0.0774129
15 10 1 -0.428571 1.86516e-24 2.84309e-27 3.6315e-26 649224 2.70883e+06 1.22512e+06 223870 0 2.21632e+06 0 2.70883e+06 2.21632e+06 1.22512e+06 223870 2.43003e-18 -1.0384e-17 -0.0162683 0.0543524 0.103453
23 10 2 -0.285734 0.306845 -0.00225036 0.00738886 7.91766e+06 3.30357e+07 1.4941e+07 2.73023e+06 0 2.70292e+07 0 3.30357e+07 2.70292e+07 1.4941e+07 2.73023e+06 0.0078231 -0.0104915 -0.00710972 0.0113784 0.0800798
9 11 0 -0.981531 0.897587 -0.0139986 0.0145328 2.69437e+06 1.1242e+07 5.0844e+06 929094 0 9.19803e+06 0 1.1242e+07 9.19803e+06 5.0844e+06 929094 0.0131388 -0.000363464 -0.0114201 0.0286913 0.0516713
4 11 1 -1.24364 1.02945 -0.0165336 0.0158204 2.01071e+06 8.38949e+06 3.79429e+06 693347 0 6.86413e+06 0 8.38949e+06 6.86413e+06 3.79429e+06 693347 0.0209614 0.0172763 0.020721 0.0292416 0.0505288
3 11 2 -1.3778 0.757299 -0.0150608 0.00900922 1.52382e+07 6.358e+07 2.87552e+07 5.25455e+06 0 5.202e+07 0 6.358e+07 5.202e+07 2.87552e+07 5.25455e+06 0.0058069 0.0128979 -0.0275241 -0.00399385 0.0550451
21 12 0 -0.142857 1.95093e-24 1.25574e-28 5.71117e-26 4.75384e+06 1.9835e+07 8.97072e+06 1.63926e+06 0 1.62286e+07 0 1.9835e+07 1.62286e+07 8.97072e+06 1.63926e+06 0.000694158 -0.00129266 -0.00359211 0.0312947 0.105322
23 12 1 -0.285734 0.306845 -0.00225036 0.00738886 7.91766e+06 3.30357e+07 1.4941e+07 2.73023e+06 0 2.70292e+07 0 3.30357e+07 2.70292e+07 1.4941e+07 2.73023e+06 0.0078231 -0.0104915 -0.00710972 0.0113784 0.0800798
15 12 2 -0.428571 1.86516e-24 2.84309e-27 3.6315e-26 649224 2.70883e+06 1.22512e+06 223870 0 2.21632e+06 0 2.70883e+06 2.21632e+06 1.22512e+06 223870 2.43003e-18 -1.0384e-17 -0.0162683 0.0543524 0.103453
5 13 0 -1.07282 1.28022 -0.0115872 0.0201795 1.70081e+07 7.09647e+07 3.2095e+07 5.86485e+06 0 5.8062e+07 0 7.09647e+07 5.8062e+07 3.2095e+07 5.86485e+06 0.00315938 0.0063321 0.00329635 0.00705411 0.0464305
4 13 1 -1.24364 1.02945 -0.0165336 0.0158204 2.01071e+06 8.38949e+06 3.79429e+06 693347 0 6.86413e+06 0 8.38949e+06 6.86413e+06 3.79429e+06 693347 0.0209614 0.0172763 0.020721 0.0292416 0.0505288
9 13 2 -0.981531 0.897587 -0.0139986 0.0145328 2.69437e+06 1.1242e+07 5.0844e+06 929094 0 9.19803e+06 0 1.1242e+07 9.19803e+06 5.0844e+06 929094 0.0131388 -0.000363464 -0.0114201 0.0286913 0.0516713
11 14 0 -0.746546 1.20847 -0.00996962 0.0212643 9.88125e+06 4.12287e+07 1.86464e+07 3.40733e+06 0 3.37326e+07 0 4.12287e+07 3.37326e+07 1.86464e+07 3.40733e+06 0.00793946 0.00391174 0.00208467 0.00929191 0.0458836
5 14 1 -1.07282 1.28022 -0.0115872 0.0201795 1.70081e+07 7.09647e+07 3.2095e+07 5.86485e+06 0 5.8062e+07 0 7.09647e+07 5.8062e+07 3.2095e+07 5.86485e+06 0.00315938 0.0063321 0.00329635 0.00705411 0.0464305
9 14 2 -0.981531 0.897587 -0.0139986 0.0145328 2.69437e+06 1.1242e+07 5.0844e+06 929094 0 9.19803e+06 0 1.1242e+07 9.19803e+06 5.0844e+06 929094 0.0131388 -0.000363464 -0.0114201 0.0286913 0.0516713
16 15 0 -0.603415 0.894464 -0.00906517 0.0174515 3.42158e+06 1.42763e+07 6.45668e+06 1.17986e+06 0 1.16806e+07 0 1.42763e+07 1.16806e+07 6.45668e+06 1.17986e+06 0.0160021 0.0117904 -0.000350593 0.0210563 0.0523415
11 15 1 -0.746546 1.20847 -0.00996962 0.0212643 9.88125e+06 4.12287e+07 1.86464e+07 3.40733e+06 0 3.37326e+07 0 4.12287e+07 3.37326e+07 1.86464e+07 3.40733e+06 0.00793946 0.00391174 0.00208467 0.00929191 0.0458836
9 15 2 -0.981531 0.897587 -0.0139986 0.0145328 2.69437e+06 1.1242e+07 5.0844e+06 929094 0 9.19803e+06 0 1.1242e+07 9.19803e+06 5.0844e+06 929094 0.0131388 -0.000363464 -0.0114201 0.0286913 0.0516713
6 16 0 -1.13335 0.550191 -0.0118064 0.0085599 1.1568e+07 4.82663e+07 2.18293e+07 3.98895e+06 0 3.94906e+07 0 4.82663e+07 3.94906e+07 2.18293e+07 3.98895e+06 0.00645524 -0.00115341 -0.00430572 0.0095169 0.059183
13 16 1 -0.779341 0.601177 -0.00985735 0.0113801 1.5885e+07 6.62789e+07 2.99757e+07 5.47759e+06 0 5.42282e+07 0 6.62789e+07 5.42282e+07 2.99757e+07 5.47759e+06 0.00329018 0.0171433 -0.00655453 0.00117859 0.0608152
9 16 2 -0.981531 0.897587 -0.0139986 0.0145328 2.69437e+06 1.1242e+07 5.0844e+06 929094 0 9.19803e+06 0 1.1242e+07 9.19803e+06 5.0844e+06 929094 0.0131388 -0.000363464 -0.0114201 0.0286913 0.0516713
22 17 0 -0.414715 0.612237 -0.00555591 0.0131626 5.03312e+06 2.10003e+07 9.49773e+06 1.73556e+06 0 1.7182e+07 0 2.10003e+07 1.7182e+07 9.49773e+06 1.73556e+06 0.0192133 -0.0205217 0.000304346 0.0116651 0.0628048
24 17 1 -0.221927 0.920517 -0.00351414 0.0154293 3.48668e+06 1.45479e+07 6.57952e+06 1.2023e+06 0 1.19028e+07 0 1.45479e+07 1.19028e+07 6.57952e+06 1.2023e+06 0.0116676 -0.0134029 -0.00637005 0.0242555 0.052032
16 17 2 -0.603415 0.894464 -0.00906517 0.0174515 3.42158e+06 1.42763e+07 6.45668e+06 1.17986e+06 0 1.16806e+07 0 1.42763e+07 1.16806e+07 6.45668e+06 1.17986e+06 0.0160021 0.0117904 -0.000350593 0.0210563 0.0523415
17 18 0 -0.430646 1.16677 -0.00757708 0.0217327 1.16027e+07 4.84112e+07 2.18948e+07 4.00092e+06 0 3.96092e+07 0 4.84112e+07 3.96092e+07 2.18948e+07 4.00092e+06 0.0058009 -0.00254884 -0.00255306 0.00452441 0.0462602
19 18 1 -0.469594 1.48998 -0.00808036 0.0241862 1.51921e+07 6.33875e+07 2.86681e+07 5.23864e+06 0 5.18625e+07 0 6.33875e+07 5.18625e+07 2.86681e+07 5.23864e+06 0.00434505 -0.0014567 0.00303457 0.00710767 0.0418762
11 18 2 -0.746546 1.20847 -0.00996962 0.0212643 9.88125e+06 4.12287e+07 1.86464e+07 3.40733e+06 0 3.37326e+07 0 4.12287e+07 3.37326e+07 1.86464e+07 3.40733e+06 0.00793946 0.00391174 0.00208467 0.00929191 0.0458836
28 19 0 -0.00677631 0.262426 -0.00064197 0.005327 1.30595e+07 5.44896e+07 2.46438e+07 4.50327e+06 0 4.45824e+07 0 5.44896e+07 4.45824e+07 2.46438e+07 4.50327e+06 0.00146062 0.000457321 -0.00415583 0.0132088 0.0837619
21 19 1 -0.142857 1.95093e-24 1.25574e-28 5.71117e-26 4.75384e+06 1.9835e+07 8.97072e+06 1.63926e+06 0 1.62286e+07 0 1.9835e+07 1.62286e+07 8.97072e+06 1.63926e+06 0.000694158 -0.00129266 -0.00359211 0.0312947 0.105322
29 19 2 0.142857 1.91444e-24 -1.04182e-27 5.84802e-26 5.68677e+06 2.37275e+07 1.07312e+07 1.96095e+06 0 1.94134e+07 0 2.37275e+07 1.94134e+07 1.07312e+07 1.96095e+06 0.0010905 -0.00270009 0.000150707 0.0282908 0.105291
19 20 0 -0.469594 1.48998 -0.00808036 0.0241862 1.51921e+07 6.33875e+07 2.86681e+07 5.23864e+06 0 5.18625e+07 0 6.33875e+07 5.18625e+07 2.86681e+07 5.23864e+06 0.00434505 -0.0014567 0.00303457 0.00710767 0.0418762
12 20 1 -0.598818 1.76334 -0.00788677 0.0261504 1.3139e+07 5.48214e+07 2.47939e+07 4.53069e+06 0 4.48539e+07 0 5.48214e+07 4.48539e+07 2.47939e+07 4.53069e+06 0.00585124 -0.00113492 0.00389416 0.00716727 0.0406559
10 20 2 -0.888481 1.52122 -0.0101439 0.023104 1.49983e+07 6.2579e+07 2.83024e+07 5.17182e+06 0 5.1201e+07 0 6.2579e+07 5.1201e+07 2.83024e+07 5.17182e+06 0.0048089 0.00666576 0.00258611 0.00727337 0.0432712
25 21 0 -0.136359 1.29754 -0.00562737 0.0202646 8.77504e+06 3.66131e+07 1.65589e+07 3.02588e+06 0 2.99562e+07 0 3.66131e+07 2.99562e+07 1.65589e+07 3.02588e+06 0.00758084 -0.0128316 -0.00498877 0.0118808 0.0440927
19 21 1 -0.469594 1.48998 -0.00808036 0.0241862 1.51921e+07 6.33875e+07 2.86681e+07 5.23864e+06 0 5.18625e+07 0 6.33875e+07 5.18625e+07 2.86681e+07 5.23864e+06 0.00434505 -0.0014567 0.00303457 0.00710767 0.0418762
17 21 2 -0.430646 1.16677 -0.00757708 0.0217327 1.16027e+07 4.84112e+07 2.18948e+07 4.00092e+06 0 3.96092e+07 0 4.84112e+07 3.96092e+07 2.18948e+07 4.00092e+06 0.0058009 -0.00254884 -0.00255306 0.00452441 0.0462602
25 22 0 -0.136359 1.29754 -0.00562737 0.0202646 8.77504e+06 3.66131e+07 1.65589e+07 3.02588e+06 0 2.99562e+07 0 3.66131e+07 2.99562e+07 1.65589e+07 3.02588e+06 0.00758084 -0.0128316 -0.00498877 0.0118808 0.0440927
26 22 1 -0.107663 1.62876 -0.00560702 0.0237475 9.50764e+06 3.96698e+07 1.79413e+07 3.2785e+06 0 3.24571e+07 0 3.96698e+07 3.24571e+07 1.79413e+07 3.2785e+06 0.00748675 -0.007288 0.00175245 0.00937567 0.0405452
19 22 2 -0.469594 1.48998 -0.00808036 0.0241862 1.51921e+07 6.33875e+07 2.86681e+07 5.23864e+06 0 5.18625e+07 0 6.33875e+07 5.18625e+07 2.86681e+07 5.23864e+06 0.00434505 -0.0014567 0.00303457 0.00710767 0.0418762
13 23 0 -0.779341 0.601177 -0.00985735 0.0113801 1.5885e+07 6.62789e+07 2.99757e+07 5.47759e+06 0 5.42282e+07 0 6.62789e+07 5.42282e+07 2.99757e+07 5.47759e+06 0.00329018 0.0171433 -0.00655453 0.00117859 0.0608152
6 23 1 -1.13335 0.550191 -0.0118064 0.0085599 1.1568e+07 4.82663e+07 2.18293e+07 3.98895e+06 0 3.94906e+07 0 4.82663e+07 3.94906e+07 2.18293e+07 3.98895e+06 0.00645524 -0.00115341 -0.00430572 0.0095169 0.059183
7 23 2 -0.929784 0.291272 -0.0103127 0.00669908 1.3298e+07 5.54849e+07 2.5094e+07 4.58553e+06 0 4.53967e+07 0 5.54849e+07 4.53967e+07 2.5094e+07 4.58553e+06 0.00150308 0.0127443 0.000775931 0.0104598 0.0721328
14 24 0 -0.59764 0.310705 -0.00726025 0.0108453 3.37976e+06 1.41017e+07 6.37775e+06 1.16543e+06 0 1.15378e+07 0 1.41017e+07 1.15378e+07 6.37775e+06 1.16543e+06 0.0256426 0.00196194 -0.00851281 0.0117637 0.0774129
13 24 1 -0.779341 0.601177 -0.00985735 0.0113801 1.5885e+07 6.62789e+07 2.99757e+07 5.47759e+06 0 5.42282e+07 0 6.62789e+07 5.42282e+07 2.99757e+07 5.47759e+06 0.00329018 0.0171433 -0.00655453 0.00117859 0.0608152
7 24 2 -0.929784 0.291272 -0.0103127 0.00669908 1.3298e+07 5.54849e+07 2.5094e+07 4.58553e+06 0 4.53967e+07 0 5.54849e+07 4.53967e+07 2.5094e+07 4.58553e+06 0.00150308 0.0127443 0.000775931 0.0104598 0.0721328
16 25 0 -0.603415 0.894464 -0.00906517 0.0174515 3.42158e+06 1.42763e+07 6.45668e+06 1.17986e+06 0 1.16806e+07 0 1.42763e+07 1.16806e+07 6.45668e+06 1.17986e+06 0.0160021 0.0117904 -0.000350593 0.0210563 0.0523415
9 25 1 -0.981531 0.897587 -0.0139986 0.0145328 2.69437e+06 1.1242e+07 5.0844e+06 929094 0 9.19803e+06 0 1.1242e+07 9.19803e+06 5.0844e+06 929094 0.0131388 -0.000363464 -0.0114201 0.0286913 0.0516713
13 25 2 -0.779341 0.601177 -0.00985735 0.0113801 1.5885e+07 6.62789e+07 2.99757e+07 5.47759e+06 0 5.42282e+07 0 6.62789e+07 5.42282e+07 2.99757e+07 5.47759e+06 0.00329018 0.0171433 -0.00655453 0.00117859 0.0608152
13 26 0 -0.779341 0.601177 -0.00985735 0.0113801 1.5885e+07 6.62789e+07 2.99757e+07 5.47759e+06 0 5.42282e+07 0 6.62789e+07 5.42282e+07 2.99757e+07 5.47759e+06 0.00329018 0.0171433 -0.00655453 0.00117859 0.0608152
22 26 1 -0.414715 0.612237 -0.00555591 0.0131626 5.03312e+06 2.10003e+07 9.49773e+06 1.73556e+06 0 1.7182e+07 0 2.10003e+07 1.7182e+07 9.49773e+06 1.73556e+06 0.0192133 -0.0205217 0.000304346 0.0116651 0.0628048
16 26 2 -0.603415 0.894464 -0.00906517 0.0174515 3.42158e+06 1.42763e+07 6.45668e+06 1.17986e+06 0 1.16806e+07 0 1.42763e+07 1.16806e+07 6.45668e+06 1.17986e+06 0.0160021 0.0117904 -0.000350593 0.0210563 0.0523415
24 27 0 -0.221927 0.920517 -0.00351414 0.0154293 3.48668e+06 1.45479e+07 6.57952e+06 1.2023e+06 0 1.19028e+07 0 1.45479e+07 1.19028e+07 6.57952e+06 1.2023e+06 0.0116676 -0.0134029 -0.00637005 0.0242555 0.052032
30 27 1 -0.0461416 0.570244 -0.00130203 0.00888585 1.34081e+07 5.59443e+07 2.53017e+07 4.62349e+06 0 4.57726e+07 0 5.59443e+07 4.57726e+07 2.53017e+07 4.62349e+06 0.00380161 0.00430744 0.00054012 0.0105237 0.0654488
31 27 2 0.0515625 0.823724 -0.00083731 0.0121365 1.05863e+07 4.41704e+07 1.99768e+07 3.65044e+06 0 3.61394e+07 0 4.41704e+07 3.61394e+07 1.99768e+07 3.65044e+06 0.00512709 0.00501266 -0.00322974 0.0122778 0.0552665
11 28 0 -0.746546 1.20847 -0.00996962 0.0212643 9.88125e+06 4.12287e+07 1.86464e+07 3.40733e+06 0 3.37326e+07 0 4.12287e+07 3.37326e+07 1.86464e+07 3.40733e+06 0.00793946 0.00391174 0.00208467 0.00929191 0.0458836
16 28 1 -0.603415 0.894464 -0.00906517 0.0174515 3.42158e+06 1.42763e+07 6.45668e+06 1.17986e+06 0 1.16806e+07 0 1.42763e+07 1.16806e+07 6.45668e+06 1.17986e+06 0.0160021 0.0117904 -0.000350593 0.0210563 0.0523415
17 28 2 -0.430646 1.16677 -0.00757708 0.0217327 1.16027e+07 4.84112e+07 2.18948e+07 4.00092e+06 0 3.96092e+07 0 4.84112e+07 3.96092e+07 2.18948e+07 4.00092e+06 0.0058009 -0.00254884 -0.00255306 0.00452441 0.0462602
14 29 0 -0.59764 0.310705 -0.00726025 0.0108453 3.37976e+06 1.41017e+07 6.37775e+06 1.16543e+06 0 1.15378e+07 0 1.41017e+07 1.15378e+07 6.37775e+06 1.16543e+06 0.0256426 0.00196194 -0.00851281 0.0117637 0.0774129
23 29 1 -0.285734 0.306845 -0.00225036 0.00738886 7.91766e+06 3.30357e+07 1.4941e+07 2.73023e+06 0 2.70292e+07 0 3.30357e+07 2.70292e+07 1.4941e+07 2.73023e+06 0.0078231 -0.0104915 -0.00710972 0.0113784 0.0800798
22 29 2 -0.414715 0.612237 -0.00555591 0.0131626 5.03312e+06 2.10003e+07 9.49773e+06 1.73556e+06 0 1.7182e+07 0 2.10003e+07 1.7182e+07 9.49773e+06 1.73556e+06 0.0192133 -0.0205217 0.000304346 0.0116651 0.0628048
12 30 0 -0.598818 1.76334 -0.00788677 0.0261504 1.3139e+07 5.48214e+07 2.47939e+07 4.53069e+06 0 4.48539e+07 0 5.48214e+07 4.48539e+07 2.47939e+07 4.53069e+06 0.00585124 -0.00113492 0.00389416 0.00716727 0.0406559
19 30 1 -0.469594 1.48998 -0.00808036 0.0241862 1.51921e+07 6.33875e+07 2.86681e+07 5.23864e+06 0 5.18625e+07 0 6.33875e+07 5.18625e+07 2.86681e+07 5.23864e+06 0.00434505 -0.0014567 0.00303457 0.00710767 0.0418762
18 30 2 -0.354625 1.86856 -0.00638407 0.0262778 2.05052e+07 8.55561e+07 3.86942e+07 7.07075e+06 0 7.00005e+07 0 8.55561e+07 7.00005e+07 3.86942e+07 7.07075e+06 0.00384686 0.000121606 0.00343896 0.00434777 0.0398844
38 31 0 0.32112 0.720043 0.000827188 0.0132709 1.35734e+07 5.66338e+07 2.56136e+07 4.68048e+06 0 4.63367e+07 0 5.66338e+07 4.63367e+07 2.56136e+07 4.68048e+06 0.00695984 0.00691384 -0.00148713 0.00439041 0.058788
30 31 1 -0.0461416 0.570244 -0.00130203 0.00888585 1.34081e+07 5.59443e+07 2.53017e+07 4.62349e+06 0 4.57726e+07 0 5.59443e+07 4.57726e+07 2.53017e+07 4.62349e+06 0.00380161 0.00430744 0.00054012 0.0105237 0.0654488
37 31 2 0.263199 0.343488 0.000638882 0.00867962 5.42784e+06 2.26472e+07 1.02426e+07 1.87167e+06 0 1.85295e+07 0 2.26472e+07 1.85295e+07 1.02426e+07 1.87167e+06 0.00923727 0.0150839 0.000128525 0.017749 0.0779126
39 32 0 0.442219 1.10777 -5.85105e-05 0.0167457 1.08685e+07 4.5348e+07 2.05094e+07 3.74777e+06 0 3.71029e+07 0 4.5348e+07 3.71029e+07 2.05094e+07 3.74777e+06 0.00667582 0.00272997 -0.00639856 0.00710952 0.0476751
32 32 1 0.123504 1.08536 -0.00215175 0.0156816 9.44405e+06 3.94045e+07 1.78214e+07 3.25657e+06 0 3.224e+07 0 3.94045e+07 3.224e+07 1.78214e+07 3.25657e+06 0.00557644 0.00244071 -0.0097615 0.0127727 0.0481156
38 32 2 0.32112 0.720043 0.000827188 0.0132709 1.35734e+07 5.66338e+07 2.56136e+07 4.68048e+06 0 4.63367e+07 0 5.66338e+07 4.63367e+07 2.56136e+07 4.68048e+06 0.00695984 0.00691384 -0.00148713 0.00439041 0.058788
32 33 0 0.123504 1.08536 -0.00215175 0.0156816 9.44405e+06 3.94045e+07 1.78214e+07 3.25657e+06 0 3.224e+07 0 3.94045e+07 3.224e+07 1.78214e+07 3.25657e+06 0.00557644 0.00244071 -0.0097615 0.0127727 0.0481156
25 33 1 -0.136359 1.29754 -0.00562737 0.0202646 8.77504e+06 3.66131e+07 1.65589e+07 3.02588e+06 0 2.99562e+07 0 3.66131e+07 2.99562e+07 1.65589e+07 3.02588e+06 0.00758084 -0.0128316 -0.00498877 0.0118808 0.0440927
24 33 2 -0.221927 0.920517 -0.00351414 0.0154293 3.48668e+06 1.45479e+07 6.57952e+06 1.2023e+06 0 1.19028e+07 0 1.45479e+07 1.19028e+07 6.57952e+06 1.2023e+06 0.0116676 -0.0134029 -0.00637005 0.0242555 0.052032
40 34 0 0.571701 1.43336 -0.000482673 0.0204787 4.4042e+06 1.83761e+07 8.31092e+06 1.51869e+06 0 1.5035e+07 0 1.83761e+07 1.5035e+07 8.31092e+06 1.51869e+06 0.00527689 -0.00193979 -0.00201961 0.0129278 0.0432555
34 34 1 0.219638 1.46983 -0.003579 0.0207802 8.02263e+06 3.34737e+07 1.51391e+07 2.76642e+06 0 2.73876e+07 0 3.34737e+07 2.73876e+07 1.51391e+07 2.76642e+06 0.00723848 0.00461042 0.00336999 0.0129645 0.042087
39 34 2 0.442219 1.10777 -5.85105e-05 0.0167457 1.08685e+07 4.5348e+07 2.05094e+07 3.74777e+06 0 3.71029e+07 0 4.5348e+07 3.71029e+07 2.05094e+07 3.74777e+06 0.00667582 0.00272997 -0.00639856 0.00710952 0.0476751
25 35 0 -0.136359 1.29754 -0.00562737 0.0202646 8.77504e+06 3.66131e+07 1.65589e+07 3.02588e+06 0 2.99562e+07 0 3.66131e+07 2.99562e+07 1.65589e+07 3.02588e+06 0.00758084 -0.0128316 -0.00498877 0.0118808 0.0440927
17 35 1 -0.430646 1.16677 -0.00757708 0.0217327 1.16027e+07 4.84112e+07 2.18948e+07 4.00092e+06 0 3.96092e+07 0 4.84112e+07 3.96092e+07 2.18948e+07 4.00092e+06 0.0058009 -0.00254884 -0.00255306 0.00452441 0.0462602
24 35 2 -0.221927 0.920517 -0.00351414 0.0154293 3.48668e+06 1.45479e+07 6.57952e+06 1.2023e+06 0 1.19028e+07 0 1.45479e+07 1.19028e+07 6.57952e+06 1.2023e+06 0.0116676 -0.0134029 -0.00637005 0.0242555 0.052032
10 36 0 -0.888481 1.52122 -0.0101439 0.023104 1.49983e+07 6.2579e+07 2.83024e+07 5.17182e+06 0 5.1201e+07 0 6.2579e+07 5.1201e+07 2.83024e+07 5.17182e+06 0.0048089 0.00666576 0.00258611 0.00727337 0.0432712
11 36 1 -0.746546 1.20847 -0.00996962 0.0212643 9.88125e+06 4.12287e+07 1.86464e+07 3.40733e+06 0 3.37326e+07 0 4.12287e+07 3.37326e+07 1.86464e+07 3.40733e+06 0.00793946 0.00391174 0.00208467 0.00929191 0.0458836
19 36 2 -0.469594 1.48998 -0.00808036 0.0241862 1.51921e+07 6.33875e+07 2.86681e+07 5.23864e+06 0 5.18625e+07 0 6.33875e+07 5.18625e+07 2.86681e+07 5.23864e+06 0.00434505 -0.0014567 0.00303457 0.00710767 0.0418762
10 37 0 -0.888481 1.52122 -0.0101439 0.023104 1.49983e+07 6.2579e+07 2.83024e+07 5.17182e+06 0 5.1201e+07 0 6.2579e+07 5.1201e+07 2.83024e+07 5.17182e+06 0.0048089 0.00666576 0.00258611 0.00727337 0.0432712
5 37 1 -1.07282 1.28022 -0.0115872 0.0201795 1.70081e+07 7.09647e+07 3.2095e+07 5.86485e+06 0 5.8062e+07 0 7.09647e+07 5.8062e+07 3.2095e+07 5.86485e+06 0.00315938 0.0063321 0.00329635 0.00705411 0.0464305
11 37 2 -0.746546 1.20847 -0.00996962 0.0212643 9.88125e+06 4.12287e+07 1.86464e+07 3.40733e+06 0 3.37326e+07 0 4.12287e+07 3.37326e+07 1.86464e+07 3.40733e+06 0.00793946 0.00391174 0.00208467 0.00929191 0.0458836
37 38 0 0.263199 0.343488 0.000638882 0.00867962 5.42784e+06 2.26472e+07 1.02426e+07 1.87167e+06 0 1.85295e+07 0 2.26472e+07 1.85295e+07 1.02426e+07 1.87167e+06 0.00923727 0.0150839 0.000128525 0.017749 0.0779126
36 38 1 0.428571 1.97177e-24 3.54685e-27 4.56643e-26 1.42781e+06 5.95742e+06 2.69434e+06 492348 0 4.87425e+06 0 5.95742e+06 4.87425e+06 2.69434e+06 492348 6.48141e-26 7.7436e-25 0.0232295 0.0541854 0.103353
43 38 2 0.591204 0.390174 0.00353994 0.011747 9.70606e+06 4.04977e+07 1.83158e+07 3.34692e+06 0 3.31345e+07 0 4.04977e+07 3.31345e+07 1.83158e+07 3.34692e+06 -0.00505624 0.00575209 -0.0125063 0.00818157 0.0725727
26 39 0 -0.107663 1.62876 -0.00560702 0.0237475 9.50764e+06 3.96698e+07 1.79413e+07 3.2785e+06 0 3.24571e+07 0 3.96698e+07 3.24571e+07 1.79413e+07 3.2785e+06 0.00748675 -0.007288 0.00175245 0.00937567 0.0405452
27 39 1 0.173584 1.88598 -0.00274726 0.025453 1.00376e+07 4.1881e+07 1.89414e+07 3.46124e+06 0 3.42663e+07 0 4.1881e+07 3.42663e+07 1.89414e+07 3.46124e+06 0.00733133 -0.00608727 0.0022397 0.00932943 0.039909
20 39 2 -0.0943489 1.92609 -0.0048474 0.0270343 7.60339e+06 3.17245e+07 1.43479e+07 2.62186e+06 0 2.59564e+07 0 3.17245e+07 2.59564e+07 1.43479e+07 2.62186e+06 0.00832284 0.0025657 0.00221744 0.0123076 0.0396166
18 40 0 -0.354625 1.86856 -0.00638407 0.0262778 2.05052e+07 8.55561e+07 3.86942e+07 7.07075e+06 0 7.00005e+07 0 8.55561e+07 7.00005e+07 3.86942e+07 7.07075e+06 0.00384686 0.000121606 0.00343896 0.00434777 0.0398844
26 40 1 -0.107663 1.62876 -0.00560702 0.0237475 9.50764e+06 3.96698e+07 1.79413e+07 3.2785e+06 0 3.24571e+07 0 3.96698e+07 3.24571e+07 1.79413e+07 3.2785e+06 0.00748675 -0.007288 0.00175245 0.00937567 0.0405452
20 40 2 -0.0943489 1.92609 -0.0048474 0.0270343 7.60339e+06 3.17245e+07 1.43479e+07 2.62186e+06 0 2.59564e+07 0 3.17245e+07 2.59564e+07 1.43479e+07 2.62186e+06 0.00832284 0.0025657 0.00221744 0.0123076 0.0396166
25 41 0 -0.136359 1.29754 -0.00562737 0.0202646 8.77504e+06 3.66131e+07 1.65589e+07 3.02588e+06 0 2.99562e+07 0 3.66131e+07 2.99562e+07 1.65589e+07 3.02588e+06 0.00758084 -0.0128316 -0.00498877 0.0118808 0.0440927
32 41 1 0.123504 1.08536 -0.00215175 0.0156816 9.44405e+06 3.94045e+07 1.78214e+07 3.25657e+06 0 3.224e+07 0 3.94045e+07 3.224e+07 1.78214e+07 3.25657e+06 0.00557644 0.00244071 -0.0097615 0.0127727 0.0481156
34 41 2 0.219638 1.46983 -0.003579 0.0207802 8.02263e+06 3.34737e+07 1.51391e+07 2.76642e+06 0 2.73876e+07 0 3.34737e+07 2.73876e+07 1.51391e+07 2.76642e+06 0.00723848 0.00461042 0.00336999 0.0129645 0.042087
24 42 0 -0.221927 0.920517 -0.00351414 0.0154293 3.48668e+06 1.45479e+07 6.57952e+06 1.2023e+06 0 1.19028e+07 0 1.45479e+07 1.19028e+07 6.57952e+06 1.2023e+06 0.0116676 -0.0134029 -0.00637005 0.0242555 0.052032
31 42 1 0.0515625 0.823724 -0.00083731 0.0121365 1.05863e+07 4.41704e+07 1.99768e+07 3.65044e+06 0 3.61394e+07 0 4.41704e+07 3.61394e+07 1.99768e+07 3.65044e+06 0.00512709 0.00501266 -0.00322974 0.0122778 0.0552665
32 42 2 0.123504 1.08536 -0.00215175 0.0156816 9.44405e+06 3.94045e+07 1.78214e+07 3.25657e+06 0 3.224e+07 0 3.94045e+07 3.224e+07 1.78214e+07 3.25657e+06 0.00557644 0.00244071 -0.0097615 0.0127727 0.0481156
16 43 0 -0.603415 0.894464 -0.00906517 0.0174515 3.42158e+06 1.42763e+07 6.45668e+06 1.17986e+06 0 1.16806e+07 0 1.42763e+07 1.16806e+07 6.45668e+06 1.17986e+06 0.0160021 0.0117904 -0.000350593 0.0210563 0.0523415
24 43 1 -0.221927 0.920517 -0.00351414 0.0154293 3.48668e+06 1.45479e+07 6.57952e+06 1.2023e+06 0 1.19028e+07 0 1.45479e+07 1.19028e+07 6.57952e+06 1.2023e+06 0.0116676 -0.0134029 -0.00637005 0.0242555 0.052032
17 43 2 -0.430646 1.16677 -0.00757708 0.0217327 1.16027e+07 4.84112e+07 2.18948e+07 4.00092e+06 0 3.96092e+07 0 4.84112e+07 3.96092e+07 2.18948e+07 4.00092e+06 0.0058009 -0.00254884 -0.00255306 0.00452441 0.0462602
22 44 0 -0.414715 0.612237 -0.00555591 0.0131626 5.03312e+06 2.10003e+07 9.49773e+06 1.73556e+06 0 1.7182e+07 0 2.10003e+07 1.7182e+07 9.49773e+06 1.73556e+06 0.0192133 -0.0205217 0.000304346 0.0116651 0.0628048
30 44 1 -0.0461416 0.570244 -0.00130203 0.00888585 1.34081e+07 5.59443e+07 2.53017e+07 4.62349e+06 0 4.57726e+07 0 5.59443e+07 4.57726e+07 2.53017e+07 4.62349e+06 0.00380161 0.00430744 0.00054012 0.0105237 0.0654488
24 44 2 -0.221927 0.920517 -0.00351414 0.0154293 3.48668e+06 1.45479e+07 6.57952e+06 1.2023e+06 0 1.19028e+07 0 1.45479e+07 1.19028e+07 6.57952e+06 1.2023e+06 0.0116676 -0.0134029 -0.00637005 0.0242555 0.052032
34 45 0 0.219638 1.46983 -0.003579 0.0207802 8.02263e+06 3.34737e+07 1.51391e+07 2.76642e+06 0 2.73876e+07 0 3.34737e+07 2.73876e+07 1.51391e+07 2.76642e+06 0.00723848 0.00461042 0.00336999 0.0129645 0.042087
40 45 1 0.571701 1.43336 -0.000482673 0.0204787 4.4042e+06 1.83761e+07 8.31092e+06 1.51869e+06 0 1.5035e+07 0 1.83761e+07 1.5035e+07 8.31092e+06 1.51869e+06 0.00527689 -0.00193979 -0.00201961 0.0129278 0.0432555
33 45 2 0.438229 1.82801 -0.0014892 0.0239309 2.09622e+07 8.74631e+07 3.95567e+07 7.22836e+06 0 7.15607e+07 0 8.74631e+07 7.15607e+07 3.95567e+07 7.22836e+06 0.00310229 -0.00262348 0.00198818 0.00341604 0.0407172
25 46 0 -0.136359 1.29754 -0.00562737 0.0202646 8.77504e+06 3.66131e+07 1.65589e+07 3.02588e+06 0 2.99562e+07 0 3.66131e+07 2.99562e+07 1.65589e+07 3.02588e+06 0.00758084 -0.0128316 -0.00498877 0.0118808 0.0440927
34 46 1 0.219638 1.46983 -0.003579 0.0207802 8.02263e+06 3.34737e+07 1.51391e+07 2.76642e+06 0 2.73876e+07 0 3.34737e+07 2.73876e+07 1.51391e+07 2.76642e+06 0.00723848 0.00461042 0.00336999 0.0129645 0.042087
26 46 2 -0.107663 1.62876 -0.00560702 0.0237475 9.50764e+06 3.96698e+07 1.79413e+07 3.2785e+06 0 3.24571e+07 0 3.96698e+07 3.24571e+07 1.79413e+07 3.2785e+06 0.00748675 -0.007288 0.00175245 0.00937567 0.0405452
32 47 0 0.123504 1.08536 -0.00215175 0.0156816 9.44405e+06 3.94045e+07 1.78214e+07 3.25657e+06 0 3.224e+07 0 3.94045e+07 3.224e+07 1.78214e+07 3.25657e+06 0.00557644 0.00244071 -0.0097615 0.0127727 0.0481156
39 47 1 0.442219 1.10777 -5.85105e-05 0.0167457 1.08685e+07 4.5348e+07 2.05094e+07 3.74777e+06 0 3.71029e+07 0 4.5348e+07 3.71029e+07 2.05094e+07 3.74777e+06 0.00667582 0.00272997 -0.00639856 0.00710952 0.0476751
34 47 2 0.219638 1.46983 -0.003579 0.0207802 8.02263e+06 3.34737e+07 1.51391e+07 2.76642e+06 0 2.73876e+07 0 3.34737e+07 2.73876e+07 1.51391e+07 2.76642e+06 0.00723848 0.00461042 0.00336999 0.0129645 0.042087
27 48 0 0.173584 1.88598 -0.00274726 0.025453 1.00376e+07 4.1881e+07 1.89414e+07 3.46124e+06 0 3.42663e+07 0 4.1881e+07 3.42663e+07 1.89414e+07 3.46124e+06 0.00733133 -0.00608727 0.0022397 0.00932943 0.039909
26 48 1 -0.107663 1.62876 -0.00560702 0.0237475 9.50764e+06 3.96698e+07 1.79413e+07 3.2785e+06 0 3.24571e+07 0 3.96698e+07 3.24571e+07 1.79413e+07 3.2785e+06 0.00748675 -0.007288 0.00175245 0.00937567 0.0405452
34 48 2 0.219638 1.46983 -0.003579 0.0207802 8.02263e+06 3.34737e+07 1.51391e+07 2.76642e+06 0 2.73876e+07 0 3.34737e+07 2.73876e+07 1.51391e+07 2.76642e+06 0.00723848 0.00461042 0.00336999 0.0129645 0.042087
28 49 0 -0.00677631 0.262426 -0.00064197 0.005327 1.30595e+07 5.44896e+07 2.46438e+07 4.50327e+06 0 4.45824e+07 0 5.44896e+07 4.45824e+07 2.46438e+07 4.50327e+06 0.00146062 0.000457321 -0.00415583 0.0132088 0.0837619
30 49 1 -0.0461416 0.570244 -0.00130203 0.00888585 1.34081e+07 5.59443e+07 2.53017e+07 4.62349e+06 0 4.57726e+07 0 5.59443e+07 4.57726e+07 2.53017e+07 4.62349e+06 0.00380161 0.00430744 0.00054012 0.0105237 0.0654488
23 49 2 -0.285734 0.306845 -0.00225036 0.00738886 7.91766e+06 3.30357e+07 1.4941e+07 2.73023e+06 0 2.70292e+07 0 3.30357e+07 2.70292e+07 1.4941e+07 2.73023e+06 0.0078231 -0.0104915 -0.00710972 0.0113784 0.0800798
21 50 0 -0.142857 1.95093e-24 1.25574e-28 5.71117e-26 4.75384e+06 1.9835e+07 8.97072e+06 1.63926e+06 0 1.62286e+07 0 1.9835e+07 1.62286e+07 8.97072e+06 1.63926e+06 0.000694158 -0.00129266 -0.00359211 0.0312947 0.105322
28 50 1 -0.00677631 0.262426 -0.00064197 0.005327 1.30595e+07 5.44896e+07 2.46438e+07 4.50327e+06 0 4.45824e+07 0 5.44896e+07 4.45824e+07 2.46438e+07 4.50327e+06 0.00146062 0.000457321 -0.00415583 0.0132088 0.0837619
23 50 2 -0.285734 0.306845 -0.00225036 0.00738886 7.91766e+06 3.30357e+07 1.4941e+07 2.73023e+06 0 2.70292e+07 0 3.30357e+07 2.70292e+07 1.4941e+07 2.73023e+06 0.0078231 -0.0104915 -0.00710972 0.0113784 0.0800798
29 51 0 0.142857 1.91444e-24 -1.04182e-27 5.84802e-26 5.68677e+06 2.37275e+07 1.07312e+07 1.96095e+06 0 1.94134e+07 0 2.37275e+07 1.94134e+07 1.07312e+07 1.96095e+06 0.0010905 -0.00270009 0.000150707 0.0282908 0.105291
36 51 1 0.428571 1.97177e-24 3.54685e-27 4.56643e-26 1.42781e+06 5.95742e+06 2.69434e+06 492348 0 4.87425e+06 0 5.95742e+06 4.87425e+06 2.69434e+06 492348 6.48141e-26 7.7436e-25 0.0232295 0.0541854 0.103353
37 51 2 0.263199 0.343488 0.000638882 0.00867962 5.42784e+06 2.26472e+07 1.02426e+07 1.87167e+06 0 1.85295e+07 0 2.26472e+07 1.85295e+07 1.02426e+07 1.87167e+06 0.00923727 0.0150839 0.000128525 0.017749 0.0779126
40 52 0 0.571701 1.43336 -0.000482673 0.0204787 4.4042e+06 1.83761e+07 8.31092e+06 1.51869e+06 0 1.5035e+07 0 1.83761e+07 1.5035e+07 8.31092e+06 1.51869e+06 0.00527689 -0.00193979 -0.00201961 0.0129278 0.0432555
35 52 1 0.704186 1.67162 -0.000593518 0.0220484 2.51009e+07 1.04731e+08 4.73666e+07 8.65549e+06 0 8.56894e+07 0 1.04731e+08 8.56894e+07 4.73666e+07 8.65549e+06 0.00342277 -0.00513965 -0.00292608 0.0030912 0.0422508
33 52 2 0.438229 1.82801 -0.0014892 0.0239309 2.09622e+07 8.74631e+07 3.95567e+07 7.22836e+06 0 7.15607e+07 0 8.74631e+07 7.15607e+07 3.95567e+07 7.22836e+06 0.00310229 -0.00262348 0.00198818 0.00341604 0.0407172
27 53 0 0.173584 1.88598 -0.00274726 0.025453 1.00376e+07 4.1881e+07 1.89414e+07 3.46124e+06 0 3.42663e+07 0 4.1881e+07 3.42663e+07 1.89414e+07 3.46124e+06 0.00733133 -0.00608727 0.0022397 0.00932943 0.039909
34 53 1 0.219638 1.46983 -0.003579 0.0207802 8.02263e+06 3.34737e+07 1.51391e+07 2.76642e+06 0 2.73876e+07 0 3.34737e+07 2.73876e+07 1.51391e+07 2.76642e+06 0.00723848 0.00461042 0.00336999 0.0129645 0.042087
33 53 2 0.438229 1.82801 -0.0014892 0.0239309 2.09622e+07 8.74631e+07 3.95567e+07 7.22836e+06 0 7.15607e+07 0 8.74631e+07 7.15607e+07 3.95567e+07 7.22836e+06 0.00310229 -0.00262348 0.00198818 0.00341604 0.0407172
39 54 0 0.442219 1.10777 -5.85105e-05 0.0167457 1.08685e+07 4.5348e+07 2.05094e+07 3.74777e+06 0 3.71029e+07 0 4.5348e+07 3.71029e+07 2.05094e+07 3.74777e+06 0.00667582 0.00272997 -0.00639856 0.00710952 0.0476751
45 54 1 0.796463 1.14432 0.00119662 0.0192127 3.06553e+07 1.27906e+08 5.78478e+07 1.05708e+07 0 1.04651e+08 0 1.27906e+08 1.04651e+08 5.78478e+07 1.05708e+07 0.00223903 0.00585567 -0.00341959 0.00413447 0.0474857
40 54 2 0.571701 1.43336 -0.000482673 0.0204787 4.4042e+06 1.83761e+07 8.31092e+06 1.51869e+06 0 1.5035e+07 0 1.83761e+07 1.5035e+07 8.31092e+06 1.51869e+06 0.00527689 -0.00193979 -0.00201961 0.0129278 0.0432555
38 55 0 0.32112 0.720043 0.000827188 0.0132709 1.35734e+07 5.66338e+07 2.56136e+07 4.68048e+06 0 4.63367e+07 0 5.66338e+07 4.63367e+07 2.56136e+07 4.68048e+06 0.00695984 0.00691384 -0.00148713 0.00439041 0.058788
44 55 1 0.654772 0.804396 0.00231061 0.0160802 2.34069e+07 9.76633e+07 4.41699e+07 8.07134e+06 0 7.99063e+07 0 9.76633e+07 7.99063e+07 4.41699e+07 8.07134e+06 0.000190904 0.0134502 -0.0010277 0.00412129 0.0549699
39 55 2 0.442219 1.10777 -5.85105e-05 0.0167457 1.08685e+07 4.5348e+07 2.05094e+07 3.74777e+06 0 3.71029e+07 0 4.5348e+07 3.71029e+07 2.05094e+07 3.74777e+06 0.00667582 0.00272997 -0.00639856 0.00710952 0.0476751
30 56 0 -0.0461416 0.570244 -0.00130203 0.00888585 1.34081e+07 5.59443e+07 2.53017e+07 4.62349e+06 0 4.57726e+07 0 5.59443e+07 4.57726e+07 2.53017e+07 4.62349e+06 0.00380161 0.00430744 0.00054012 0.0105237 0.0654488
38 56 1 0.32112 0.720043 0.000827188 0.0132709 1.35734e+07 5.66338e+07 2.56136e+07 4.68048e+06 0 4.63367e+07 0 5.66338e+07 4.63367e+07 2.56136e+07 4.68048e+06 0.00695984 0.00691384 -0.00148713 0.00439041 0.058788
31 56 2 0.0515625 0.823724 -0.00083731 0.0121365 1.05863e+07 4.41704e+07 1.99768e+07 3.65044e+06 0 3.61394e+07 0 4.41704e+07 3.61394e+07 1.99768e+07 3.65044e+06 0.00512709 0.00501266 -0.00322974 0.0122778 0.0552665
37 57 0 0.263199 0.343488 0.000638882 0.00867962 5.42784e+06 2.26472e+07 1.02426e+07 1.87167e+06 0 1.85295e+07 0 2.26472e+07 1.85295e+07 1.02426e+07 1.87167e+06 0.00923727 0.0150839 0.000128525 0.017749 0.0779126
43 57 1 0.591204 0.390174 0.00353994 0.011747 9.70606e+06 4.04977e+07 1.83158e+07 3.34692e+06 0 3.31345e+07 0 4.04977e+07 3.31345e+07 1.83158e+07 3.34692e+06 -0.00505624 0.00575209 -0.0125063 0.00818157 0.0725727
38 57 2 0.32112 0.720043 0.000827188 0.0132709 1.35734e+07 5.66338e+07 2.56136e+07 4.68048e+06 0 4.63367e+07 0 5.66338e+07 4.63367e+07 2.56136e+07 4.68048e+06 0.00695984 0.00691384 -0.00148713 0.00439041 0.058788
41 58 0 0.947958 1.44892 0.000816389 0.0214486 2.60408e+07 1.08653e+08 4.91402e+07 8.9796e+06 0 8.8898e+07 0 1.08653e+08 8.8898e+07 4.91402e+07 8.9796e+06 0.00253854 0.00796814 -0.00145318 0.00367099 0.0448575
35 58 1 0.704186 1.67162 -0.000593518 0.0220484 2.51009e+07 1.04731e+08 4.73666e+07 8.65549e+06 0 8.56894e+07 0 1.04731e+08 8.56894e+07 4.73666e+07 8.65549e+06 0.00342277 -0.00513965 -0.00292608 0.0030912 0.0422508
40 58 2 0.571701 1.43336 -0.000482673 0.0204787 4.4042e+06 1.83761e+07 8.31092e+06 1.51869e+06 0 1.5035e+07 0 1.83761e+07 1.5035e+07 8.31092e+06 1.51869e+06 0.00527689 -0.00193979 -0.00201961 0.0129278 0.0432555
43 59 0 0.591204 0.390174 0.00353994 0.011747 9.70606e+06 4.04977e+07 1.83158e+07 3.34692e+06 0 3.31345e+07 0 4.04977e+07 3.31345e+07 1.83158e+07 3.34692e+06 -0.00505624 0.00575209 -0.0125063 0.00818157 0.0725727
36 59 1 0.428571 1.97177e-24 3.54685e-27 4.56643e-26 1.42781e+06 5.95742e+06 2.69434e+06 492348 0 4.87425e+06 0 5.95742e+06 4.87425e+06 2.69434e+06 492348 6.48141e-26 7.7436e-25 0.0232295 0.0541854 0.103353
42 59 2 0.714286 1.94288e-24 -5.89887e-28 5.23446e-26 2.30738e+06 9.62733e+06 4.35412e+06 795647 0 7.87691e+06 0 9.62733e+06 7.87691e+06 4.35412e+06 795647 0.0107066 -0.0109511 0.0324341 0.0503924 0.0982474
44 60 0 0.654772 0.804396 0.00231061 0.0160802 2.34069e+07 9.76633e+07 4.41699e+07 8.07134e+06 0 7.99063e+07 0 9.76633e+07 7.99063e+07 4.41699e+07 8.07134e+06 0.000190904 0.0134502 -0.0010277 0.00412129 0.0549699
50 60 1 1.01212 0.878688 0.00357561 0.0188293 1.16803e+07 4.87351e+07 2.20413e+07 4.02769e+06 0 3.98741e+07 0 4.87351e+07 3.98741e+07 2.20413e+07 4.02769e+06 0.00557334 -0.00455862 -0.0115206 0.00834639 0.0522897
45 60 2 0.796463 1.14432 0.00119662 0.0192127 3.06553e+07 1.27906e+08 5.78478e+07 1.05708e+07 0 1.04651e+08 0 1.27906e+08 1.04651e+08 5.78478e+07 1.05708e+07 0.00223903 0.00585567 -0.00341959 0.00413447 0.0474857
32 61 0 0.123504 1.08536 -0.00215175 0.0156816 9.44405e+06 3.94045e+07 1.78214e+07 3.25657e+06 0 3.224e+07 0 3.94045e+07 3.224e+07 1.78214e+07 3.25657e+06 0.00557644 0.00244071 -0.0097615 0.0127727 0.0481156
31 61 1 0.0515625 0.823724 -0.00083731 0.0121365 1.05863e+07 4.41704e+07 1.99768e+07 3.65044e+06 0 3.61394e+07 0 4.41704e+07 3.61394e+07 1.99768e+07 3.65044e+06 0.00512709 0.00501266 -0.00322974 0.0122778 0.0552665
38 61 2 0.32112 0.720043 0.000827188 0.0132709 1.35734e+07 5.66338e+07 2.56136e+07 4.68048e+06 0 4.63367e+07 0 5.66338e+07 4.63367e+07 2.56136e+07 4.68048e+06 0.00695984 0.00691384 -0.00148713 0.00439041 0.058788
43 62 0 0.591204 0.390174 0.00353994 0.011747 9.70606e+06 4.04977e+07 1.83158e+07 3.34692e+06 0 3.31345e+07 0 4.04977e+07 3.31345e+07 1.83158e+07 3.34692e+06 -0.00505624 0.00575209 -0.0125063 0.00818157 0.0725727
49 62 1 0.950078 0.292014 0.0103362 0.00915951 794795 3.31622e+06 1.49981e+06 274067 0 2.71327e+06 0 3.31622e+06 2.71327e+06 1.49981e+06 274067 0.0192097 0.0109498 -0.0246859 0.0598897 0.0712668
48 62 2 0.871971 0.585307 0.0052375 0.0163096 2.56184e+06 1.0689e+07 4.8343e+06 883391 0 8.74558e+06 0 1.0689e+07 8.74558e+06 4.8343e+06 883391 0.0214253 -0.00603342 -0.0127055 0.01389 0.0607036
49 63 0 0.950078 0.292014 0.0103362 0.00915951 794795 3.31622e+06 1.49981e+06 274067 0 2.71327e+06 0 3.31622e+06 2.71327e+06 1.49981e+06 274067 0.0192097 0.0109498 -0.0246859 0.0598897 0.0712668
42 63 1 0.714286 1.94288e-24 -5.89887e-28 5.23446e-26 2.30738e+06 9.62733e+06 4.35412e+06 795647 0 7.87691e+06 0 9.62733e+06 7.87691e+06 4.35412e+06 795647 0.0107066 -0.0109511 0.0324341 0.0503924 0.0982474
47 63 2 1 1.48211e-24 2.8154e-27 4.88439e-26 6.39891e+06 2.66989e+07 1.2075e+07 2.20652e+06 0 2.18446e+07 0 2.66989e+07 2.18446e+07 1.2075e+07 2.20652e+06 0.0133234 0.020465 0.10104 0.00821417 0.0847312
45 64 0 0.796463 1.14432 0.00119662 0.0192127 3.06553e+07 1.27906e+08 5.78478e+07 1.05708e+07 0 1.04651e+08 0 1.27906e+08 1.04651e+08 5.78478e+07 1.05708e+07 0.00223903 0.00585567 -0.00341959 0.00413447 0.0474857
39 64 1 0.442219 1.10777 -5.85105e-05 0.0167457 1.08685e+07 4.5348e+07 2.05094e+07 3.74777e+06 0 3.71029e+07 0 4.5348e+07 3.71029e+07 2.05094e+07 3.74777e+06 0.00667582 0.00272997 -0.00639856 0.00710952 0.0476751
44 64 2 0.654772 0.804396 0.00231061 0.0160802 2.34069e+07 9.76633e+07 4.41699e+07 8.07134e+06 0 7.99063e+07 0 9.76633e+07 7.99063e+07 4.41699e+07 8.07134e+06 0.000190904 0.0134502 -0.0010277 0.00412129 0.0549699
46 65 0 1.1699 1.20446 0.00224814 0.0220724 1.43113e+07 5.97128e+07 2.70061e+07 4.93494e+06 0 4.88559e+07 0 5.97128e+07 4.88559e+07 2.70061e+07 4.93494e+06 0.00522894 0.0106785 -0.00580147 0.00577012 0.0483105
45 65 1 0.796463 1.14432 0.00119662 0.0192127 3.06553e+07 1.27906e+08 5.78478e+07 1.05708e+07 0 1.04651e+08 0 1.27906e+08 1.04651e+08 5.78478e+07 1.05708e+07 0.00223903 0.00585567 -0.00341959 0.00413447 0.0474857
50 65 2 1.01212 0.878688 0.00357561 0.0188293 1.16803e+07 4.87351e+07 2.20413e+07 4.02769e+06 0 3.98741e+07 0 4.87351e+07 3.98741e+07 2.20413e+07 4.02769e+06 0.00557334 -0.00455862 -0.0115206 0.00834639 0.0522897
41 66 0 0.947958 1.44892 0.000816389 0.0214486 2.60408e+07 1.08653e+08 4.91402e+07 8.9796e+06 0 8.8898e+07 0 1.08653e+08 8.8898e+07 4.91402e+07 8.9796e+06 0.00253854 0.00796814 -0.00145318 0.00367099 0.0448575
40 66 1 0.571701 1.43336 -0.000482673 0.0204787 4.4042e+06 1.83761e+07 8.31092e+06 1.51869e+06 0 1.5035e+07 0 1.83761e+07 1.5035e+07 8.31092e+06 1.51869e+06 0.00527689 -0.00193979 -0.00201961 0.0129278 0.0432555
45 66 2 0.796463 1.14432 0.00119662 0.0192127 3.06553e+07 1.27906e+08 5.78478e+07 1.05708e+07 0 1.04651e+08 0 1.27906e+08 1.04651e+08 5.78478e+07 1.05708e+07 0.00223903 0.00585567 -0.00341959 0.00413447 0.0474857
37 67 0 0.263199 0.343488 0.000638882 0.00867962 5.42784e+06 2.26472e+07 1.02426e+07 1.87167e+06 0 1.85295e+07 0 2.26472e+07 1.85295e+07 1.02426e+07 1.87167e+06 0.00923727 0.0150839 0.000128525 0.017749 0.0779126
28 67 1 -0.00677631 0.262426 -0.00064197 0.005327 1.30595e+07 5.44896e+07 2.46438e+07 4.50327e+06 0 4.45824e+07 0 5.44896e+07 4.45824e+07 2.46438e+07 4.50327e+06 0.00146062 0.000457321 -0.00415583 0.0132088 0.0837619
29 67 2 0.142857 1.91444e-24 -1.04182e-27 5.84802e-26 5.68677e+06 2.37275e+07 1.07312e+07 1.96095e+06 0 1.94134e+07 0 2.37275e+07 1.94134e+07 1.07312e+07 1.96095e+06 0.0010905 -0.00270009 0.000150707 0.0282908 0.105291
44 68 0 0.654772 0.804396 0.00231061 0.0160802 2.34069e+07 9.76633e+07 4.41699e+07 8.07134e+06 0 7.99063e+07 0 9.76633e+07 7.99063e+07 4.41699e+07 8.07134e+06 0.000190904 0.0134502 -0.0010277 0.00412129 0.0549699
38 68 1 0.32112 0.720043 0.000827188 0.0132709 1.35734e+07 5.66338e+07 2.56136e+07 4.68048e+06 0 4.63367e+07 0 5.66338e+07 4.63367e+07 2.56136e+07 4.68048e+06 0.00695984 0.00691384 -0.00148713 0.00439041 0.058788
43 68 2 0.591204 0.390174 0.00353994 0.011747 9.70606e+06 4.04977e+07 1.83158e+07 3.34692e+06 0 3.31345e+07 0 4.04977e+07 3.31345e+07 1.83158e+07 3.34692e+06 -0.00505624 0.00575209 -0.0125063 0.00818157 0.0725727
30 69 0 -0.0461416 0.570244 -0.00130203 0.00888585 1.34081e+07 5.59443e+07 2.53017e+07 4.62349e+06 0 4.57726e+07 0 5.59443e+07 4.57726e+07 2.53017e+07 4.62349e+06 0.00380161 0.00430744 0.00054012 0.0105237 0.0654488
28 69 1 -0.00677631 0.262426 -0.00064197 0.005327 1.30595e+07 5.44896e+07 2.46438e+07 4.50327e+06 0 4.45824e+07 0 5.44896e+07 4.45824e+07 2.46438e+07 4.50327e+06 0.00146062 0.000457321 -0.00415583 0.0132088 0.0837619
37 69 2 0.263199 0.343488 0.000638882 0.00867962 5.42784e+06 2.26472e+07 1.02426e+07 1.87167e+06 0 1.85295e+07 0 2.26472e+07 1.85295e+07 1.02426e+07 1.87167e+06 0.00923727 0.0150839 0.000128525 0.017749 0.0779126
45 70 0 0.796463 1.14432 0.00119662 0.0192127 3.06553e+07 1.27906e+08 5.78478e+07 1.05708e+07 0 1.04651e+08 0 1.27906e+08 1.04651e+08 5.78478e+07 1.05708e+07 0.00223903 0.00585567 -0.00341959 0.00413447 0.0474857
46 70 1 1.1699 1.20446 0.00224814 0.0220724 1.43113e+07 5.97128e+07 2.70061e+07 4.93494e+06 0 4.88559e+07 0 5.97128e+07 4.88559e+07 2.70061e+07 4.93494e+06 0.00522894 0.0106785 -0.00580147 0.00577012 0.0483105
41 70 2 0.947958 1.44892 0.000816389 0.0214486 2.60408e+07 1.08653e+08 4.91402e+07 8.9796e+06 0 8.8898e+07 0 1.08653e+08 8.8898e+07 4.91402e+07 8.9796e+06 0.00253854 0.00796814 -0.00145318 0.00367099 0.0448575
48 71 0 0.871971 0.585307 0.0052375 0.0163096 2.56184e+06 1.0689e+07 4.8343e+06 883391 0 8.74558e+06 0 1.0689e+07 8.74558e+06 4.8343e+06 883391 0.0214253 -0.00603342 -0.0127055 0.01389 0.0607036
50 71 1 1.01212 0.878688 0.00357561 0.0188293 1.16803e+07 4.87351e+07 2.20413e+07 4.02769e+06 0 3.98741e+07 0 4.87351e+07 3.98741e+07 2.20413e+07 4.02769e+06 0.00557334 -0.00455862 -0.0115206 0.00834639 0.0522897
44 71 2 0.654772 0.804396 0.00231061 0.0160802 2.34069e+07 9.76633e+07 4.41699e+07 8.07134e+06 0 7.99063e+07 0 9.76633e+07 7.99063e+07 4.41699e+07 8.07134e+06 0.000190904 0.0134502 -0.0010277 0.00412129 0.0549699
43 72 0 0.591204 0.390174 0.00353994 0.011747 9.70606e+06 4.04977e+07 1.83158e+07 3.34692e+06 0 3.31345e+07 0 4.04977e+07 3.31345e+07 1.83158e+07 3.34692e+06 -0.00505624 0.00575209 -0.0125063 0.00818157 0.0725727
48 72 1 0.871971 0.585307 0.0052375 0.0163096 2.56184e+06 1.0689e+07 4.8343e+06 883391 0 8.74558e+06 0 1.0689e+07 8.74558e+06 4.8343e+06 883391 0.0214253 -0.00603342 -0.0127055 0.01389 0.0607036
44 72 2 0.654772 0.804396 0.00231061 0.0160802 2.34069e+07 9.76633e+07 4.41699e+07 8.07134e+06 0 7.99063e+07 0 9.76633e+07 7.99063e+07 4.41699e+07 8.07134e+06 0.000190904 0.0134502 -0.0010277 0.00412129 0.0549699
49 73 0 0.950078 0.292014 0.0103362 0.00915951 794795 3.31622e+06 1.49981e+06 274067 0 2.71327e+06 0 3.31622e+06 2.71327e+06 1.49981e+06 274067 0.0192097 0.0109498 -0.0246859 0.0598897 0.0712668
53 73 1 1.1976 0.562737 0.00911011 0.0166102 1.61514e+07 6.73903e+07 3.04784e+07 5.56945e+06 0 5.51376e+07 0 6.73903e+07 5.51376e+07 3.04784e+07 5.56945e+06 0.00542389 0.0117919 -0.0206153 0.00366524 0.0579884
48 73 2 0.871971 0.585307 0.0052375 0.0163096 2.56184e+06 1.0689e+07 4.8343e+06 883391 0 8.74558e+06 0 1.0689e+07 8.74558e+06 4.8343e+06 883391 0.0214253 -0.00603342 -0.0127055 0.01389 0.0607036
51 74 0 1.35088 0.928293 0.00559457 0.0224634 7.76696e+06 3.2407e+07 1.46566e+07 2.67826e+06 0 2.65148e+07 0 3.2407e+07 2.65148e+07 1.46566e+07 2.67826e+06 0.00879889 0.0193918 -0.00619985 0.0119374 0.0522424
46 74 1 1.1699 1.20446 0.00224814 0.0220724 1.43113e+07 5.97128e+07 2.70061e+07 4.93494e+06 0 4.88559e+07 0 5.97128e+07 4.88559e+07 2.70061e+07 4.93494e+06 0.00522894 0.0106785 -0.00580147 0.00577012 0.0483105
50 74 2 1.01212 0.878688 0.00357561 0.0188293 1.16803e+07 4.87351e+07 2.20413e+07 4.02769e+06 0 3.98741e+07 0 4.87351e+07 3.98741e+07 2.20413e+07 4.02769e+06 0.00557334 -0.00455862 -0.0115206 0.00834639 0.0522897
53 75 0 1.1976 0.562737 0.00911011 0.0166102 1.61514e+07 6.73903e+07 3.04784e+07 5.56945e+06 0 5.51376e+07 0 6.73903e+07 5.51376e+07 3.04784e+07 5.56945e+06 0.00542389 0.0117919 -0.0206153 0.00366524 0.0579884
51 75 1 1.35088 0.928293 0.00559457 0.0224634 7.76696e+06 3.2407e+07 1.46566e+07 2.67826e+06 0 2.65148e+07 0 3.2407e+07 2.65148e+07 1.46566e+07 2.67826e+06 0.00879889 0.0193918 -0.00619985 0.0119374 0.0522424
50 75 2 1.01212 0.878688 0.00357561 0.0188293 1.16803e+07 4.87351e+07 2.20413e+07 4.02769e+06 0 3.98741e+07 0 4.87351e+07 3.98741e+07 2.20413e+07 4.02769e+06 0.00557334 -0.00455862 -0.0115206 0.00834639 0.0522897
53 76 0 1.1976 0.562737 0.00911011 0.0166102 1.61514e+07 6.73903e+07 3.04784e+07 5.56945e+06 0 5.51376e+07 0 6.73903e+07 5.51376e+07 3.04784e+07 5.56945e+06 0.00542389 0.0117919 -0.0206153 0.00366524 0.0579884
55 76 1 1.54547 0.447246 0.0137552 0.0220023 1.3574e+07 5.66362e+07 2.56147e+07 4.68068e+06 0 4.63387e+07 0 5.66362e+07 4.63387e+07 2.56147e+07 4.68068e+06 0.00557643 0.0227359 -0.026691 0.00695754 0.0577232
54 76 2 1.44168 0.685144 0.00868782 0.0217403 9.55161e+06 3.98533e+07 1.80243e+07 3.29366e+06 0 3.26072e+07 0 3.98533e+07 3.26072e+07 1.80243e+07 3.29366e+06 0.00821163 0.0214078 -0.0128911 0.00924648 0.0554949
53 77 0 1.1976 0.562737 0.00911011 0.0166102 1.61514e+07 6.73903e+07 3.04784e+07 5.56945e+06 0 5.51376e+07 0 6.73903e+07 5.51376e+07 3.04784e+07 5.56945e+06 0.00542389 0.0117919 -0.0206153 0.00366524 0.0579884
54 77 1 1.44168 0.685144 0.00868782 0.0217403 9.55161e+06 3.98533e+07 1.80243e+07 3.29366e+06 0 3.26072e+07 0 3.98533e+07 3.26072e+07 1.80243e+07 3.29366e+06 0.00821163 0.0214078 -0.0128911 0.00924648 0.0554949
51 77 2 1.35088 0.928293 0.00559457 0.0224634 7.76696e+06 3.2407e+07 1.46566e+07 2.67826e+06 0 2.65148e+07 0 3.2407e+07 2.65148e+07 1.46566e+07 2.67826e+06 0.00879889 0.0193918 -0.00619985 0.0119374 0.0522424
48 78 0 0.871971 0.585307 0.0052375 0.0163096 2.56184e+06 1.0689e+07 4.8343e+06 883391 0 8.74558e+06 0 1.0689e+07 8.74558e+06 4.8343e+06 883391 0.0214253 -0.00603342 -0.0127055 0.01389 0.0607036
53 78 1 1.1976 0.562737 0.00911011 0.0166102 1.61514e+07 6.73903e+07 3.04784e+07 5.56945e+06 0 5.51376e+07 0 6.73903e+07 5.51376e+07 3.04784e+07 5.56945e+06 0.00542389 0.0117919 -0.0206153 0.00366524 0.0579884
50 78 2 1.01212 0.878688 0.00357561 0.0188293 1.16803e+07 4.87351e+07 2.20413e+07 4.02769e+06 0 3.98741e+07 0 4.87351e+07 3.98741e+07 2.20413e+07 4.02769e+06 0.00557334 -0.00455862 -0.0115206 0.00834639 0.0522897
49 79 0 0.950078 0.292014 0.0103362 0.00915951 794795 3.31622e+06 1.49981e+06 274067 0 2.71327e+06 0 3.31622e+06 2.71327e+06 1.49981e+06 274067 0.0192097 0.0109498 -0.0246859 0.0598897 0.0712668
52 79 1 1.31625 0.208129 0.018004 0.0136399 3.1931e+06 1.33229e+07 6.02553e+06 1.10107e+06 0 1.09006e+07 0 1.33229e+07 1.09006e+07 6.02553e+06 1.10107e+06 0.0214123 0.0358012 0.0191881 0.0373623 0.0636256
53 79 2 1.1976 0.562737 0.00911011 0.0166102 1.61514e+07 6.73903e+07 3.04784e+07 5.56945e+06 0 5.51376e+07 0 6.73903e+07 5.51376e+07 3.04784e+07 5.56945e+06 0.00542389 0.0117919 -0.0206153 0.00366524 0.0579884
53 80 0 1.1976 0.562737 0.00911011 0.0166102 1.61514e+07 6.73903e+07 3.04784e+07 5.56945e+06 0 5.51376e+07 0 6.73903e+07 5.51376e+07 3.04784e+07 5.56945e+06 0.00542389 0.0117919 -0.0206153 0.00366524 0.0579884
52 80 1 1.31625 0.208129 0.018004 0.0136399 3.1931e+06 1.33229e+07 6.02553e+06 1.10107e+06 0 1.09006e+07 0 1.33229e+07 1.09006e+07 6.02553e+06 1.10107e+06 0.0214123 0.0358012 0.0191881 0.0373623 0.0636256
55 80 2 1.54547 0.447246 0.0137552 0.0220023 1.3574e+07 5.66362e+07 2.56147e+07 4.68068e+06 0 4.63387e+07 0 5.66362e+07 4.63387e+07 2.56147e+07 4.68068e+06 0.00557643 0.0227359 -0.026691 0.00695754 0.0577232
42 81 0 0.714286 1.94288e-24 -5.89887e-28 5.23446e-26 2.30738e+06 9.62733e+06 4.35412e+06 795647 0 7.87691e+06 0 9.62733e+06 7.87691e+06 4.35412e+06 795647 0.0107066 -0.0109511 0.0324341 0.0503924 0.0982474
49 81 1 0.950078 0.292014 0.0103362 0.00915951 794795 3.31622e+06 1.49981e+06 274067 0 2.71327e+06 0 3.31622e+06 2.71327e+06 1.49981e+06 274067 0.0192097 0.0109498 -0.0246859 0.0598897 0.0712668
43 81 2 0.591204 0.390174 0.00353994 0.011747 9.70606e+06 4.04977e+07 1.83158e+07 3.34692e+06 0 3.31345e+07 0 4.04977e+07 3.31345e+07 1.83158e+07 3.34692e+06 -0.00505624 0.00575209 -0.0125063 0.00818157 0.0725727
47 82 0 1 1.48211e-24 2.8154e-27 4.88439e-26 6.39891e+06 2.66989e+07 1.2075e+07 2.20652e+06 0 2.18446e+07 0 2.66989e+07 2.18446e+07 1.2075e+07 2.20652e+06 0.0133234 0.020465 0.10104 0.00821417 0.0847312
52 82 1 1.31625 0.208129 0.018004 0.0136399 3.1931e+06 1.33229e+07 6.02553e+06 1.10107e+06 0 1.09006e+07 0 1.33229e+07 1.09006e+07 6.02553e+06 1.10107e+06 0.0214123 0.0358012 0.0191881 0.0373623 0.0636256
49 82 2 0.950078 0.292014 0.0103362 0.00915951 794795 3.31622e+06 1.49981e+06 274067 0 2.71327e+06 0 3.31622e+06 2.71327e+06 1.49981e+06 274067 0.0192097 0.0109498 -0.0246859 0.0598897 0.0712668
26 83 0 -0.107663 1.62876 -0.00560702 0.0237475 9.50764e+06 3.96698e+07 1.79413e+07 3.2785e+06 0 3.24571e+07 0 3.96698e+07 3.24571e+07 1.79413e+07 3.2785e+06 0.00748675 -0.007288 0.00175245 0.00937567 0.0405452
18 83 1 -0.354625 1.86856 -0.00638407 0.0262778 2.05052e+07 8.55561e+07 3.86942e+07 7.07075e+06 0 7.00005e+07 0 8.55561e+07 7.00005e+07 3.86942e+07 7.07075e+06 0.00384686 0.000121606 0.00343896 0.00434777 0.0398844
19 83 2 -0.469594 1.48998 -0.00808036 0.0241862 1.51921e+07 6.33875e+07 2.86681e+07 5.23864e+06 0 5.18625e+07 0 6.33875e+07 5.18625e+07 2.86681e+07 5.23864e+06 0.00434505 -0.0014567 0.00303457 0.00710767 0.0418762
