Index_Vertex nbTriangle nbInTr x y ux uy Elast AR BR IR GR ER FR A1 A2 B12 C3 Defxx Defxy Defyx Defyy Density 
68 0 0 -1.44098 0.158691 -0.00664257 0.000818235 1.9567e+07 8.16417e+07 3.69239e+07 6.74725e+06 0 6.67978e+07 0 8.16417e+07 6.67978e+07 3.69239e+07 6.74725e+06 0.00337554 0.00113768 -0.0029955 0.00566677 0.0519361
67 0 1 -1.21994 0.0808747 -0.00462162 -0.00107516 2.22974e+06 9.30339e+06 4.20762e+06 768875 0 7.61186e+06 0 9.30339e+06 7.61186e+06 4.20762e+06 768875 0.0084126 0.00243244 -0.0102774 0.0178995 0.0577188
66 0 2 -1.21595 0.439511 -0.00639253 0.00264026 2.2014e+07 9.18516e+07 4.15414e+07 7.59104e+06 0 7.51513e+07 0 9.18516e+07 7.51513e+07 4.15414e+07 7.59104e+06 0.0031703 0.00118959 -0.00288464 0.00489882 0.0503216
66 1 0 -1.21595 0.439511 -0.00639253 0.00264026 2.2014e+07 9.18516e+07 4.15414e+07 7.59104e+06 0 7.51513e+07 0 9.18516e+07 7.51513e+07 4.15414e+07 7.59104e+06 0.0031703 0.00118959 -0.00288464 0.00489882 0.0503216
62 1 1 -1.19295 0.763517 -0.00696523 0.00452907 1.64656e+07 6.87013e+07 3.10713e+07 5.67779e+06 0 5.62101e+07 0 6.87013e+07 5.62101e+07 3.10713e+07 5.67779e+06 0.00397976 0.00200738 -0.00115805 0.00653331 0.0435938
60 1 2 -1.53686 0.670197 -0.00805868 0.00321329 2.02413e+07 8.4455e+07 3.81962e+07 6.97975e+06 0 6.90996e+07 0 8.4455e+07 6.90996e+07 3.81962e+07 6.97975e+06 0.00319649 0.00278716 -0.0016646 0.00537932 0.0445822
68 2 0 -1.44098 0.158691 -0.00664257 0.000818235 1.9567e+07 8.16417e+07 3.69239e+07 6.74725e+06 0 6.67978e+07 0 8.16417e+07 6.67978e+07 3.69239e+07 6.74725e+06 0.00337554 0.00113768 -0.0029955 0.00566677 0.0519361
66 2 1 -1.21595 0.439511 -0.00639253 0.00264026 2.2014e+07 9.18516e+07 4.15414e+07 7.59104e+06 0 7.51513e+07 0 9.18516e+07 7.51513e+07 4.15414e+07 7.59104e+06 0.0031703 0.00118959 -0.00288464 0.00489882 0.0503216
65 2 2 -1.50257 0.411884 -0.00725958 0.00201849 2.35128e+07 9.81053e+07 4.43698e+07 8.10788e+06 0 8.0268e+07 0 9.81053e+07 8.0268e+07 4.43698e+07 8.10788e+06 0.00318753 0.00193146 -0.00251973 0.00439346 0.0483607
67 3 0 -1.21994 0.0808747 -0.00462162 -0.00107516 2.22974e+06 9.30339e+06 4.20762e+06 768875 0 7.61186e+06 0 9.30339e+06 7.61186e+06 4.20762e+06 768875 0.0084126 0.00243244 -0.0102774 0.0178995 0.0577188
63 3 1 -1 2.14773e-24 -1.24156e-26 4.2823e-26 1.89856e+07 7.92159e+07 3.58268e+07 6.54677e+06 0 6.4813e+07 0 7.92159e+07 6.4813e+07 3.58268e+07 6.54677e+06 -1.01402e-17 4.07142e-18 -0.0327458 0.00760834 0.0740116
64 3 2 -0.932632 0.275995 -0.00483566 0.00230163 1.73198e+07 7.22655e+07 3.26833e+07 5.97236e+06 0 5.91263e+07 0 7.22655e+07 5.91263e+07 3.26833e+07 5.97236e+06 0.00347029 0.0071963 -0.00541109 0.0060257 0.0625491
61 4 0 -0.859383 0.613338 -0.00569286 0.00489024 2.05917e+07 8.59171e+07 3.88574e+07 7.10058e+06 0 7.02958e+07 0 8.59171e+07 7.02958e+07 3.88574e+07 7.10058e+06 0.00266334 0.00595292 -0.00103154 0.00633755 0.0504549
57 4 1 -0.944491 0.874827 -0.00595916 0.00601641 2.18214e+07 9.1048e+07 4.1178e+07 7.52463e+06 0 7.44938e+07 0 9.1048e+07 7.44938e+07 4.1178e+07 7.52463e+06 0.0029334 0.00419351 0.00127308 0.00539762 0.0424805
62 4 2 -1.19295 0.763517 -0.00696523 0.00452907 1.64656e+07 6.87013e+07 3.10713e+07 5.67779e+06 0 5.62101e+07 0 6.87013e+07 5.62101e+07 3.10713e+07 5.67779e+06 0.00397976 0.00200738 -0.00115805 0.00653331 0.0435938
64 5 0 -0.932632 0.275995 -0.00483566 0.00230163 1.73198e+07 7.22655e+07 3.26833e+07 5.97236e+06 0 5.91263e+07 0 7.22655e+07 5.91263e+07 3.26833e+07 5.97236e+06 0.00347029 0.0071963 -0.00541109 0.0060257 0.0625491
61 5 1 -0.859383 0.613338 -0.00569286 0.00489024 2.05917e+07 8.59171e+07 3.88574e+07 7.10058e+06 0 7.02958e+07 0 8.59171e+07 7.02958e+07 3.88574e+07 7.10058e+06 0.00266334 0.00595292 -0.00103154 0.00633755 0.0504549
66 5 2 -1.21595 0.439511 -0.00639253 0.00264026 2.2014e+07 9.18516e+07 4.15414e+07 7.59104e+06 0 7.51513e+07 0 9.18516e+07 7.51513e+07 4.15414e+07 7.59104e+06 0.0031703 0.00118959 -0.00288464 0.00489882 0.0503216
58 6 0 -0.618818 0.333553 -0.00367164 0.00359855 1.43439e+07 5.98486e+07 2.70676e+07 4.94617e+06 0 4.89671e+07 0 5.98486e+07 4.89671e+07 2.70676e+07 4.94617e+06 0.00438532 0.000457533 -0.00461881 0.00473721 0.0670919
54 6 1 -0.500634 0.690015 -0.00338892 0.00744572 3.35303e+06 1.39902e+07 6.32733e+06 1.15622e+06 0 1.14466e+07 0 1.39902e+07 1.14466e+07 6.32733e+06 1.15622e+06 0.0143103 0.00902413 0.00142501 0.0124361 0.0511711
61 6 2 -0.859383 0.613338 -0.00569286 0.00489024 2.05917e+07 8.59171e+07 3.88574e+07 7.10058e+06 0 7.02958e+07 0 8.59171e+07 7.02958e+07 3.88574e+07 7.10058e+06 0.00266334 0.00595292 -0.00103154 0.00633755 0.0504549
64 7 0 -0.932632 0.275995 -0.00483566 0.00230163 1.73198e+07 7.22655e+07 3.26833e+07 5.97236e+06 0 5.91263e+07 0 7.22655e+07 5.91263e+07 3.26833e+07 5.97236e+06 0.00347029 0.0071963 -0.00541109 0.0060257 0.0625491
63 7 1 -1 2.14773e-24 -1.24156e-26 4.2823e-26 1.89856e+07 7.92159e+07 3.58268e+07 6.54677e+06 0 6.4813e+07 0 7.92159e+07 6.4813e+07 3.58268e+07 6.54677e+06 -1.01402e-17 4.07142e-18 -0.0327458 0.00760834 0.0740116
59 7 2 -0.714286 3.08884e-24 -5.73922e-27 4.6091e-26 6.2637e+06 2.61348e+07 1.18199e+07 2.1599e+06 0 2.1383e+07 0 2.61348e+07 2.1383e+07 1.18199e+07 2.1599e+06 2.72695e-26 5.46788e-25 -0.0224025 0.0173072 0.0896643
61 8 0 -0.859383 0.613338 -0.00569286 0.00489024 2.05917e+07 8.59171e+07 3.88574e+07 7.10058e+06 0 7.02958e+07 0 8.59171e+07 7.02958e+07 3.88574e+07 7.10058e+06 0.00266334 0.00595292 -0.00103154 0.00633755 0.0504549
64 8 1 -0.932632 0.275995 -0.00483566 0.00230163 1.73198e+07 7.22655e+07 3.26833e+07 5.97236e+06 0 5.91263e+07 0 7.22655e+07 5.91263e+07 3.26833e+07 5.97236e+06 0.00347029 0.0071963 -0.00541109 0.0060257 0.0625491
58 8 2 -0.618818 0.333553 -0.00367164 0.00359855 1.43439e+07 5.98486e+07 2.70676e+07 4.94617e+06 0 4.89671e+07 0 5.98486e+07 4.89671e+07 2.70676e+07 4.94617e+06 0.00438532 0.000457533 -0.00461881 0.00473721 0.0670919
66 9 0 -1.21595 0.439511 -0.00639253 0.00264026 2.2014e+07 9.18516e+07 4.15414e+07 7.59104e+06 0 7.51513e+07 0 9.18516e+07 7.51513e+07 4.15414e+07 7.59104e+06 0.0031703 0.00118959 -0.00288464 0.00489882 0.0503216
67 9 1 -1.21994 0.0808747 -0.00462162 -0.00107516 2.22974e+06 9.30339e+06 4.20762e+06 768875 0 7.61186e+06 0 9.30339e+06 7.61186e+06 4.20762e+06 768875 0.0084126 0.00243244 -0.0102774 0.0178995 0.0577188
64 9 2 -0.932632 0.275995 -0.00483566 0.00230163 1.73198e+07 7.22655e+07 3.26833e+07 5.97236e+06 0 5.91263e+07 0 7.22655e+07 5.91263e+07 3.26833e+07 5.97236e+06 0.00347029 0.0071963 -0.00541109 0.0060257 0.0625491
59 10 0 -0.714286 3.08884e-24 -5.73922e-27 4.6091e-26 6.2637e+06 2.61348e+07 1.18199e+07 2.1599e+06 0 2.1383e+07 0 2.61348e+07 2.1383e+07 1.18199e+07 2.1599e+06 2.72695e-26 5.46788e-25 -0.0224025 0.0173072 0.0896643
58 10 1 -0.618818 0.333553 -0.00367164 0.00359855 1.43439e+07 5.98486e+07 2.70676e+07 4.94617e+06 0 4.89671e+07 0 5.98486e+07 4.89671e+07 2.70676e+07 4.94617e+06 0.00438532 0.000457533 -0.00461881 0.00473721 0.0670919
64 10 2 -0.932632 0.275995 -0.00483566 0.00230163 1.73198e+07 7.22655e+07 3.26833e+07 5.97236e+06 0 5.91263e+07 0 7.22655e+07 5.91263e+07 3.26833e+07 5.97236e+06 0.00347029 0.0071963 -0.00541109 0.0060257 0.0625491
65 11 0 -1.50257 0.411884 -0.00725958 0.00201849 2.35128e+07 9.81053e+07 4.43698e+07 8.10788e+06 0 8.0268e+07 0 9.81053e+07 8.0268e+07 4.43698e+07 8.10788e+06 0.00318753 0.00193146 -0.00251973 0.00439346 0.0483607
66 11 1 -1.21595 0.439511 -0.00639253 0.00264026 2.2014e+07 9.18516e+07 4.15414e+07 7.59104e+06 0 7.51513e+07 0 9.18516e+07 7.51513e+07 4.15414e+07 7.59104e+06 0.0031703 0.00118959 -0.00288464 0.00489882 0.0503216
60 11 2 -1.53686 0.670197 -0.00805868 0.00321329 2.02413e+07 8.4455e+07 3.81962e+07 6.97975e+06 0 6.90996e+07 0 8.4455e+07 6.90996e+07 3.81962e+07 6.97975e+06 0.00319649 0.00278716 -0.0016646 0.00537932 0.0445822
59 12 0 -0.714286 3.08884e-24 -5.73922e-27 4.6091e-26 6.2637e+06 2.61348e+07 1.18199e+07 2.1599e+06 0 2.1383e+07 0 2.61348e+07 2.1383e+07 1.18199e+07 2.1599e+06 2.72695e-26 5.46788e-25 -0.0224025 0.0173072 0.0896643
52 12 1 -0.428571 3.06491e-24 -2.69143e-27 4.25583e-26 6.8664e+06 2.86495e+07 1.29572e+07 2.36773e+06 0 2.34405e+07 0 2.86495e+07 2.34405e+07 1.29572e+07 2.36773e+06 0.004087 -0.0011625 -0.0125642 0.0164377 0.0958478
58 12 2 -0.618818 0.333553 -0.00367164 0.00359855 1.43439e+07 5.98486e+07 2.70676e+07 4.94617e+06 0 4.89671e+07 0 5.98486e+07 4.89671e+07 2.70676e+07 4.94617e+06 0.00438532 0.000457533 -0.00461881 0.00473721 0.0670919
62 13 0 -1.19295 0.763517 -0.00696523 0.00452907 1.64656e+07 6.87013e+07 3.10713e+07 5.67779e+06 0 5.62101e+07 0 6.87013e+07 5.62101e+07 3.10713e+07 5.67779e+06 0.00397976 0.00200738 -0.00115805 0.00653331 0.0435938
55 13 1 -1.07627 1.11774 -0.0072193 0.00754681 7.88818e+06 3.29128e+07 1.48854e+07 2.72006e+06 0 2.69286e+07 0 3.29128e+07 2.69286e+07 1.48854e+07 2.72006e+06 0.00762772 0.00262241 -0.00320197 0.0136987 0.0378644
56 13 2 -1.43913 0.947062 -0.00828847 0.00507519 1.80184e+07 7.51804e+07 3.40016e+07 6.21326e+06 0 6.15112e+07 0 7.51804e+07 6.15112e+07 3.40016e+07 6.21326e+06 0.00307982 0.00476952 -0.00387193 0.00655562 0.0408742
60 14 0 -1.53686 0.670197 -0.00805868 0.00321329 2.02413e+07 8.4455e+07 3.81962e+07 6.97975e+06 0 6.90996e+07 0 8.4455e+07 6.90996e+07 3.81962e+07 6.97975e+06 0.00319649 0.00278716 -0.0016646 0.00537932 0.0445822
62 14 1 -1.19295 0.763517 -0.00696523 0.00452907 1.64656e+07 6.87013e+07 3.10713e+07 5.67779e+06 0 5.62101e+07 0 6.87013e+07 5.62101e+07 3.10713e+07 5.67779e+06 0.00397976 0.00200738 -0.00115805 0.00653331 0.0435938
56 14 2 -1.43913 0.947062 -0.00828847 0.00507519 1.80184e+07 7.51804e+07 3.40016e+07 6.21326e+06 0 6.15112e+07 0 7.51804e+07 6.15112e+07 3.40016e+07 6.21326e+06 0.00307982 0.00476952 -0.00387193 0.00655562 0.0408742
58 15 0 -0.618818 0.333553 -0.00367164 0.00359855 1.43439e+07 5.98486e+07 2.70676e+07 4.94617e+06 0 4.89671e+07 0 5.98486e+07 4.89671e+07 2.70676e+07 4.94617e+06 0.00438532 0.000457533 -0.00461881 0.00473721 0.0670919
51 15 1 -0.306512 0.350858 -0.0014001 0.00457273 7.73858e+06 3.22886e+07 1.46031e+07 2.66848e+06 0 2.64179e+07 0 3.22886e+07 2.64179e+07 1.46031e+07 2.66848e+06 0.00886994 0.00284718 0.00229561 0.0117109 0.0695092
54 15 2 -0.500634 0.690015 -0.00338892 0.00744572 3.35303e+06 1.39902e+07 6.32733e+06 1.15622e+06 0 1.14466e+07 0 1.39902e+07 1.14466e+07 6.32733e+06 1.15622e+06 0.0143103 0.00902413 0.00142501 0.0124361 0.0511711
44 16 0 -0.142857 3.18687e-24 -1.34136e-27 4.58536e-26 7.98257e+06 3.33066e+07 1.50635e+07 2.75261e+06 0 2.72508e+07 0 3.33066e+07 2.72508e+07 1.50635e+07 2.75261e+06 0.00275359 -0.00184031 0.00093244 0.0160491 0.0981726
51 16 1 -0.306512 0.350858 -0.0014001 0.00457273 7.73858e+06 3.22886e+07 1.46031e+07 2.66848e+06 0 2.64179e+07 0 3.22886e+07 2.64179e+07 1.46031e+07 2.66848e+06 0.00886994 0.00284718 0.00229561 0.0117109 0.0695092
52 16 2 -0.428571 3.06491e-24 -2.69143e-27 4.25583e-26 6.8664e+06 2.86495e+07 1.29572e+07 2.36773e+06 0 2.34405e+07 0 2.86495e+07 2.34405e+07 1.29572e+07 2.36773e+06 0.004087 -0.0011625 -0.0125642 0.0164377 0.0958478
57 17 0 -0.944491 0.874827 -0.00595916 0.00601641 2.18214e+07 9.1048e+07 4.1178e+07 7.52463e+06 0 7.44938e+07 0 9.1048e+07 7.44938e+07 4.1178e+07 7.52463e+06 0.0029334 0.00419351 0.00127308 0.00539762 0.0424805
55 17 1 -1.07627 1.11774 -0.0072193 0.00754681 7.88818e+06 3.29128e+07 1.48854e+07 2.72006e+06 0 2.69286e+07 0 3.29128e+07 2.69286e+07 1.48854e+07 2.72006e+06 0.00762772 0.00262241 -0.00320197 0.0136987 0.0378644
62 17 2 -1.19295 0.763517 -0.00696523 0.00452907 1.64656e+07 6.87013e+07 3.10713e+07 5.67779e+06 0 5.62101e+07 0 6.87013e+07 5.62101e+07 3.10713e+07 5.67779e+06 0.00397976 0.00200738 -0.00115805 0.00653331 0.0435938
55 18 0 -1.07627 1.11774 -0.0072193 0.00754681 7.88818e+06 3.29128e+07 1.48854e+07 2.72006e+06 0 2.69286e+07 0 3.29128e+07 2.69286e+07 1.48854e+07 2.72006e+06 0.00762772 0.00262241 -0.00320197 0.0136987 0.0378644
50 18 1 -1.32706 1.21844 -0.00875021 0.00720852 2.51059e+07 1.04752e+08 4.7376e+07 8.65721e+06 0 8.57063e+07 0 1.04752e+08 8.57063e+07 4.7376e+07 8.65721e+06 0.00169417 0.0075782 -0.00364197 0.00388152 0.0373057
56 18 2 -1.43913 0.947062 -0.00828847 0.00507519 1.80184e+07 7.51804e+07 3.40016e+07 6.21326e+06 0 6.15112e+07 0 7.51804e+07 6.15112e+07 3.40016e+07 6.21326e+06 0.00307982 0.00476952 -0.00387193 0.00655562 0.0408742
53 19 0 -0.711111 1.01105 -0.0045332 0.00850061 1.1996e+07 5.00524e+07 2.26371e+07 4.13656e+06 0 4.0952e+07 0 5.00524e+07 4.0952e+07 2.26371e+07 4.13656e+06 0.00785594 0.0108324 0.00434556 0.00600184 0.0404339
55 19 1 -1.07627 1.11774 -0.0072193 0.00754681 7.88818e+06 3.29128e+07 1.48854e+07 2.72006e+06 0 2.69286e+07 0 3.29128e+07 2.69286e+07 1.48854e+07 2.72006e+06 0.00762772 0.00262241 -0.00320197 0.0136987 0.0378644
57 19 2 -0.944491 0.874827 -0.00595916 0.00601641 2.18214e+07 9.1048e+07 4.1178e+07 7.52463e+06 0 7.44938e+07 0 9.1048e+07 7.44938e+07 4.1178e+07 7.52463e+06 0.0029334 0.00419351 0.00127308 0.00539762 0.0424805
49 20 0 -1.18389 1.47477 -0.00871031 0.0103908 1.20121e+07 5.01196e+07 2.26674e+07 4.14211e+06 0 4.10069e+07 0 5.01196e+07 4.10069e+07 2.26674e+07 4.14211e+06 0.00630271 0.00933879 0.00100732 0.00857437 0.034506
50 20 1 -1.32706 1.21844 -0.00875021 0.00720852 2.51059e+07 1.04752e+08 4.7376e+07 8.65721e+06 0 8.57063e+07 0 1.04752e+08 8.57063e+07 4.7376e+07 8.65721e+06 0.00169417 0.0075782 -0.00364197 0.00388152 0.0373057
55 20 2 -1.07627 1.11774 -0.0072193 0.00754681 7.88818e+06 3.29128e+07 1.48854e+07 2.72006e+06 0 2.69286e+07 0 3.29128e+07 2.69286e+07 1.48854e+07 2.72006e+06 0.00762772 0.00262241 -0.00320197 0.0136987 0.0378644
44 21 0 -0.142857 3.18687e-24 -1.34136e-27 4.58536e-26 7.98257e+06 3.33066e+07 1.50635e+07 2.75261e+06 0 2.72508e+07 0 3.33066e+07 2.72508e+07 1.50635e+07 2.75261e+06 0.00275359 -0.00184031 0.00093244 0.0160491 0.0981726
35 21 1 0.142857 3.02783e-24 2.23357e-27 6.14341e-26 1.93366e+07 8.06803e+07 3.6489e+07 6.66779e+06 0 6.60112e+07 0 8.06803e+07 6.60112e+07 3.6489e+07 6.66779e+06 -7.00434e-05 0.000669112 0.00640332 0.00922145 0.0980801
43 21 2 0.00791445 0.34748 0.000711113 0.00382038 1.20523e+07 5.02871e+07 2.27432e+07 4.15596e+06 0 4.1144e+07 0 5.02871e+07 4.1144e+07 2.27432e+07 4.15596e+06 0.00378966 -0.0051016 -0.000865847 0.0110463 0.0703512
49 22 0 -1.18389 1.47477 -0.00871031 0.0103908 1.20121e+07 5.01196e+07 2.26674e+07 4.14211e+06 0 4.10069e+07 0 5.01196e+07 4.10069e+07 2.26674e+07 4.14211e+06 0.00630271 0.00933879 0.00100732 0.00857437 0.034506
55 22 1 -1.07627 1.11774 -0.0072193 0.00754681 7.88818e+06 3.29128e+07 1.48854e+07 2.72006e+06 0 2.69286e+07 0 3.29128e+07 2.69286e+07 1.48854e+07 2.72006e+06 0.00762772 0.00262241 -0.00320197 0.0136987 0.0378644
48 22 2 -0.845613 1.4161 -0.00657041 0.011708 1.0887e+07 4.5425e+07 2.05442e+07 3.75413e+06 0 3.71659e+07 0 4.5425e+07 3.71659e+07 2.05442e+07 3.75413e+06 0.00671169 0.0116159 -0.00209575 0.00944228 0.0339568
48 23 0 -0.845613 1.4161 -0.00657041 0.011708 1.0887e+07 4.5425e+07 2.05442e+07 3.75413e+06 0 3.71659e+07 0 4.5425e+07 3.71659e+07 2.05442e+07 3.75413e+06 0.00671169 0.0116159 -0.00209575 0.00944228 0.0339568
45 23 1 -0.56793 1.29729 -0.00372943 0.0120139 4.73485e+06 1.97557e+07 8.93487e+06 1.63271e+06 0 1.61638e+07 0 1.97557e+07 1.61638e+07 8.93487e+06 1.63271e+06 0.011313 0.0031424 -0.00194215 0.0125927 0.0353489
40 23 2 -0.559168 1.6508 -0.00453789 0.0157465 8.04583e+06 3.35705e+07 1.51828e+07 2.77442e+06 0 2.74668e+07 0 3.35705e+07 2.74668e+07 1.51828e+07 2.77442e+06 0.0101761 -0.00797982 -0.00316437 0.00864442 0.0314663
49 24 0 -1.18389 1.47477 -0.00871031 0.0103908 1.20121e+07 5.01196e+07 2.26674e+07 4.14211e+06 0 4.10069e+07 0 5.01196e+07 4.10069e+07 2.26674e+07 4.14211e+06 0.00630271 0.00933879 0.00100732 0.00857437 0.034506
48 24 1 -0.845613 1.4161 -0.00657041 0.011708 1.0887e+07 4.5425e+07 2.05442e+07 3.75413e+06 0 3.71659e+07 0 4.5425e+07 3.71659e+07 2.05442e+07 3.75413e+06 0.00671169 0.0116159 -0.00209575 0.00944228 0.0339568
42 24 2 -1.02198 1.65766 -0.00809397 0.0128487 1.9393e+07 8.09158e+07 3.65955e+07 6.68725e+06 0 6.62038e+07 0 8.09158e+07 6.62038e+07 3.65955e+07 6.68725e+06 0.00297639 0.00554217 -0.00343134 0.00489022 0.0326547
55 25 0 -1.07627 1.11774 -0.0072193 0.00754681 7.88818e+06 3.29128e+07 1.48854e+07 2.72006e+06 0 2.69286e+07 0 3.29128e+07 2.69286e+07 1.48854e+07 2.72006e+06 0.00762772 0.00262241 -0.00320197 0.0136987 0.0378644
53 25 1 -0.711111 1.01105 -0.0045332 0.00850061 1.1996e+07 5.00524e+07 2.26371e+07 4.13656e+06 0 4.0952e+07 0 5.00524e+07 4.0952e+07 2.26371e+07 4.13656e+06 0.00785594 0.0108324 0.00434556 0.00600184 0.0404339
48 25 2 -0.845613 1.4161 -0.00657041 0.011708 1.0887e+07 4.5425e+07 2.05442e+07 3.75413e+06 0 3.71659e+07 0 4.5425e+07 3.71659e+07 2.05442e+07 3.75413e+06 0.00671169 0.0116159 -0.00209575 0.00944228 0.0339568
61 26 0 -0.859383 0.613338 -0.00569286 0.00489024 2.05917e+07 8.59171e+07 3.88574e+07 7.10058e+06 0 7.02958e+07 0 8.59171e+07 7.02958e+07 3.88574e+07 7.10058e+06 0.00266334 0.00595292 -0.00103154 0.00633755 0.0504549
54 26 1 -0.500634 0.690015 -0.00338892 0.00744572 3.35303e+06 1.39902e+07 6.32733e+06 1.15622e+06 0 1.14466e+07 0 1.39902e+07 1.14466e+07 6.32733e+06 1.15622e+06 0.0143103 0.00902413 0.00142501 0.0124361 0.0511711
53 26 2 -0.711111 1.01105 -0.0045332 0.00850061 1.1996e+07 5.00524e+07 2.26371e+07 4.13656e+06 0 4.0952e+07 0 5.00524e+07 4.0952e+07 2.26371e+07 4.13656e+06 0.00785594 0.0108324 0.00434556 0.00600184 0.0404339
29 27 0 0.149366 1.70546 -0.00117234 0.0138665 1.71747e+07 7.16599e+07 3.24094e+07 5.92231e+06 0 5.86309e+07 0 7.16599e+07 5.86309e+07 3.24094e+07 5.92231e+06 0.00387417 -0.00166068 -0.00242713 0.00546402 0.0309409
20 27 1 0.381016 2.00294 -0.000112214 0.0176919 5.33943e+06 2.22783e+07 1.00757e+07 1.84118e+06 0 1.82277e+07 0 2.22783e+07 1.82277e+07 1.00757e+07 1.84118e+06 0.00767749 -0.00289352 0.000390094 0.0122712 0.0301603
24 27 2 0.0850841 2.09999 -0.00152071 0.0161008 2.35579e+07 9.82931e+07 4.44547e+07 8.1234e+06 0 8.04216e+07 0 9.82931e+07 8.04216e+07 4.44547e+07 8.1234e+06 0.0022594 -0.000336554 0.00153238 0.00477704 0.029533
57 28 0 -0.944491 0.874827 -0.00595916 0.00601641 2.18214e+07 9.1048e+07 4.1178e+07 7.52463e+06 0 7.44938e+07 0 9.1048e+07 7.44938e+07 4.1178e+07 7.52463e+06 0.0029334 0.00419351 0.00127308 0.00539762 0.0424805
61 28 1 -0.859383 0.613338 -0.00569286 0.00489024 2.05917e+07 8.59171e+07 3.88574e+07 7.10058e+06 0 7.02958e+07 0 8.59171e+07 7.02958e+07 3.88574e+07 7.10058e+06 0.00266334 0.00595292 -0.00103154 0.00633755 0.0504549
53 28 2 -0.711111 1.01105 -0.0045332 0.00850061 1.1996e+07 5.00524e+07 2.26371e+07 4.13656e+06 0 4.0952e+07 0 5.00524e+07 4.0952e+07 2.26371e+07 4.13656e+06 0.00785594 0.0108324 0.00434556 0.00600184 0.0404339
45 29 0 -0.56793 1.29729 -0.00372943 0.0120139 4.73485e+06 1.97557e+07 8.93487e+06 1.63271e+06 0 1.61638e+07 0 1.97557e+07 1.61638e+07 8.93487e+06 1.63271e+06 0.011313 0.0031424 -0.00194215 0.0125927 0.0353489
48 29 1 -0.845613 1.4161 -0.00657041 0.011708 1.0887e+07 4.5425e+07 2.05442e+07 3.75413e+06 0 3.71659e+07 0 4.5425e+07 3.71659e+07 2.05442e+07 3.75413e+06 0.00671169 0.0116159 -0.00209575 0.00944228 0.0339568
53 29 2 -0.711111 1.01105 -0.0045332 0.00850061 1.1996e+07 5.00524e+07 2.26371e+07 4.13656e+06 0 4.0952e+07 0 5.00524e+07 4.0952e+07 2.26371e+07 4.13656e+06 0.00785594 0.0108324 0.00434556 0.00600184 0.0404339
62 30 0 -1.19295 0.763517 -0.00696523 0.00452907 1.64656e+07 6.87013e+07 3.10713e+07 5.67779e+06 0 5.62101e+07 0 6.87013e+07 5.62101e+07 3.10713e+07 5.67779e+06 0.00397976 0.00200738 -0.00115805 0.00653331 0.0435938
66 30 1 -1.21595 0.439511 -0.00639253 0.00264026 2.2014e+07 9.18516e+07 4.15414e+07 7.59104e+06 0 7.51513e+07 0 9.18516e+07 7.51513e+07 4.15414e+07 7.59104e+06 0.0031703 0.00118959 -0.00288464 0.00489882 0.0503216
61 30 2 -0.859383 0.613338 -0.00569286 0.00489024 2.05917e+07 8.59171e+07 3.88574e+07 7.10058e+06 0 7.02958e+07 0 8.59171e+07 7.02958e+07 3.88574e+07 7.10058e+06 0.00266334 0.00595292 -0.00103154 0.00633755 0.0504549
31 31 0 0.242836 1.3343 -0.000280575 0.0115624 2.07489e+07 8.65729e+07 3.91541e+07 7.15478e+06 0 7.08324e+07 0 8.65729e+07 7.08324e+07 3.91541e+07 7.15478e+06 0.00328192 0.000616126 -0.00133047 0.0057441 0.035177
22 31 1 0.481926 1.61488 0.000391532 0.0144808 1.57052e+07 6.55286e+07 2.96364e+07 5.41559e+06 0 5.36143e+07 0 6.55286e+07 5.36143e+07 2.96364e+07 5.41559e+06 0.00485159 0.00814734 0.000271674 0.00564385 0.0320295
29 31 2 0.149366 1.70546 -0.00117234 0.0138665 1.71747e+07 7.16599e+07 3.24094e+07 5.92231e+06 0 5.86309e+07 0 7.16599e+07 5.86309e+07 3.24094e+07 5.92231e+06 0.00387417 -0.00166068 -0.00242713 0.00546402 0.0309409
39 32 0 0.0201066 1.02278 -0.000575752 0.00977521 1.72231e+07 7.18617e+07 3.25007e+07 5.93898e+06 0 5.87959e+07 0 7.18617e+07 5.87959e+07 3.25007e+07 5.93898e+06 0.00448915 -0.00465674 -0.00115227 0.00627604 0.0415003
31 32 1 0.242836 1.3343 -0.000280575 0.0115624 2.07489e+07 8.65729e+07 3.91541e+07 7.15478e+06 0 7.08324e+07 0 8.65729e+07 7.08324e+07 3.91541e+07 7.15478e+06 0.00328192 0.000616126 -0.00133047 0.0057441 0.035177
38 32 2 -0.0656552 1.38279 -0.0014301 0.0122383 1.98097e+07 8.26545e+07 3.73819e+07 6.83095e+06 0 6.76264e+07 0 8.26545e+07 6.76264e+07 3.73819e+07 6.83095e+06 0.00384799 -0.00244136 -0.00207978 0.00526929 0.0341799
30 33 0 0.327582 0.983784 0.000829682 0.009152 1.57352e+07 6.56538e+07 2.9693e+07 5.42593e+06 0 5.37167e+07 0 6.56538e+07 5.37167e+07 2.9693e+07 5.42593e+06 0.00317678 -0.000783044 -0.0045836 0.00794182 0.0424327
21 33 1 0.580166 0.958952 0.00262589 0.00931695 7.78949e+06 3.2501e+07 1.46991e+07 2.68603e+06 0 2.65917e+07 0 3.2501e+07 2.65917e+07 1.46991e+07 2.68603e+06 0.00929503 0.00664857 -0.00138945 0.00845181 0.0421925
23 33 2 0.55298 1.24852 0.00159977 0.0119319 7.08708e+06 2.95702e+07 1.33736e+07 2.44382e+06 0 2.41938e+07 0 2.95702e+07 2.41938e+07 1.33736e+07 2.44382e+06 0.00925603 0.00132927 -0.0037003 0.00995535 0.0363197
14 34 0 0.730407 1.66811 0.00154123 0.015634 1.1135e+07 4.646e+07 2.10123e+07 3.83967e+06 0 3.80127e+07 0 4.646e+07 3.80127e+07 2.10123e+07 3.83967e+06 0.00596156 0.00168702 -0.00230153 0.0090047 0.0321358
22 34 1 0.481926 1.61488 0.000391532 0.0144808 1.57052e+07 6.55286e+07 2.96364e+07 5.41559e+06 0 5.36143e+07 0 6.55286e+07 5.36143e+07 2.96364e+07 5.41559e+06 0.00485159 0.00814734 0.000271674 0.00564385 0.0320295
15 34 2 0.825634 1.40759 0.00285282 0.0135961 1.36049e+07 5.67652e+07 2.5673e+07 4.69134e+06 0 4.64443e+07 0 5.67652e+07 4.64443e+07 2.5673e+07 4.69134e+06 0.00575435 0.00710183 -0.00385128 0.00809836 0.0343576
14 35 0 0.730407 1.66811 0.00154123 0.015634 1.1135e+07 4.646e+07 2.10123e+07 3.83967e+06 0 3.80127e+07 0 4.646e+07 3.80127e+07 2.10123e+07 3.83967e+06 0.00596156 0.00168702 -0.00230153 0.0090047 0.0321358
13 35 1 0.687147 1.94569 0.00119416 0.0170575 2.69315e+07 1.12369e+08 5.0821e+07 9.28673e+06 0 9.19387e+07 0 1.12369e+08 9.19387e+07 5.0821e+07 9.28673e+06 0.0010968 0.00175322 0.000890684 0.00379202 0.031136
22 35 2 0.481926 1.61488 0.000391532 0.0144808 1.57052e+07 6.55286e+07 2.96364e+07 5.41559e+06 0 5.36143e+07 0 6.55286e+07 5.36143e+07 2.96364e+07 5.41559e+06 0.00485159 0.00814734 0.000271674 0.00564385 0.0320295
51 36 0 -0.306512 0.350858 -0.0014001 0.00457273 7.73858e+06 3.22886e+07 1.46031e+07 2.66848e+06 0 2.64179e+07 0 3.22886e+07 2.64179e+07 1.46031e+07 2.66848e+06 0.00886994 0.00284718 0.00229561 0.0117109 0.0695092
46 36 1 -0.157847 0.696464 -0.00028228 0.0080616 1.18806e+07 4.9571e+07 2.24193e+07 4.09678e+06 0 4.05581e+07 0 4.9571e+07 4.05581e+07 2.24193e+07 4.09678e+06 0.00386532 -0.00583573 -0.00407739 0.0090919 0.052147
54 36 2 -0.500634 0.690015 -0.00338892 0.00744572 3.35303e+06 1.39902e+07 6.32733e+06 1.15622e+06 0 1.14466e+07 0 1.39902e+07 1.14466e+07 6.32733e+06 1.15622e+06 0.0143103 0.00902413 0.00142501 0.0124361 0.0511711
51 37 0 -0.306512 0.350858 -0.0014001 0.00457273 7.73858e+06 3.22886e+07 1.46031e+07 2.66848e+06 0 2.64179e+07 0 3.22886e+07 2.64179e+07 1.46031e+07 2.66848e+06 0.00886994 0.00284718 0.00229561 0.0117109 0.0695092
44 37 1 -0.142857 3.18687e-24 -1.34136e-27 4.58536e-26 7.98257e+06 3.33066e+07 1.50635e+07 2.75261e+06 0 2.72508e+07 0 3.33066e+07 2.72508e+07 1.50635e+07 2.75261e+06 0.00275359 -0.00184031 0.00093244 0.0160491 0.0981726
43 37 2 0.00791445 0.34748 0.000711113 0.00382038 1.20523e+07 5.02871e+07 2.27432e+07 4.15596e+06 0 4.1144e+07 0 5.02871e+07 4.1144e+07 2.27432e+07 4.15596e+06 0.00378966 -0.0051016 -0.000865847 0.0110463 0.0703512
48 38 0 -0.845613 1.4161 -0.00657041 0.011708 1.0887e+07 4.5425e+07 2.05442e+07 3.75413e+06 0 3.71659e+07 0 4.5425e+07 3.71659e+07 2.05442e+07 3.75413e+06 0.00671169 0.0116159 -0.00209575 0.00944228 0.0339568
41 38 1 -0.859257 1.83983 -0.00785167 0.0163127 7.84199e+06 3.272e+07 1.47982e+07 2.70414e+06 0 2.67709e+07 0 3.272e+07 2.67709e+07 1.47982e+07 2.70414e+06 0.00830398 0.0125003 -0.00346816 0.0130679 0.0313071
42 38 2 -1.02198 1.65766 -0.00809397 0.0128487 1.9393e+07 8.09158e+07 3.65955e+07 6.68725e+06 0 6.62038e+07 0 8.09158e+07 6.62038e+07 3.65955e+07 6.68725e+06 0.00297639 0.00554217 -0.00343134 0.00489022 0.0326547
38 39 0 -0.0656552 1.38279 -0.0014301 0.0122383 1.98097e+07 8.26545e+07 3.73819e+07 6.83095e+06 0 6.76264e+07 0 8.26545e+07 6.76264e+07 3.73819e+07 6.83095e+06 0.00384799 -0.00244136 -0.00207978 0.00526929 0.0341799
37 39 1 -0.330519 1.43415 -0.00248991 0.0131237 2.1562e+07 8.99658e+07 4.06886e+07 7.43519e+06 0 7.36084e+07 0 8.99658e+07 7.36084e+07 4.06886e+07 7.43519e+06 0.00194725 -0.00321591 -0.0029467 0.00375235 0.0334432
47 39 2 -0.326449 1.05806 -0.00217559 0.0110934 1.958e+07 8.16958e+07 3.69483e+07 6.75172e+06 0 6.6842e+07 0 8.16958e+07 6.6842e+07 3.69483e+07 6.75172e+06 0.00318033 -0.00195945 -0.00310945 0.00404229 0.0403214
30 40 0 0.327582 0.983784 0.000829682 0.009152 1.57352e+07 6.56538e+07 2.9693e+07 5.42593e+06 0 5.37167e+07 0 6.56538e+07 5.37167e+07 2.9693e+07 5.42593e+06 0.00317678 -0.000783044 -0.0045836 0.00794182 0.0424327
31 40 1 0.242836 1.3343 -0.000280575 0.0115624 2.07489e+07 8.65729e+07 3.91541e+07 7.15478e+06 0 7.08324e+07 0 8.65729e+07 7.08324e+07 3.91541e+07 7.15478e+06 0.00328192 0.000616126 -0.00133047 0.0057441 0.035177
39 40 2 0.0201066 1.02278 -0.000575752 0.00977521 1.72231e+07 7.18617e+07 3.25007e+07 5.93898e+06 0 5.87959e+07 0 7.18617e+07 5.87959e+07 3.25007e+07 5.93898e+06 0.00448915 -0.00465674 -0.00115227 0.00627604 0.0415003
29 41 0 0.149366 1.70546 -0.00117234 0.0138665 1.71747e+07 7.16599e+07 3.24094e+07 5.92231e+06 0 5.86309e+07 0 7.16599e+07 5.86309e+07 3.24094e+07 5.92231e+06 0.00387417 -0.00166068 -0.00242713 0.00546402 0.0309409
32 41 1 -0.195051 1.75899 -0.00262192 0.0147091 1.73427e+07 7.2361e+07 3.27265e+07 5.98025e+06 0 5.92044e+07 0 7.2361e+07 5.92044e+07 3.27265e+07 5.98025e+06 0.00421437 -0.00143413 -0.000598913 0.00609203 0.0303466
38 41 2 -0.0656552 1.38279 -0.0014301 0.0122383 1.98097e+07 8.26545e+07 3.73819e+07 6.83095e+06 0 6.76264e+07 0 8.26545e+07 6.76264e+07 3.73819e+07 6.83095e+06 0.00384799 -0.00244136 -0.00207978 0.00526929 0.0341799
40 42 0 -0.559168 1.6508 -0.00453789 0.0157465 8.04583e+06 3.35705e+07 1.51828e+07 2.77442e+06 0 2.74668e+07 0 3.35705e+07 2.74668e+07 1.51828e+07 2.77442e+06 0.0101761 -0.00797982 -0.00316437 0.00864442 0.0314663
32 42 1 -0.195051 1.75899 -0.00262192 0.0147091 1.73427e+07 7.2361e+07 3.27265e+07 5.98025e+06 0 5.92044e+07 0 7.2361e+07 5.92044e+07 3.27265e+07 5.98025e+06 0.00421437 -0.00143413 -0.000598913 0.00609203 0.0303466
33 42 2 -0.495832 2.00987 -0.0039331 0.0192971 8.20538e+06 3.42362e+07 1.54839e+07 2.82944e+06 0 2.80115e+07 0 3.42362e+07 2.80115e+07 1.54839e+07 2.82944e+06 0.00740028 -0.0150839 0.00407116 0.0106797 0.0299587
41 43 0 -0.859257 1.83983 -0.00785167 0.0163127 7.84199e+06 3.272e+07 1.47982e+07 2.70414e+06 0 2.67709e+07 0 3.272e+07 2.67709e+07 1.47982e+07 2.70414e+06 0.00830398 0.0125003 -0.00346816 0.0130679 0.0313071
40 43 1 -0.559168 1.6508 -0.00453789 0.0157465 8.04583e+06 3.35705e+07 1.51828e+07 2.77442e+06 0 2.74668e+07 0 3.35705e+07 2.74668e+07 1.51828e+07 2.77442e+06 0.0101761 -0.00797982 -0.00316437 0.00864442 0.0314663
33 43 2 -0.495832 2.00987 -0.0039331 0.0192971 8.20538e+06 3.42362e+07 1.54839e+07 2.82944e+06 0 2.80115e+07 0 3.42362e+07 2.80115e+07 1.54839e+07 2.82944e+06 0.00740028 -0.0150839 0.00407116 0.0106797 0.0299587
36 44 0 0.183462 0.674606 0.00118772 0.0065888 1.48861e+07 6.21108e+07 2.80907e+07 5.13313e+06 0 5.0818e+07 0 6.21108e+07 5.0818e+07 2.80907e+07 5.13313e+06 0.00362467 -0.0018111 -0.00210347 0.00940552 0.0531646
46 44 1 -0.157847 0.696464 -0.00028228 0.0080616 1.18806e+07 4.9571e+07 2.24193e+07 4.09678e+06 0 4.05581e+07 0 4.9571e+07 4.05581e+07 2.24193e+07 4.09678e+06 0.00386532 -0.00583573 -0.00407739 0.0090919 0.052147
43 44 2 0.00791445 0.34748 0.000711113 0.00382038 1.20523e+07 5.02871e+07 2.27432e+07 4.15596e+06 0 4.1144e+07 0 5.02871e+07 4.1144e+07 2.27432e+07 4.15596e+06 0.00378966 -0.0051016 -0.000865847 0.0110463 0.0703512
23 45 0 0.55298 1.24852 0.00159977 0.0119319 7.08708e+06 2.95702e+07 1.33736e+07 2.44382e+06 0 2.41938e+07 0 2.95702e+07 2.41938e+07 1.33736e+07 2.44382e+06 0.00925603 0.00132927 -0.0037003 0.00995535 0.0363197
22 45 1 0.481926 1.61488 0.000391532 0.0144808 1.57052e+07 6.55286e+07 2.96364e+07 5.41559e+06 0 5.36143e+07 0 6.55286e+07 5.36143e+07 2.96364e+07 5.41559e+06 0.00485159 0.00814734 0.000271674 0.00564385 0.0320295
31 45 2 0.242836 1.3343 -0.000280575 0.0115624 2.07489e+07 8.65729e+07 3.91541e+07 7.15478e+06 0 7.08324e+07 0 8.65729e+07 7.08324e+07 3.91541e+07 7.15478e+06 0.00328192 0.000616126 -0.00133047 0.0057441 0.035177
47 46 0 -0.326449 1.05806 -0.00217559 0.0110934 1.958e+07 8.16958e+07 3.69483e+07 6.75172e+06 0 6.6842e+07 0 8.16958e+07 6.6842e+07 3.69483e+07 6.75172e+06 0.00318033 -0.00195945 -0.00310945 0.00404229 0.0403214
46 46 1 -0.157847 0.696464 -0.00028228 0.0080616 1.18806e+07 4.9571e+07 2.24193e+07 4.09678e+06 0 4.05581e+07 0 4.9571e+07 4.05581e+07 2.24193e+07 4.09678e+06 0.00386532 -0.00583573 -0.00407739 0.0090919 0.052147
39 46 2 0.0201066 1.02278 -0.000575752 0.00977521 1.72231e+07 7.18617e+07 3.25007e+07 5.93898e+06 0 5.87959e+07 0 7.18617e+07 5.87959e+07 3.25007e+07 5.93898e+06 0.00448915 -0.00465674 -0.00115227 0.00627604 0.0415003
29 47 0 0.149366 1.70546 -0.00117234 0.0138665 1.71747e+07 7.16599e+07 3.24094e+07 5.92231e+06 0 5.86309e+07 0 7.16599e+07 5.86309e+07 3.24094e+07 5.92231e+06 0.00387417 -0.00166068 -0.00242713 0.00546402 0.0309409
24 47 1 0.0850841 2.09999 -0.00152071 0.0161008 2.35579e+07 9.82931e+07 4.44547e+07 8.1234e+06 0 8.04216e+07 0 9.82931e+07 8.04216e+07 4.44547e+07 8.1234e+06 0.0022594 -0.000336554 0.00153238 0.00477704 0.029533
32 47 2 -0.195051 1.75899 -0.00262192 0.0147091 1.73427e+07 7.2361e+07 3.27265e+07 5.98025e+06 0 5.92044e+07 0 7.2361e+07 5.92044e+07 3.27265e+07 5.98025e+06 0.00421437 -0.00143413 -0.000598913 0.00609203 0.0303466
45 48 0 -0.56793 1.29729 -0.00372943 0.0120139 4.73485e+06 1.97557e+07 8.93487e+06 1.63271e+06 0 1.61638e+07 0 1.97557e+07 1.61638e+07 8.93487e+06 1.63271e+06 0.011313 0.0031424 -0.00194215 0.0125927 0.0353489
53 48 1 -0.711111 1.01105 -0.0045332 0.00850061 1.1996e+07 5.00524e+07 2.26371e+07 4.13656e+06 0 4.0952e+07 0 5.00524e+07 4.0952e+07 2.26371e+07 4.13656e+06 0.00785594 0.0108324 0.00434556 0.00600184 0.0404339
47 48 2 -0.326449 1.05806 -0.00217559 0.0110934 1.958e+07 8.16958e+07 3.69483e+07 6.75172e+06 0 6.6842e+07 0 8.16958e+07 6.6842e+07 3.69483e+07 6.75172e+06 0.00318033 -0.00195945 -0.00310945 0.00404229 0.0403214
41 49 0 -0.859257 1.83983 -0.00785167 0.0163127 7.84199e+06 3.272e+07 1.47982e+07 2.70414e+06 0 2.67709e+07 0 3.272e+07 2.67709e+07 1.47982e+07 2.70414e+06 0.00830398 0.0125003 -0.00346816 0.0130679 0.0313071
48 49 1 -0.845613 1.4161 -0.00657041 0.011708 1.0887e+07 4.5425e+07 2.05442e+07 3.75413e+06 0 3.71659e+07 0 4.5425e+07 3.71659e+07 2.05442e+07 3.75413e+06 0.00671169 0.0116159 -0.00209575 0.00944228 0.0339568
40 49 2 -0.559168 1.6508 -0.00453789 0.0157465 8.04583e+06 3.35705e+07 1.51828e+07 2.77442e+06 0 2.74668e+07 0 3.35705e+07 2.74668e+07 1.51828e+07 2.77442e+06 0.0101761 -0.00797982 -0.00316437 0.00864442 0.0314663
53 50 0 -0.711111 1.01105 -0.0045332 0.00850061 1.1996e+07 5.00524e+07 2.26371e+07 4.13656e+06 0 4.0952e+07 0 5.00524e+07 4.0952e+07 2.26371e+07 4.13656e+06 0.00785594 0.0108324 0.00434556 0.00600184 0.0404339
54 50 1 -0.500634 0.690015 -0.00338892 0.00744572 3.35303e+06 1.39902e+07 6.32733e+06 1.15622e+06 0 1.14466e+07 0 1.39902e+07 1.14466e+07 6.32733e+06 1.15622e+06 0.0143103 0.00902413 0.00142501 0.0124361 0.0511711
47 50 2 -0.326449 1.05806 -0.00217559 0.0110934 1.958e+07 8.16958e+07 3.69483e+07 6.75172e+06 0 6.6842e+07 0 8.16958e+07 6.6842e+07 3.69483e+07 6.75172e+06 0.00318033 -0.00195945 -0.00310945 0.00404229 0.0403214
36 51 0 0.183462 0.674606 0.00118772 0.0065888 1.48861e+07 6.21108e+07 2.80907e+07 5.13313e+06 0 5.0818e+07 0 6.21108e+07 5.0818e+07 2.80907e+07 5.13313e+06 0.00362467 -0.0018111 -0.00210347 0.00940552 0.0531646
39 51 1 0.0201066 1.02278 -0.000575752 0.00977521 1.72231e+07 7.18617e+07 3.25007e+07 5.93898e+06 0 5.87959e+07 0 7.18617e+07 5.87959e+07 3.25007e+07 5.93898e+06 0.00448915 -0.00465674 -0.00115227 0.00627604 0.0415003
46 51 2 -0.157847 0.696464 -0.00028228 0.0080616 1.18806e+07 4.9571e+07 2.24193e+07 4.09678e+06 0 4.05581e+07 0 4.9571e+07 4.05581e+07 2.24193e+07 4.09678e+06 0.00386532 -0.00583573 -0.00407739 0.0090919 0.052147
27 52 0 0.428571 3.33831e-24 3.24431e-27 4.81806e-26 7.74096e+06 3.22985e+07 1.46075e+07 2.6693e+06 0 2.64261e+07 0 3.22985e+07 2.64261e+07 1.46075e+07 2.6693e+06 -7.59047e-27 6.51351e-25 0.0133503 0.0178877 0.0958157
26 52 1 0.650845 0.333556 0.00337259 0.00462055 1.16065e+07 4.84272e+07 2.1902e+07 4.00225e+06 0 3.96223e+07 0 4.84272e+07 3.96223e+07 2.1902e+07 4.00225e+06 0.00981342 0.0042884 0.000332291 0.00695945 0.066366
34 52 2 0.330503 0.344677 0.00180264 0.00369624 1.55504e+07 6.48828e+07 2.93443e+07 5.36221e+06 0 5.30859e+07 0 6.48828e+07 5.30859e+07 2.93443e+07 5.36221e+06 0.00299157 0.00450961 0.00246607 0.00940672 0.0695949
30 53 0 0.327582 0.983784 0.000829682 0.009152 1.57352e+07 6.56538e+07 2.9693e+07 5.42593e+06 0 5.37167e+07 0 6.56538e+07 5.37167e+07 2.9693e+07 5.42593e+06 0.00317678 -0.000783044 -0.0045836 0.00794182 0.0424327
39 53 1 0.0201066 1.02278 -0.000575752 0.00977521 1.72231e+07 7.18617e+07 3.25007e+07 5.93898e+06 0 5.87959e+07 0 7.18617e+07 5.87959e+07 3.25007e+07 5.93898e+06 0.00448915 -0.00465674 -0.00115227 0.00627604 0.0415003
36 53 2 0.183462 0.674606 0.00118772 0.0065888 1.48861e+07 6.21108e+07 2.80907e+07 5.13313e+06 0 5.0818e+07 0 6.21108e+07 5.0818e+07 2.80907e+07 5.13313e+06 0.00362467 -0.0018111 -0.00210347 0.00940552 0.0531646
28 54 0 0.553389 0.677433 0.00279207 0.00698302 1.27615e+07 5.32462e+07 2.40815e+07 4.40052e+06 0 4.35651e+07 0 5.32462e+07 4.35651e+07 2.40815e+07 4.40052e+06 0.00532271 0.00985437 -0.000221689 0.00728781 0.0511865
30 54 1 0.327582 0.983784 0.000829682 0.009152 1.57352e+07 6.56538e+07 2.9693e+07 5.42593e+06 0 5.37167e+07 0 6.56538e+07 5.37167e+07 2.9693e+07 5.42593e+06 0.00317678 -0.000783044 -0.0045836 0.00794182 0.0424327
36 54 2 0.183462 0.674606 0.00118772 0.0065888 1.48861e+07 6.21108e+07 2.80907e+07 5.13313e+06 0 5.0818e+07 0 6.21108e+07 5.0818e+07 2.80907e+07 5.13313e+06 0.00362467 -0.0018111 -0.00210347 0.00940552 0.0531646
23 55 0 0.55298 1.24852 0.00159977 0.0119319 7.08708e+06 2.95702e+07 1.33736e+07 2.44382e+06 0 2.41938e+07 0 2.95702e+07 2.41938e+07 1.33736e+07 2.44382e+06 0.00925603 0.00132927 -0.0037003 0.00995535 0.0363197
15 55 1 0.825634 1.40759 0.00285282 0.0135961 1.36049e+07 5.67652e+07 2.5673e+07 4.69134e+06 0 4.64443e+07 0 5.67652e+07 4.64443e+07 2.5673e+07 4.69134e+06 0.00575435 0.00710183 -0.00385128 0.00809836 0.0343576
22 55 2 0.481926 1.61488 0.000391532 0.0144808 1.57052e+07 6.55286e+07 2.96364e+07 5.41559e+06 0 5.36143e+07 0 6.55286e+07 5.36143e+07 2.96364e+07 5.41559e+06 0.00485159 0.00814734 0.000271674 0.00564385 0.0320295
30 56 0 0.327582 0.983784 0.000829682 0.009152 1.57352e+07 6.56538e+07 2.9693e+07 5.42593e+06 0 5.37167e+07 0 6.56538e+07 5.37167e+07 2.9693e+07 5.42593e+06 0.00317678 -0.000783044 -0.0045836 0.00794182 0.0424327
23 56 1 0.55298 1.24852 0.00159977 0.0119319 7.08708e+06 2.95702e+07 1.33736e+07 2.44382e+06 0 2.41938e+07 0 2.95702e+07 2.41938e+07 1.33736e+07 2.44382e+06 0.00925603 0.00132927 -0.0037003 0.00995535 0.0363197
31 56 2 0.242836 1.3343 -0.000280575 0.0115624 2.07489e+07 8.65729e+07 3.91541e+07 7.15478e+06 0 7.08324e+07 0 8.65729e+07 7.08324e+07 3.91541e+07 7.15478e+06 0.00328192 0.000616126 -0.00133047 0.0057441 0.035177
21 57 0 0.580166 0.958952 0.00262589 0.00931695 7.78949e+06 3.2501e+07 1.46991e+07 2.68603e+06 0 2.65917e+07 0 3.2501e+07 2.65917e+07 1.46991e+07 2.68603e+06 0.00929503 0.00664857 -0.00138945 0.00845181 0.0421925
19 57 1 0.830451 0.999077 0.00394329 0.0108354 2.41371e+07 1.0071e+08 4.55478e+07 8.32313e+06 0 8.2399e+07 0 1.0071e+08 8.2399e+07 4.55478e+07 8.32313e+06 0.00173032 -0.00020815 -0.00260857 0.00441862 0.0404461
23 57 2 0.55298 1.24852 0.00159977 0.0119319 7.08708e+06 2.95702e+07 1.33736e+07 2.44382e+06 0 2.41938e+07 0 2.95702e+07 2.41938e+07 1.33736e+07 2.44382e+06 0.00925603 0.00132927 -0.0037003 0.00995535 0.0363197
28 58 0 0.553389 0.677433 0.00279207 0.00698302 1.27615e+07 5.32462e+07 2.40815e+07 4.40052e+06 0 4.35651e+07 0 5.32462e+07 4.35651e+07 2.40815e+07 4.40052e+06 0.00532271 0.00985437 -0.000221689 0.00728781 0.0511865
21 58 1 0.580166 0.958952 0.00262589 0.00931695 7.78949e+06 3.2501e+07 1.46991e+07 2.68603e+06 0 2.65917e+07 0 3.2501e+07 2.65917e+07 1.46991e+07 2.68603e+06 0.00929503 0.00664857 -0.00138945 0.00845181 0.0421925
30 58 2 0.327582 0.983784 0.000829682 0.009152 1.57352e+07 6.56538e+07 2.9693e+07 5.42593e+06 0 5.37167e+07 0 6.56538e+07 5.37167e+07 2.9693e+07 5.42593e+06 0.00317678 -0.000783044 -0.0045836 0.00794182 0.0424327
34 59 0 0.330503 0.344677 0.00180264 0.00369624 1.55504e+07 6.48828e+07 2.93443e+07 5.36221e+06 0 5.30859e+07 0 6.48828e+07 5.30859e+07 2.93443e+07 5.36221e+06 0.00299157 0.00450961 0.00246607 0.00940672 0.0695949
28 59 1 0.553389 0.677433 0.00279207 0.00698302 1.27615e+07 5.32462e+07 2.40815e+07 4.40052e+06 0 4.35651e+07 0 5.32462e+07 4.35651e+07 2.40815e+07 4.40052e+06 0.00532271 0.00985437 -0.000221689 0.00728781 0.0511865
36 59 2 0.183462 0.674606 0.00118772 0.0065888 1.48861e+07 6.21108e+07 2.80907e+07 5.13313e+06 0 5.0818e+07 0 6.21108e+07 5.0818e+07 2.80907e+07 5.13313e+06 0.00362467 -0.0018111 -0.00210347 0.00940552 0.0531646
26 60 0 0.650845 0.333556 0.00337259 0.00462055 1.16065e+07 4.84272e+07 2.1902e+07 4.00225e+06 0 3.96223e+07 0 4.84272e+07 3.96223e+07 2.1902e+07 4.00225e+06 0.00981342 0.0042884 0.000332291 0.00695945 0.066366
18 60 1 0.930483 0.622498 0.00506297 0.0078693 8.77615e+06 3.66177e+07 1.6561e+07 3.02626e+06 0 2.996e+07 0 3.66177e+07 2.996e+07 1.6561e+07 3.02626e+06 0.00604333 -0.00231721 -0.00443356 0.0121837 0.0494226
28 60 2 0.553389 0.677433 0.00279207 0.00698302 1.27615e+07 5.32462e+07 2.40815e+07 4.40052e+06 0 4.35651e+07 0 5.32462e+07 4.35651e+07 2.40815e+07 4.40052e+06 0.00532271 0.00985437 -0.000221689 0.00728781 0.0511865
19 61 0 0.830451 0.999077 0.00394329 0.0108354 2.41371e+07 1.0071e+08 4.55478e+07 8.32313e+06 0 8.2399e+07 0 1.0071e+08 8.2399e+07 4.55478e+07 8.32313e+06 0.00173032 -0.00020815 -0.00260857 0.00441862 0.0404461
15 61 1 0.825634 1.40759 0.00285282 0.0135961 1.36049e+07 5.67652e+07 2.5673e+07 4.69134e+06 0 4.64443e+07 0 5.67652e+07 4.64443e+07 2.5673e+07 4.69134e+06 0.00575435 0.00710183 -0.00385128 0.00809836 0.0343576
23 61 2 0.55298 1.24852 0.00159977 0.0119319 7.08708e+06 2.95702e+07 1.33736e+07 2.44382e+06 0 2.41938e+07 0 2.95702e+07 2.41938e+07 1.33736e+07 2.44382e+06 0.00925603 0.00132927 -0.0037003 0.00995535 0.0363197
24 62 0 0.0850841 2.09999 -0.00152071 0.0161008 2.35579e+07 9.82931e+07 4.44547e+07 8.1234e+06 0 8.04216e+07 0 9.82931e+07 8.04216e+07 4.44547e+07 8.1234e+06 0.0022594 -0.000336554 0.00153238 0.00477704 0.029533
25 62 1 -0.206111 2.05968 -0.00234384 0.0165725 1.8931e+07 7.8988e+07 3.57236e+07 6.52793e+06 0 6.46265e+07 0 7.8988e+07 6.46265e+07 3.57236e+07 6.52793e+06 0.0024078 -0.00659348 0.00269206 0.00600674 0.0294781
32 62 2 -0.195051 1.75899 -0.00262192 0.0147091 1.73427e+07 7.2361e+07 3.27265e+07 5.98025e+06 0 5.92044e+07 0 7.2361e+07 5.92044e+07 3.27265e+07 5.98025e+06 0.00421437 -0.00143413 -0.000598913 0.00609203 0.0303466
58 63 0 -0.618818 0.333553 -0.00367164 0.00359855 1.43439e+07 5.98486e+07 2.70676e+07 4.94617e+06 0 4.89671e+07 0 5.98486e+07 4.89671e+07 2.70676e+07 4.94617e+06 0.00438532 0.000457533 -0.00461881 0.00473721 0.0670919
52 63 1 -0.428571 3.06491e-24 -2.69143e-27 4.25583e-26 6.8664e+06 2.86495e+07 1.29572e+07 2.36773e+06 0 2.34405e+07 0 2.86495e+07 2.34405e+07 1.29572e+07 2.36773e+06 0.004087 -0.0011625 -0.0125642 0.0164377 0.0958478
51 63 2 -0.306512 0.350858 -0.0014001 0.00457273 7.73858e+06 3.22886e+07 1.46031e+07 2.66848e+06 0 2.64179e+07 0 3.22886e+07 2.64179e+07 1.46031e+07 2.66848e+06 0.00886994 0.00284718 0.00229561 0.0117109 0.0695092
26 64 0 0.650845 0.333556 0.00337259 0.00462055 1.16065e+07 4.84272e+07 2.1902e+07 4.00225e+06 0 3.96223e+07 0 4.84272e+07 3.96223e+07 2.1902e+07 4.00225e+06 0.00981342 0.0042884 0.000332291 0.00695945 0.066366
17 64 1 0.714286 3.04785e-24 3.56817e-27 4.65594e-26 5.63979e+06 2.35315e+07 1.06425e+07 1.94476e+06 0 1.92531e+07 0 2.35315e+07 1.92531e+07 1.06425e+07 1.94476e+06 1.75879e-25 7.35917e-25 0.0280253 0.0204061 0.0898789
16 64 2 0.958341 0.273267 0.00568954 0.00307455 6.78488e+06 2.83093e+07 1.28034e+07 2.33961e+06 0 2.31622e+07 0 2.83093e+07 2.31622e+07 1.28034e+07 2.33961e+06 0.0143014 -0.013111 0.00084296 0.0138055 0.0621433
43 65 0 0.00791445 0.34748 0.000711113 0.00382038 1.20523e+07 5.02871e+07 2.27432e+07 4.15596e+06 0 4.1144e+07 0 5.02871e+07 4.1144e+07 2.27432e+07 4.15596e+06 0.00378966 -0.0051016 -0.000865847 0.0110463 0.0703512
46 65 1 -0.157847 0.696464 -0.00028228 0.0080616 1.18806e+07 4.9571e+07 2.24193e+07 4.09678e+06 0 4.05581e+07 0 4.9571e+07 4.05581e+07 2.24193e+07 4.09678e+06 0.00386532 -0.00583573 -0.00407739 0.0090919 0.052147
51 65 2 -0.306512 0.350858 -0.0014001 0.00457273 7.73858e+06 3.22886e+07 1.46031e+07 2.66848e+06 0 2.64179e+07 0 3.22886e+07 2.64179e+07 1.46031e+07 2.66848e+06 0.00886994 0.00284718 0.00229561 0.0117109 0.0695092
27 66 0 0.428571 3.33831e-24 3.24431e-27 4.81806e-26 7.74096e+06 3.22985e+07 1.46075e+07 2.6693e+06 0 2.64261e+07 0 3.22985e+07 2.64261e+07 1.46075e+07 2.6693e+06 -7.59047e-27 6.51351e-25 0.0133503 0.0178877 0.0958157
34 66 1 0.330503 0.344677 0.00180264 0.00369624 1.55504e+07 6.48828e+07 2.93443e+07 5.36221e+06 0 5.30859e+07 0 6.48828e+07 5.30859e+07 2.93443e+07 5.36221e+06 0.00299157 0.00450961 0.00246607 0.00940672 0.0695949
35 66 2 0.142857 3.02783e-24 2.23357e-27 6.14341e-26 1.93366e+07 8.06803e+07 3.6489e+07 6.66779e+06 0 6.60112e+07 0 8.06803e+07 6.60112e+07 3.6489e+07 6.66779e+06 -7.00434e-05 0.000669112 0.00640332 0.00922145 0.0980801
26 67 0 0.650845 0.333556 0.00337259 0.00462055 1.16065e+07 4.84272e+07 2.1902e+07 4.00225e+06 0 3.96223e+07 0 4.84272e+07 3.96223e+07 2.1902e+07 4.00225e+06 0.00981342 0.0042884 0.000332291 0.00695945 0.066366
16 67 1 0.958341 0.273267 0.00568954 0.00307455 6.78488e+06 2.83093e+07 1.28034e+07 2.33961e+06 0 2.31622e+07 0 2.83093e+07 2.31622e+07 1.28034e+07 2.33961e+06 0.0143014 -0.013111 0.00084296 0.0138055 0.0621433
18 67 2 0.930483 0.622498 0.00506297 0.0078693 8.77615e+06 3.66177e+07 1.6561e+07 3.02626e+06 0 2.996e+07 0 3.66177e+07 2.996e+07 1.6561e+07 3.02626e+06 0.00604333 -0.00231721 -0.00443356 0.0121837 0.0494226
34 68 0 0.330503 0.344677 0.00180264 0.00369624 1.55504e+07 6.48828e+07 2.93443e+07 5.36221e+06 0 5.30859e+07 0 6.48828e+07 5.30859e+07 2.93443e+07 5.36221e+06 0.00299157 0.00450961 0.00246607 0.00940672 0.0695949
26 68 1 0.650845 0.333556 0.00337259 0.00462055 1.16065e+07 4.84272e+07 2.1902e+07 4.00225e+06 0 3.96223e+07 0 4.84272e+07 3.96223e+07 2.1902e+07 4.00225e+06 0.00981342 0.0042884 0.000332291 0.00695945 0.066366
28 68 2 0.553389 0.677433 0.00279207 0.00698302 1.27615e+07 5.32462e+07 2.40815e+07 4.40052e+06 0 4.35651e+07 0 5.32462e+07 4.35651e+07 2.40815e+07 4.40052e+06 0.00532271 0.00985437 -0.000221689 0.00728781 0.0511865
43 69 0 0.00791445 0.34748 0.000711113 0.00382038 1.20523e+07 5.02871e+07 2.27432e+07 4.15596e+06 0 4.1144e+07 0 5.02871e+07 4.1144e+07 2.27432e+07 4.15596e+06 0.00378966 -0.0051016 -0.000865847 0.0110463 0.0703512
34 69 1 0.330503 0.344677 0.00180264 0.00369624 1.55504e+07 6.48828e+07 2.93443e+07 5.36221e+06 0 5.30859e+07 0 6.48828e+07 5.30859e+07 2.93443e+07 5.36221e+06 0.00299157 0.00450961 0.00246607 0.00940672 0.0695949
36 69 2 0.183462 0.674606 0.00118772 0.0065888 1.48861e+07 6.21108e+07 2.80907e+07 5.13313e+06 0 5.0818e+07 0 6.21108e+07 5.0818e+07 2.80907e+07 5.13313e+06 0.00362467 -0.0018111 -0.00210347 0.00940552 0.0531646
43 70 0 0.00791445 0.34748 0.000711113 0.00382038 1.20523e+07 5.02871e+07 2.27432e+07 4.15596e+06 0 4.1144e+07 0 5.02871e+07 4.1144e+07 2.27432e+07 4.15596e+06 0.00378966 -0.0051016 -0.000865847 0.0110463 0.0703512
35 70 1 0.142857 3.02783e-24 2.23357e-27 6.14341e-26 1.93366e+07 8.06803e+07 3.6489e+07 6.66779e+06 0 6.60112e+07 0 8.06803e+07 6.60112e+07 3.6489e+07 6.66779e+06 -7.00434e-05 0.000669112 0.00640332 0.00922145 0.0980801
34 70 2 0.330503 0.344677 0.00180264 0.00369624 1.55504e+07 6.48828e+07 2.93443e+07 5.36221e+06 0 5.30859e+07 0 6.48828e+07 5.30859e+07 2.93443e+07 5.36221e+06 0.00299157 0.00450961 0.00246607 0.00940672 0.0695949
27 71 0 0.428571 3.33831e-24 3.24431e-27 4.81806e-26 7.74096e+06 3.22985e+07 1.46075e+07 2.6693e+06 0 2.64261e+07 0 3.22985e+07 2.64261e+07 1.46075e+07 2.6693e+06 -7.59047e-27 6.51351e-25 0.0133503 0.0178877 0.0958157
17 71 1 0.714286 3.04785e-24 3.56817e-27 4.65594e-26 5.63979e+06 2.35315e+07 1.06425e+07 1.94476e+06 0 1.92531e+07 0 2.35315e+07 1.92531e+07 1.06425e+07 1.94476e+06 1.75879e-25 7.35917e-25 0.0280253 0.0204061 0.0898789
26 71 2 0.650845 0.333556 0.00337259 0.00462055 1.16065e+07 4.84272e+07 2.1902e+07 4.00225e+06 0 3.96223e+07 0 4.84272e+07 3.96223e+07 2.1902e+07 4.00225e+06 0.00981342 0.0042884 0.000332291 0.00695945 0.066366
13 72 0 0.687147 1.94569 0.00119416 0.0170575 2.69315e+07 1.12369e+08 5.0821e+07 9.28673e+06 0 9.19387e+07 0 1.12369e+08 9.19387e+07 5.0821e+07 9.28673e+06 0.0010968 0.00175322 0.000890684 0.00379202 0.031136
14 72 1 0.730407 1.66811 0.00154123 0.015634 1.1135e+07 4.646e+07 2.10123e+07 3.83967e+06 0 3.80127e+07 0 4.646e+07 3.80127e+07 2.10123e+07 3.83967e+06 0.00596156 0.00168702 -0.00230153 0.0090047 0.0321358
5 72 2 0.972198 1.74977 0.00258285 0.017403 1.39474e+07 5.81945e+07 2.63195e+07 4.80946e+06 0 4.76137e+07 0 5.81945e+07 4.76137e+07 2.63195e+07 4.80946e+06 0.00456001 0.00797274 -0.00214461 0.0076957 0.0325013
38 73 0 -0.0656552 1.38279 -0.0014301 0.0122383 1.98097e+07 8.26545e+07 3.73819e+07 6.83095e+06 0 6.76264e+07 0 8.26545e+07 6.76264e+07 3.73819e+07 6.83095e+06 0.00384799 -0.00244136 -0.00207978 0.00526929 0.0341799
47 73 1 -0.326449 1.05806 -0.00217559 0.0110934 1.958e+07 8.16958e+07 3.69483e+07 6.75172e+06 0 6.6842e+07 0 8.16958e+07 6.6842e+07 3.69483e+07 6.75172e+06 0.00318033 -0.00195945 -0.00310945 0.00404229 0.0403214
39 73 2 0.0201066 1.02278 -0.000575752 0.00977521 1.72231e+07 7.18617e+07 3.25007e+07 5.93898e+06 0 5.87959e+07 0 7.18617e+07 5.87959e+07 3.25007e+07 5.93898e+06 0.00448915 -0.00465674 -0.00115227 0.00627604 0.0415003
40 74 0 -0.559168 1.6508 -0.00453789 0.0157465 8.04583e+06 3.35705e+07 1.51828e+07 2.77442e+06 0 2.74668e+07 0 3.35705e+07 2.74668e+07 1.51828e+07 2.77442e+06 0.0101761 -0.00797982 -0.00316437 0.00864442 0.0314663
37 74 1 -0.330519 1.43415 -0.00248991 0.0131237 2.1562e+07 8.99658e+07 4.06886e+07 7.43519e+06 0 7.36084e+07 0 8.99658e+07 7.36084e+07 4.06886e+07 7.43519e+06 0.00194725 -0.00321591 -0.0029467 0.00375235 0.0334432
32 74 2 -0.195051 1.75899 -0.00262192 0.0147091 1.73427e+07 7.2361e+07 3.27265e+07 5.98025e+06 0 5.92044e+07 0 7.2361e+07 5.92044e+07 3.27265e+07 5.98025e+06 0.00421437 -0.00143413 -0.000598913 0.00609203 0.0303466
45 75 0 -0.56793 1.29729 -0.00372943 0.0120139 4.73485e+06 1.97557e+07 8.93487e+06 1.63271e+06 0 1.61638e+07 0 1.97557e+07 1.61638e+07 8.93487e+06 1.63271e+06 0.011313 0.0031424 -0.00194215 0.0125927 0.0353489
47 75 1 -0.326449 1.05806 -0.00217559 0.0110934 1.958e+07 8.16958e+07 3.69483e+07 6.75172e+06 0 6.6842e+07 0 8.16958e+07 6.6842e+07 3.69483e+07 6.75172e+06 0.00318033 -0.00195945 -0.00310945 0.00404229 0.0403214
37 75 2 -0.330519 1.43415 -0.00248991 0.0131237 2.1562e+07 8.99658e+07 4.06886e+07 7.43519e+06 0 7.36084e+07 0 8.99658e+07 7.36084e+07 4.06886e+07 7.43519e+06 0.00194725 -0.00321591 -0.0029467 0.00375235 0.0334432
15 76 0 0.825634 1.40759 0.00285282 0.0135961 1.36049e+07 5.67652e+07 2.5673e+07 4.69134e+06 0 4.64443e+07 0 5.67652e+07 4.64443e+07 2.5673e+07 4.69134e+06 0.00575435 0.00710183 -0.00385128 0.00809836 0.0343576
5 76 1 0.972198 1.74977 0.00258285 0.017403 1.39474e+07 5.81945e+07 2.63195e+07 4.80946e+06 0 4.76137e+07 0 5.81945e+07 4.76137e+07 2.63195e+07 4.80946e+06 0.00456001 0.00797274 -0.00214461 0.0076957 0.0325013
14 76 2 0.730407 1.66811 0.00154123 0.015634 1.1135e+07 4.646e+07 2.10123e+07 3.83967e+06 0 3.80127e+07 0 4.646e+07 3.80127e+07 2.10123e+07 3.83967e+06 0.00596156 0.00168702 -0.00230153 0.0090047 0.0321358
0 77 0 1.53271 0.246674 0.0112206 0.00042913 7.5939e+06 3.16849e+07 1.433e+07 2.61859e+06 0 2.5924e+07 0 3.16849e+07 2.5924e+07 1.433e+07 2.61859e+06 0.00994743 0.0054625 0.00586747 0.0143259 0.0498543
1 77 1 1.55731 0.554482 0.0130967 0.00592945 6.96063e+06 2.90426e+07 1.3135e+07 2.40022e+06 0 2.37622e+07 0 2.90426e+07 2.37622e+07 1.3135e+07 2.40022e+06 0.00535091 0.011435 0.0202991 0.0210822 0.0460268
9 77 2 1.24057 0.413201 0.00874127 0.00127762 7.48111e+06 3.12143e+07 1.41172e+07 2.57969e+06 0 2.5539e+07 0 3.12143e+07 2.5539e+07 1.41172e+07 2.57969e+06 0.00782394 0.00438868 -0.0044677 0.0131467 0.0507851
10 78 0 1.27777 0.67954 0.0100739 0.00687665 764474 3.1897e+06 1.4426e+06 263612 0 2.60975e+06 0 3.1897e+06 2.60975e+06 1.4426e+06 263612 0.026557 0.00687487 -0.00677926 0.0373521 0.0449513
1 78 1 1.55731 0.554482 0.0130967 0.00592945 6.96063e+06 2.90426e+07 1.3135e+07 2.40022e+06 0 2.37622e+07 0 2.90426e+07 2.37622e+07 1.3135e+07 2.40022e+06 0.00535091 0.011435 0.0202991 0.0210822 0.0460268
4 78 2 1.54888 0.863156 0.0107593 0.0108348 1.08245e+07 4.51643e+07 2.04263e+07 3.73259e+06 0 3.69526e+07 0 4.51643e+07 3.69526e+07 2.04263e+07 3.73259e+06 0.00168347 -0.00959748 -0.0274539 0.00978108 0.0419306
18 79 0 0.930483 0.622498 0.00506297 0.0078693 8.77615e+06 3.66177e+07 1.6561e+07 3.02626e+06 0 2.996e+07 0 3.66177e+07 2.996e+07 1.6561e+07 3.02626e+06 0.00604333 -0.00231721 -0.00443356 0.0121837 0.0494226
10 79 1 1.27777 0.67954 0.0100739 0.00687665 764474 3.1897e+06 1.4426e+06 263612 0 2.60975e+06 0 3.1897e+06 2.60975e+06 1.4426e+06 263612 0.026557 0.00687487 -0.00677926 0.0373521 0.0449513
12 79 2 1.1674 0.917828 0.00631664 0.0116897 5.12988e+06 2.1404e+07 9.68032e+06 1.76892e+06 0 1.75124e+07 0 2.1404e+07 1.75124e+07 9.68032e+06 1.76892e+06 0.012124 0.00846814 -0.00253579 0.0110735 0.0411669
9 80 0 1.24057 0.413201 0.00874127 0.00127762 7.48111e+06 3.12143e+07 1.41172e+07 2.57969e+06 0 2.5539e+07 0 3.12143e+07 2.5539e+07 1.41172e+07 2.57969e+06 0.00782394 0.00438868 -0.0044677 0.0131467 0.0507851
1 80 1 1.55731 0.554482 0.0130967 0.00592945 6.96063e+06 2.90426e+07 1.3135e+07 2.40022e+06 0 2.37622e+07 0 2.90426e+07 2.37622e+07 1.3135e+07 2.40022e+06 0.00535091 0.011435 0.0202991 0.0210822 0.0460268
10 80 2 1.27777 0.67954 0.0100739 0.00687665 764474 3.1897e+06 1.4426e+06 263612 0 2.60975e+06 0 3.1897e+06 2.60975e+06 1.4426e+06 263612 0.026557 0.00687487 -0.00677926 0.0373521 0.0449513
18 81 0 0.930483 0.622498 0.00506297 0.0078693 8.77615e+06 3.66177e+07 1.6561e+07 3.02626e+06 0 2.996e+07 0 3.66177e+07 2.996e+07 1.6561e+07 3.02626e+06 0.00604333 -0.00231721 -0.00443356 0.0121837 0.0494226
9 81 1 1.24057 0.413201 0.00874127 0.00127762 7.48111e+06 3.12143e+07 1.41172e+07 2.57969e+06 0 2.5539e+07 0 3.12143e+07 2.5539e+07 1.41172e+07 2.57969e+06 0.00782394 0.00438868 -0.0044677 0.0131467 0.0507851
10 81 2 1.27777 0.67954 0.0100739 0.00687665 764474 3.1897e+06 1.4426e+06 263612 0 2.60975e+06 0 3.1897e+06 2.60975e+06 1.4426e+06 263612 0.026557 0.00687487 -0.00677926 0.0373521 0.0449513
16 82 0 0.958341 0.273267 0.00568954 0.00307455 6.78488e+06 2.83093e+07 1.28034e+07 2.33961e+06 0 2.31622e+07 0 2.83093e+07 2.31622e+07 1.28034e+07 2.33961e+06 0.0143014 -0.013111 0.00084296 0.0138055 0.0621433
7 82 1 1.27284 0.109336 0.00661352 -0.00311086 6.77068e+06 2.82501e+07 1.27766e+07 2.33472e+06 0 2.31137e+07 0 2.82501e+07 2.31137e+07 1.27766e+07 2.33472e+06 0.0115583 0.0053471 0.0205308 0.0167717 0.0558414
9 82 2 1.24057 0.413201 0.00874127 0.00127762 7.48111e+06 3.12143e+07 1.41172e+07 2.57969e+06 0 2.5539e+07 0 3.12143e+07 2.5539e+07 1.41172e+07 2.57969e+06 0.00782394 0.00438868 -0.0044677 0.0131467 0.0507851
12 83 0 1.1674 0.917828 0.00631664 0.0116897 5.12988e+06 2.1404e+07 9.68032e+06 1.76892e+06 0 1.75124e+07 0 2.1404e+07 1.75124e+07 9.68032e+06 1.76892e+06 0.012124 0.00846814 -0.00253579 0.0110735 0.0411669
4 83 1 1.54888 0.863156 0.0107593 0.0108348 1.08245e+07 4.51643e+07 2.04263e+07 3.73259e+06 0 3.69526e+07 0 4.51643e+07 3.69526e+07 2.04263e+07 3.73259e+06 0.00168347 -0.00959748 -0.0274539 0.00978108 0.0419306
3 83 2 1.42715 1.12114 0.00792771 0.0144784 1.22631e+07 5.11667e+07 2.3141e+07 4.22865e+06 0 4.18636e+07 0 5.11667e+07 4.18636e+07 2.3141e+07 4.22865e+06 0.00433085 -0.00459297 -0.00733389 0.0102767 0.0388064
18 84 0 0.930483 0.622498 0.00506297 0.0078693 8.77615e+06 3.66177e+07 1.6561e+07 3.02626e+06 0 2.996e+07 0 3.66177e+07 2.996e+07 1.6561e+07 3.02626e+06 0.00604333 -0.00231721 -0.00443356 0.0121837 0.0494226
12 84 1 1.1674 0.917828 0.00631664 0.0116897 5.12988e+06 2.1404e+07 9.68032e+06 1.76892e+06 0 1.75124e+07 0 2.1404e+07 1.75124e+07 9.68032e+06 1.76892e+06 0.012124 0.00846814 -0.00253579 0.0110735 0.0411669
19 84 2 0.830451 0.999077 0.00394329 0.0108354 2.41371e+07 1.0071e+08 4.55478e+07 8.32313e+06 0 8.2399e+07 0 1.0071e+08 8.2399e+07 4.55478e+07 8.32313e+06 0.00173032 -0.00020815 -0.00260857 0.00441862 0.0404461
21 85 0 0.580166 0.958952 0.00262589 0.00931695 7.78949e+06 3.2501e+07 1.46991e+07 2.68603e+06 0 2.65917e+07 0 3.2501e+07 2.65917e+07 1.46991e+07 2.68603e+06 0.00929503 0.00664857 -0.00138945 0.00845181 0.0421925
28 85 1 0.553389 0.677433 0.00279207 0.00698302 1.27615e+07 5.32462e+07 2.40815e+07 4.40052e+06 0 4.35651e+07 0 5.32462e+07 4.35651e+07 2.40815e+07 4.40052e+06 0.00532271 0.00985437 -0.000221689 0.00728781 0.0511865
19 85 2 0.830451 0.999077 0.00394329 0.0108354 2.41371e+07 1.0071e+08 4.55478e+07 8.32313e+06 0 8.2399e+07 0 1.0071e+08 8.2399e+07 4.55478e+07 8.32313e+06 0.00173032 -0.00020815 -0.00260857 0.00441862 0.0404461
16 86 0 0.958341 0.273267 0.00568954 0.00307455 6.78488e+06 2.83093e+07 1.28034e+07 2.33961e+06 0 2.31622e+07 0 2.83093e+07 2.31622e+07 1.28034e+07 2.33961e+06 0.0143014 -0.013111 0.00084296 0.0138055 0.0621433
9 86 1 1.24057 0.413201 0.00874127 0.00127762 7.48111e+06 3.12143e+07 1.41172e+07 2.57969e+06 0 2.5539e+07 0 3.12143e+07 2.5539e+07 1.41172e+07 2.57969e+06 0.00782394 0.00438868 -0.0044677 0.0131467 0.0507851
18 86 2 0.930483 0.622498 0.00506297 0.0078693 8.77615e+06 3.66177e+07 1.6561e+07 3.02626e+06 0 2.996e+07 0 3.66177e+07 2.996e+07 1.6561e+07 3.02626e+06 0.00604333 -0.00231721 -0.00443356 0.0121837 0.0494226
10 87 0 1.27777 0.67954 0.0100739 0.00687665 764474 3.1897e+06 1.4426e+06 263612 0 2.60975e+06 0 3.1897e+06 2.60975e+06 1.4426e+06 263612 0.026557 0.00687487 -0.00677926 0.0373521 0.0449513
4 87 1 1.54888 0.863156 0.0107593 0.0108348 1.08245e+07 4.51643e+07 2.04263e+07 3.73259e+06 0 3.69526e+07 0 4.51643e+07 3.69526e+07 2.04263e+07 3.73259e+06 0.00168347 -0.00959748 -0.0274539 0.00978108 0.0419306
12 87 2 1.1674 0.917828 0.00631664 0.0116897 5.12988e+06 2.1404e+07 9.68032e+06 1.76892e+06 0 1.75124e+07 0 2.1404e+07 1.75124e+07 9.68032e+06 1.76892e+06 0.012124 0.00846814 -0.00253579 0.0110735 0.0411669
12 88 0 1.1674 0.917828 0.00631664 0.0116897 5.12988e+06 2.1404e+07 9.68032e+06 1.76892e+06 0 1.75124e+07 0 2.1404e+07 1.75124e+07 9.68032e+06 1.76892e+06 0.012124 0.00846814 -0.00253579 0.0110735 0.0411669
3 88 1 1.42715 1.12114 0.00792771 0.0144784 1.22631e+07 5.11667e+07 2.3141e+07 4.22865e+06 0 4.18636e+07 0 5.11667e+07 4.18636e+07 2.3141e+07 4.22865e+06 0.00433085 -0.00459297 -0.00733389 0.0102767 0.0388064
11 88 2 1.08678 1.21776 0.00490064 0.0141551 6.83425e+06 2.85153e+07 1.28965e+07 2.35664e+06 0 2.33307e+07 0 2.85153e+07 2.33307e+07 1.28965e+07 2.35664e+06 0.0106286 0.012291 -0.00262644 0.0101489 0.0368646
16 89 0 0.958341 0.273267 0.00568954 0.00307455 6.78488e+06 2.83093e+07 1.28034e+07 2.33961e+06 0 2.31622e+07 0 2.83093e+07 2.31622e+07 1.28034e+07 2.33961e+06 0.0143014 -0.013111 0.00084296 0.0138055 0.0621433
8 89 1 1 2.09e-24 7.93541e-27 3.76408e-26 1.43963e+07 6.00673e+07 2.71664e+07 4.96424e+06 0 4.9146e+07 0 6.00673e+07 4.9146e+07 2.71664e+07 4.96424e+06 9.27297e-26 -7.07481e-25 0.0429782 0.0066979 0.074374
7 89 2 1.27284 0.109336 0.00661352 -0.00311086 6.77068e+06 2.82501e+07 1.27766e+07 2.33472e+06 0 2.31137e+07 0 2.82501e+07 2.31137e+07 1.27766e+07 2.33472e+06 0.0115583 0.0053471 0.0205308 0.0167717 0.0558414
0 90 0 1.53271 0.246674 0.0112206 0.00042913 7.5939e+06 3.16849e+07 1.433e+07 2.61859e+06 0 2.5924e+07 0 3.16849e+07 2.5924e+07 1.433e+07 2.61859e+06 0.00994743 0.0054625 0.00586747 0.0143259 0.0498543
9 90 1 1.24057 0.413201 0.00874127 0.00127762 7.48111e+06 3.12143e+07 1.41172e+07 2.57969e+06 0 2.5539e+07 0 3.12143e+07 2.5539e+07 1.41172e+07 2.57969e+06 0.00782394 0.00438868 -0.0044677 0.0131467 0.0507851
7 90 2 1.27284 0.109336 0.00661352 -0.00311086 6.77068e+06 2.82501e+07 1.27766e+07 2.33472e+06 0 2.31137e+07 0 2.82501e+07 2.31137e+07 1.27766e+07 2.33472e+06 0.0115583 0.0053471 0.0205308 0.0167717 0.0558414
18 91 0 0.930483 0.622498 0.00506297 0.0078693 8.77615e+06 3.66177e+07 1.6561e+07 3.02626e+06 0 2.996e+07 0 3.66177e+07 2.996e+07 1.6561e+07 3.02626e+06 0.00604333 -0.00231721 -0.00443356 0.0121837 0.0494226
19 91 1 0.830451 0.999077 0.00394329 0.0108354 2.41371e+07 1.0071e+08 4.55478e+07 8.32313e+06 0 8.2399e+07 0 1.0071e+08 8.2399e+07 4.55478e+07 8.32313e+06 0.00173032 -0.00020815 -0.00260857 0.00441862 0.0404461
28 91 2 0.553389 0.677433 0.00279207 0.00698302 1.27615e+07 5.32462e+07 2.40815e+07 4.40052e+06 0 4.35651e+07 0 5.32462e+07 4.35651e+07 2.40815e+07 4.40052e+06 0.00532271 0.00985437 -0.000221689 0.00728781 0.0511865
6 92 0 1.13741 1.56342 0.00391931 0.0176005 1.41865e+07 5.91921e+07 2.67706e+07 4.89191e+06 0 4.84299e+07 0 5.91921e+07 4.84299e+07 2.67706e+07 4.89191e+06 0.00491225 0.0110254 -0.00380155 0.00702793 0.0340833
15 92 1 0.825634 1.40759 0.00285282 0.0135961 1.36049e+07 5.67652e+07 2.5673e+07 4.69134e+06 0 4.64443e+07 0 5.67652e+07 4.64443e+07 2.5673e+07 4.69134e+06 0.00575435 0.00710183 -0.00385128 0.00809836 0.0343576
11 92 2 1.08678 1.21776 0.00490064 0.0141551 6.83425e+06 2.85153e+07 1.28965e+07 2.35664e+06 0 2.33307e+07 0 2.85153e+07 2.33307e+07 1.28965e+07 2.35664e+06 0.0106286 0.012291 -0.00262644 0.0101489 0.0368646
11 93 0 1.08678 1.21776 0.00490064 0.0141551 6.83425e+06 2.85153e+07 1.28965e+07 2.35664e+06 0 2.33307e+07 0 2.85153e+07 2.33307e+07 1.28965e+07 2.35664e+06 0.0106286 0.012291 -0.00262644 0.0101489 0.0368646
19 93 1 0.830451 0.999077 0.00394329 0.0108354 2.41371e+07 1.0071e+08 4.55478e+07 8.32313e+06 0 8.2399e+07 0 1.0071e+08 8.2399e+07 4.55478e+07 8.32313e+06 0.00173032 -0.00020815 -0.00260857 0.00441862 0.0404461
12 93 2 1.1674 0.917828 0.00631664 0.0116897 5.12988e+06 2.1404e+07 9.68032e+06 1.76892e+06 0 1.75124e+07 0 2.1404e+07 1.75124e+07 9.68032e+06 1.76892e+06 0.012124 0.00846814 -0.00253579 0.0110735 0.0411669
6 94 0 1.13741 1.56342 0.00391931 0.0176005 1.41865e+07 5.91921e+07 2.67706e+07 4.89191e+06 0 4.84299e+07 0 5.91921e+07 4.84299e+07 2.67706e+07 4.89191e+06 0.00491225 0.0110254 -0.00380155 0.00702793 0.0340833
11 94 1 1.08678 1.21776 0.00490064 0.0141551 6.83425e+06 2.85153e+07 1.28965e+07 2.35664e+06 0 2.33307e+07 0 2.85153e+07 2.33307e+07 1.28965e+07 2.35664e+06 0.0106286 0.012291 -0.00262644 0.0101489 0.0368646
2 94 2 1.3043 1.37858 0.00574172 0.0167398 1.86223e+07 7.76999e+07 3.51411e+07 6.42148e+06 0 6.35727e+07 0 7.76999e+07 6.35727e+07 3.51411e+07 6.42148e+06 0.00343898 0.000148383 -0.00594038 0.00517053 0.0359815
15 95 0 0.825634 1.40759 0.00285282 0.0135961 1.36049e+07 5.67652e+07 2.5673e+07 4.69134e+06 0 4.64443e+07 0 5.67652e+07 4.64443e+07 2.5673e+07 4.69134e+06 0.00575435 0.00710183 -0.00385128 0.00809836 0.0343576
19 95 1 0.830451 0.999077 0.00394329 0.0108354 2.41371e+07 1.0071e+08 4.55478e+07 8.32313e+06 0 8.2399e+07 0 1.0071e+08 8.2399e+07 4.55478e+07 8.32313e+06 0.00173032 -0.00020815 -0.00260857 0.00441862 0.0404461
11 95 2 1.08678 1.21776 0.00490064 0.0141551 6.83425e+06 2.85153e+07 1.28965e+07 2.35664e+06 0 2.33307e+07 0 2.85153e+07 2.33307e+07 1.28965e+07 2.35664e+06 0.0106286 0.012291 -0.00262644 0.0101489 0.0368646
31 96 0 0.242836 1.3343 -0.000280575 0.0115624 2.07489e+07 8.65729e+07 3.91541e+07 7.15478e+06 0 7.08324e+07 0 8.65729e+07 7.08324e+07 3.91541e+07 7.15478e+06 0.00328192 0.000616126 -0.00133047 0.0057441 0.035177
29 96 1 0.149366 1.70546 -0.00117234 0.0138665 1.71747e+07 7.16599e+07 3.24094e+07 5.92231e+06 0 5.86309e+07 0 7.16599e+07 5.86309e+07 3.24094e+07 5.92231e+06 0.00387417 -0.00166068 -0.00242713 0.00546402 0.0309409
38 96 2 -0.0656552 1.38279 -0.0014301 0.0122383 1.98097e+07 8.26545e+07 3.73819e+07 6.83095e+06 0 6.76264e+07 0 8.26545e+07 6.76264e+07 3.73819e+07 6.83095e+06 0.00384799 -0.00244136 -0.00207978 0.00526929 0.0341799
20 97 0 0.381016 2.00294 -0.000112214 0.0176919 5.33943e+06 2.22783e+07 1.00757e+07 1.84118e+06 0 1.82277e+07 0 2.22783e+07 1.82277e+07 1.00757e+07 1.84118e+06 0.00767749 -0.00289352 0.000390094 0.0122712 0.0301603
29 97 1 0.149366 1.70546 -0.00117234 0.0138665 1.71747e+07 7.16599e+07 3.24094e+07 5.92231e+06 0 5.86309e+07 0 7.16599e+07 5.86309e+07 3.24094e+07 5.92231e+06 0.00387417 -0.00166068 -0.00242713 0.00546402 0.0309409
22 97 2 0.481926 1.61488 0.000391532 0.0144808 1.57052e+07 6.55286e+07 2.96364e+07 5.41559e+06 0 5.36143e+07 0 6.55286e+07 5.36143e+07 2.96364e+07 5.41559e+06 0.00485159 0.00814734 0.000271674 0.00564385 0.0320295
32 98 0 -0.195051 1.75899 -0.00262192 0.0147091 1.73427e+07 7.2361e+07 3.27265e+07 5.98025e+06 0 5.92044e+07 0 7.2361e+07 5.92044e+07 3.27265e+07 5.98025e+06 0.00421437 -0.00143413 -0.000598913 0.00609203 0.0303466
37 98 1 -0.330519 1.43415 -0.00248991 0.0131237 2.1562e+07 8.99658e+07 4.06886e+07 7.43519e+06 0 7.36084e+07 0 8.99658e+07 7.36084e+07 4.06886e+07 7.43519e+06 0.00194725 -0.00321591 -0.0029467 0.00375235 0.0334432
38 98 2 -0.0656552 1.38279 -0.0014301 0.0122383 1.98097e+07 8.26545e+07 3.73819e+07 6.83095e+06 0 6.76264e+07 0 8.26545e+07 6.76264e+07 3.73819e+07 6.83095e+06 0.00384799 -0.00244136 -0.00207978 0.00526929 0.0341799
33 99 0 -0.495832 2.00987 -0.0039331 0.0192971 8.20538e+06 3.42362e+07 1.54839e+07 2.82944e+06 0 2.80115e+07 0 3.42362e+07 2.80115e+07 1.54839e+07 2.82944e+06 0.00740028 -0.0150839 0.00407116 0.0106797 0.0299587
32 99 1 -0.195051 1.75899 -0.00262192 0.0147091 1.73427e+07 7.2361e+07 3.27265e+07 5.98025e+06 0 5.92044e+07 0 7.2361e+07 5.92044e+07 3.27265e+07 5.98025e+06 0.00421437 -0.00143413 -0.000598913 0.00609203 0.0303466
25 99 2 -0.206111 2.05968 -0.00234384 0.0165725 1.8931e+07 7.8988e+07 3.57236e+07 6.52793e+06 0 6.46265e+07 0 7.8988e+07 6.46265e+07 3.57236e+07 6.52793e+06 0.0024078 -0.00659348 0.00269206 0.00600674 0.0294781
40 100 0 -0.559168 1.6508 -0.00453789 0.0157465 8.04583e+06 3.35705e+07 1.51828e+07 2.77442e+06 0 2.74668e+07 0 3.35705e+07 2.74668e+07 1.51828e+07 2.77442e+06 0.0101761 -0.00797982 -0.00316437 0.00864442 0.0314663
45 100 1 -0.56793 1.29729 -0.00372943 0.0120139 4.73485e+06 1.97557e+07 8.93487e+06 1.63271e+06 0 1.61638e+07 0 1.97557e+07 1.61638e+07 8.93487e+06 1.63271e+06 0.011313 0.0031424 -0.00194215 0.0125927 0.0353489
37 100 2 -0.330519 1.43415 -0.00248991 0.0131237 2.1562e+07 8.99658e+07 4.06886e+07 7.43519e+06 0 7.36084e+07 0 8.99658e+07 7.36084e+07 4.06886e+07 7.43519e+06 0.00194725 -0.00321591 -0.0029467 0.00375235 0.0334432
11 101 0 1.08678 1.21776 0.00490064 0.0141551 6.83425e+06 2.85153e+07 1.28965e+07 2.35664e+06 0 2.33307e+07 0 2.85153e+07 2.33307e+07 1.28965e+07 2.35664e+06 0.0106286 0.012291 -0.00262644 0.0101489 0.0368646
3 101 1 1.42715 1.12114 0.00792771 0.0144784 1.22631e+07 5.11667e+07 2.3141e+07 4.22865e+06 0 4.18636e+07 0 5.11667e+07 4.18636e+07 2.3141e+07 4.22865e+06 0.00433085 -0.00459297 -0.00733389 0.0102767 0.0388064
2 101 2 1.3043 1.37858 0.00574172 0.0167398 1.86223e+07 7.76999e+07 3.51411e+07 6.42148e+06 0 6.35727e+07 0 7.76999e+07 6.35727e+07 3.51411e+07 6.42148e+06 0.00343898 0.000148383 -0.00594038 0.00517053 0.0359815
46 102 0 -0.157847 0.696464 -0.00028228 0.0080616 1.18806e+07 4.9571e+07 2.24193e+07 4.09678e+06 0 4.05581e+07 0 4.9571e+07 4.05581e+07 2.24193e+07 4.09678e+06 0.00386532 -0.00583573 -0.00407739 0.0090919 0.052147
47 102 1 -0.326449 1.05806 -0.00217559 0.0110934 1.958e+07 8.16958e+07 3.69483e+07 6.75172e+06 0 6.6842e+07 0 8.16958e+07 6.6842e+07 3.69483e+07 6.75172e+06 0.00318033 -0.00195945 -0.00310945 0.00404229 0.0403214
54 102 2 -0.500634 0.690015 -0.00338892 0.00744572 3.35303e+06 1.39902e+07 6.32733e+06 1.15622e+06 0 1.14466e+07 0 1.39902e+07 1.14466e+07 6.32733e+06 1.15622e+06 0.0143103 0.00902413 0.00142501 0.0124361 0.0511711
17 103 0 0.714286 3.04785e-24 3.56817e-27 4.65594e-26 5.63979e+06 2.35315e+07 1.06425e+07 1.94476e+06 0 1.92531e+07 0 2.35315e+07 1.92531e+07 1.06425e+07 1.94476e+06 1.75879e-25 7.35917e-25 0.0280253 0.0204061 0.0898789
8 103 1 1 2.09e-24 7.93541e-27 3.76408e-26 1.43963e+07 6.00673e+07 2.71664e+07 4.96424e+06 0 4.9146e+07 0 6.00673e+07 4.9146e+07 2.71664e+07 4.96424e+06 9.27297e-26 -7.07481e-25 0.0429782 0.0066979 0.074374
16 103 2 0.958341 0.273267 0.00568954 0.00307455 6.78488e+06 2.83093e+07 1.28034e+07 2.33961e+06 0 2.31622e+07 0 2.83093e+07 2.31622e+07 1.28034e+07 2.33961e+06 0.0143014 -0.013111 0.00084296 0.0138055 0.0621433
5 104 0 0.972198 1.74977 0.00258285 0.017403 1.39474e+07 5.81945e+07 2.63195e+07 4.80946e+06 0 4.76137e+07 0 5.81945e+07 4.76137e+07 2.63195e+07 4.80946e+06 0.00456001 0.00797274 -0.00214461 0.0076957 0.0325013
15 104 1 0.825634 1.40759 0.00285282 0.0135961 1.36049e+07 5.67652e+07 2.5673e+07 4.69134e+06 0 4.64443e+07 0 5.67652e+07 4.64443e+07 2.5673e+07 4.69134e+06 0.00575435 0.00710183 -0.00385128 0.00809836 0.0343576
6 104 2 1.13741 1.56342 0.00391931 0.0176005 1.41865e+07 5.91921e+07 2.67706e+07 4.89191e+06 0 4.84299e+07 0 5.91921e+07 4.84299e+07 2.67706e+07 4.89191e+06 0.00491225 0.0110254 -0.00380155 0.00702793 0.0340833
22 105 0 0.481926 1.61488 0.000391532 0.0144808 1.57052e+07 6.55286e+07 2.96364e+07 5.41559e+06 0 5.36143e+07 0 6.55286e+07 5.36143e+07 2.96364e+07 5.41559e+06 0.00485159 0.00814734 0.000271674 0.00564385 0.0320295
13 105 1 0.687147 1.94569 0.00119416 0.0170575 2.69315e+07 1.12369e+08 5.0821e+07 9.28673e+06 0 9.19387e+07 0 1.12369e+08 9.19387e+07 5.0821e+07 9.28673e+06 0.0010968 0.00175322 0.000890684 0.00379202 0.031136
20 105 2 0.381016 2.00294 -0.000112214 0.0176919 5.33943e+06 2.22783e+07 1.00757e+07 1.84118e+06 0 1.82277e+07 0 2.22783e+07 1.82277e+07 1.00757e+07 1.84118e+06 0.00767749 -0.00289352 0.000390094 0.0122712 0.0301603
