Index_Vertex nbTriangle nbInTr x y ux uy Elast AR BR IR GR ER FR A1 A2 B12 C3 Defxx Defxy Defyx Defyy Density 
69 0 0 -1.2578 0.785336 -0.00762263 0.00863983 1.22622e+07 5.11628e+07 2.31393e+07 4.22833e+06 0 4.18605e+07 0 5.11628e+07 4.18605e+07 2.31393e+07 4.22833e+06 0.00463537 0.00139401 0.0025402 0.010141 0.037354
73 0 1 -1.19905 1.1077 -0.00664601 0.0112601 1.95195e+07 8.14436e+07 3.68343e+07 6.73088e+06 0 6.66357e+07 0 8.14436e+07 6.66357e+07 3.68343e+07 6.73088e+06 0.00230682 0.00261833 0.00114646 0.00640158 0.0324106
77 0 2 -1.53263 1.0286 -0.00913627 0.013238 5.3125e+06 2.2166e+07 1.00249e+07 1.8319e+06 0 1.81358e+07 0 2.2166e+07 1.81358e+07 1.00249e+07 1.8319e+06 0.0112693 -0.0186116 0.00456712 0.0110341 0.0339015
74 1 0 -1.12051 1.4008 -0.00640136 0.0134248 1.64516e+07 6.8643e+07 3.1045e+07 5.67297e+06 0 5.61624e+07 0 6.8643e+07 5.61624e+07 3.1045e+07 5.67297e+06 0.00241951 0.00132479 -0.00513065 0.00461837 0.0288636
75 1 1 -1.26802 1.61707 -0.00958496 0.0151215 9.10953e+06 3.80087e+07 1.71901e+07 3.14122e+06 0 3.10981e+07 0 3.80087e+07 3.10981e+07 1.71901e+07 3.14122e+06 0.0047174 0.000992095 -0.0194423 0.0126531 0.0275235
80 1 2 -1.41177 1.32798 -0.00762916 0.0138073 1.22012e+07 5.09085e+07 2.30242e+07 4.20731e+06 0 4.16524e+07 0 5.09085e+07 4.16524e+07 2.30242e+07 4.20731e+06 0.00642427 -0.013854 -0.00164172 0.00587504 0.0303385
73 2 0 -1.19905 1.1077 -0.00664601 0.0112601 1.95195e+07 8.14436e+07 3.68343e+07 6.73088e+06 0 6.66357e+07 0 8.14436e+07 6.66357e+07 3.68343e+07 6.73088e+06 0.00230682 0.00261833 0.00114646 0.00640158 0.0324106
74 2 1 -1.12051 1.4008 -0.00640136 0.0134248 1.64516e+07 6.8643e+07 3.1045e+07 5.67297e+06 0 5.61624e+07 0 6.8643e+07 5.61624e+07 3.1045e+07 5.67297e+06 0.00241951 0.00132479 -0.00513065 0.00461837 0.0288636
80 2 2 -1.41177 1.32798 -0.00762916 0.0138073 1.22012e+07 5.09085e+07 2.30242e+07 4.20731e+06 0 4.16524e+07 0 5.09085e+07 4.16524e+07 2.30242e+07 4.20731e+06 0.00642427 -0.013854 -0.00164172 0.00587504 0.0303385
67 3 0 -0.889739 1.2775 -0.00485698 0.0126911 9.03229e+06 3.76865e+07 1.70443e+07 3.11458e+06 0 3.08344e+07 0 3.76865e+07 3.08344e+07 1.70443e+07 3.11458e+06 0.00750368 -0.00053597 0.000461352 0.00949885 0.0303467
68 3 1 -0.901337 1.64151 -0.00595717 0.018392 2.32149e+06 9.6862e+06 4.38075e+06 800513 0 7.92508e+06 0 9.6862e+06 7.92508e+06 4.38075e+06 800513 0.0169528 0.0145222 -0.0088181 0.0222248 0.0264393
74 3 2 -1.12051 1.4008 -0.00640136 0.0134248 1.64516e+07 6.8643e+07 3.1045e+07 5.67297e+06 0 5.61624e+07 0 6.8643e+07 5.61624e+07 3.1045e+07 5.67297e+06 0.00241951 0.00132479 -0.00513065 0.00461837 0.0288636
38 4 0 -0.0231314 0.321646 -0.00086007 0.00446414 1.12565e+07 4.6967e+07 2.12416e+07 3.88157e+06 0 3.84275e+07 0 4.6967e+07 3.84275e+07 2.12416e+07 3.88157e+06 0.0056052 -0.000157189 -7.97469e-05 0.00681856 0.0693246
39 4 1 -0.142857 3.6286e-24 -3.46423e-27 4.57769e-26 5.39003e+06 2.24894e+07 1.01712e+07 1.85863e+06 0 1.84005e+07 0 2.24894e+07 1.84005e+07 1.01712e+07 1.85863e+06 9.24493e-26 -8.46246e-25 -0.0094836 0.0193932 0.094622
30 4 2 0.142857 3.46317e-24 5.03747e-28 5.09884e-26 8.58989e+06 3.58406e+07 1.62095e+07 2.96203e+06 0 2.93241e+07 0 3.58406e+07 2.93241e+07 1.62095e+07 2.96203e+06 1.54765e-18 7.34315e-18 -0.000535827 0.0168949 0.094819
41 5 0 -0.203093 0.620586 -0.00141904 0.00630063 1.66489e+07 6.94662e+07 3.14173e+07 5.74101e+06 0 5.6836e+07 0 6.94662e+07 5.6836e+07 3.14173e+07 5.74101e+06 0.00381819 -0.000410916 0.0015008 0.00765435 0.0517902
38 5 1 -0.0231314 0.321646 -0.00086007 0.00446414 1.12565e+07 4.6967e+07 2.12416e+07 3.88157e+06 0 3.84275e+07 0 4.6967e+07 3.84275e+07 2.12416e+07 3.88157e+06 0.0056052 -0.000157189 -7.97469e-05 0.00681856 0.0693246
31 5 2 0.135158 0.646056 0.00051742 0.00767934 1.35356e+07 5.64762e+07 2.55423e+07 4.66745e+06 0 4.62078e+07 0 5.64762e+07 4.62078e+07 2.55423e+07 4.66745e+06 0.0059432 0.00831018 0.00294132 0.00742808 0.0516169
33 6 0 0.165077 0.972885 0.00204646 0.0104147 1.0629e+07 4.43486e+07 2.00574e+07 3.66518e+06 0 3.62852e+07 0 4.43486e+07 3.62852e+07 2.00574e+07 3.66518e+06 0.00547595 0.00831844 0.00389694 0.00928147 0.0396864
40 6 1 -0.106592 0.949099 -0.000792982 0.00880145 6.70985e+06 2.79963e+07 1.26618e+07 2.31374e+06 0 2.29061e+07 0 2.79963e+07 2.29061e+07 1.26618e+07 2.31374e+06 0.00940643 -0.00119889 -0.00228577 0.0111688 0.0395828
31 6 2 0.135158 0.646056 0.00051742 0.00767934 1.35356e+07 5.64762e+07 2.55423e+07 4.66745e+06 0 4.62078e+07 0 5.64762e+07 4.62078e+07 2.55423e+07 4.66745e+06 0.0059432 0.00831018 0.00294132 0.00742808 0.0516169
58 7 0 -0.693843 0.81969 -0.00386356 0.00857308 8.50626e+06 3.54916e+07 1.60517e+07 2.93319e+06 0 2.90386e+07 0 3.54916e+07 2.90386e+07 1.60517e+07 2.93319e+06 0.00878646 0.000231837 0.000908965 0.0113043 0.0407188
66 7 1 -0.944202 0.943801 -0.00559906 0.0098583 1.12943e+07 4.71247e+07 2.13129e+07 3.8946e+06 0 3.85566e+07 0 4.71247e+07 3.85566e+07 2.13129e+07 3.8946e+06 0.00719937 -0.00318801 0.00158658 0.0080869 0.0359695
61 7 2 -0.92306 0.586522 -0.00570074 0.0070273 1.32936e+07 5.54662e+07 2.50855e+07 4.58399e+06 0 4.53815e+07 0 5.54662e+07 4.53815e+07 2.50855e+07 4.58399e+06 0.00623274 -0.00147278 6.05324e-05 0.00670806 0.0455827
49 8 0 -0.400652 0.904748 -0.00240742 0.00892499 1.7034e+07 7.10727e+07 3.21438e+07 5.87378e+06 0 5.81504e+07 0 7.10727e+07 5.81504e+07 3.21438e+07 5.87378e+06 0.00372665 -0.00400266 -0.00321183 0.00774812 0.0399516
58 8 1 -0.693843 0.81969 -0.00386356 0.00857308 8.50626e+06 3.54916e+07 1.60517e+07 2.93319e+06 0 2.90386e+07 0 3.54916e+07 2.90386e+07 1.60517e+07 2.93319e+06 0.00878646 0.000231837 0.000908965 0.0113043 0.0407188
51 8 2 -0.535764 0.582439 -0.00309804 0.00599866 1.03057e+07 4.29995e+07 1.94472e+07 3.55368e+06 0 3.51814e+07 0 4.29995e+07 3.51814e+07 1.94472e+07 3.55368e+06 0.0069586 -0.000376491 0.00312858 0.0103013 0.0508637
49 9 0 -0.400652 0.904748 -0.00240742 0.00892499 1.7034e+07 7.10727e+07 3.21438e+07 5.87378e+06 0 5.81504e+07 0 7.10727e+07 5.81504e+07 3.21438e+07 5.87378e+06 0.00372665 -0.00400266 -0.00321183 0.00774812 0.0399516
59 9 1 -0.629515 1.12622 -0.00335818 0.0112035 1.44666e+07 6.03605e+07 2.72991e+07 4.98847e+06 0 4.93859e+07 0 6.03605e+07 4.93859e+07 2.72991e+07 4.98847e+06 0.00451921 -0.000630717 0.00187802 0.0076102 0.0334695
58 9 2 -0.693843 0.81969 -0.00386356 0.00857308 8.50626e+06 3.54916e+07 1.60517e+07 2.93319e+06 0 2.90386e+07 0 3.54916e+07 2.90386e+07 1.60517e+07 2.93319e+06 0.00878646 0.000231837 0.000908965 0.0113043 0.0407188
47 10 0 -0.331914 0.306617 -0.00204224 0.00357547 1.73747e+07 7.24945e+07 3.27869e+07 5.99128e+06 0 5.93137e+07 0 7.24945e+07 5.93137e+07 3.27869e+07 5.99128e+06 0.00188812 0.00361968 -0.00191698 0.00892768 0.0684744
39 10 1 -0.142857 3.6286e-24 -3.46423e-27 4.57769e-26 5.39003e+06 2.24894e+07 1.01712e+07 1.85863e+06 0 1.84005e+07 0 2.24894e+07 1.84005e+07 1.01712e+07 1.85863e+06 9.24493e-26 -8.46246e-25 -0.0094836 0.0193932 0.094622
38 10 2 -0.0231314 0.321646 -0.00086007 0.00446414 1.12565e+07 4.6967e+07 2.12416e+07 3.88157e+06 0 3.84275e+07 0 4.6967e+07 3.84275e+07 2.12416e+07 3.88157e+06 0.0056052 -0.000157189 -7.97469e-05 0.00681856 0.0693246
68 11 0 -0.901337 1.64151 -0.00595717 0.018392 2.32149e+06 9.6862e+06 4.38075e+06 800513 0 7.92508e+06 0 9.6862e+06 7.92508e+06 4.38075e+06 800513 0.0169528 0.0145222 -0.0088181 0.0222248 0.0264393
62 11 1 -0.609402 1.8498 -0.00403025 0.0192616 3.85225e+06 1.60732e+07 7.26936e+06 1.32836e+06 0 1.31508e+07 0 1.60732e+07 1.31508e+07 7.26936e+06 1.32836e+06 0.00908062 -0.0185298 -0.0145142 0.0218458 0.0248492
63 11 2 -0.920538 2.03549 -0.00708423 0.0226683 2.44224e+07 1.019e+08 4.60862e+07 8.42152e+06 0 8.33731e+07 0 1.019e+08 8.33731e+07 4.60862e+07 8.42152e+06 -0.00149198 -0.0110231 -0.000236903 -0.00209231 0.0246249
75 12 0 -1.26802 1.61707 -0.00958496 0.0151215 9.10953e+06 3.80087e+07 1.71901e+07 3.14122e+06 0 3.10981e+07 0 3.80087e+07 3.10981e+07 1.71901e+07 3.14122e+06 0.0047174 0.000992095 -0.0194423 0.0126531 0.0275235
68 12 1 -0.901337 1.64151 -0.00595717 0.018392 2.32149e+06 9.6862e+06 4.38075e+06 800513 0 7.92508e+06 0 9.6862e+06 7.92508e+06 4.38075e+06 800513 0.0169528 0.0145222 -0.0088181 0.0222248 0.0264393
71 12 2 -1.09548 1.82728 -0.00893306 0.021384 2.68718e+06 1.1212e+07 5.07083e+06 926614 0 9.17348e+06 0 1.1212e+07 9.17348e+06 5.07083e+06 926614 0.0169942 0.00714569 0.00497109 0.017687 0.0257807
38 13 0 -0.0231314 0.321646 -0.00086007 0.00446414 1.12565e+07 4.6967e+07 2.12416e+07 3.88157e+06 0 3.84275e+07 0 4.6967e+07 3.84275e+07 2.12416e+07 3.88157e+06 0.0056052 -0.000157189 -7.97469e-05 0.00681856 0.0693246
30 13 1 0.142857 3.46317e-24 5.03747e-28 5.09884e-26 8.58989e+06 3.58406e+07 1.62095e+07 2.96203e+06 0 2.93241e+07 0 3.58406e+07 2.93241e+07 1.62095e+07 2.96203e+06 1.54765e-18 7.34315e-18 -0.000535827 0.0168949 0.094819
29 13 2 0.267534 0.307577 0.000885679 0.00513627 7.20021e+06 3.00423e+07 1.35871e+07 2.48283e+06 0 2.458e+07 0 3.00423e+07 2.458e+07 1.35871e+07 2.48283e+06 0.0109539 0.010124 0.0018547 0.0123995 0.0693241
34 14 0 0.52178 1.81306 0.00667216 0.0168673 7.70623e+06 3.21536e+07 1.4542e+07 2.65732e+06 0 2.63075e+07 0 3.21536e+07 2.63075e+07 1.4542e+07 2.65732e+06 0.00678332 -0.00405942 0.00142325 0.0138881 0.025412
25 14 1 0.886326 1.6037 0.00762302 0.0130971 2.31982e+07 9.67925e+07 4.3776e+07 7.99938e+06 0 7.91938e+07 0 9.67925e+07 7.91938e+07 4.3776e+07 7.99938e+06 0.00351462 -0.00436437 0.00575262 0.0032811 0.0271962
27 14 2 0.781864 1.8597 0.0090899 0.0156877 7.75249e+06 3.23466e+07 1.46293e+07 2.67327e+06 0 2.64654e+07 0 3.23466e+07 2.64654e+07 1.46293e+07 2.67327e+06 0.00644112 -0.00635753 0.0146963 0.0142178 0.0254327
3 15 0 1.33524 0.419676 0.00763215 0.00154216 5.60636e+06 2.33921e+07 1.05795e+07 1.93323e+06 0 1.9139e+07 0 2.33921e+07 1.9139e+07 1.05795e+07 1.93323e+06 0.00899563 -0.00735941 -0.00501025 0.0138922 0.0438076
0 15 1 1.62023 0.232515 0.00943043 -9.3298e-05 1.10885e+07 4.6266e+07 2.09246e+07 3.82364e+06 0 3.7854e+07 0 4.6266e+07 3.7854e+07 2.09246e+07 3.82364e+06 0.00701032 0.00732186 0.00783083 0.00972923 0.0430189
1 15 2 1.64886 0.575641 0.00891886 0.00283502 1.78228e+07 7.43643e+07 3.36325e+07 6.14581e+06 0 6.08435e+07 0 7.43643e+07 6.08435e+07 3.36325e+07 6.14581e+06 0.00191361 -0.000311957 -0.00425783 0.00736451 0.0391137
3 16 0 1.33524 0.419676 0.00763215 0.00154216 5.60636e+06 2.33921e+07 1.05795e+07 1.93323e+06 0 1.9139e+07 0 2.33921e+07 1.9139e+07 1.05795e+07 1.93323e+06 0.00899563 -0.00735941 -0.00501025 0.0138922 0.0438076
2 16 1 1.31813 0.094895 0.00531626 -0.00243998 1.22072e+07 5.09334e+07 2.30355e+07 4.20937e+06 0 4.16728e+07 0 5.09334e+07 4.16728e+07 2.30355e+07 4.20937e+06 0.00885107 -0.00406211 0.0228986 0.00722122 0.049253
0 16 2 1.62023 0.232515 0.00943043 -9.3298e-05 1.10885e+07 4.6266e+07 2.09246e+07 3.82364e+06 0 3.7854e+07 0 4.6266e+07 3.7854e+07 2.09246e+07 3.82364e+06 0.00701032 0.00732186 0.00783083 0.00972923 0.0430189
4 17 0 1.38666 0.71626 0.00779288 0.00420133 1.30623e+07 5.45012e+07 2.46491e+07 4.50424e+06 0 4.45919e+07 0 5.45012e+07 4.45919e+07 2.46491e+07 4.50424e+06 0.00777382 -0.00337336 0.00318686 0.00590057 0.0380122
1 17 1 1.64886 0.575641 0.00891886 0.00283502 1.78228e+07 7.43643e+07 3.36325e+07 6.14581e+06 0 6.08435e+07 0 7.43643e+07 6.08435e+07 3.36325e+07 6.14581e+06 0.00191361 -0.000311957 -0.00425783 0.00736451 0.0391137
5 17 2 1.64808 0.919959 0.0106954 0.00527383 1.50853e+07 6.2942e+07 2.84666e+07 5.20182e+06 0 5.1498e+07 0 6.2942e+07 5.1498e+07 2.84666e+07 5.20182e+06 0.000840051 -0.00184816 0.00190882 0.00925273 0.0348579
9 18 0 1.28439 0.983417 0.00791359 0.00785663 2.03041e+06 8.47171e+06 3.83148e+06 700141 0 6.9314e+06 0 8.47171e+06 6.9314e+06 3.83148e+06 700141 0.0105442 -0.0048412 0.00172888 0.0139954 0.0342922
15 18 1 0.970352 1.00318 0.0059175 0.00883554 1.44525e+07 6.03016e+07 2.72724e+07 4.98361e+06 0 4.93377e+07 0 6.03016e+07 4.93377e+07 2.72724e+07 4.98361e+06 0.00363755 -0.0017974 0.00702999 0.0075378 0.0351673
8 18 2 1.06542 0.653526 0.00579389 0.0058364 2.02209e+07 8.437e+07 3.81578e+07 6.97273e+06 0 6.903e+07 0 8.437e+07 6.903e+07 3.81578e+07 6.97273e+06 0.00335763 -0.00878103 0.003542 0.0042111 0.0423344
5 19 0 1.64808 0.919959 0.0106954 0.00527383 1.50853e+07 6.2942e+07 2.84666e+07 5.20182e+06 0 5.1498e+07 0 6.2942e+07 5.1498e+07 2.84666e+07 5.20182e+06 0.000840051 -0.00184816 0.00190882 0.00925273 0.0348579
9 19 1 1.28439 0.983417 0.00791359 0.00785663 2.03041e+06 8.47171e+06 3.83148e+06 700141 0 6.9314e+06 0 8.47171e+06 6.9314e+06 3.83148e+06 700141 0.0105442 -0.0048412 0.00172888 0.0139954 0.0342922
4 19 2 1.38666 0.71626 0.00779288 0.00420133 1.30623e+07 5.45012e+07 2.46491e+07 4.50424e+06 0 4.45919e+07 0 5.45012e+07 4.45919e+07 2.46491e+07 4.50424e+06 0.00777382 -0.00337336 0.00318686 0.00590057 0.0380122
10 20 0 1.52803 1.21093 0.00932682 0.00879238 1.18617e+07 4.9492e+07 2.23836e+07 4.09025e+06 0 4.04935e+07 0 4.9492e+07 4.04935e+07 2.23836e+07 4.09025e+06 0.00646154 -0.0109021 -0.00830333 0.00967142 0.0318132
11 20 1 1.4029 1.49976 0.00921986 0.0110826 1.79996e+07 7.51016e+07 3.3966e+07 6.20675e+06 0 6.14468e+07 0 7.51016e+07 6.14468e+07 3.3966e+07 6.20675e+06 0.0032437 -0.00215295 0.0109779 0.00523379 0.0291056
16 20 2 1.16331 1.32494 0.00767053 0.0105002 3.31091e+07 1.38145e+08 6.24784e+07 1.14169e+07 0 1.13028e+08 0 1.38145e+08 1.13028e+08 6.24784e+07 1.14169e+07 0.00199658 -0.00146754 1.55733e-05 0.00282828 0.0300366
6 21 0 1.02866 0.278603 0.00536812 0.00244219 6.7453e+06 2.81442e+07 1.27287e+07 2.32597e+06 0 2.30271e+07 0 2.81442e+07 2.30271e+07 1.27287e+07 2.32597e+06 0.00533612 -0.0157398 2.00542e-05 0.0147291 0.0550832
2 21 1 1.31813 0.094895 0.00531626 -0.00243998 1.22072e+07 5.09334e+07 2.30355e+07 4.20937e+06 0 4.16728e+07 0 5.09334e+07 4.16728e+07 2.30355e+07 4.20937e+06 0.00885107 -0.00406211 0.0228986 0.00722122 0.049253
3 21 2 1.33524 0.419676 0.00763215 0.00154216 5.60636e+06 2.33921e+07 1.05795e+07 1.93323e+06 0 1.9139e+07 0 2.33921e+07 1.9139e+07 1.05795e+07 1.93323e+06 0.00899563 -0.00735941 -0.00501025 0.0138922 0.0438076
16 22 0 1.16331 1.32494 0.00767053 0.0105002 3.31091e+07 1.38145e+08 6.24784e+07 1.14169e+07 0 1.13028e+08 0 1.38145e+08 1.13028e+08 6.24784e+07 1.14169e+07 0.00199658 -0.00146754 1.55733e-05 0.00282828 0.0300366
11 22 1 1.4029 1.49976 0.00921986 0.0110826 1.79996e+07 7.51016e+07 3.3966e+07 6.20675e+06 0 6.14468e+07 0 7.51016e+07 6.14468e+07 3.3966e+07 6.20675e+06 0.0032437 -0.00215295 0.0109779 0.00523379 0.0291056
17 22 2 1.22557 1.7042 0.010537 0.0134044 364829 1.52222e+06 688448 125803 0 1.24545e+06 0 1.52222e+06 1.24545e+06 688448 125803 0.0101016 0.0057217 0.0135374 0.0133232 0.0273245
15 23 0 0.970352 1.00318 0.0059175 0.00883554 1.44525e+07 6.03016e+07 2.72724e+07 4.98361e+06 0 4.93377e+07 0 6.03016e+07 4.93377e+07 2.72724e+07 4.98361e+06 0.00363755 -0.0017974 0.00702999 0.0075378 0.0351673
16 23 1 1.16331 1.32494 0.00767053 0.0105002 3.31091e+07 1.38145e+08 6.24784e+07 1.14169e+07 0 1.13028e+08 0 1.38145e+08 1.13028e+08 6.24784e+07 1.14169e+07 0.00199658 -0.00146754 1.55733e-05 0.00282828 0.0300366
19 23 2 0.85843 1.29699 0.00662373 0.0114792 1.34532e+07 5.61321e+07 2.53867e+07 4.63902e+06 0 4.59263e+07 0 5.61321e+07 4.59263e+07 2.53867e+07 4.63902e+06 0.00557385 -0.00561228 0.00141591 0.00749595 0.0305155
9 24 0 1.28439 0.983417 0.00791359 0.00785663 2.03041e+06 8.47171e+06 3.83148e+06 700141 0 6.9314e+06 0 8.47171e+06 6.9314e+06 3.83148e+06 700141 0.0105442 -0.0048412 0.00172888 0.0139954 0.0342922
10 24 1 1.52803 1.21093 0.00932682 0.00879238 1.18617e+07 4.9492e+07 2.23836e+07 4.09025e+06 0 4.04935e+07 0 4.9492e+07 4.04935e+07 2.23836e+07 4.09025e+06 0.00646154 -0.0109021 -0.00830333 0.00967142 0.0318132
16 24 2 1.16331 1.32494 0.00767053 0.0105002 3.31091e+07 1.38145e+08 6.24784e+07 1.14169e+07 0 1.13028e+08 0 1.38145e+08 1.13028e+08 6.24784e+07 1.14169e+07 0.00199658 -0.00146754 1.55733e-05 0.00282828 0.0300366
20 25 0 0.549052 0.257069 0.00269856 0.00413863 1.18623e+07 4.94945e+07 2.23847e+07 4.09046e+06 0 4.04955e+07 0 4.94945e+07 4.04955e+07 2.23847e+07 4.09046e+06 0.00428771 -0.00569362 0.00451288 0.0100647 0.0693054
29 25 1 0.267534 0.307577 0.000885679 0.00513627 7.20021e+06 3.00423e+07 1.35871e+07 2.48283e+06 0 2.458e+07 0 3.00423e+07 2.458e+07 1.35871e+07 2.48283e+06 0.0109539 0.010124 0.0018547 0.0123995 0.0693241
21 25 2 0.428571 3.78294e-24 4.93859e-27 4.22109e-26 3.4679e+06 1.44695e+07 6.54408e+06 1.19583e+06 0 1.18387e+07 0 1.44695e+07 1.18387e+07 6.54408e+06 1.19583e+06 -1.54765e-18 -7.34315e-18 0.00963948 0.0262994 0.0923844
12 26 0 0.714286 3.49155e-24 3.22337e-27 5.16603e-26 8.51701e+06 3.55365e+07 1.6072e+07 2.9369e+06 0 2.90753e+07 0 3.55365e+07 2.90753e+07 1.6072e+07 2.9369e+06 0.00157075 -0.00351861 0.0202475 0.0162126 0.086179
20 26 1 0.549052 0.257069 0.00269856 0.00413863 1.18623e+07 4.94945e+07 2.23847e+07 4.09046e+06 0 4.04955e+07 0 4.94945e+07 4.04955e+07 2.23847e+07 4.09046e+06 0.00428771 -0.00569362 0.00451288 0.0100647 0.0693054
21 26 2 0.428571 3.78294e-24 4.93859e-27 4.22109e-26 3.4679e+06 1.44695e+07 6.54408e+06 1.19583e+06 0 1.18387e+07 0 1.44695e+07 1.18387e+07 6.54408e+06 1.19583e+06 -1.54765e-18 -7.34315e-18 0.00963948 0.0262994 0.0923844
13 27 0 0.776646 0.417583 0.00403479 0.00521656 1.22621e+07 5.11625e+07 2.31391e+07 4.2283e+06 0 4.18602e+07 0 5.11625e+07 4.18602e+07 2.31391e+07 4.2283e+06 0.00568708 0.00168854 -0.00200688 0.00904525 0.0554678
22 27 1 0.471632 0.553692 0.0026411 0.0077079 9.70871e+06 4.05087e+07 1.83208e+07 3.34783e+06 0 3.31435e+07 0 4.05087e+07 3.31435e+07 1.83208e+07 3.34783e+06 0.00757136 -0.00545048 0.000534414 0.0093144 0.0533594
20 27 2 0.549052 0.257069 0.00269856 0.00413863 1.18623e+07 4.94945e+07 2.23847e+07 4.09046e+06 0 4.04955e+07 0 4.94945e+07 4.04955e+07 2.23847e+07 4.09046e+06 0.00428771 -0.00569362 0.00451288 0.0100647 0.0693054
7 28 0 1 2.48628e-24 1.38374e-26 4.62704e-26 1.66402e+07 6.943e+07 3.14009e+07 5.73801e+06 0 5.68063e+07 0 6.943e+07 5.68063e+07 3.14009e+07 5.73801e+06 0.00661862 -0.0152177 0.0372859 0.00598768 0.0698621
6 28 1 1.02866 0.278603 0.00536812 0.00244219 6.7453e+06 2.81442e+07 1.27287e+07 2.32597e+06 0 2.30271e+07 0 2.81442e+07 2.30271e+07 1.27287e+07 2.32597e+06 0.00533612 -0.0157398 2.00542e-05 0.0147291 0.0550832
12 28 2 0.714286 3.49155e-24 3.22337e-27 5.16603e-26 8.51701e+06 3.55365e+07 1.6072e+07 2.9369e+06 0 2.90753e+07 0 3.55365e+07 2.90753e+07 1.6072e+07 2.9369e+06 0.00157075 -0.00351861 0.0202475 0.0162126 0.086179
24 29 0 0.423502 0.86042 0.00290162 0.0102355 1.63112e+07 6.80572e+07 3.078e+07 5.62456e+06 0 5.56831e+07 0 6.80572e+07 5.56831e+07 3.078e+07 5.62456e+06 0.00353348 -0.00296696 0.00159768 0.0062019 0.0418205
23 29 1 0.649082 1.08692 0.00457375 0.0106072 9.18127e+06 3.83081e+07 1.73255e+07 3.16595e+06 0 3.1343e+07 0 3.83081e+07 3.1343e+07 1.73255e+07 3.16595e+06 0.0078401 -0.00380004 0.00473332 0.0101855 0.034727
32 29 2 0.357276 1.20631 0.00381642 0.0125379 1.88985e+07 7.88524e+07 3.56623e+07 6.51673e+06 0 6.45156e+07 0 7.88524e+07 6.45156e+07 3.56623e+07 6.51673e+06 0.00235599 -0.00441638 0.00481953 0.00569712 0.0333129
8 30 0 1.06542 0.653526 0.00579389 0.0058364 2.02209e+07 8.437e+07 3.81578e+07 6.97273e+06 0 6.903e+07 0 8.437e+07 6.903e+07 3.81578e+07 6.97273e+06 0.00335763 -0.00878103 0.003542 0.0042111 0.0423344
14 30 1 0.736833 0.757693 0.00442422 0.00774961 1.67508e+07 6.98912e+07 3.16095e+07 5.77613e+06 0 5.71837e+07 0 6.98912e+07 5.71837e+07 3.16095e+07 5.77613e+06 0.00533171 -0.00396206 0.000230957 0.00583256 0.042532
13 30 2 0.776646 0.417583 0.00403479 0.00521656 1.22621e+07 5.11625e+07 2.31391e+07 4.2283e+06 0 4.18602e+07 0 5.11625e+07 4.18602e+07 2.31391e+07 4.2283e+06 0.00568708 0.00168854 -0.00200688 0.00904525 0.0554678
6 31 0 1.02866 0.278603 0.00536812 0.00244219 6.7453e+06 2.81442e+07 1.27287e+07 2.32597e+06 0 2.30271e+07 0 2.81442e+07 2.30271e+07 1.27287e+07 2.32597e+06 0.00533612 -0.0157398 2.00542e-05 0.0147291 0.0550832
8 31 1 1.06542 0.653526 0.00579389 0.0058364 2.02209e+07 8.437e+07 3.81578e+07 6.97273e+06 0 6.903e+07 0 8.437e+07 6.903e+07 3.81578e+07 6.97273e+06 0.00335763 -0.00878103 0.003542 0.0042111 0.0423344
13 31 2 0.776646 0.417583 0.00403479 0.00521656 1.22621e+07 5.11625e+07 2.31391e+07 4.2283e+06 0 4.18602e+07 0 5.11625e+07 4.18602e+07 2.31391e+07 4.2283e+06 0.00568708 0.00168854 -0.00200688 0.00904525 0.0554678
4 32 0 1.38666 0.71626 0.00779288 0.00420133 1.30623e+07 5.45012e+07 2.46491e+07 4.50424e+06 0 4.45919e+07 0 5.45012e+07 4.45919e+07 2.46491e+07 4.50424e+06 0.00777382 -0.00337336 0.00318686 0.00590057 0.0380122
9 32 1 1.28439 0.983417 0.00791359 0.00785663 2.03041e+06 8.47171e+06 3.83148e+06 700141 0 6.9314e+06 0 8.47171e+06 6.9314e+06 3.83148e+06 700141 0.0105442 -0.0048412 0.00172888 0.0139954 0.0342922
8 32 2 1.06542 0.653526 0.00579389 0.0058364 2.02209e+07 8.437e+07 3.81578e+07 6.97273e+06 0 6.903e+07 0 8.437e+07 6.903e+07 3.81578e+07 6.97273e+06 0.00335763 -0.00878103 0.003542 0.0042111 0.0423344
15 33 0 0.970352 1.00318 0.0059175 0.00883554 1.44525e+07 6.03016e+07 2.72724e+07 4.98361e+06 0 4.93377e+07 0 6.03016e+07 4.93377e+07 2.72724e+07 4.98361e+06 0.00363755 -0.0017974 0.00702999 0.0075378 0.0351673
23 33 1 0.649082 1.08692 0.00457375 0.0106072 9.18127e+06 3.83081e+07 1.73255e+07 3.16595e+06 0 3.1343e+07 0 3.83081e+07 3.1343e+07 1.73255e+07 3.16595e+06 0.0078401 -0.00380004 0.00473332 0.0101855 0.034727
14 33 2 0.736833 0.757693 0.00442422 0.00774961 1.67508e+07 6.98912e+07 3.16095e+07 5.77613e+06 0 5.71837e+07 0 6.98912e+07 5.71837e+07 3.16095e+07 5.77613e+06 0.00533171 -0.00396206 0.000230957 0.00583256 0.042532
24 34 0 0.423502 0.86042 0.00290162 0.0102355 1.63112e+07 6.80572e+07 3.078e+07 5.62456e+06 0 5.56831e+07 0 6.80572e+07 5.56831e+07 3.078e+07 5.62456e+06 0.00353348 -0.00296696 0.00159768 0.0062019 0.0418205
14 34 1 0.736833 0.757693 0.00442422 0.00774961 1.67508e+07 6.98912e+07 3.16095e+07 5.77613e+06 0 5.71837e+07 0 6.98912e+07 5.71837e+07 3.16095e+07 5.77613e+06 0.00533171 -0.00396206 0.000230957 0.00583256 0.042532
23 34 2 0.649082 1.08692 0.00457375 0.0106072 9.18127e+06 3.83081e+07 1.73255e+07 3.16595e+06 0 3.1343e+07 0 3.83081e+07 3.1343e+07 1.73255e+07 3.16595e+06 0.0078401 -0.00380004 0.00473332 0.0101855 0.034727
31 35 0 0.135158 0.646056 0.00051742 0.00767934 1.35356e+07 5.64762e+07 2.55423e+07 4.66745e+06 0 4.62078e+07 0 5.64762e+07 4.62078e+07 2.55423e+07 4.66745e+06 0.0059432 0.00831018 0.00294132 0.00742808 0.0516169
24 35 1 0.423502 0.86042 0.00290162 0.0102355 1.63112e+07 6.80572e+07 3.078e+07 5.62456e+06 0 5.56831e+07 0 6.80572e+07 5.56831e+07 3.078e+07 5.62456e+06 0.00353348 -0.00296696 0.00159768 0.0062019 0.0418205
33 35 2 0.165077 0.972885 0.00204646 0.0104147 1.0629e+07 4.43486e+07 2.00574e+07 3.66518e+06 0 3.62852e+07 0 4.43486e+07 3.62852e+07 2.00574e+07 3.66518e+06 0.00547595 0.00831844 0.00389694 0.00928147 0.0396864
22 36 0 0.471632 0.553692 0.0026411 0.0077079 9.70871e+06 4.05087e+07 1.83208e+07 3.34783e+06 0 3.31435e+07 0 4.05087e+07 3.31435e+07 1.83208e+07 3.34783e+06 0.00757136 -0.00545048 0.000534414 0.0093144 0.0533594
14 36 1 0.736833 0.757693 0.00442422 0.00774961 1.67508e+07 6.98912e+07 3.16095e+07 5.77613e+06 0 5.71837e+07 0 6.98912e+07 5.71837e+07 3.16095e+07 5.77613e+06 0.00533171 -0.00396206 0.000230957 0.00583256 0.042532
24 36 2 0.423502 0.86042 0.00290162 0.0102355 1.63112e+07 6.80572e+07 3.078e+07 5.62456e+06 0 5.56831e+07 0 6.80572e+07 5.56831e+07 3.078e+07 5.62456e+06 0.00353348 -0.00296696 0.00159768 0.0062019 0.0418205
29 37 0 0.267534 0.307577 0.000885679 0.00513627 7.20021e+06 3.00423e+07 1.35871e+07 2.48283e+06 0 2.458e+07 0 3.00423e+07 2.458e+07 1.35871e+07 2.48283e+06 0.0109539 0.010124 0.0018547 0.0123995 0.0693241
22 37 1 0.471632 0.553692 0.0026411 0.0077079 9.70871e+06 4.05087e+07 1.83208e+07 3.34783e+06 0 3.31435e+07 0 4.05087e+07 3.31435e+07 1.83208e+07 3.34783e+06 0.00757136 -0.00545048 0.000534414 0.0093144 0.0533594
31 37 2 0.135158 0.646056 0.00051742 0.00767934 1.35356e+07 5.64762e+07 2.55423e+07 4.66745e+06 0 4.62078e+07 0 5.64762e+07 4.62078e+07 2.55423e+07 4.66745e+06 0.0059432 0.00831018 0.00294132 0.00742808 0.0516169
29 38 0 0.267534 0.307577 0.000885679 0.00513627 7.20021e+06 3.00423e+07 1.35871e+07 2.48283e+06 0 2.458e+07 0 3.00423e+07 2.458e+07 1.35871e+07 2.48283e+06 0.0109539 0.010124 0.0018547 0.0123995 0.0693241
20 38 1 0.549052 0.257069 0.00269856 0.00413863 1.18623e+07 4.94945e+07 2.23847e+07 4.09046e+06 0 4.04955e+07 0 4.94945e+07 4.04955e+07 2.23847e+07 4.09046e+06 0.00428771 -0.00569362 0.00451288 0.0100647 0.0693054
22 38 2 0.471632 0.553692 0.0026411 0.0077079 9.70871e+06 4.05087e+07 1.83208e+07 3.34783e+06 0 3.31435e+07 0 4.05087e+07 3.31435e+07 1.83208e+07 3.34783e+06 0.00757136 -0.00545048 0.000534414 0.0093144 0.0533594
8 39 0 1.06542 0.653526 0.00579389 0.0058364 2.02209e+07 8.437e+07 3.81578e+07 6.97273e+06 0 6.903e+07 0 8.437e+07 6.903e+07 3.81578e+07 6.97273e+06 0.00335763 -0.00878103 0.003542 0.0042111 0.0423344
15 39 1 0.970352 1.00318 0.0059175 0.00883554 1.44525e+07 6.03016e+07 2.72724e+07 4.98361e+06 0 4.93377e+07 0 6.03016e+07 4.93377e+07 2.72724e+07 4.98361e+06 0.00363755 -0.0017974 0.00702999 0.0075378 0.0351673
14 39 2 0.736833 0.757693 0.00442422 0.00774961 1.67508e+07 6.98912e+07 3.16095e+07 5.77613e+06 0 5.71837e+07 0 6.98912e+07 5.71837e+07 3.16095e+07 5.77613e+06 0.00533171 -0.00396206 0.000230957 0.00583256 0.042532
1 40 0 1.64886 0.575641 0.00891886 0.00283502 1.78228e+07 7.43643e+07 3.36325e+07 6.14581e+06 0 6.08435e+07 0 7.43643e+07 6.08435e+07 3.36325e+07 6.14581e+06 0.00191361 -0.000311957 -0.00425783 0.00736451 0.0391137
4 40 1 1.38666 0.71626 0.00779288 0.00420133 1.30623e+07 5.45012e+07 2.46491e+07 4.50424e+06 0 4.45919e+07 0 5.45012e+07 4.45919e+07 2.46491e+07 4.50424e+06 0.00777382 -0.00337336 0.00318686 0.00590057 0.0380122
3 40 2 1.33524 0.419676 0.00763215 0.00154216 5.60636e+06 2.33921e+07 1.05795e+07 1.93323e+06 0 1.9139e+07 0 2.33921e+07 1.9139e+07 1.05795e+07 1.93323e+06 0.00899563 -0.00735941 -0.00501025 0.0138922 0.0438076
5 41 0 1.64808 0.919959 0.0106954 0.00527383 1.50853e+07 6.2942e+07 2.84666e+07 5.20182e+06 0 5.1498e+07 0 6.2942e+07 5.1498e+07 2.84666e+07 5.20182e+06 0.000840051 -0.00184816 0.00190882 0.00925273 0.0348579
10 41 1 1.52803 1.21093 0.00932682 0.00879238 1.18617e+07 4.9492e+07 2.23836e+07 4.09025e+06 0 4.04935e+07 0 4.9492e+07 4.04935e+07 2.23836e+07 4.09025e+06 0.00646154 -0.0109021 -0.00830333 0.00967142 0.0318132
9 41 2 1.28439 0.983417 0.00791359 0.00785663 2.03041e+06 8.47171e+06 3.83148e+06 700141 0 6.9314e+06 0 8.47171e+06 6.9314e+06 3.83148e+06 700141 0.0105442 -0.0048412 0.00172888 0.0139954 0.0342922
42 42 0 0.0371339 1.26992 0.00144197 0.0135458 4.14375e+06 1.72895e+07 7.81945e+06 1.42888e+06 0 1.41459e+07 0 1.72895e+07 1.41459e+07 7.81945e+06 1.42888e+06 0.0169743 0.00880893 0.00317358 0.012801 0.0323114
32 42 1 0.357276 1.20631 0.00381642 0.0125379 1.88985e+07 7.88524e+07 3.56623e+07 6.51673e+06 0 6.45156e+07 0 7.88524e+07 6.45156e+07 3.56623e+07 6.51673e+06 0.00235599 -0.00441638 0.00481953 0.00569712 0.0333129
36 42 2 0.265054 1.54943 0.00420652 0.0158429 1.36708e+07 5.70401e+07 2.57974e+07 4.71406e+06 0 4.66692e+07 0 5.70401e+07 4.66692e+07 2.57974e+07 4.71406e+06 0.00338339 -0.0155509 0.00222958 0.0071841 0.0278103
9 43 0 1.28439 0.983417 0.00791359 0.00785663 2.03041e+06 8.47171e+06 3.83148e+06 700141 0 6.9314e+06 0 8.47171e+06 6.9314e+06 3.83148e+06 700141 0.0105442 -0.0048412 0.00172888 0.0139954 0.0342922
16 43 1 1.16331 1.32494 0.00767053 0.0105002 3.31091e+07 1.38145e+08 6.24784e+07 1.14169e+07 0 1.13028e+08 0 1.38145e+08 1.13028e+08 6.24784e+07 1.14169e+07 0.00199658 -0.00146754 1.55733e-05 0.00282828 0.0300366
15 43 2 0.970352 1.00318 0.0059175 0.00883554 1.44525e+07 6.03016e+07 2.72724e+07 4.98361e+06 0 4.93377e+07 0 6.03016e+07 4.93377e+07 2.72724e+07 4.98361e+06 0.00363755 -0.0017974 0.00702999 0.0075378 0.0351673
25 44 0 0.886326 1.6037 0.00762302 0.0130971 2.31982e+07 9.67925e+07 4.3776e+07 7.99938e+06 0 7.91938e+07 0 9.67925e+07 7.91938e+07 4.3776e+07 7.99938e+06 0.00351462 -0.00436437 0.00575262 0.0032811 0.0271962
34 44 1 0.52178 1.81306 0.00667216 0.0168673 7.70623e+06 3.21536e+07 1.4542e+07 2.65732e+06 0 2.63075e+07 0 3.21536e+07 2.63075e+07 1.4542e+07 2.65732e+06 0.00678332 -0.00405942 0.00142325 0.0138881 0.025412
28 44 2 0.582554 1.44529 0.00562625 0.013507 1.6835e+07 7.02425e+07 3.17684e+07 5.80517e+06 0 5.74712e+07 0 7.02425e+07 5.74712e+07 3.17684e+07 5.80517e+06 0.00423693 -0.00245966 0.00338247 0.00483547 0.028875
18 45 0 1.04562 1.90635 0.0107943 0.0142058 1.98044e+07 8.26321e+07 3.73718e+07 6.8291e+06 0 6.7608e+07 0 8.26321e+07 6.7608e+07 3.73718e+07 6.8291e+06 0.00182238 -0.00230587 0.0123955 0.00755615 0.0258648
25 45 1 0.886326 1.6037 0.00762302 0.0130971 2.31982e+07 9.67925e+07 4.3776e+07 7.99938e+06 0 7.91938e+07 0 9.67925e+07 7.91938e+07 4.3776e+07 7.99938e+06 0.00351462 -0.00436437 0.00575262 0.0032811 0.0271962
17 45 2 1.22557 1.7042 0.010537 0.0134044 364829 1.52222e+06 688448 125803 0 1.24545e+06 0 1.52222e+06 1.24545e+06 688448 125803 0.0101016 0.0057217 0.0135374 0.0133232 0.0273245
18 46 0 1.04562 1.90635 0.0107943 0.0142058 1.98044e+07 8.26321e+07 3.73718e+07 6.8291e+06 0 6.7608e+07 0 8.26321e+07 6.7608e+07 3.73718e+07 6.8291e+06 0.00182238 -0.00230587 0.0123955 0.00755615 0.0258648
26 46 1 0.749943 2.1348 0.0105967 0.0223132 1.42242e+06 5.93491e+06 2.68416e+06 490488 0 4.85583e+06 0 5.93491e+06 4.85583e+06 2.68416e+06 490488 0.0247051 -0.00607445 -0.000127591 0.0325072 0.0246234
27 46 2 0.781864 1.8597 0.0090899 0.0156877 7.75249e+06 3.23466e+07 1.46293e+07 2.67327e+06 0 2.64654e+07 0 3.23466e+07 2.64654e+07 1.46293e+07 2.67327e+06 0.00644112 -0.00635753 0.0146963 0.0142178 0.0254327
25 47 0 0.886326 1.6037 0.00762302 0.0130971 2.31982e+07 9.67925e+07 4.3776e+07 7.99938e+06 0 7.91938e+07 0 9.67925e+07 7.91938e+07 4.3776e+07 7.99938e+06 0.00351462 -0.00436437 0.00575262 0.0032811 0.0271962
16 47 1 1.16331 1.32494 0.00767053 0.0105002 3.31091e+07 1.38145e+08 6.24784e+07 1.14169e+07 0 1.13028e+08 0 1.38145e+08 1.13028e+08 6.24784e+07 1.14169e+07 0.00199658 -0.00146754 1.55733e-05 0.00282828 0.0300366
17 47 2 1.22557 1.7042 0.010537 0.0134044 364829 1.52222e+06 688448 125803 0 1.24545e+06 0 1.52222e+06 1.24545e+06 688448 125803 0.0101016 0.0057217 0.0135374 0.0133232 0.0273245
19 48 0 0.85843 1.29699 0.00662373 0.0114792 1.34532e+07 5.61321e+07 2.53867e+07 4.63902e+06 0 4.59263e+07 0 5.61321e+07 4.59263e+07 2.53867e+07 4.63902e+06 0.00557385 -0.00561228 0.00141591 0.00749595 0.0305155
16 48 1 1.16331 1.32494 0.00767053 0.0105002 3.31091e+07 1.38145e+08 6.24784e+07 1.14169e+07 0 1.13028e+08 0 1.38145e+08 1.13028e+08 6.24784e+07 1.14169e+07 0.00199658 -0.00146754 1.55733e-05 0.00282828 0.0300366
25 48 2 0.886326 1.6037 0.00762302 0.0130971 2.31982e+07 9.67925e+07 4.3776e+07 7.99938e+06 0 7.91938e+07 0 9.67925e+07 7.91938e+07 4.3776e+07 7.99938e+06 0.00351462 -0.00436437 0.00575262 0.0032811 0.0271962
28 49 0 0.582554 1.44529 0.00562625 0.013507 1.6835e+07 7.02425e+07 3.17684e+07 5.80517e+06 0 5.74712e+07 0 7.02425e+07 5.74712e+07 3.17684e+07 5.80517e+06 0.00423693 -0.00245966 0.00338247 0.00483547 0.028875
19 49 1 0.85843 1.29699 0.00662373 0.0114792 1.34532e+07 5.61321e+07 2.53867e+07 4.63902e+06 0 4.59263e+07 0 5.61321e+07 4.59263e+07 2.53867e+07 4.63902e+06 0.00557385 -0.00561228 0.00141591 0.00749595 0.0305155
25 49 2 0.886326 1.6037 0.00762302 0.0130971 2.31982e+07 9.67925e+07 4.3776e+07 7.99938e+06 0 7.91938e+07 0 9.67925e+07 7.91938e+07 4.3776e+07 7.99938e+06 0.00351462 -0.00436437 0.00575262 0.0032811 0.0271962
36 50 0 0.265054 1.54943 0.00420652 0.0158429 1.36708e+07 5.70401e+07 2.57974e+07 4.71406e+06 0 4.66692e+07 0 5.70401e+07 4.66692e+07 2.57974e+07 4.71406e+06 0.00338339 -0.0155509 0.00222958 0.0071841 0.0278103
28 50 1 0.582554 1.44529 0.00562625 0.013507 1.6835e+07 7.02425e+07 3.17684e+07 5.80517e+06 0 5.74712e+07 0 7.02425e+07 5.74712e+07 3.17684e+07 5.80517e+06 0.00423693 -0.00245966 0.00338247 0.00483547 0.028875
34 50 2 0.52178 1.81306 0.00667216 0.0168673 7.70623e+06 3.21536e+07 1.4542e+07 2.65732e+06 0 2.63075e+07 0 3.21536e+07 2.63075e+07 1.4542e+07 2.65732e+06 0.00678332 -0.00405942 0.00142325 0.0138881 0.025412
43 51 0 0.159709 1.90556 0.00502 0.019632 1.53452e+07 6.40266e+07 2.89571e+07 5.29145e+06 0 5.23854e+07 0 6.40266e+07 5.23854e+07 2.89571e+07 5.29145e+06 0.000464426 -0.014161 -0.000193177 0.00528454 0.024602
36 51 1 0.265054 1.54943 0.00420652 0.0158429 1.36708e+07 5.70401e+07 2.57974e+07 4.71406e+06 0 4.66692e+07 0 5.70401e+07 4.66692e+07 2.57974e+07 4.71406e+06 0.00338339 -0.0155509 0.00222958 0.0071841 0.0278103
34 51 2 0.52178 1.81306 0.00667216 0.0168673 7.70623e+06 3.21536e+07 1.4542e+07 2.65732e+06 0 2.63075e+07 0 3.21536e+07 2.63075e+07 1.4542e+07 2.65732e+06 0.00678332 -0.00405942 0.00142325 0.0138881 0.025412
44 52 0 -0.0683988 1.59461 0.00140164 0.016624 5.3239e+06 2.22135e+07 1.00464e+07 1.83583e+06 0 1.81747e+07 0 2.22135e+07 1.81747e+07 1.00464e+07 1.83583e+06 0.014907 0.0193038 0.00424226 0.00927874 0.0271947
42 52 1 0.0371339 1.26992 0.00144197 0.0135458 4.14375e+06 1.72895e+07 7.81945e+06 1.42888e+06 0 1.41459e+07 0 1.72895e+07 1.41459e+07 7.81945e+06 1.42888e+06 0.0169743 0.00880893 0.00317358 0.012801 0.0323114
36 52 2 0.265054 1.54943 0.00420652 0.0158429 1.36708e+07 5.70401e+07 2.57974e+07 4.71406e+06 0 4.66692e+07 0 5.70401e+07 4.66692e+07 2.57974e+07 4.71406e+06 0.00338339 -0.0155509 0.00222958 0.0071841 0.0278103
32 53 0 0.357276 1.20631 0.00381642 0.0125379 1.88985e+07 7.88524e+07 3.56623e+07 6.51673e+06 0 6.45156e+07 0 7.88524e+07 6.45156e+07 3.56623e+07 6.51673e+06 0.00235599 -0.00441638 0.00481953 0.00569712 0.0333129
23 53 1 0.649082 1.08692 0.00457375 0.0106072 9.18127e+06 3.83081e+07 1.73255e+07 3.16595e+06 0 3.1343e+07 0 3.83081e+07 3.1343e+07 1.73255e+07 3.16595e+06 0.0078401 -0.00380004 0.00473332 0.0101855 0.034727
28 53 2 0.582554 1.44529 0.00562625 0.013507 1.6835e+07 7.02425e+07 3.17684e+07 5.80517e+06 0 5.74712e+07 0 7.02425e+07 5.74712e+07 3.17684e+07 5.80517e+06 0.00423693 -0.00245966 0.00338247 0.00483547 0.028875
22 54 0 0.471632 0.553692 0.0026411 0.0077079 9.70871e+06 4.05087e+07 1.83208e+07 3.34783e+06 0 3.31435e+07 0 4.05087e+07 3.31435e+07 1.83208e+07 3.34783e+06 0.00757136 -0.00545048 0.000534414 0.0093144 0.0533594
13 54 1 0.776646 0.417583 0.00403479 0.00521656 1.22621e+07 5.11625e+07 2.31391e+07 4.2283e+06 0 4.18602e+07 0 5.11625e+07 4.18602e+07 2.31391e+07 4.2283e+06 0.00568708 0.00168854 -0.00200688 0.00904525 0.0554678
14 54 2 0.736833 0.757693 0.00442422 0.00774961 1.67508e+07 6.98912e+07 3.16095e+07 5.77613e+06 0 5.71837e+07 0 6.98912e+07 5.71837e+07 3.16095e+07 5.77613e+06 0.00533171 -0.00396206 0.000230957 0.00583256 0.042532
15 55 0 0.970352 1.00318 0.0059175 0.00883554 1.44525e+07 6.03016e+07 2.72724e+07 4.98361e+06 0 4.93377e+07 0 6.03016e+07 4.93377e+07 2.72724e+07 4.98361e+06 0.00363755 -0.0017974 0.00702999 0.0075378 0.0351673
19 55 1 0.85843 1.29699 0.00662373 0.0114792 1.34532e+07 5.61321e+07 2.53867e+07 4.63902e+06 0 4.59263e+07 0 5.61321e+07 4.59263e+07 2.53867e+07 4.63902e+06 0.00557385 -0.00561228 0.00141591 0.00749595 0.0305155
23 55 2 0.649082 1.08692 0.00457375 0.0106072 9.18127e+06 3.83081e+07 1.73255e+07 3.16595e+06 0 3.1343e+07 0 3.83081e+07 3.1343e+07 1.73255e+07 3.16595e+06 0.0078401 -0.00380004 0.00473332 0.0101855 0.034727
6 56 0 1.02866 0.278603 0.00536812 0.00244219 6.7453e+06 2.81442e+07 1.27287e+07 2.32597e+06 0 2.30271e+07 0 2.81442e+07 2.30271e+07 1.27287e+07 2.32597e+06 0.00533612 -0.0157398 2.00542e-05 0.0147291 0.0550832
3 56 1 1.33524 0.419676 0.00763215 0.00154216 5.60636e+06 2.33921e+07 1.05795e+07 1.93323e+06 0 1.9139e+07 0 2.33921e+07 1.9139e+07 1.05795e+07 1.93323e+06 0.00899563 -0.00735941 -0.00501025 0.0138922 0.0438076
8 56 2 1.06542 0.653526 0.00579389 0.0058364 2.02209e+07 8.437e+07 3.81578e+07 6.97273e+06 0 6.903e+07 0 8.437e+07 6.903e+07 3.81578e+07 6.97273e+06 0.00335763 -0.00878103 0.003542 0.0042111 0.0423344
8 57 0 1.06542 0.653526 0.00579389 0.0058364 2.02209e+07 8.437e+07 3.81578e+07 6.97273e+06 0 6.903e+07 0 8.437e+07 6.903e+07 3.81578e+07 6.97273e+06 0.00335763 -0.00878103 0.003542 0.0042111 0.0423344
3 57 1 1.33524 0.419676 0.00763215 0.00154216 5.60636e+06 2.33921e+07 1.05795e+07 1.93323e+06 0 1.9139e+07 0 2.33921e+07 1.9139e+07 1.05795e+07 1.93323e+06 0.00899563 -0.00735941 -0.00501025 0.0138922 0.0438076
4 57 2 1.38666 0.71626 0.00779288 0.00420133 1.30623e+07 5.45012e+07 2.46491e+07 4.50424e+06 0 4.45919e+07 0 5.45012e+07 4.45919e+07 2.46491e+07 4.50424e+06 0.00777382 -0.00337336 0.00318686 0.00590057 0.0380122
12 58 0 0.714286 3.49155e-24 3.22337e-27 5.16603e-26 8.51701e+06 3.55365e+07 1.6072e+07 2.9369e+06 0 2.90753e+07 0 3.55365e+07 2.90753e+07 1.6072e+07 2.9369e+06 0.00157075 -0.00351861 0.0202475 0.0162126 0.086179
6 58 1 1.02866 0.278603 0.00536812 0.00244219 6.7453e+06 2.81442e+07 1.27287e+07 2.32597e+06 0 2.30271e+07 0 2.81442e+07 2.30271e+07 1.27287e+07 2.32597e+06 0.00533612 -0.0157398 2.00542e-05 0.0147291 0.0550832
13 58 2 0.776646 0.417583 0.00403479 0.00521656 1.22621e+07 5.11625e+07 2.31391e+07 4.2283e+06 0 4.18602e+07 0 5.11625e+07 4.18602e+07 2.31391e+07 4.2283e+06 0.00568708 0.00168854 -0.00200688 0.00904525 0.0554678
7 59 0 1 2.48628e-24 1.38374e-26 4.62704e-26 1.66402e+07 6.943e+07 3.14009e+07 5.73801e+06 0 5.68063e+07 0 6.943e+07 5.68063e+07 3.14009e+07 5.73801e+06 0.00661862 -0.0152177 0.0372859 0.00598768 0.0698621
2 59 1 1.31813 0.094895 0.00531626 -0.00243998 1.22072e+07 5.09334e+07 2.30355e+07 4.20937e+06 0 4.16728e+07 0 5.09334e+07 4.16728e+07 2.30355e+07 4.20937e+06 0.00885107 -0.00406211 0.0228986 0.00722122 0.049253
6 59 2 1.02866 0.278603 0.00536812 0.00244219 6.7453e+06 2.81442e+07 1.27287e+07 2.32597e+06 0 2.30271e+07 0 2.81442e+07 2.30271e+07 1.27287e+07 2.32597e+06 0.00533612 -0.0157398 2.00542e-05 0.0147291 0.0550832
58 60 0 -0.693843 0.81969 -0.00386356 0.00857308 8.50626e+06 3.54916e+07 1.60517e+07 2.93319e+06 0 2.90386e+07 0 3.54916e+07 2.90386e+07 1.60517e+07 2.93319e+06 0.00878646 0.000231837 0.000908965 0.0113043 0.0407188
59 60 1 -0.629515 1.12622 -0.00335818 0.0112035 1.44666e+07 6.03605e+07 2.72991e+07 4.98847e+06 0 4.93859e+07 0 6.03605e+07 4.93859e+07 2.72991e+07 4.98847e+06 0.00451921 -0.000630717 0.00187802 0.0076102 0.0334695
66 60 2 -0.944202 0.943801 -0.00559906 0.0098583 1.12943e+07 4.71247e+07 2.13129e+07 3.8946e+06 0 3.85566e+07 0 4.71247e+07 3.85566e+07 2.13129e+07 3.8946e+06 0.00719937 -0.00318801 0.00158658 0.0080869 0.0359695
31 61 0 0.135158 0.646056 0.00051742 0.00767934 1.35356e+07 5.64762e+07 2.55423e+07 4.66745e+06 0 4.62078e+07 0 5.64762e+07 4.62078e+07 2.55423e+07 4.66745e+06 0.0059432 0.00831018 0.00294132 0.00742808 0.0516169
40 61 1 -0.106592 0.949099 -0.000792982 0.00880145 6.70985e+06 2.79963e+07 1.26618e+07 2.31374e+06 0 2.29061e+07 0 2.79963e+07 2.29061e+07 1.26618e+07 2.31374e+06 0.00940643 -0.00119889 -0.00228577 0.0111688 0.0395828
41 61 2 -0.203093 0.620586 -0.00141904 0.00630063 1.66489e+07 6.94662e+07 3.14173e+07 5.74101e+06 0 5.6836e+07 0 6.94662e+07 5.6836e+07 3.14173e+07 5.74101e+06 0.00381819 -0.000410916 0.0015008 0.00765435 0.0517902
50 62 0 -0.30486 1.27088 -0.00166204 0.0118721 1.7351e+07 7.23956e+07 3.27422e+07 5.98311e+06 0 5.92328e+07 0 7.23956e+07 5.92328e+07 3.27422e+07 5.98311e+06 0.00308881 0.00125594 0.00253895 0.00851035 0.0315589
59 62 1 -0.629515 1.12622 -0.00335818 0.0112035 1.44666e+07 6.03605e+07 2.72991e+07 4.98847e+06 0 4.93859e+07 0 6.03605e+07 4.93859e+07 2.72991e+07 4.98847e+06 0.00451921 -0.000630717 0.00187802 0.0076102 0.0334695
49 62 2 -0.400652 0.904748 -0.00240742 0.00892499 1.7034e+07 7.10727e+07 3.21438e+07 5.87378e+06 0 5.81504e+07 0 7.10727e+07 5.81504e+07 3.21438e+07 5.87378e+06 0.00372665 -0.00400266 -0.00321183 0.00774812 0.0399516
27 63 0 0.781864 1.8597 0.0090899 0.0156877 7.75249e+06 3.23466e+07 1.46293e+07 2.67327e+06 0 2.64654e+07 0 3.23466e+07 2.64654e+07 1.46293e+07 2.67327e+06 0.00644112 -0.00635753 0.0146963 0.0142178 0.0254327
25 63 1 0.886326 1.6037 0.00762302 0.0130971 2.31982e+07 9.67925e+07 4.3776e+07 7.99938e+06 0 7.91938e+07 0 9.67925e+07 7.91938e+07 4.3776e+07 7.99938e+06 0.00351462 -0.00436437 0.00575262 0.0032811 0.0271962
18 63 2 1.04562 1.90635 0.0107943 0.0142058 1.98044e+07 8.26321e+07 3.73718e+07 6.8291e+06 0 6.7608e+07 0 8.26321e+07 6.7608e+07 3.73718e+07 6.8291e+06 0.00182238 -0.00230587 0.0123955 0.00755615 0.0258648
35 64 0 0.421151 2.20336 0.00762736 0.0204919 1.82448e+07 7.61249e+07 3.44288e+07 6.29131e+06 0 6.2284e+07 0 7.61249e+07 6.2284e+07 3.44288e+07 6.29131e+06 0.00420877 0.000334241 0.00630547 0.00372516 0.0238897
34 64 1 0.52178 1.81306 0.00667216 0.0168673 7.70623e+06 3.21536e+07 1.4542e+07 2.65732e+06 0 2.63075e+07 0 3.21536e+07 2.63075e+07 1.4542e+07 2.65732e+06 0.00678332 -0.00405942 0.00142325 0.0138881 0.025412
26 64 2 0.749943 2.1348 0.0105967 0.0223132 1.42242e+06 5.93491e+06 2.68416e+06 490488 0 4.85583e+06 0 5.93491e+06 4.85583e+06 2.68416e+06 490488 0.0247051 -0.00607445 -0.000127591 0.0325072 0.0246234
42 65 0 0.0371339 1.26992 0.00144197 0.0135458 4.14375e+06 1.72895e+07 7.81945e+06 1.42888e+06 0 1.41459e+07 0 1.72895e+07 1.41459e+07 7.81945e+06 1.42888e+06 0.0169743 0.00880893 0.00317358 0.012801 0.0323114
44 65 1 -0.0683988 1.59461 0.00140164 0.016624 5.3239e+06 2.22135e+07 1.00464e+07 1.83583e+06 0 1.81747e+07 0 2.22135e+07 1.81747e+07 1.00464e+07 1.83583e+06 0.014907 0.0193038 0.00424226 0.00927874 0.0271947
50 65 2 -0.30486 1.27088 -0.00166204 0.0118721 1.7351e+07 7.23956e+07 3.27422e+07 5.98311e+06 0 5.92328e+07 0 7.23956e+07 5.92328e+07 3.27422e+07 5.98311e+06 0.00308881 0.00125594 0.00253895 0.00851035 0.0315589
49 66 0 -0.400652 0.904748 -0.00240742 0.00892499 1.7034e+07 7.10727e+07 3.21438e+07 5.87378e+06 0 5.81504e+07 0 7.10727e+07 5.81504e+07 3.21438e+07 5.87378e+06 0.00372665 -0.00400266 -0.00321183 0.00774812 0.0399516
40 66 1 -0.106592 0.949099 -0.000792982 0.00880145 6.70985e+06 2.79963e+07 1.26618e+07 2.31374e+06 0 2.29061e+07 0 2.79963e+07 2.29061e+07 1.26618e+07 2.31374e+06 0.00940643 -0.00119889 -0.00228577 0.0111688 0.0395828
50 66 2 -0.30486 1.27088 -0.00166204 0.0118721 1.7351e+07 7.23956e+07 3.27422e+07 5.98311e+06 0 5.92328e+07 0 7.23956e+07 5.92328e+07 3.27422e+07 5.98311e+06 0.00308881 0.00125594 0.00253895 0.00851035 0.0315589
33 67 0 0.165077 0.972885 0.00204646 0.0104147 1.0629e+07 4.43486e+07 2.00574e+07 3.66518e+06 0 3.62852e+07 0 4.43486e+07 3.62852e+07 2.00574e+07 3.66518e+06 0.00547595 0.00831844 0.00389694 0.00928147 0.0396864
32 67 1 0.357276 1.20631 0.00381642 0.0125379 1.88985e+07 7.88524e+07 3.56623e+07 6.51673e+06 0 6.45156e+07 0 7.88524e+07 6.45156e+07 3.56623e+07 6.51673e+06 0.00235599 -0.00441638 0.00481953 0.00569712 0.0333129
42 67 2 0.0371339 1.26992 0.00144197 0.0135458 4.14375e+06 1.72895e+07 7.81945e+06 1.42888e+06 0 1.41459e+07 0 1.72895e+07 1.41459e+07 7.81945e+06 1.42888e+06 0.0169743 0.00880893 0.00317358 0.012801 0.0323114
36 68 0 0.265054 1.54943 0.00420652 0.0158429 1.36708e+07 5.70401e+07 2.57974e+07 4.71406e+06 0 4.66692e+07 0 5.70401e+07 4.66692e+07 2.57974e+07 4.71406e+06 0.00338339 -0.0155509 0.00222958 0.0071841 0.0278103
32 68 1 0.357276 1.20631 0.00381642 0.0125379 1.88985e+07 7.88524e+07 3.56623e+07 6.51673e+06 0 6.45156e+07 0 7.88524e+07 6.45156e+07 3.56623e+07 6.51673e+06 0.00235599 -0.00441638 0.00481953 0.00569712 0.0333129
28 68 2 0.582554 1.44529 0.00562625 0.013507 1.6835e+07 7.02425e+07 3.17684e+07 5.80517e+06 0 5.74712e+07 0 7.02425e+07 5.74712e+07 3.17684e+07 5.80517e+06 0.00423693 -0.00245966 0.00338247 0.00483547 0.028875
40 69 0 -0.106592 0.949099 -0.000792982 0.00880145 6.70985e+06 2.79963e+07 1.26618e+07 2.31374e+06 0 2.29061e+07 0 2.79963e+07 2.29061e+07 1.26618e+07 2.31374e+06 0.00940643 -0.00119889 -0.00228577 0.0111688 0.0395828
33 69 1 0.165077 0.972885 0.00204646 0.0104147 1.0629e+07 4.43486e+07 2.00574e+07 3.66518e+06 0 3.62852e+07 0 4.43486e+07 3.62852e+07 2.00574e+07 3.66518e+06 0.00547595 0.00831844 0.00389694 0.00928147 0.0396864
42 69 2 0.0371339 1.26992 0.00144197 0.0135458 4.14375e+06 1.72895e+07 7.81945e+06 1.42888e+06 0 1.41459e+07 0 1.72895e+07 1.41459e+07 7.81945e+06 1.42888e+06 0.0169743 0.00880893 0.00317358 0.012801 0.0323114
50 70 0 -0.30486 1.27088 -0.00166204 0.0118721 1.7351e+07 7.23956e+07 3.27422e+07 5.98311e+06 0 5.92328e+07 0 7.23956e+07 5.92328e+07 3.27422e+07 5.98311e+06 0.00308881 0.00125594 0.00253895 0.00851035 0.0315589
40 70 1 -0.106592 0.949099 -0.000792982 0.00880145 6.70985e+06 2.79963e+07 1.26618e+07 2.31374e+06 0 2.29061e+07 0 2.79963e+07 2.29061e+07 1.26618e+07 2.31374e+06 0.00940643 -0.00119889 -0.00228577 0.0111688 0.0395828
42 70 2 0.0371339 1.26992 0.00144197 0.0135458 4.14375e+06 1.72895e+07 7.81945e+06 1.42888e+06 0 1.41459e+07 0 1.72895e+07 1.41459e+07 7.81945e+06 1.42888e+06 0.0169743 0.00880893 0.00317358 0.012801 0.0323114
49 71 0 -0.400652 0.904748 -0.00240742 0.00892499 1.7034e+07 7.10727e+07 3.21438e+07 5.87378e+06 0 5.81504e+07 0 7.10727e+07 5.81504e+07 3.21438e+07 5.87378e+06 0.00372665 -0.00400266 -0.00321183 0.00774812 0.0399516
41 71 1 -0.203093 0.620586 -0.00141904 0.00630063 1.66489e+07 6.94662e+07 3.14173e+07 5.74101e+06 0 5.6836e+07 0 6.94662e+07 5.6836e+07 3.14173e+07 5.74101e+06 0.00381819 -0.000410916 0.0015008 0.00765435 0.0517902
40 71 2 -0.106592 0.949099 -0.000792982 0.00880145 6.70985e+06 2.79963e+07 1.26618e+07 2.31374e+06 0 2.29061e+07 0 2.79963e+07 2.29061e+07 1.26618e+07 2.31374e+06 0.00940643 -0.00119889 -0.00228577 0.0111688 0.0395828
31 72 0 0.135158 0.646056 0.00051742 0.00767934 1.35356e+07 5.64762e+07 2.55423e+07 4.66745e+06 0 4.62078e+07 0 5.64762e+07 4.62078e+07 2.55423e+07 4.66745e+06 0.0059432 0.00831018 0.00294132 0.00742808 0.0516169
22 72 1 0.471632 0.553692 0.0026411 0.0077079 9.70871e+06 4.05087e+07 1.83208e+07 3.34783e+06 0 3.31435e+07 0 4.05087e+07 3.31435e+07 1.83208e+07 3.34783e+06 0.00757136 -0.00545048 0.000534414 0.0093144 0.0533594
24 72 2 0.423502 0.86042 0.00290162 0.0102355 1.63112e+07 6.80572e+07 3.078e+07 5.62456e+06 0 5.56831e+07 0 6.80572e+07 5.56831e+07 3.078e+07 5.62456e+06 0.00353348 -0.00296696 0.00159768 0.0062019 0.0418205
23 73 0 0.649082 1.08692 0.00457375 0.0106072 9.18127e+06 3.83081e+07 1.73255e+07 3.16595e+06 0 3.1343e+07 0 3.83081e+07 3.1343e+07 1.73255e+07 3.16595e+06 0.0078401 -0.00380004 0.00473332 0.0101855 0.034727
19 73 1 0.85843 1.29699 0.00662373 0.0114792 1.34532e+07 5.61321e+07 2.53867e+07 4.63902e+06 0 4.59263e+07 0 5.61321e+07 4.59263e+07 2.53867e+07 4.63902e+06 0.00557385 -0.00561228 0.00141591 0.00749595 0.0305155
28 73 2 0.582554 1.44529 0.00562625 0.013507 1.6835e+07 7.02425e+07 3.17684e+07 5.80517e+06 0 5.74712e+07 0 7.02425e+07 5.74712e+07 3.17684e+07 5.80517e+06 0.00423693 -0.00245966 0.00338247 0.00483547 0.028875
26 74 0 0.749943 2.1348 0.0105967 0.0223132 1.42242e+06 5.93491e+06 2.68416e+06 490488 0 4.85583e+06 0 5.93491e+06 4.85583e+06 2.68416e+06 490488 0.0247051 -0.00607445 -0.000127591 0.0325072 0.0246234
34 74 1 0.52178 1.81306 0.00667216 0.0168673 7.70623e+06 3.21536e+07 1.4542e+07 2.65732e+06 0 2.63075e+07 0 3.21536e+07 2.63075e+07 1.4542e+07 2.65732e+06 0.00678332 -0.00405942 0.00142325 0.0138881 0.025412
27 74 2 0.781864 1.8597 0.0090899 0.0156877 7.75249e+06 3.23466e+07 1.46293e+07 2.67327e+06 0 2.64654e+07 0 3.23466e+07 2.64654e+07 1.46293e+07 2.67327e+06 0.00644112 -0.00635753 0.0146963 0.0142178 0.0254327
35 75 0 0.421151 2.20336 0.00762736 0.0204919 1.82448e+07 7.61249e+07 3.44288e+07 6.29131e+06 0 6.2284e+07 0 7.61249e+07 6.2284e+07 3.44288e+07 6.29131e+06 0.00420877 0.000334241 0.00630547 0.00372516 0.0238897
37 75 1 0.102832 2.3105 0.00712959 0.02363 1.2304e+07 5.13373e+07 2.32182e+07 4.24276e+06 0 4.20033e+07 0 5.13373e+07 4.20033e+07 2.32182e+07 4.24276e+06 0.00574294 -0.0112257 0.00831102 0.00899762 0.0233741
43 75 2 0.159709 1.90556 0.00502 0.019632 1.53452e+07 6.40266e+07 2.89571e+07 5.29145e+06 0 5.23854e+07 0 6.40266e+07 5.23854e+07 2.89571e+07 5.29145e+06 0.000464426 -0.014161 -0.000193177 0.00528454 0.024602
43 76 0 0.159709 1.90556 0.00502 0.019632 1.53452e+07 6.40266e+07 2.89571e+07 5.29145e+06 0 5.23854e+07 0 6.40266e+07 5.23854e+07 2.89571e+07 5.29145e+06 0.000464426 -0.014161 -0.000193177 0.00528454 0.024602
34 76 1 0.52178 1.81306 0.00667216 0.0168673 7.70623e+06 3.21536e+07 1.4542e+07 2.65732e+06 0 2.63075e+07 0 3.21536e+07 2.63075e+07 1.4542e+07 2.65732e+06 0.00678332 -0.00405942 0.00142325 0.0138881 0.025412
35 76 2 0.421151 2.20336 0.00762736 0.0204919 1.82448e+07 7.61249e+07 3.44288e+07 6.29131e+06 0 6.2284e+07 0 7.61249e+07 6.2284e+07 3.44288e+07 6.29131e+06 0.00420877 0.000334241 0.00630547 0.00372516 0.0238897
46 77 0 -0.210465 2.27595 0.00458105 0.0275549 7.73749e+06 3.2284e+07 1.4601e+07 2.6681e+06 0 2.64142e+07 0 3.2284e+07 2.64142e+07 1.4601e+07 2.6681e+06 0.0102957 -0.0235891 0.00863159 0.00921237 0.0234773
45 77 1 -0.0333395 2.07669 0.00467958 0.022971 1.13581e+07 4.73906e+07 2.14332e+07 3.91658e+06 0 3.87741e+07 0 4.73906e+07 3.87741e+07 2.14332e+07 3.91658e+06 0.00575769 -0.0093126 0.00323377 0.00725856 0.023742
37 77 2 0.102832 2.3105 0.00712959 0.02363 1.2304e+07 5.13373e+07 2.32182e+07 4.24276e+06 0 4.20033e+07 0 5.13373e+07 4.20033e+07 2.32182e+07 4.24276e+06 0.00574294 -0.0112257 0.00831102 0.00899762 0.0233741
44 78 0 -0.0683988 1.59461 0.00140164 0.016624 5.3239e+06 2.22135e+07 1.00464e+07 1.83583e+06 0 1.81747e+07 0 2.22135e+07 1.81747e+07 1.00464e+07 1.83583e+06 0.014907 0.0193038 0.00424226 0.00927874 0.0271947
36 78 1 0.265054 1.54943 0.00420652 0.0158429 1.36708e+07 5.70401e+07 2.57974e+07 4.71406e+06 0 4.66692e+07 0 5.70401e+07 4.66692e+07 2.57974e+07 4.71406e+06 0.00338339 -0.0155509 0.00222958 0.0071841 0.0278103
43 78 2 0.159709 1.90556 0.00502 0.019632 1.53452e+07 6.40266e+07 2.89571e+07 5.29145e+06 0 5.23854e+07 0 6.40266e+07 5.23854e+07 2.89571e+07 5.29145e+06 0.000464426 -0.014161 -0.000193177 0.00528454 0.024602
43 79 0 0.159709 1.90556 0.00502 0.019632 1.53452e+07 6.40266e+07 2.89571e+07 5.29145e+06 0 5.23854e+07 0 6.40266e+07 5.23854e+07 2.89571e+07 5.29145e+06 0.000464426 -0.014161 -0.000193177 0.00528454 0.024602
52 79 1 -0.254287 1.92546 0.00151679 0.0202628 1.88141e+06 7.85001e+06 3.5503e+06 648761 0 6.42274e+06 0 7.85001e+06 6.42274e+06 3.5503e+06 648761 0.0180221 0.0130496 0.0118467 0.0327748 0.0244143
44 79 2 -0.0683988 1.59461 0.00140164 0.016624 5.3239e+06 2.22135e+07 1.00464e+07 1.83583e+06 0 1.81747e+07 0 2.22135e+07 1.81747e+07 1.00464e+07 1.83583e+06 0.014907 0.0193038 0.00424226 0.00927874 0.0271947
37 80 0 0.102832 2.3105 0.00712959 0.02363 1.2304e+07 5.13373e+07 2.32182e+07 4.24276e+06 0 4.20033e+07 0 5.13373e+07 4.20033e+07 2.32182e+07 4.24276e+06 0.00574294 -0.0112257 0.00831102 0.00899762 0.0233741
45 80 1 -0.0333395 2.07669 0.00467958 0.022971 1.13581e+07 4.73906e+07 2.14332e+07 3.91658e+06 0 3.87741e+07 0 4.73906e+07 3.87741e+07 2.14332e+07 3.91658e+06 0.00575769 -0.0093126 0.00323377 0.00725856 0.023742
43 80 2 0.159709 1.90556 0.00502 0.019632 1.53452e+07 6.40266e+07 2.89571e+07 5.29145e+06 0 5.23854e+07 0 6.40266e+07 5.23854e+07 2.89571e+07 5.29145e+06 0.000464426 -0.014161 -0.000193177 0.00528454 0.024602
46 81 0 -0.210465 2.27595 0.00458105 0.0275549 7.73749e+06 3.2284e+07 1.4601e+07 2.6681e+06 0 2.64142e+07 0 3.2284e+07 2.64142e+07 1.4601e+07 2.6681e+06 0.0102957 -0.0235891 0.00863159 0.00921237 0.0234773
54 81 1 -0.522276 2.22989 -0.000402513 0.0289134 4.22833e+06 1.76423e+07 7.97905e+06 1.45805e+06 0 1.44346e+07 0 1.76423e+07 1.44346e+07 7.97905e+06 1.45805e+06 0.0193618 0.0105526 0.0211832 0.0212854 0.023796
52 81 2 -0.254287 1.92546 0.00151679 0.0202628 1.88141e+06 7.85001e+06 3.5503e+06 648761 0 6.42274e+06 0 7.85001e+06 6.42274e+06 3.5503e+06 648761 0.0180221 0.0130496 0.0118467 0.0327748 0.0244143
32 82 0 0.357276 1.20631 0.00381642 0.0125379 1.88985e+07 7.88524e+07 3.56623e+07 6.51673e+06 0 6.45156e+07 0 7.88524e+07 6.45156e+07 3.56623e+07 6.51673e+06 0.00235599 -0.00441638 0.00481953 0.00569712 0.0333129
33 82 1 0.165077 0.972885 0.00204646 0.0104147 1.0629e+07 4.43486e+07 2.00574e+07 3.66518e+06 0 3.62852e+07 0 4.43486e+07 3.62852e+07 2.00574e+07 3.66518e+06 0.00547595 0.00831844 0.00389694 0.00928147 0.0396864
24 82 2 0.423502 0.86042 0.00290162 0.0102355 1.63112e+07 6.80572e+07 3.078e+07 5.62456e+06 0 5.56831e+07 0 6.80572e+07 5.56831e+07 3.078e+07 5.62456e+06 0.00353348 -0.00296696 0.00159768 0.0062019 0.0418205
74 83 0 -1.12051 1.4008 -0.00640136 0.0134248 1.64516e+07 6.8643e+07 3.1045e+07 5.67297e+06 0 5.61624e+07 0 6.8643e+07 5.61624e+07 3.1045e+07 5.67297e+06 0.00241951 0.00132479 -0.00513065 0.00461837 0.0288636
73 83 1 -1.19905 1.1077 -0.00664601 0.0112601 1.95195e+07 8.14436e+07 3.68343e+07 6.73088e+06 0 6.66357e+07 0 8.14436e+07 6.66357e+07 3.68343e+07 6.73088e+06 0.00230682 0.00261833 0.00114646 0.00640158 0.0324106
67 83 2 -0.889739 1.2775 -0.00485698 0.0126911 9.03229e+06 3.76865e+07 1.70443e+07 3.11458e+06 0 3.08344e+07 0 3.76865e+07 3.08344e+07 1.70443e+07 3.11458e+06 0.00750368 -0.00053597 0.000461352 0.00949885 0.0303467
13 84 0 0.776646 0.417583 0.00403479 0.00521656 1.22621e+07 5.11625e+07 2.31391e+07 4.2283e+06 0 4.18602e+07 0 5.11625e+07 4.18602e+07 2.31391e+07 4.2283e+06 0.00568708 0.00168854 -0.00200688 0.00904525 0.0554678
20 84 1 0.549052 0.257069 0.00269856 0.00413863 1.18623e+07 4.94945e+07 2.23847e+07 4.09046e+06 0 4.04955e+07 0 4.94945e+07 4.04955e+07 2.23847e+07 4.09046e+06 0.00428771 -0.00569362 0.00451288 0.0100647 0.0693054
12 84 2 0.714286 3.49155e-24 3.22337e-27 5.16603e-26 8.51701e+06 3.55365e+07 1.6072e+07 2.9369e+06 0 2.90753e+07 0 3.55365e+07 2.90753e+07 1.6072e+07 2.9369e+06 0.00157075 -0.00351861 0.0202475 0.0162126 0.086179
38 85 0 -0.0231314 0.321646 -0.00086007 0.00446414 1.12565e+07 4.6967e+07 2.12416e+07 3.88157e+06 0 3.84275e+07 0 4.6967e+07 3.84275e+07 2.12416e+07 3.88157e+06 0.0056052 -0.000157189 -7.97469e-05 0.00681856 0.0693246
29 85 1 0.267534 0.307577 0.000885679 0.00513627 7.20021e+06 3.00423e+07 1.35871e+07 2.48283e+06 0 2.458e+07 0 3.00423e+07 2.458e+07 1.35871e+07 2.48283e+06 0.0109539 0.010124 0.0018547 0.0123995 0.0693241
31 85 2 0.135158 0.646056 0.00051742 0.00767934 1.35356e+07 5.64762e+07 2.55423e+07 4.66745e+06 0 4.62078e+07 0 5.64762e+07 4.62078e+07 2.55423e+07 4.66745e+06 0.0059432 0.00831018 0.00294132 0.00742808 0.0516169
30 86 0 0.142857 3.46317e-24 5.03747e-28 5.09884e-26 8.58989e+06 3.58406e+07 1.62095e+07 2.96203e+06 0 2.93241e+07 0 3.58406e+07 2.93241e+07 1.62095e+07 2.96203e+06 1.54765e-18 7.34315e-18 -0.000535827 0.0168949 0.094819
21 86 1 0.428571 3.78294e-24 4.93859e-27 4.22109e-26 3.4679e+06 1.44695e+07 6.54408e+06 1.19583e+06 0 1.18387e+07 0 1.44695e+07 1.18387e+07 6.54408e+06 1.19583e+06 -1.54765e-18 -7.34315e-18 0.00963948 0.0262994 0.0923844
29 86 2 0.267534 0.307577 0.000885679 0.00513627 7.20021e+06 3.00423e+07 1.35871e+07 2.48283e+06 0 2.458e+07 0 3.00423e+07 2.458e+07 1.35871e+07 2.48283e+06 0.0109539 0.010124 0.0018547 0.0123995 0.0693241
52 87 0 -0.254287 1.92546 0.00151679 0.0202628 1.88141e+06 7.85001e+06 3.5503e+06 648761 0 6.42274e+06 0 7.85001e+06 6.42274e+06 3.5503e+06 648761 0.0180221 0.0130496 0.0118467 0.0327748 0.0244143
45 87 1 -0.0333395 2.07669 0.00467958 0.022971 1.13581e+07 4.73906e+07 2.14332e+07 3.91658e+06 0 3.87741e+07 0 4.73906e+07 3.87741e+07 2.14332e+07 3.91658e+06 0.00575769 -0.0093126 0.00323377 0.00725856 0.023742
46 87 2 -0.210465 2.27595 0.00458105 0.0275549 7.73749e+06 3.2284e+07 1.4601e+07 2.6681e+06 0 2.64142e+07 0 3.2284e+07 2.64142e+07 1.4601e+07 2.6681e+06 0.0102957 -0.0235891 0.00863159 0.00921237 0.0234773
55 88 0 -0.721859 2.13361 -0.00594933 0.0254382 3.22349e+06 1.34497e+07 6.08287e+06 1.11155e+06 0 1.10043e+07 0 1.34497e+07 1.10043e+07 6.08287e+06 1.11155e+06 0.0109314 0.010099 0.00627768 0.0217878 0.0241045
62 88 1 -0.609402 1.8498 -0.00403025 0.0192616 3.85225e+06 1.60732e+07 7.26936e+06 1.32836e+06 0 1.31508e+07 0 1.60732e+07 1.31508e+07 7.26936e+06 1.32836e+06 0.00908062 -0.0185298 -0.0145142 0.0218458 0.0248492
54 88 2 -0.522276 2.22989 -0.000402513 0.0289134 4.22833e+06 1.76423e+07 7.97905e+06 1.45805e+06 0 1.44346e+07 0 1.76423e+07 1.44346e+07 7.97905e+06 1.45805e+06 0.0193618 0.0105526 0.0211832 0.0212854 0.023796
53 89 0 -0.368033 1.61762 -0.000890816 0.0143407 1.95393e+07 8.1526e+07 3.68715e+07 6.73769e+06 0 6.67031e+07 0 8.1526e+07 6.67031e+07 3.68715e+07 6.73769e+06 0.00159997 0.000186037 0.00276375 0.00599151 0.0266604
44 89 1 -0.0683988 1.59461 0.00140164 0.016624 5.3239e+06 2.22135e+07 1.00464e+07 1.83583e+06 0 1.81747e+07 0 2.22135e+07 1.81747e+07 1.00464e+07 1.83583e+06 0.014907 0.0193038 0.00424226 0.00927874 0.0271947
52 89 2 -0.254287 1.92546 0.00151679 0.0202628 1.88141e+06 7.85001e+06 3.5503e+06 648761 0 6.42274e+06 0 7.85001e+06 6.42274e+06 3.5503e+06 648761 0.0180221 0.0130496 0.0118467 0.0327748 0.0244143
54 90 0 -0.522276 2.22989 -0.000402513 0.0289134 4.22833e+06 1.76423e+07 7.97905e+06 1.45805e+06 0 1.44346e+07 0 1.76423e+07 1.44346e+07 7.97905e+06 1.45805e+06 0.0193618 0.0105526 0.0211832 0.0212854 0.023796
62 90 1 -0.609402 1.8498 -0.00403025 0.0192616 3.85225e+06 1.60732e+07 7.26936e+06 1.32836e+06 0 1.31508e+07 0 1.60732e+07 1.31508e+07 7.26936e+06 1.32836e+06 0.00908062 -0.0185298 -0.0145142 0.0218458 0.0248492
52 90 2 -0.254287 1.92546 0.00151679 0.0202628 1.88141e+06 7.85001e+06 3.5503e+06 648761 0 6.42274e+06 0 7.85001e+06 6.42274e+06 3.5503e+06 648761 0.0180221 0.0130496 0.0118467 0.0327748 0.0244143
53 91 0 -0.368033 1.61762 -0.000890816 0.0143407 1.95393e+07 8.1526e+07 3.68715e+07 6.73769e+06 0 6.67031e+07 0 8.1526e+07 6.67031e+07 3.68715e+07 6.73769e+06 0.00159997 0.000186037 0.00276375 0.00599151 0.0266604
50 91 1 -0.30486 1.27088 -0.00166204 0.0118721 1.7351e+07 7.23956e+07 3.27422e+07 5.98311e+06 0 5.92328e+07 0 7.23956e+07 5.92328e+07 3.27422e+07 5.98311e+06 0.00308881 0.00125594 0.00253895 0.00851035 0.0315589
44 91 2 -0.0683988 1.59461 0.00140164 0.016624 5.3239e+06 2.22135e+07 1.00464e+07 1.83583e+06 0 1.81747e+07 0 2.22135e+07 1.81747e+07 1.00464e+07 1.83583e+06 0.014907 0.0193038 0.00424226 0.00927874 0.0271947
45 92 0 -0.0333395 2.07669 0.00467958 0.022971 1.13581e+07 4.73906e+07 2.14332e+07 3.91658e+06 0 3.87741e+07 0 4.73906e+07 3.87741e+07 2.14332e+07 3.91658e+06 0.00575769 -0.0093126 0.00323377 0.00725856 0.023742
52 92 1 -0.254287 1.92546 0.00151679 0.0202628 1.88141e+06 7.85001e+06 3.5503e+06 648761 0 6.42274e+06 0 7.85001e+06 6.42274e+06 3.5503e+06 648761 0.0180221 0.0130496 0.0118467 0.0327748 0.0244143
43 92 2 0.159709 1.90556 0.00502 0.019632 1.53452e+07 6.40266e+07 2.89571e+07 5.29145e+06 0 5.23854e+07 0 6.40266e+07 5.23854e+07 2.89571e+07 5.29145e+06 0.000464426 -0.014161 -0.000193177 0.00528454 0.024602
62 93 0 -0.609402 1.8498 -0.00403025 0.0192616 3.85225e+06 1.60732e+07 7.26936e+06 1.32836e+06 0 1.31508e+07 0 1.60732e+07 1.31508e+07 7.26936e+06 1.32836e+06 0.00908062 -0.0185298 -0.0145142 0.0218458 0.0248492
53 93 1 -0.368033 1.61762 -0.000890816 0.0143407 1.95393e+07 8.1526e+07 3.68715e+07 6.73769e+06 0 6.67031e+07 0 8.1526e+07 6.67031e+07 3.68715e+07 6.73769e+06 0.00159997 0.000186037 0.00276375 0.00599151 0.0266604
52 93 2 -0.254287 1.92546 0.00151679 0.0202628 1.88141e+06 7.85001e+06 3.5503e+06 648761 0 6.42274e+06 0 7.85001e+06 6.42274e+06 3.5503e+06 648761 0.0180221 0.0130496 0.0118467 0.0327748 0.0244143
63 94 0 -0.920538 2.03549 -0.00708423 0.0226683 2.44224e+07 1.019e+08 4.60862e+07 8.42152e+06 0 8.33731e+07 0 1.019e+08 8.33731e+07 4.60862e+07 8.42152e+06 -0.00149198 -0.0110231 -0.000236903 -0.00209231 0.0246249
62 94 1 -0.609402 1.8498 -0.00403025 0.0192616 3.85225e+06 1.60732e+07 7.26936e+06 1.32836e+06 0 1.31508e+07 0 1.60732e+07 1.31508e+07 7.26936e+06 1.32836e+06 0.00908062 -0.0185298 -0.0145142 0.0218458 0.0248492
55 94 2 -0.721859 2.13361 -0.00594933 0.0254382 3.22349e+06 1.34497e+07 6.08287e+06 1.11155e+06 0 1.10043e+07 0 1.34497e+07 1.10043e+07 6.08287e+06 1.11155e+06 0.0109314 0.010099 0.00627768 0.0217878 0.0241045
68 95 0 -0.901337 1.64151 -0.00595717 0.018392 2.32149e+06 9.6862e+06 4.38075e+06 800513 0 7.92508e+06 0 9.6862e+06 7.92508e+06 4.38075e+06 800513 0.0169528 0.0145222 -0.0088181 0.0222248 0.0264393
60 95 1 -0.618507 1.46626 -0.00247437 0.0139387 1.24632e+07 5.20015e+07 2.35186e+07 4.29765e+06 0 4.25467e+07 0 5.20015e+07 4.25467e+07 2.35186e+07 4.29765e+06 0.00656699 -0.00479929 0.00464606 0.00695558 0.02807
62 95 2 -0.609402 1.8498 -0.00403025 0.0192616 3.85225e+06 1.60732e+07 7.26936e+06 1.32836e+06 0 1.31508e+07 0 1.60732e+07 1.31508e+07 7.26936e+06 1.32836e+06 0.00908062 -0.0185298 -0.0145142 0.0218458 0.0248492
60 96 0 -0.618507 1.46626 -0.00247437 0.0139387 1.24632e+07 5.20015e+07 2.35186e+07 4.29765e+06 0 4.25467e+07 0 5.20015e+07 4.25467e+07 2.35186e+07 4.29765e+06 0.00656699 -0.00479929 0.00464606 0.00695558 0.02807
59 96 1 -0.629515 1.12622 -0.00335818 0.0112035 1.44666e+07 6.03605e+07 2.72991e+07 4.98847e+06 0 4.93859e+07 0 6.03605e+07 4.93859e+07 2.72991e+07 4.98847e+06 0.00451921 -0.000630717 0.00187802 0.0076102 0.0334695
50 96 2 -0.30486 1.27088 -0.00166204 0.0118721 1.7351e+07 7.23956e+07 3.27422e+07 5.98311e+06 0 5.92328e+07 0 7.23956e+07 5.92328e+07 3.27422e+07 5.98311e+06 0.00308881 0.00125594 0.00253895 0.00851035 0.0315589
62 97 0 -0.609402 1.8498 -0.00403025 0.0192616 3.85225e+06 1.60732e+07 7.26936e+06 1.32836e+06 0 1.31508e+07 0 1.60732e+07 1.31508e+07 7.26936e+06 1.32836e+06 0.00908062 -0.0185298 -0.0145142 0.0218458 0.0248492
60 97 1 -0.618507 1.46626 -0.00247437 0.0139387 1.24632e+07 5.20015e+07 2.35186e+07 4.29765e+06 0 4.25467e+07 0 5.20015e+07 4.25467e+07 2.35186e+07 4.29765e+06 0.00656699 -0.00479929 0.00464606 0.00695558 0.02807
53 97 2 -0.368033 1.61762 -0.000890816 0.0143407 1.95393e+07 8.1526e+07 3.68715e+07 6.73769e+06 0 6.67031e+07 0 8.1526e+07 6.67031e+07 3.68715e+07 6.73769e+06 0.00159997 0.000186037 0.00276375 0.00599151 0.0266604
68 98 0 -0.901337 1.64151 -0.00595717 0.018392 2.32149e+06 9.6862e+06 4.38075e+06 800513 0 7.92508e+06 0 9.6862e+06 7.92508e+06 4.38075e+06 800513 0.0169528 0.0145222 -0.0088181 0.0222248 0.0264393
67 98 1 -0.889739 1.2775 -0.00485698 0.0126911 9.03229e+06 3.76865e+07 1.70443e+07 3.11458e+06 0 3.08344e+07 0 3.76865e+07 3.08344e+07 1.70443e+07 3.11458e+06 0.00750368 -0.00053597 0.000461352 0.00949885 0.0303467
60 98 2 -0.618507 1.46626 -0.00247437 0.0139387 1.24632e+07 5.20015e+07 2.35186e+07 4.29765e+06 0 4.25467e+07 0 5.20015e+07 4.25467e+07 2.35186e+07 4.29765e+06 0.00656699 -0.00479929 0.00464606 0.00695558 0.02807
68 99 0 -0.901337 1.64151 -0.00595717 0.018392 2.32149e+06 9.6862e+06 4.38075e+06 800513 0 7.92508e+06 0 9.6862e+06 7.92508e+06 4.38075e+06 800513 0.0169528 0.0145222 -0.0088181 0.0222248 0.0264393
63 99 1 -0.920538 2.03549 -0.00708423 0.0226683 2.44224e+07 1.019e+08 4.60862e+07 8.42152e+06 0 8.33731e+07 0 1.019e+08 8.33731e+07 4.60862e+07 8.42152e+06 -0.00149198 -0.0110231 -0.000236903 -0.00209231 0.0246249
71 99 2 -1.09548 1.82728 -0.00893306 0.021384 2.68718e+06 1.1212e+07 5.07083e+06 926614 0 9.17348e+06 0 1.1212e+07 9.17348e+06 5.07083e+06 926614 0.0169942 0.00714569 0.00497109 0.017687 0.0257807
79 100 0 -1.51401 0.154875 -0.0113409 0.000688268 8.56568e+06 3.57396e+07 1.61638e+07 2.95368e+06 0 2.92415e+07 0 3.57396e+07 2.92415e+07 1.61638e+07 2.95368e+06 0.00784498 0.00621134 0.00201504 0.0119329 0.0446212
72 100 1 -1.25808 0.073876 -0.00790433 -0.00279936 1.21488e+06 5.06899e+06 2.29254e+06 418925 0 4.14736e+06 0 5.06899e+06 4.14736e+06 2.29254e+06 418925 0.0166572 -0.00368822 -0.010227 0.0405833 0.0507083
70 100 2 -1.29147 0.445496 -0.00831447 0.00524907 1.23691e+07 5.16089e+07 2.3341e+07 4.2652e+06 0 4.22254e+07 0 5.16089e+07 4.22254e+07 2.3341e+07 4.2652e+06 0.00469582 0.0063588 0.00420998 0.00643001 0.0435137
64 101 0 -0.979019 0.267479 -0.00571624 0.00363173 3.76118e+06 1.56932e+07 7.09752e+06 1.29696e+06 0 1.28399e+07 0 1.56932e+07 1.28399e+07 7.09752e+06 1.29696e+06 0.0133308 0.00226294 -0.00745275 0.0160874 0.056405
72 101 1 -1.25808 0.073876 -0.00790433 -0.00279936 1.21488e+06 5.06899e+06 2.29254e+06 418925 0 4.14736e+06 0 5.06899e+06 4.14736e+06 2.29254e+06 418925 0.0166572 -0.00368822 -0.010227 0.0405833 0.0507083
65 101 2 -1 2.50656e-24 -1.30686e-26 3.63429e-26 1.14149e+07 4.76275e+07 2.15404e+07 3.93616e+06 0 3.8968e+07 0 4.76275e+07 3.8968e+07 2.15404e+07 3.93616e+06 6.61833e-18 -2.03032e-18 -0.0412004 0.00559248 0.0686301
57 102 0 -0.714286 3.543e-24 -4.50106e-27 4.82274e-26 9.2561e+06 3.86203e+07 1.74667e+07 3.19176e+06 0 3.15984e+07 0 3.86203e+07 3.15984e+07 1.74667e+07 3.19176e+06 0.00304989 0.0012003 -0.0190763 0.0144955 0.0851843
64 102 1 -0.979019 0.267479 -0.00571624 0.00363173 3.76118e+06 1.56932e+07 7.09752e+06 1.29696e+06 0 1.28399e+07 0 1.56932e+07 1.28399e+07 7.09752e+06 1.29696e+06 0.0133308 0.00226294 -0.00745275 0.0160874 0.056405
65 102 2 -1 2.50656e-24 -1.30686e-26 3.63429e-26 1.14149e+07 4.76275e+07 2.15404e+07 3.93616e+06 0 3.8968e+07 0 4.76275e+07 3.8968e+07 2.15404e+07 3.93616e+06 6.61833e-18 -2.03032e-18 -0.0412004 0.00559248 0.0686301
61 103 0 -0.92306 0.586522 -0.00570074 0.0070273 1.32936e+07 5.54662e+07 2.50855e+07 4.58399e+06 0 4.53815e+07 0 5.54662e+07 4.53815e+07 2.50855e+07 4.58399e+06 0.00623274 -0.00147278 6.05324e-05 0.00670806 0.0455827
69 103 1 -1.2578 0.785336 -0.00762263 0.00863983 1.22622e+07 5.11628e+07 2.31393e+07 4.22833e+06 0 4.18605e+07 0 5.11628e+07 4.18605e+07 2.31393e+07 4.22833e+06 0.00463537 0.00139401 0.0025402 0.010141 0.037354
70 103 2 -1.29147 0.445496 -0.00831447 0.00524907 1.23691e+07 5.16089e+07 2.3341e+07 4.2652e+06 0 4.22254e+07 0 5.16089e+07 4.22254e+07 2.3341e+07 4.2652e+06 0.00469582 0.0063588 0.00420998 0.00643001 0.0435137
70 104 0 -1.29147 0.445496 -0.00831447 0.00524907 1.23691e+07 5.16089e+07 2.3341e+07 4.2652e+06 0 4.22254e+07 0 5.16089e+07 4.22254e+07 2.3341e+07 4.2652e+06 0.00469582 0.0063588 0.00420998 0.00643001 0.0435137
69 104 1 -1.2578 0.785336 -0.00762263 0.00863983 1.22622e+07 5.11628e+07 2.31393e+07 4.22833e+06 0 4.18605e+07 0 5.11628e+07 4.18605e+07 2.31393e+07 4.22833e+06 0.00463537 0.00139401 0.0025402 0.010141 0.037354
76 104 2 -1.62777 0.72008 -0.0118441 0.00843926 2.36862e+06 9.88287e+06 4.4697e+06 816767 0 8.08599e+06 0 9.88287e+06 8.08599e+06 4.4697e+06 816767 0.0190376 -0.000680584 -0.000851755 0.0237609 0.0375171
79 105 0 -1.51401 0.154875 -0.0113409 0.000688268 8.56568e+06 3.57396e+07 1.61638e+07 2.95368e+06 0 2.92415e+07 0 3.57396e+07 2.92415e+07 1.61638e+07 2.95368e+06 0.00784498 0.00621134 0.00201504 0.0119329 0.0446212
70 105 1 -1.29147 0.445496 -0.00831447 0.00524907 1.23691e+07 5.16089e+07 2.3341e+07 4.2652e+06 0 4.22254e+07 0 5.16089e+07 4.22254e+07 2.3341e+07 4.2652e+06 0.00469582 0.0063588 0.00420998 0.00643001 0.0435137
78 105 2 -1.59258 0.433112 -0.0107816 0.00349954 6.94177e+06 2.89639e+07 1.30994e+07 2.39371e+06 0 2.36978e+07 0 2.89639e+07 2.36978e+07 1.30994e+07 2.39371e+06 0.0116332 0.00453926 -0.00279223 0.0111392 0.0411182
64 106 0 -0.979019 0.267479 -0.00571624 0.00363173 3.76118e+06 1.56932e+07 7.09752e+06 1.29696e+06 0 1.28399e+07 0 1.56932e+07 1.28399e+07 7.09752e+06 1.29696e+06 0.0133308 0.00226294 -0.00745275 0.0160874 0.056405
61 106 1 -0.92306 0.586522 -0.00570074 0.0070273 1.32936e+07 5.54662e+07 2.50855e+07 4.58399e+06 0 4.53815e+07 0 5.54662e+07 4.53815e+07 2.50855e+07 4.58399e+06 0.00623274 -0.00147278 6.05324e-05 0.00670806 0.0455827
70 106 2 -1.29147 0.445496 -0.00831447 0.00524907 1.23691e+07 5.16089e+07 2.3341e+07 4.2652e+06 0 4.22254e+07 0 5.16089e+07 4.22254e+07 2.3341e+07 4.2652e+06 0.00469582 0.0063588 0.00420998 0.00643001 0.0435137
72 107 0 -1.25808 0.073876 -0.00790433 -0.00279936 1.21488e+06 5.06899e+06 2.29254e+06 418925 0 4.14736e+06 0 5.06899e+06 4.14736e+06 2.29254e+06 418925 0.0166572 -0.00368822 -0.010227 0.0405833 0.0507083
64 107 1 -0.979019 0.267479 -0.00571624 0.00363173 3.76118e+06 1.56932e+07 7.09752e+06 1.29696e+06 0 1.28399e+07 0 1.56932e+07 1.28399e+07 7.09752e+06 1.29696e+06 0.0133308 0.00226294 -0.00745275 0.0160874 0.056405
70 107 2 -1.29147 0.445496 -0.00831447 0.00524907 1.23691e+07 5.16089e+07 2.3341e+07 4.2652e+06 0 4.22254e+07 0 5.16089e+07 4.22254e+07 2.3341e+07 4.2652e+06 0.00469582 0.0063588 0.00420998 0.00643001 0.0435137
74 108 0 -1.12051 1.4008 -0.00640136 0.0134248 1.64516e+07 6.8643e+07 3.1045e+07 5.67297e+06 0 5.61624e+07 0 6.8643e+07 5.61624e+07 3.1045e+07 5.67297e+06 0.00241951 0.00132479 -0.00513065 0.00461837 0.0288636
68 108 1 -0.901337 1.64151 -0.00595717 0.018392 2.32149e+06 9.6862e+06 4.38075e+06 800513 0 7.92508e+06 0 9.6862e+06 7.92508e+06 4.38075e+06 800513 0.0169528 0.0145222 -0.0088181 0.0222248 0.0264393
75 108 2 -1.26802 1.61707 -0.00958496 0.0151215 9.10953e+06 3.80087e+07 1.71901e+07 3.14122e+06 0 3.10981e+07 0 3.80087e+07 3.10981e+07 1.71901e+07 3.14122e+06 0.0047174 0.000992095 -0.0194423 0.0126531 0.0275235
59 109 0 -0.629515 1.12622 -0.00335818 0.0112035 1.44666e+07 6.03605e+07 2.72991e+07 4.98847e+06 0 4.93859e+07 0 6.03605e+07 4.93859e+07 2.72991e+07 4.98847e+06 0.00451921 -0.000630717 0.00187802 0.0076102 0.0334695
67 109 1 -0.889739 1.2775 -0.00485698 0.0126911 9.03229e+06 3.76865e+07 1.70443e+07 3.11458e+06 0 3.08344e+07 0 3.76865e+07 3.08344e+07 1.70443e+07 3.11458e+06 0.00750368 -0.00053597 0.000461352 0.00949885 0.0303467
66 109 2 -0.944202 0.943801 -0.00559906 0.0098583 1.12943e+07 4.71247e+07 2.13129e+07 3.8946e+06 0 3.85566e+07 0 4.71247e+07 3.85566e+07 2.13129e+07 3.8946e+06 0.00719937 -0.00318801 0.00158658 0.0080869 0.0359695
59 110 0 -0.629515 1.12622 -0.00335818 0.0112035 1.44666e+07 6.03605e+07 2.72991e+07 4.98847e+06 0 4.93859e+07 0 6.03605e+07 4.93859e+07 2.72991e+07 4.98847e+06 0.00451921 -0.000630717 0.00187802 0.0076102 0.0334695
60 110 1 -0.618507 1.46626 -0.00247437 0.0139387 1.24632e+07 5.20015e+07 2.35186e+07 4.29765e+06 0 4.25467e+07 0 5.20015e+07 4.25467e+07 2.35186e+07 4.29765e+06 0.00656699 -0.00479929 0.00464606 0.00695558 0.02807
67 110 2 -0.889739 1.2775 -0.00485698 0.0126911 9.03229e+06 3.76865e+07 1.70443e+07 3.11458e+06 0 3.08344e+07 0 3.76865e+07 3.08344e+07 1.70443e+07 3.11458e+06 0.00750368 -0.00053597 0.000461352 0.00949885 0.0303467
56 111 0 -0.659154 0.300724 -0.00313841 0.00353433 1.17671e+07 4.90973e+07 2.22051e+07 4.05763e+06 0 4.01705e+07 0 4.90973e+07 4.01705e+07 2.22051e+07 4.05763e+06 0.00493114 -0.00369078 -0.0047368 0.00898266 0.0635885
61 111 1 -0.92306 0.586522 -0.00570074 0.0070273 1.32936e+07 5.54662e+07 2.50855e+07 4.58399e+06 0 4.53815e+07 0 5.54662e+07 4.53815e+07 2.50855e+07 4.58399e+06 0.00623274 -0.00147278 6.05324e-05 0.00670806 0.0455827
64 111 2 -0.979019 0.267479 -0.00571624 0.00363173 3.76118e+06 1.56932e+07 7.09752e+06 1.29696e+06 0 1.28399e+07 0 1.56932e+07 1.28399e+07 7.09752e+06 1.29696e+06 0.0133308 0.00226294 -0.00745275 0.0160874 0.056405
48 112 0 -0.428571 3.51742e-24 -7.54546e-28 5.95466e-26 1.3864e+07 5.78465e+07 2.61621e+07 4.7807e+06 0 4.7329e+07 0 5.78465e+07 4.7329e+07 2.61621e+07 4.7807e+06 0.000328245 0.00144219 -0.0121028 0.0127987 0.0917524
56 112 1 -0.659154 0.300724 -0.00313841 0.00353433 1.17671e+07 4.90973e+07 2.22051e+07 4.05763e+06 0 4.01705e+07 0 4.90973e+07 4.01705e+07 2.22051e+07 4.05763e+06 0.00493114 -0.00369078 -0.0047368 0.00898266 0.0635885
57 112 2 -0.714286 3.543e-24 -4.50106e-27 4.82274e-26 9.2561e+06 3.86203e+07 1.74667e+07 3.19176e+06 0 3.15984e+07 0 3.86203e+07 3.15984e+07 1.74667e+07 3.19176e+06 0.00304989 0.0012003 -0.0190763 0.0144955 0.0851843
51 113 0 -0.535764 0.582439 -0.00309804 0.00599866 1.03057e+07 4.29995e+07 1.94472e+07 3.55368e+06 0 3.51814e+07 0 4.29995e+07 3.51814e+07 1.94472e+07 3.55368e+06 0.0069586 -0.000376491 0.00312858 0.0103013 0.0508637
61 113 1 -0.92306 0.586522 -0.00570074 0.0070273 1.32936e+07 5.54662e+07 2.50855e+07 4.58399e+06 0 4.53815e+07 0 5.54662e+07 4.53815e+07 2.50855e+07 4.58399e+06 0.00623274 -0.00147278 6.05324e-05 0.00670806 0.0455827
56 113 2 -0.659154 0.300724 -0.00313841 0.00353433 1.17671e+07 4.90973e+07 2.22051e+07 4.05763e+06 0 4.01705e+07 0 4.90973e+07 4.01705e+07 2.22051e+07 4.05763e+06 0.00493114 -0.00369078 -0.0047368 0.00898266 0.0635885
47 114 0 -0.331914 0.306617 -0.00204224 0.00357547 1.73747e+07 7.24945e+07 3.27869e+07 5.99128e+06 0 5.93137e+07 0 7.24945e+07 5.93137e+07 3.27869e+07 5.99128e+06 0.00188812 0.00361968 -0.00191698 0.00892768 0.0684744
51 114 1 -0.535764 0.582439 -0.00309804 0.00599866 1.03057e+07 4.29995e+07 1.94472e+07 3.55368e+06 0 3.51814e+07 0 4.29995e+07 3.51814e+07 1.94472e+07 3.55368e+06 0.0069586 -0.000376491 0.00312858 0.0103013 0.0508637
56 114 2 -0.659154 0.300724 -0.00313841 0.00353433 1.17671e+07 4.90973e+07 2.22051e+07 4.05763e+06 0 4.01705e+07 0 4.90973e+07 4.01705e+07 2.22051e+07 4.05763e+06 0.00493114 -0.00369078 -0.0047368 0.00898266 0.0635885
39 115 0 -0.142857 3.6286e-24 -3.46423e-27 4.57769e-26 5.39003e+06 2.24894e+07 1.01712e+07 1.85863e+06 0 1.84005e+07 0 2.24894e+07 1.84005e+07 1.01712e+07 1.85863e+06 9.24493e-26 -8.46246e-25 -0.0094836 0.0193932 0.094622
47 115 1 -0.331914 0.306617 -0.00204224 0.00357547 1.73747e+07 7.24945e+07 3.27869e+07 5.99128e+06 0 5.93137e+07 0 7.24945e+07 5.93137e+07 3.27869e+07 5.99128e+06 0.00188812 0.00361968 -0.00191698 0.00892768 0.0684744
48 115 2 -0.428571 3.51742e-24 -7.54546e-28 5.95466e-26 1.3864e+07 5.78465e+07 2.61621e+07 4.7807e+06 0 4.7329e+07 0 5.78465e+07 4.7329e+07 2.61621e+07 4.7807e+06 0.000328245 0.00144219 -0.0121028 0.0127987 0.0917524
38 116 0 -0.0231314 0.321646 -0.00086007 0.00446414 1.12565e+07 4.6967e+07 2.12416e+07 3.88157e+06 0 3.84275e+07 0 4.6967e+07 3.84275e+07 2.12416e+07 3.88157e+06 0.0056052 -0.000157189 -7.97469e-05 0.00681856 0.0693246
41 116 1 -0.203093 0.620586 -0.00141904 0.00630063 1.66489e+07 6.94662e+07 3.14173e+07 5.74101e+06 0 5.6836e+07 0 6.94662e+07 5.6836e+07 3.14173e+07 5.74101e+06 0.00381819 -0.000410916 0.0015008 0.00765435 0.0517902
47 116 2 -0.331914 0.306617 -0.00204224 0.00357547 1.73747e+07 7.24945e+07 3.27869e+07 5.99128e+06 0 5.93137e+07 0 7.24945e+07 5.93137e+07 3.27869e+07 5.99128e+06 0.00188812 0.00361968 -0.00191698 0.00892768 0.0684744
47 117 0 -0.331914 0.306617 -0.00204224 0.00357547 1.73747e+07 7.24945e+07 3.27869e+07 5.99128e+06 0 5.93137e+07 0 7.24945e+07 5.93137e+07 3.27869e+07 5.99128e+06 0.00188812 0.00361968 -0.00191698 0.00892768 0.0684744
41 117 1 -0.203093 0.620586 -0.00141904 0.00630063 1.66489e+07 6.94662e+07 3.14173e+07 5.74101e+06 0 5.6836e+07 0 6.94662e+07 5.6836e+07 3.14173e+07 5.74101e+06 0.00381819 -0.000410916 0.0015008 0.00765435 0.0517902
51 117 2 -0.535764 0.582439 -0.00309804 0.00599866 1.03057e+07 4.29995e+07 1.94472e+07 3.55368e+06 0 3.51814e+07 0 4.29995e+07 3.51814e+07 1.94472e+07 3.55368e+06 0.0069586 -0.000376491 0.00312858 0.0103013 0.0508637
53 118 0 -0.368033 1.61762 -0.000890816 0.0143407 1.95393e+07 8.1526e+07 3.68715e+07 6.73769e+06 0 6.67031e+07 0 8.1526e+07 6.67031e+07 3.68715e+07 6.73769e+06 0.00159997 0.000186037 0.00276375 0.00599151 0.0266604
60 118 1 -0.618507 1.46626 -0.00247437 0.0139387 1.24632e+07 5.20015e+07 2.35186e+07 4.29765e+06 0 4.25467e+07 0 5.20015e+07 4.25467e+07 2.35186e+07 4.29765e+06 0.00656699 -0.00479929 0.00464606 0.00695558 0.02807
50 118 2 -0.30486 1.27088 -0.00166204 0.0118721 1.7351e+07 7.23956e+07 3.27422e+07 5.98311e+06 0 5.92328e+07 0 7.23956e+07 5.92328e+07 3.27422e+07 5.98311e+06 0.00308881 0.00125594 0.00253895 0.00851035 0.0315589
77 119 0 -1.53263 1.0286 -0.00913627 0.013238 5.3125e+06 2.2166e+07 1.00249e+07 1.8319e+06 0 1.81358e+07 0 2.2166e+07 1.81358e+07 1.00249e+07 1.8319e+06 0.0112693 -0.0186116 0.00456712 0.0110341 0.0339015
76 119 1 -1.62777 0.72008 -0.0118441 0.00843926 2.36862e+06 9.88287e+06 4.4697e+06 816767 0 8.08599e+06 0 9.88287e+06 8.08599e+06 4.4697e+06 816767 0.0190376 -0.000680584 -0.000851755 0.0237609 0.0375171
69 119 2 -1.2578 0.785336 -0.00762263 0.00863983 1.22622e+07 5.11628e+07 2.31393e+07 4.22833e+06 0 4.18605e+07 0 5.11628e+07 4.18605e+07 2.31393e+07 4.22833e+06 0.00463537 0.00139401 0.0025402 0.010141 0.037354
51 120 0 -0.535764 0.582439 -0.00309804 0.00599866 1.03057e+07 4.29995e+07 1.94472e+07 3.55368e+06 0 3.51814e+07 0 4.29995e+07 3.51814e+07 1.94472e+07 3.55368e+06 0.0069586 -0.000376491 0.00312858 0.0103013 0.0508637
41 120 1 -0.203093 0.620586 -0.00141904 0.00630063 1.66489e+07 6.94662e+07 3.14173e+07 5.74101e+06 0 5.6836e+07 0 6.94662e+07 5.6836e+07 3.14173e+07 5.74101e+06 0.00381819 -0.000410916 0.0015008 0.00765435 0.0517902
49 120 2 -0.400652 0.904748 -0.00240742 0.00892499 1.7034e+07 7.10727e+07 3.21438e+07 5.87378e+06 0 5.81504e+07 0 7.10727e+07 5.81504e+07 3.21438e+07 5.87378e+06 0.00372665 -0.00400266 -0.00321183 0.00774812 0.0399516
61 121 0 -0.92306 0.586522 -0.00570074 0.0070273 1.32936e+07 5.54662e+07 2.50855e+07 4.58399e+06 0 4.53815e+07 0 5.54662e+07 4.53815e+07 2.50855e+07 4.58399e+06 0.00623274 -0.00147278 6.05324e-05 0.00670806 0.0455827
51 121 1 -0.535764 0.582439 -0.00309804 0.00599866 1.03057e+07 4.29995e+07 1.94472e+07 3.55368e+06 0 3.51814e+07 0 4.29995e+07 3.51814e+07 1.94472e+07 3.55368e+06 0.0069586 -0.000376491 0.00312858 0.0103013 0.0508637
58 121 2 -0.693843 0.81969 -0.00386356 0.00857308 8.50626e+06 3.54916e+07 1.60517e+07 2.93319e+06 0 2.90386e+07 0 3.54916e+07 2.90386e+07 1.60517e+07 2.93319e+06 0.00878646 0.000231837 0.000908965 0.0113043 0.0407188
69 122 0 -1.2578 0.785336 -0.00762263 0.00863983 1.22622e+07 5.11628e+07 2.31393e+07 4.22833e+06 0 4.18605e+07 0 5.11628e+07 4.18605e+07 2.31393e+07 4.22833e+06 0.00463537 0.00139401 0.0025402 0.010141 0.037354
61 122 1 -0.92306 0.586522 -0.00570074 0.0070273 1.32936e+07 5.54662e+07 2.50855e+07 4.58399e+06 0 4.53815e+07 0 5.54662e+07 4.53815e+07 2.50855e+07 4.58399e+06 0.00623274 -0.00147278 6.05324e-05 0.00670806 0.0455827
66 122 2 -0.944202 0.943801 -0.00559906 0.0098583 1.12943e+07 4.71247e+07 2.13129e+07 3.8946e+06 0 3.85566e+07 0 4.71247e+07 3.85566e+07 2.13129e+07 3.8946e+06 0.00719937 -0.00318801 0.00158658 0.0080869 0.0359695
73 123 0 -1.19905 1.1077 -0.00664601 0.0112601 1.95195e+07 8.14436e+07 3.68343e+07 6.73088e+06 0 6.66357e+07 0 8.14436e+07 6.66357e+07 3.68343e+07 6.73088e+06 0.00230682 0.00261833 0.00114646 0.00640158 0.0324106
69 123 1 -1.2578 0.785336 -0.00762263 0.00863983 1.22622e+07 5.11628e+07 2.31393e+07 4.22833e+06 0 4.18605e+07 0 5.11628e+07 4.18605e+07 2.31393e+07 4.22833e+06 0.00463537 0.00139401 0.0025402 0.010141 0.037354
66 123 2 -0.944202 0.943801 -0.00559906 0.0098583 1.12943e+07 4.71247e+07 2.13129e+07 3.8946e+06 0 3.85566e+07 0 4.71247e+07 3.85566e+07 2.13129e+07 3.8946e+06 0.00719937 -0.00318801 0.00158658 0.0080869 0.0359695
67 124 0 -0.889739 1.2775 -0.00485698 0.0126911 9.03229e+06 3.76865e+07 1.70443e+07 3.11458e+06 0 3.08344e+07 0 3.76865e+07 3.08344e+07 1.70443e+07 3.11458e+06 0.00750368 -0.00053597 0.000461352 0.00949885 0.0303467
73 124 1 -1.19905 1.1077 -0.00664601 0.0112601 1.95195e+07 8.14436e+07 3.68343e+07 6.73088e+06 0 6.66357e+07 0 8.14436e+07 6.66357e+07 3.68343e+07 6.73088e+06 0.00230682 0.00261833 0.00114646 0.00640158 0.0324106
66 124 2 -0.944202 0.943801 -0.00559906 0.0098583 1.12943e+07 4.71247e+07 2.13129e+07 3.8946e+06 0 3.85566e+07 0 4.71247e+07 3.85566e+07 2.13129e+07 3.8946e+06 0.00719937 -0.00318801 0.00158658 0.0080869 0.0359695
80 125 0 -1.41177 1.32798 -0.00762916 0.0138073 1.22012e+07 5.09085e+07 2.30242e+07 4.20731e+06 0 4.16524e+07 0 5.09085e+07 4.16524e+07 2.30242e+07 4.20731e+06 0.00642427 -0.013854 -0.00164172 0.00587504 0.0303385
77 125 1 -1.53263 1.0286 -0.00913627 0.013238 5.3125e+06 2.2166e+07 1.00249e+07 1.8319e+06 0 1.81358e+07 0 2.2166e+07 1.81358e+07 1.00249e+07 1.8319e+06 0.0112693 -0.0186116 0.00456712 0.0110341 0.0339015
73 125 2 -1.19905 1.1077 -0.00664601 0.0112601 1.95195e+07 8.14436e+07 3.68343e+07 6.73088e+06 0 6.66357e+07 0 8.14436e+07 6.66357e+07 3.68343e+07 6.73088e+06 0.00230682 0.00261833 0.00114646 0.00640158 0.0324106
76 126 0 -1.62777 0.72008 -0.0118441 0.00843926 2.36862e+06 9.88287e+06 4.4697e+06 816767 0 8.08599e+06 0 9.88287e+06 8.08599e+06 4.4697e+06 816767 0.0190376 -0.000680584 -0.000851755 0.0237609 0.0375171
78 126 1 -1.59258 0.433112 -0.0107816 0.00349954 6.94177e+06 2.89639e+07 1.30994e+07 2.39371e+06 0 2.36978e+07 0 2.89639e+07 2.36978e+07 1.30994e+07 2.39371e+06 0.0116332 0.00453926 -0.00279223 0.0111392 0.0411182
70 126 2 -1.29147 0.445496 -0.00831447 0.00524907 1.23691e+07 5.16089e+07 2.3341e+07 4.2652e+06 0 4.22254e+07 0 5.16089e+07 4.22254e+07 2.3341e+07 4.2652e+06 0.00469582 0.0063588 0.00420998 0.00643001 0.0435137
64 127 0 -0.979019 0.267479 -0.00571624 0.00363173 3.76118e+06 1.56932e+07 7.09752e+06 1.29696e+06 0 1.28399e+07 0 1.56932e+07 1.28399e+07 7.09752e+06 1.29696e+06 0.0133308 0.00226294 -0.00745275 0.0160874 0.056405
57 127 1 -0.714286 3.543e-24 -4.50106e-27 4.82274e-26 9.2561e+06 3.86203e+07 1.74667e+07 3.19176e+06 0 3.15984e+07 0 3.86203e+07 3.15984e+07 1.74667e+07 3.19176e+06 0.00304989 0.0012003 -0.0190763 0.0144955 0.0851843
56 127 2 -0.659154 0.300724 -0.00313841 0.00353433 1.17671e+07 4.90973e+07 2.22051e+07 4.05763e+06 0 4.01705e+07 0 4.90973e+07 4.01705e+07 2.22051e+07 4.05763e+06 0.00493114 -0.00369078 -0.0047368 0.00898266 0.0635885
56 128 0 -0.659154 0.300724 -0.00313841 0.00353433 1.17671e+07 4.90973e+07 2.22051e+07 4.05763e+06 0 4.01705e+07 0 4.90973e+07 4.01705e+07 2.22051e+07 4.05763e+06 0.00493114 -0.00369078 -0.0047368 0.00898266 0.0635885
48 128 1 -0.428571 3.51742e-24 -7.54546e-28 5.95466e-26 1.3864e+07 5.78465e+07 2.61621e+07 4.7807e+06 0 4.7329e+07 0 5.78465e+07 4.7329e+07 2.61621e+07 4.7807e+06 0.000328245 0.00144219 -0.0121028 0.0127987 0.0917524
47 128 2 -0.331914 0.306617 -0.00204224 0.00357547 1.73747e+07 7.24945e+07 3.27869e+07 5.99128e+06 0 5.93137e+07 0 7.24945e+07 5.93137e+07 3.27869e+07 5.99128e+06 0.00188812 0.00361968 -0.00191698 0.00892768 0.0684744
