Index_Vertex nbTriangle nbInTr x y ux uy Elast AR BR IR GR ER FR A1 A2 B12 C3 Defxx Defxy Defyx Defyy Density 
63 0 0 -0.704539 0.22623 -0.00140491 0.00165582 2.02638e+07 8.45488e+07 3.82386e+07 6.9875e+06 0 6.91763e+07 0 8.45488e+07 6.91763e+07 3.82386e+07 6.9875e+06 0.00366703 0.00131126 -0.00098239 0.00353196 0.0985584
68 0 1 -0.919302 0.201309 -0.00240299 0.00140156 1.13478e+07 4.73477e+07 2.14138e+07 3.91303e+06 0 3.8739e+07 0 4.73477e+07 3.8739e+07 2.14138e+07 3.91303e+06 0.00441062 -0.000690597 -0.00106544 0.00624536 0.0973012
67 0 2 -0.8 2.29185e-24 -1.28628e-27 3.02734e-26 1.22213e+07 5.09924e+07 2.30622e+07 4.21425e+06 0 4.17211e+07 0 5.09924e+07 4.17211e+07 2.30622e+07 4.21425e+06 -1.089e-25 5.25612e-25 -0.0158726 0.0103441 0.115687
68 1 0 -0.919302 0.201309 -0.00240299 0.00140156 1.13478e+07 4.73477e+07 2.14138e+07 3.91303e+06 0 3.8739e+07 0 4.73477e+07 3.8739e+07 2.14138e+07 3.91303e+06 0.00441062 -0.000690597 -0.00106544 0.00624536 0.0973012
66 1 1 -1.01386 0.370235 -0.00260649 0.00199706 4.90422e+07 2.04624e+08 9.25448e+07 1.69111e+07 0 1.6742e+08 0 2.04624e+08 1.6742e+08 9.25448e+07 1.69111e+07 0.000717486 0.00264021 0.00152676 0.00189652 0.088111
69 1 2 -1.16986 0.218213 -0.00356796 0.00105478 9.09544e+06 3.79499e+07 1.71635e+07 3.13636e+06 0 3.10499e+07 0 3.79499e+07 3.10499e+07 1.71635e+07 3.13636e+06 0.00513847 0.00216673 0.00318133 0.0134627 0.092416
67 2 0 -0.8 2.29185e-24 -1.28628e-27 3.02734e-26 1.22213e+07 5.09924e+07 2.30622e+07 4.21425e+06 0 4.17211e+07 0 5.09924e+07 4.17211e+07 2.30622e+07 4.21425e+06 -1.089e-25 5.25612e-25 -0.0158726 0.0103441 0.115687
68 2 1 -0.919302 0.201309 -0.00240299 0.00140156 1.13478e+07 4.73477e+07 2.14138e+07 3.91303e+06 0 3.8739e+07 0 4.73477e+07 3.8739e+07 2.14138e+07 3.91303e+06 0.00441062 -0.000690597 -0.00106544 0.00624536 0.0973012
70 2 2 -1 9.67147e-25 7.10481e-27 2.67141e-26 2.39559e+07 9.99538e+07 4.52058e+07 8.26064e+06 0 8.17804e+07 0 9.99538e+07 8.17804e+07 4.52058e+07 8.26064e+06 0.00354141 0.00618591 -0.0291262 0.00270668 0.108921
63 3 0 -0.704539 0.22623 -0.00140491 0.00165582 2.02638e+07 8.45488e+07 3.82386e+07 6.9875e+06 0 6.91763e+07 0 8.45488e+07 6.91763e+07 3.82386e+07 6.9875e+06 0.00366703 0.00131126 -0.00098239 0.00353196 0.0985584
64 3 1 -0.815149 0.428277 -0.00195679 0.00235877 1.83376e+07 7.65123e+07 3.4604e+07 6.32333e+06 0 6.26009e+07 0 7.65123e+07 6.26009e+07 3.4604e+07 6.32333e+06 0.00516081 -0.00012715 9.58e-05 0.00316978 0.0864863
68 3 2 -0.919302 0.201309 -0.00240299 0.00140156 1.13478e+07 4.73477e+07 2.14138e+07 3.91303e+06 0 3.8739e+07 0 4.73477e+07 3.8739e+07 2.14138e+07 3.91303e+06 0.00441062 -0.000690597 -0.00106544 0.00624536 0.0973012
62 4 0 -0.6 2.18602e-24 -2.56006e-28 2.66272e-26 5.56368e+06 2.3214e+07 1.04989e+07 1.91851e+06 0 1.89933e+07 0 2.3214e+07 1.89933e+07 1.04989e+07 1.91851e+06 0.00376589 -0.00401781 -0.00853617 0.0113395 0.118436
63 4 1 -0.704539 0.22623 -0.00140491 0.00165582 2.02638e+07 8.45488e+07 3.82386e+07 6.9875e+06 0 6.91763e+07 0 8.45488e+07 6.91763e+07 3.82386e+07 6.9875e+06 0.00366703 0.00131126 -0.00098239 0.00353196 0.0985584
67 4 2 -0.8 2.29185e-24 -1.28628e-27 3.02734e-26 1.22213e+07 5.09924e+07 2.30622e+07 4.21425e+06 0 4.17211e+07 0 5.09924e+07 4.17211e+07 2.30622e+07 4.21425e+06 -1.089e-25 5.25612e-25 -0.0158726 0.0103441 0.115687
66 5 0 -1.01386 0.370235 -0.00260649 0.00199706 4.90422e+07 2.04624e+08 9.25448e+07 1.69111e+07 0 1.6742e+08 0 2.04624e+08 1.6742e+08 9.25448e+07 1.69111e+07 0.000717486 0.00264021 0.00152676 0.00189652 0.088111
65 5 1 -1.15154 0.503372 -0.00302905 0.00229909 3.24536e+07 1.3541e+08 6.12413e+07 1.11909e+07 0 1.1079e+08 0 1.3541e+08 1.1079e+08 6.12413e+07 1.11909e+07 0.001861 -9.35577e-05 -0.00381408 0.00305656 0.0839908
69 5 2 -1.16986 0.218213 -0.00356796 0.00105478 9.09544e+06 3.79499e+07 1.71635e+07 3.13636e+06 0 3.10499e+07 0 3.79499e+07 3.10499e+07 1.71635e+07 3.13636e+06 0.00513847 0.00216673 0.00318133 0.0134627 0.092416
70 6 0 -1 9.67147e-25 7.10481e-27 2.67141e-26 2.39559e+07 9.99538e+07 4.52058e+07 8.26064e+06 0 8.17804e+07 0 9.99538e+07 8.17804e+07 4.52058e+07 8.26064e+06 0.00354141 0.00618591 -0.0291262 0.00270668 0.108921
68 6 1 -0.919302 0.201309 -0.00240299 0.00140156 1.13478e+07 4.73477e+07 2.14138e+07 3.91303e+06 0 3.8739e+07 0 4.73477e+07 3.8739e+07 2.14138e+07 3.91303e+06 0.00441062 -0.000690597 -0.00106544 0.00624536 0.0973012
69 6 2 -1.16986 0.218213 -0.00356796 0.00105478 9.09544e+06 3.79499e+07 1.71635e+07 3.13636e+06 0 3.10499e+07 0 3.79499e+07 3.10499e+07 1.71635e+07 3.13636e+06 0.00513847 0.00216673 0.00318133 0.0134627 0.092416
64 7 0 -0.815149 0.428277 -0.00195679 0.00235877 1.83376e+07 7.65123e+07 3.4604e+07 6.32333e+06 0 6.26009e+07 0 7.65123e+07 6.26009e+07 3.4604e+07 6.32333e+06 0.00516081 -0.00012715 9.58e-05 0.00316978 0.0864863
61 7 1 -0.956035 0.573331 -0.00281313 0.00284109 2.13506e+07 8.90837e+07 4.02896e+07 7.36229e+06 0 7.28867e+07 0 8.90837e+07 7.28867e+07 4.02896e+07 7.36229e+06 0.00317865 0.00184381 -0.00476618 0.004056 0.081105
66 7 2 -1.01386 0.370235 -0.00260649 0.00199706 4.90422e+07 2.04624e+08 9.25448e+07 1.69111e+07 0 1.6742e+08 0 2.04624e+08 1.6742e+08 9.25448e+07 1.69111e+07 0.000717486 0.00264021 0.00152676 0.00189652 0.088111
61 8 0 -0.956035 0.573331 -0.00281313 0.00284109 2.13506e+07 8.90837e+07 4.02896e+07 7.36229e+06 0 7.28867e+07 0 8.90837e+07 7.28867e+07 4.02896e+07 7.36229e+06 0.00317865 0.00184381 -0.00476618 0.004056 0.081105
60 8 1 -1.04161 0.76205 -0.0038255 0.0040254 1.01633e+07 4.24055e+07 1.91786e+07 3.50459e+06 0 3.46954e+07 0 4.24055e+07 3.46954e+07 1.91786e+07 3.50459e+06 0.00656604 0.00496151 0.00776706 0.010411 0.0771561
65 8 2 -1.15154 0.503372 -0.00302905 0.00229909 3.24536e+07 1.3541e+08 6.12413e+07 1.11909e+07 0 1.1079e+08 0 1.3541e+08 1.1079e+08 6.12413e+07 1.11909e+07 0.001861 -9.35577e-05 -0.00381408 0.00305656 0.0839908
66 9 0 -1.01386 0.370235 -0.00260649 0.00199706 4.90422e+07 2.04624e+08 9.25448e+07 1.69111e+07 0 1.6742e+08 0 2.04624e+08 1.6742e+08 9.25448e+07 1.69111e+07 0.000717486 0.00264021 0.00152676 0.00189652 0.088111
61 9 1 -0.956035 0.573331 -0.00281313 0.00284109 2.13506e+07 8.90837e+07 4.02896e+07 7.36229e+06 0 7.28867e+07 0 8.90837e+07 7.28867e+07 4.02896e+07 7.36229e+06 0.00317865 0.00184381 -0.00476618 0.004056 0.081105
65 9 2 -1.15154 0.503372 -0.00302905 0.00229909 3.24536e+07 1.3541e+08 6.12413e+07 1.11909e+07 0 1.1079e+08 0 1.3541e+08 1.1079e+08 6.12413e+07 1.11909e+07 0.001861 -9.35577e-05 -0.00381408 0.00305656 0.0839908
64 10 0 -0.815149 0.428277 -0.00195679 0.00235877 1.83376e+07 7.65123e+07 3.4604e+07 6.32333e+06 0 6.26009e+07 0 7.65123e+07 6.26009e+07 3.4604e+07 6.32333e+06 0.00516081 -0.00012715 9.58e-05 0.00316978 0.0864863
59 10 1 -0.781345 0.697548 -0.00210113 0.00370899 6.0254e+06 2.51405e+07 1.13702e+07 2.07773e+06 0 2.05695e+07 0 2.51405e+07 2.05695e+07 1.13702e+07 2.07773e+06 0.00535766 -0.0035456 -0.000196358 0.00761233 0.0768878
61 10 2 -0.956035 0.573331 -0.00281313 0.00284109 2.13506e+07 8.90837e+07 4.02896e+07 7.36229e+06 0 7.28867e+07 0 8.90837e+07 7.28867e+07 4.02896e+07 7.36229e+06 0.00317865 0.00184381 -0.00476618 0.004056 0.081105
68 11 0 -0.919302 0.201309 -0.00240299 0.00140156 1.13478e+07 4.73477e+07 2.14138e+07 3.91303e+06 0 3.8739e+07 0 4.73477e+07 3.8739e+07 2.14138e+07 3.91303e+06 0.00441062 -0.000690597 -0.00106544 0.00624536 0.0973012
64 11 1 -0.815149 0.428277 -0.00195679 0.00235877 1.83376e+07 7.65123e+07 3.4604e+07 6.32333e+06 0 6.26009e+07 0 7.65123e+07 6.26009e+07 3.4604e+07 6.32333e+06 0.00516081 -0.00012715 9.58e-05 0.00316978 0.0864863
66 11 2 -1.01386 0.370235 -0.00260649 0.00199706 4.90422e+07 2.04624e+08 9.25448e+07 1.69111e+07 0 1.6742e+08 0 2.04624e+08 1.6742e+08 9.25448e+07 1.69111e+07 0.000717486 0.00264021 0.00152676 0.00189652 0.088111
56 12 0 -0.4 2.36895e-24 -3.71103e-27 4.4652e-26 4.44214e+07 1.85344e+08 8.38251e+07 1.53177e+07 0 1.51645e+08 0 1.85344e+08 1.51645e+08 8.38251e+07 1.53177e+07 -7.94497e-05 0.000525682 -0.00485028 0.00418249 0.119862
57 12 1 -0.499139 0.237024 -0.000854254 0.00117918 3.13246e+07 1.30699e+08 5.91109e+07 1.08016e+07 0 1.06936e+08 0 1.30699e+08 1.06936e+08 5.91109e+07 1.08016e+07 0.00184634 -0.00629897 -0.00190228 0.00306502 0.0993093
62 12 2 -0.6 2.18602e-24 -2.56006e-28 2.66272e-26 5.56368e+06 2.3214e+07 1.04989e+07 1.91851e+06 0 1.89933e+07 0 2.3214e+07 1.89933e+07 1.04989e+07 1.91851e+06 0.00376589 -0.00401781 -0.00853617 0.0113395 0.118436
51 13 0 -0.285507 0.237755 -0.000691043 0.000840805 7.53885e+07 3.14552e+08 1.42261e+08 2.5996e+07 0 2.57361e+08 0 3.14552e+08 2.57361e+08 1.42261e+08 2.5996e+07 0.00049187 0.000617364 -0.00126337 0.0022445 0.100051
43 13 1 -0.0747444 0.235748 -0.00048181 0.00113077 2.98187e+07 1.24416e+08 5.62693e+07 1.02823e+07 0 1.01795e+08 0 1.24416e+08 1.01795e+08 5.62693e+07 1.02823e+07 0.00209859 0.000950368 -0.000502909 0.00357429 0.100596
44 13 2 -0.148221 0.469595 -0.000649834 0.00170788 4.69325e+07 1.95822e+08 8.85638e+07 1.61836e+07 0 1.60218e+08 0 1.95822e+08 1.60218e+08 8.85638e+07 1.61836e+07 0.00135463 0.000827401 -0.00129549 0.00202104 0.085909
57 14 0 -0.499139 0.237024 -0.000854254 0.00117918 3.13246e+07 1.30699e+08 5.91109e+07 1.08016e+07 0 1.06936e+08 0 1.30699e+08 1.06936e+08 5.91109e+07 1.08016e+07 0.00184634 -0.00629897 -0.00190228 0.00306502 0.0993093
51 14 1 -0.285507 0.237755 -0.000691043 0.000840805 7.53885e+07 3.14552e+08 1.42261e+08 2.5996e+07 0 2.57361e+08 0 3.14552e+08 2.57361e+08 1.42261e+08 2.5996e+07 0.00049187 0.000617364 -0.00126337 0.0022445 0.100051
52 14 2 -0.394832 0.465608 -0.000970208 0.00146769 6.18621e+07 2.58114e+08 1.16737e+08 2.13318e+07 0 2.11185e+08 0 2.58114e+08 2.11185e+08 1.16737e+08 2.13318e+07 0.00105912 -0.00247769 -0.000269944 0.00187987 0.0858573
58 15 0 -0.615096 0.476124 -0.00131573 0.00228559 4.78072e+07 1.99471e+08 9.02143e+07 1.64852e+07 0 1.63204e+08 0 1.99471e+08 1.63204e+08 9.02143e+07 1.64852e+07 0.00171553 -0.00248651 -0.00023045 0.00192897 0.0848978
57 15 1 -0.499139 0.237024 -0.000854254 0.00117918 3.13246e+07 1.30699e+08 5.91109e+07 1.08016e+07 0 1.06936e+08 0 1.30699e+08 1.06936e+08 5.91109e+07 1.08016e+07 0.00184634 -0.00629897 -0.00190228 0.00306502 0.0993093
52 15 2 -0.394832 0.465608 -0.000970208 0.00146769 6.18621e+07 2.58114e+08 1.16737e+08 2.13318e+07 0 2.11185e+08 0 2.58114e+08 2.11185e+08 1.16737e+08 2.13318e+07 0.00105912 -0.00247769 -0.000269944 0.00187987 0.0858573
63 16 0 -0.704539 0.22623 -0.00140491 0.00165582 2.02638e+07 8.45488e+07 3.82386e+07 6.9875e+06 0 6.91763e+07 0 8.45488e+07 6.91763e+07 3.82386e+07 6.9875e+06 0.00366703 0.00131126 -0.00098239 0.00353196 0.0985584
62 16 1 -0.6 2.18602e-24 -2.56006e-28 2.66272e-26 5.56368e+06 2.3214e+07 1.04989e+07 1.91851e+06 0 1.89933e+07 0 2.3214e+07 1.89933e+07 1.04989e+07 1.91851e+06 0.00376589 -0.00401781 -0.00853617 0.0113395 0.118436
57 16 2 -0.499139 0.237024 -0.000854254 0.00117918 3.13246e+07 1.30699e+08 5.91109e+07 1.08016e+07 0 1.06936e+08 0 1.30699e+08 1.06936e+08 5.91109e+07 1.08016e+07 0.00184634 -0.00629897 -0.00190228 0.00306502 0.0993093
56 17 0 -0.4 2.36895e-24 -3.71103e-27 4.4652e-26 4.44214e+07 1.85344e+08 8.38251e+07 1.53177e+07 0 1.51645e+08 0 1.85344e+08 1.51645e+08 8.38251e+07 1.53177e+07 -7.94497e-05 0.000525682 -0.00485028 0.00418249 0.119862
50 17 1 -0.2 2.16599e-24 -3.52396e-27 4.09207e-26 2.91306e+07 1.21545e+08 5.49707e+07 1.0045e+07 0 9.94457e+07 0 1.21545e+08 9.94457e+07 5.49707e+07 1.0045e+07 -1.37445e-26 5.95188e-25 -0.00469959 0.0055138 0.120565
51 17 2 -0.285507 0.237755 -0.000691043 0.000840805 7.53885e+07 3.14552e+08 1.42261e+08 2.5996e+07 0 2.57361e+08 0 3.14552e+08 2.57361e+08 1.42261e+08 2.5996e+07 0.00049187 0.000617364 -0.00126337 0.0022445 0.100051
59 18 0 -0.781345 0.697548 -0.00210113 0.00370899 6.0254e+06 2.51405e+07 1.13702e+07 2.07773e+06 0 2.05695e+07 0 2.51405e+07 2.05695e+07 1.13702e+07 2.07773e+06 0.00535766 -0.0035456 -0.000196358 0.00761233 0.0768878
60 18 1 -1.04161 0.76205 -0.0038255 0.0040254 1.01633e+07 4.24055e+07 1.91786e+07 3.50459e+06 0 3.46954e+07 0 4.24055e+07 3.46954e+07 1.91786e+07 3.50459e+06 0.00656604 0.00496151 0.00776706 0.010411 0.0771561
61 18 2 -0.956035 0.573331 -0.00281313 0.00284109 2.13506e+07 8.90837e+07 4.02896e+07 7.36229e+06 0 7.28867e+07 0 8.90837e+07 7.28867e+07 4.02896e+07 7.36229e+06 0.00317865 0.00184381 -0.00476618 0.004056 0.081105
51 19 0 -0.285507 0.237755 -0.000691043 0.000840805 7.53885e+07 3.14552e+08 1.42261e+08 2.5996e+07 0 2.57361e+08 0 3.14552e+08 2.57361e+08 1.42261e+08 2.5996e+07 0.00049187 0.000617364 -0.00126337 0.0022445 0.100051
50 19 1 -0.2 2.16599e-24 -3.52396e-27 4.09207e-26 2.91306e+07 1.21545e+08 5.49707e+07 1.0045e+07 0 9.94457e+07 0 1.21545e+08 9.94457e+07 5.49707e+07 1.0045e+07 -1.37445e-26 5.95188e-25 -0.00469959 0.0055138 0.120565
43 19 2 -0.0747444 0.235748 -0.00048181 0.00113077 2.98187e+07 1.24416e+08 5.62693e+07 1.02823e+07 0 1.01795e+08 0 1.24416e+08 1.01795e+08 5.62693e+07 1.02823e+07 0.00209859 0.000950368 -0.000502909 0.00357429 0.100596
40 20 0 -0.313252 1.12166 -0.000635915 0.00449321 7.32069e+06 3.0545e+07 1.38145e+07 2.52438e+06 0 2.49913e+07 0 3.0545e+07 2.49913e+07 1.38145e+07 2.52438e+06 0.00527541 0.00401652 0.00211309 0.00898684 0.0665251
46 20 1 -0.309072 0.878002 -0.000844893 0.00297414 2.39191e+07 9.98006e+07 4.51365e+07 8.24798e+06 0 8.1655e+07 0 9.98006e+07 8.1655e+07 4.51365e+07 8.24798e+06 0.00359327 -0.00121313 -0.000245581 0.00353045 0.0707581
39 20 2 -0.105939 0.997108 -6.96218e-05 0.00396686 2.29455e+07 9.5738e+07 4.32991e+07 7.91223e+06 0 7.83311e+07 0 9.5738e+07 7.83311e+07 4.32991e+07 7.91223e+06 0.00267854 0.00538988 0.00384396 0.00482529 0.0679965
49 21 0 -0.70822 1.15043 -0.00264087 0.00567245 1.47349e+06 6.14799e+06 2.78053e+06 508098 0 5.03017e+06 0 6.14799e+06 5.03017e+06 2.78053e+06 508098 0.006416 -0.0100789 -0.010581 0.00949768 0.0686672
48 21 1 -0.504264 1.01006 -0.00126189 0.00389968 4.1702e+07 1.73998e+08 7.86935e+07 1.438e+07 0 1.42362e+08 0 1.73998e+08 1.42362e+08 7.86935e+07 1.438e+07 0.00102677 0.000523888 0.00174717 0.00187788 0.0688143
41 21 2 -0.496286 1.28328 -0.00159058 0.00585611 3.76606e+06 1.57136e+07 7.10673e+06 1.29864e+06 0 1.28566e+07 0 1.57136e+07 1.28566e+07 7.10673e+06 1.29864e+06 0.00508754 0.0038744 -0.00131913 0.01512 0.0662842
54 22 0 -0.683348 0.903757 -0.00173296 0.00415206 4.42284e+07 1.84539e+08 8.34609e+07 1.52512e+07 0 1.50986e+08 0 1.84539e+08 1.50986e+08 8.34609e+07 1.52512e+07 0.000850851 -0.00522112 0.00395233 0.00128694 0.0716044
53 22 1 -0.516524 0.723515 -0.00121953 0.00279303 2.45151e+07 1.02287e+08 4.62612e+07 8.45349e+06 0 8.36896e+07 0 1.02287e+08 8.36896e+07 4.62612e+07 8.45349e+06 0.00239708 -0.003938 -0.00192629 0.00498063 0.0754145
48 22 2 -0.504264 1.01006 -0.00126189 0.00389968 4.1702e+07 1.73998e+08 7.86935e+07 1.438e+07 0 1.42362e+08 0 1.73998e+08 1.42362e+08 7.86935e+07 1.438e+07 0.00102677 0.000523888 0.00174717 0.00187788 0.0688143
55 23 0 -0.893908 0.97512 -0.00209189 0.00538676 3.01129e+07 1.25643e+08 5.68244e+07 1.03838e+07 0 1.02799e+08 0 1.25643e+08 1.02799e+08 5.68244e+07 1.03838e+07 0.00395228 -0.00370323 0.00403837 0.00153693 0.0722725
54 23 1 -0.683348 0.903757 -0.00173296 0.00415206 4.42284e+07 1.84539e+08 8.34609e+07 1.52512e+07 0 1.50986e+08 0 1.84539e+08 1.50986e+08 8.34609e+07 1.52512e+07 0.000850851 -0.00522112 0.00395233 0.00128694 0.0716044
49 23 2 -0.70822 1.15043 -0.00264087 0.00567245 1.47349e+06 6.14799e+06 2.78053e+06 508098 0 5.03017e+06 0 6.14799e+06 5.03017e+06 2.78053e+06 508098 0.006416 -0.0100789 -0.010581 0.00949768 0.0686672
53 24 0 -0.516524 0.723515 -0.00121953 0.00279303 2.45151e+07 1.02287e+08 4.62612e+07 8.45349e+06 0 8.36896e+07 0 1.02287e+08 8.36896e+07 4.62612e+07 8.45349e+06 0.00239708 -0.003938 -0.00192629 0.00498063 0.0754145
58 24 1 -0.615096 0.476124 -0.00131573 0.00228559 4.78072e+07 1.99471e+08 9.02143e+07 1.64852e+07 0 1.63204e+08 0 1.99471e+08 1.63204e+08 9.02143e+07 1.64852e+07 0.00171553 -0.00248651 -0.00023045 0.00192897 0.0848978
52 24 2 -0.394832 0.465608 -0.000970208 0.00146769 6.18621e+07 2.58114e+08 1.16737e+08 2.13318e+07 0 2.11185e+08 0 2.58114e+08 2.11185e+08 1.16737e+08 2.13318e+07 0.00105912 -0.00247769 -0.000269944 0.00187987 0.0858573
46 25 0 -0.309072 0.878002 -0.000844893 0.00297414 2.39191e+07 9.98006e+07 4.51365e+07 8.24798e+06 0 8.1655e+07 0 9.98006e+07 8.1655e+07 4.51365e+07 8.24798e+06 0.00359327 -0.00121313 -0.000245581 0.00353045 0.0707581
53 25 1 -0.516524 0.723515 -0.00121953 0.00279303 2.45151e+07 1.02287e+08 4.62612e+07 8.45349e+06 0 8.36896e+07 0 1.02287e+08 8.36896e+07 4.62612e+07 8.45349e+06 0.00239708 -0.003938 -0.00192629 0.00498063 0.0754145
47 25 2 -0.29056 0.656731 -0.000755928 0.00198128 2.48103e+07 1.03519e+08 4.68181e+07 8.55526e+06 0 8.46971e+07 0 1.03519e+08 8.46971e+07 4.68181e+07 8.55526e+06 0.00230431 0.00116895 0.000918301 0.00488504 0.0774726
54 26 0 -0.683348 0.903757 -0.00173296 0.00415206 4.42284e+07 1.84539e+08 8.34609e+07 1.52512e+07 0 1.50986e+08 0 1.84539e+08 1.50986e+08 8.34609e+07 1.52512e+07 0.000850851 -0.00522112 0.00395233 0.00128694 0.0716044
59 26 1 -0.781345 0.697548 -0.00210113 0.00370899 6.0254e+06 2.51405e+07 1.13702e+07 2.07773e+06 0 2.05695e+07 0 2.51405e+07 2.05695e+07 1.13702e+07 2.07773e+06 0.00535766 -0.0035456 -0.000196358 0.00761233 0.0768878
53 26 2 -0.516524 0.723515 -0.00121953 0.00279303 2.45151e+07 1.02287e+08 4.62612e+07 8.45349e+06 0 8.36896e+07 0 1.02287e+08 8.36896e+07 4.62612e+07 8.45349e+06 0.00239708 -0.003938 -0.00192629 0.00498063 0.0754145
60 27 0 -1.04161 0.76205 -0.0038255 0.0040254 1.01633e+07 4.24055e+07 1.91786e+07 3.50459e+06 0 3.46954e+07 0 4.24055e+07 3.46954e+07 1.91786e+07 3.50459e+06 0.00656604 0.00496151 0.00776706 0.010411 0.0771561
59 27 1 -0.781345 0.697548 -0.00210113 0.00370899 6.0254e+06 2.51405e+07 1.13702e+07 2.07773e+06 0 2.05695e+07 0 2.51405e+07 2.05695e+07 1.13702e+07 2.07773e+06 0.00535766 -0.0035456 -0.000196358 0.00761233 0.0768878
55 27 2 -0.893908 0.97512 -0.00209189 0.00538676 3.01129e+07 1.25643e+08 5.68244e+07 1.03838e+07 0 1.02799e+08 0 1.25643e+08 1.02799e+08 5.68244e+07 1.03838e+07 0.00395228 -0.00370323 0.00403837 0.00153693 0.0722725
53 28 0 -0.516524 0.723515 -0.00121953 0.00279303 2.45151e+07 1.02287e+08 4.62612e+07 8.45349e+06 0 8.36896e+07 0 1.02287e+08 8.36896e+07 4.62612e+07 8.45349e+06 0.00239708 -0.003938 -0.00192629 0.00498063 0.0754145
52 28 1 -0.394832 0.465608 -0.000970208 0.00146769 6.18621e+07 2.58114e+08 1.16737e+08 2.13318e+07 0 2.11185e+08 0 2.58114e+08 2.11185e+08 1.16737e+08 2.13318e+07 0.00105912 -0.00247769 -0.000269944 0.00187987 0.0858573
47 28 2 -0.29056 0.656731 -0.000755928 0.00198128 2.48103e+07 1.03519e+08 4.68181e+07 8.55526e+06 0 8.46971e+07 0 1.03519e+08 8.46971e+07 4.68181e+07 8.55526e+06 0.00230431 0.00116895 0.000918301 0.00488504 0.0774726
64 29 0 -0.815149 0.428277 -0.00195679 0.00235877 1.83376e+07 7.65123e+07 3.4604e+07 6.32333e+06 0 6.26009e+07 0 7.65123e+07 6.26009e+07 3.4604e+07 6.32333e+06 0.00516081 -0.00012715 9.58e-05 0.00316978 0.0864863
58 29 1 -0.615096 0.476124 -0.00131573 0.00228559 4.78072e+07 1.99471e+08 9.02143e+07 1.64852e+07 0 1.63204e+08 0 1.99471e+08 1.63204e+08 9.02143e+07 1.64852e+07 0.00171553 -0.00248651 -0.00023045 0.00192897 0.0848978
59 29 2 -0.781345 0.697548 -0.00210113 0.00370899 6.0254e+06 2.51405e+07 1.13702e+07 2.07773e+06 0 2.05695e+07 0 2.51405e+07 2.05695e+07 1.13702e+07 2.07773e+06 0.00535766 -0.0035456 -0.000196358 0.00761233 0.0768878
64 30 0 -0.815149 0.428277 -0.00195679 0.00235877 1.83376e+07 7.65123e+07 3.4604e+07 6.32333e+06 0 6.26009e+07 0 7.65123e+07 6.26009e+07 3.4604e+07 6.32333e+06 0.00516081 -0.00012715 9.58e-05 0.00316978 0.0864863
63 30 1 -0.704539 0.22623 -0.00140491 0.00165582 2.02638e+07 8.45488e+07 3.82386e+07 6.9875e+06 0 6.91763e+07 0 8.45488e+07 6.91763e+07 3.82386e+07 6.9875e+06 0.00366703 0.00131126 -0.00098239 0.00353196 0.0985584
58 30 2 -0.615096 0.476124 -0.00131573 0.00228559 4.78072e+07 1.99471e+08 9.02143e+07 1.64852e+07 0 1.63204e+08 0 1.99471e+08 1.63204e+08 9.02143e+07 1.64852e+07 0.00171553 -0.00248651 -0.00023045 0.00192897 0.0848978
51 31 0 -0.285507 0.237755 -0.000691043 0.000840805 7.53885e+07 3.14552e+08 1.42261e+08 2.5996e+07 0 2.57361e+08 0 3.14552e+08 2.57361e+08 1.42261e+08 2.5996e+07 0.00049187 0.000617364 -0.00126337 0.0022445 0.100051
57 31 1 -0.499139 0.237024 -0.000854254 0.00117918 3.13246e+07 1.30699e+08 5.91109e+07 1.08016e+07 0 1.06936e+08 0 1.30699e+08 1.06936e+08 5.91109e+07 1.08016e+07 0.00184634 -0.00629897 -0.00190228 0.00306502 0.0993093
56 31 2 -0.4 2.36895e-24 -3.71103e-27 4.4652e-26 4.44214e+07 1.85344e+08 8.38251e+07 1.53177e+07 0 1.51645e+08 0 1.85344e+08 1.51645e+08 8.38251e+07 1.53177e+07 -7.94497e-05 0.000525682 -0.00485028 0.00418249 0.119862
44 32 0 -0.148221 0.469595 -0.000649834 0.00170788 4.69325e+07 1.95822e+08 8.85638e+07 1.61836e+07 0 1.60218e+08 0 1.95822e+08 1.60218e+08 8.85638e+07 1.61836e+07 0.00135463 0.000827401 -0.00129549 0.00202104 0.085909
52 32 1 -0.394832 0.465608 -0.000970208 0.00146769 6.18621e+07 2.58114e+08 1.16737e+08 2.13318e+07 0 2.11185e+08 0 2.58114e+08 2.11185e+08 1.16737e+08 2.13318e+07 0.00105912 -0.00247769 -0.000269944 0.00187987 0.0858573
51 32 2 -0.285507 0.237755 -0.000691043 0.000840805 7.53885e+07 3.14552e+08 1.42261e+08 2.5996e+07 0 2.57361e+08 0 3.14552e+08 2.57361e+08 1.42261e+08 2.5996e+07 0.00049187 0.000617364 -0.00126337 0.0022445 0.100051
35 33 0 0.128026 0.431146 4.84523e-05 0.00243109 2.54564e+07 1.06214e+08 4.80373e+07 8.77805e+06 0 8.69027e+07 0 1.06214e+08 8.69027e+07 4.80373e+07 8.77805e+06 0.00388373 0.0050201 0.00260902 0.00237265 0.0882293
44 33 1 -0.148221 0.469595 -0.000649834 0.00170788 4.69325e+07 1.95822e+08 8.85638e+07 1.61836e+07 0 1.60218e+08 0 1.95822e+08 1.60218e+08 8.85638e+07 1.61836e+07 0.00135463 0.000827401 -0.00129549 0.00202104 0.085909
43 33 2 -0.0747444 0.235748 -0.00048181 0.00113077 2.98187e+07 1.24416e+08 5.62693e+07 1.02823e+07 0 1.01795e+08 0 1.24416e+08 1.01795e+08 5.62693e+07 1.02823e+07 0.00209859 0.000950368 -0.000502909 0.00357429 0.100596
38 34 0 0.004172 0.583568 -0.000242131 0.00257042 7.76958e+06 3.24179e+07 1.46615e+07 2.67917e+06 0 2.65237e+07 0 3.24179e+07 2.65237e+07 1.46615e+07 2.67917e+06 0.00460754 0.00394192 0.000477861 0.00673792 0.0805805
37 34 1 -0.0885475 0.757803 -0.000229649 0.00294793 3.41515e+07 1.42494e+08 6.44454e+07 1.17764e+07 0 1.16586e+08 0 1.42494e+08 1.16586e+08 6.44454e+07 1.17764e+07 0.00223704 0.00418331 0.00041884 0.00354522 0.0739556
44 34 2 -0.148221 0.469595 -0.000649834 0.00170788 4.69325e+07 1.95822e+08 8.85638e+07 1.61836e+07 0 1.60218e+08 0 1.95822e+08 1.60218e+08 8.85638e+07 1.61836e+07 0.00135463 0.000827401 -0.00129549 0.00202104 0.085909
42 35 0 0.101381 0.193074 -0.000162018 0.00131086 2.4498e+07 1.02216e+08 4.62289e+07 8.44759e+06 0 8.36312e+07 0 1.02216e+08 8.36312e+07 4.62289e+07 8.44759e+06 0.00163285 0.00466078 -0.000338623 0.00412564 0.103992
35 35 1 0.128026 0.431146 4.84523e-05 0.00243109 2.54564e+07 1.06214e+08 4.80373e+07 8.77805e+06 0 8.69027e+07 0 1.06214e+08 8.69027e+07 4.80373e+07 8.77805e+06 0.00388373 0.0050201 0.00260902 0.00237265 0.0882293
43 35 2 -0.0747444 0.235748 -0.00048181 0.00113077 2.98187e+07 1.24416e+08 5.62693e+07 1.02823e+07 0 1.01795e+08 0 1.24416e+08 1.01795e+08 5.62693e+07 1.02823e+07 0.00209859 0.000950368 -0.000502909 0.00357429 0.100596
37 36 0 -0.0885475 0.757803 -0.000229649 0.00294793 3.41515e+07 1.42494e+08 6.44454e+07 1.17764e+07 0 1.16586e+08 0 1.42494e+08 1.16586e+08 6.44454e+07 1.17764e+07 0.00223704 0.00418331 0.00041884 0.00354522 0.0739556
30 36 1 0.116199 0.932838 0.000551309 0.00449451 1.27453e+07 5.31785e+07 2.40509e+07 4.39492e+06 0 4.35097e+07 0 5.31785e+07 4.35097e+07 2.40509e+07 4.39492e+06 0.00439597 0.00223112 0.00128534 0.00509566 0.0694431
39 36 2 -0.105939 0.997108 -6.96218e-05 0.00396686 2.29455e+07 9.5738e+07 4.32991e+07 7.91223e+06 0 7.83311e+07 0 9.5738e+07 7.83311e+07 4.32991e+07 7.91223e+06 0.00267854 0.00538988 0.00384396 0.00482529 0.0679965
58 37 0 -0.615096 0.476124 -0.00131573 0.00228559 4.78072e+07 1.99471e+08 9.02143e+07 1.64852e+07 0 1.63204e+08 0 1.99471e+08 1.63204e+08 9.02143e+07 1.64852e+07 0.00171553 -0.00248651 -0.00023045 0.00192897 0.0848978
53 37 1 -0.516524 0.723515 -0.00121953 0.00279303 2.45151e+07 1.02287e+08 4.62612e+07 8.45349e+06 0 8.36896e+07 0 1.02287e+08 8.36896e+07 4.62612e+07 8.45349e+06 0.00239708 -0.003938 -0.00192629 0.00498063 0.0754145
59 37 2 -0.781345 0.697548 -0.00210113 0.00370899 6.0254e+06 2.51405e+07 1.13702e+07 2.07773e+06 0 2.05695e+07 0 2.51405e+07 2.05695e+07 1.13702e+07 2.07773e+06 0.00535766 -0.0035456 -0.000196358 0.00761233 0.0768878
55 38 0 -0.893908 0.97512 -0.00209189 0.00538676 3.01129e+07 1.25643e+08 5.68244e+07 1.03838e+07 0 1.02799e+08 0 1.25643e+08 1.02799e+08 5.68244e+07 1.03838e+07 0.00395228 -0.00370323 0.00403837 0.00153693 0.0722725
59 38 1 -0.781345 0.697548 -0.00210113 0.00370899 6.0254e+06 2.51405e+07 1.13702e+07 2.07773e+06 0 2.05695e+07 0 2.51405e+07 2.05695e+07 1.13702e+07 2.07773e+06 0.00535766 -0.0035456 -0.000196358 0.00761233 0.0768878
54 38 2 -0.683348 0.903757 -0.00173296 0.00415206 4.42284e+07 1.84539e+08 8.34609e+07 1.52512e+07 0 1.50986e+08 0 1.84539e+08 1.50986e+08 8.34609e+07 1.52512e+07 0.000850851 -0.00522112 0.00395233 0.00128694 0.0716044
1 39 0 1.03121 0.364107 0.00356018 0.00153738 1.17856e+06 4.91744e+06 2.224e+06 406400 0 4.02336e+06 0 4.91744e+06 4.02336e+06 2.224e+06 406400 0.0176971 -0.00700482 0.0024334 0.0157143 0.0897921
4 39 1 0.934204 0.207364 0.00224136 0.000872017 1.12535e+07 4.69542e+07 2.12358e+07 3.88051e+06 0 3.84171e+07 0 4.69542e+07 3.84171e+07 2.12358e+07 3.88051e+06 0.00474193 -0.0033045 0.00515752 0.00561282 0.0981518
0 39 2 1.1662 0.23445 0.00337032 -0.00060061 2.34796e+07 9.79667e+07 4.43071e+07 8.09642e+06 0 8.01545e+07 0 9.79667e+07 8.01545e+07 4.43071e+07 8.09642e+06 -0.00176622 -0.0054285 0.019398 0.003719 0.0936001
4 40 0 0.934204 0.207364 0.00224136 0.000872017 1.12535e+07 4.69542e+07 2.12358e+07 3.88051e+06 0 3.84171e+07 0 4.69542e+07 3.84171e+07 2.12358e+07 3.88051e+06 0.00474193 -0.0033045 0.00515752 0.00561282 0.0981518
11 40 1 0.744875 0.227617 0.00181165 0.00115332 4.15697e+07 1.73446e+08 7.8444e+07 1.43344e+07 0 1.41911e+08 0 1.73446e+08 1.41911e+08 7.8444e+07 1.43344e+07 -0.000290557 0.00127403 0.00248753 0.00354302 0.0992599
10 40 2 0.8 2.26724e-24 2.62041e-27 4.16011e-26 3.16763e+07 1.32166e+08 5.97745e+07 1.09228e+07 0 1.08136e+08 0 1.32166e+08 1.08136e+08 5.97745e+07 1.09228e+07 -2.03042e-25 -7.94067e-25 0.0139586 0.0062325 0.116963
0 41 0 1.1662 0.23445 0.00337032 -0.00060061 2.34796e+07 9.79667e+07 4.43071e+07 8.09642e+06 0 8.01545e+07 0 9.79667e+07 8.01545e+07 4.43071e+07 8.09642e+06 -0.00176622 -0.0054285 0.019398 0.003719 0.0936001
4 41 1 0.934204 0.207364 0.00224136 0.000872017 1.12535e+07 4.69542e+07 2.12358e+07 3.88051e+06 0 3.84171e+07 0 4.69542e+07 3.84171e+07 2.12358e+07 3.88051e+06 0.00474193 -0.0033045 0.00515752 0.00561282 0.0981518
3 41 2 1 9.63078e-25 -8.07465e-27 1.2795e-26 5.07346e+07 2.11686e+08 9.57385e+07 1.74947e+07 0 1.73198e+08 0 2.11686e+08 1.73198e+08 9.57385e+07 1.74947e+07 -5.43107e-18 -1.16158e-18 0.0179647 0.00174918 0.110805
1 42 0 1.03121 0.364107 0.00356018 0.00153738 1.17856e+06 4.91744e+06 2.224e+06 406400 0 4.02336e+06 0 4.91744e+06 4.02336e+06 2.224e+06 406400 0.0176971 -0.00700482 0.0024334 0.0157143 0.0897921
9 42 1 0.876481 0.469396 0.00255653 0.00255633 2.34143e+07 9.7694e+07 4.41838e+07 8.07389e+06 0 7.99315e+07 0 9.7694e+07 7.99315e+07 4.41838e+07 8.07389e+06 0.00240723 0.00204281 0.000227456 0.00525453 0.0858977
4 42 2 0.934204 0.207364 0.00224136 0.000872017 1.12535e+07 4.69542e+07 2.12358e+07 3.88051e+06 0 3.84171e+07 0 4.69542e+07 3.84171e+07 2.12358e+07 3.88051e+06 0.00474193 -0.0033045 0.00515752 0.00561282 0.0981518
6 43 0 1.06465 0.681182 0.00278115 0.0039146 3.25854e+07 1.3596e+08 6.14901e+07 1.12363e+07 0 1.1124e+08 0 1.3596e+08 1.1124e+08 6.14901e+07 1.12363e+07 0.0025206 0.00489551 -0.00271099 0.00233532 0.08036
9 43 1 0.876481 0.469396 0.00255653 0.00255633 2.34143e+07 9.7694e+07 4.41838e+07 8.07389e+06 0 7.99315e+07 0 9.7694e+07 7.99315e+07 4.41838e+07 8.07389e+06 0.00240723 0.00204281 0.000227456 0.00525453 0.0858977
2 43 2 1.13298 0.515057 0.00373141 0.00309828 6.81265e+06 2.84252e+07 1.28558e+07 2.34919e+06 0 2.3257e+07 0 2.84252e+07 2.3257e+07 1.28558e+07 2.34919e+06 0.00970955 -0.00219859 -0.0186418 0.0111715 0.0850796
16 44 0 0.709661 0.571173 0.00222546 0.00313846 3.33589e+07 1.39187e+08 6.29497e+07 1.15031e+07 0 1.1388e+08 0 1.39187e+08 1.1388e+08 6.29497e+07 1.15031e+07 0.00284249 -0.00131036 0.000627388 0.00350087 0.0825303
17 44 1 0.612529 0.408103 0.00150568 0.00246538 1.09443e+07 4.56642e+07 2.06524e+07 3.7739e+06 0 3.73616e+07 0 4.56642e+07 3.73616e+07 2.06524e+07 3.7739e+06 0.00670835 -0.00133647 0.00221261 0.00383634 0.0894807
9 44 2 0.876481 0.469396 0.00255653 0.00255633 2.34143e+07 9.7694e+07 4.41838e+07 8.07389e+06 0 7.99315e+07 0 9.7694e+07 7.99315e+07 4.41838e+07 8.07389e+06 0.00240723 0.00204281 0.000227456 0.00525453 0.0858977
1 45 0 1.03121 0.364107 0.00356018 0.00153738 1.17856e+06 4.91744e+06 2.224e+06 406400 0 4.02336e+06 0 4.91744e+06 4.02336e+06 2.224e+06 406400 0.0176971 -0.00700482 0.0024334 0.0157143 0.0897921
0 45 1 1.1662 0.23445 0.00337032 -0.00060061 2.34796e+07 9.79667e+07 4.43071e+07 8.09642e+06 0 8.01545e+07 0 9.79667e+07 8.01545e+07 4.43071e+07 8.09642e+06 -0.00176622 -0.0054285 0.019398 0.003719 0.0936001
2 45 2 1.13298 0.515057 0.00373141 0.00309828 6.81265e+06 2.84252e+07 1.28558e+07 2.34919e+06 0 2.3257e+07 0 2.84252e+07 2.3257e+07 1.28558e+07 2.34919e+06 0.00970955 -0.00219859 -0.0186418 0.0111715 0.0850796
9 46 0 0.876481 0.469396 0.00255653 0.00255633 2.34143e+07 9.7694e+07 4.41838e+07 8.07389e+06 0 7.99315e+07 0 9.7694e+07 7.99315e+07 4.41838e+07 8.07389e+06 0.00240723 0.00204281 0.000227456 0.00525453 0.0858977
1 46 1 1.03121 0.364107 0.00356018 0.00153738 1.17856e+06 4.91744e+06 2.224e+06 406400 0 4.02336e+06 0 4.91744e+06 4.02336e+06 2.224e+06 406400 0.0176971 -0.00700482 0.0024334 0.0157143 0.0897921
2 46 2 1.13298 0.515057 0.00373141 0.00309828 6.81265e+06 2.84252e+07 1.28558e+07 2.34919e+06 0 2.3257e+07 0 2.84252e+07 2.3257e+07 1.28558e+07 2.34919e+06 0.00970955 -0.00219859 -0.0186418 0.0111715 0.0850796
9 47 0 0.876481 0.469396 0.00255653 0.00255633 2.34143e+07 9.7694e+07 4.41838e+07 8.07389e+06 0 7.99315e+07 0 9.7694e+07 7.99315e+07 4.41838e+07 8.07389e+06 0.00240723 0.00204281 0.000227456 0.00525453 0.0858977
11 47 1 0.744875 0.227617 0.00181165 0.00115332 4.15697e+07 1.73446e+08 7.8444e+07 1.43344e+07 0 1.41911e+08 0 1.73446e+08 1.41911e+08 7.8444e+07 1.43344e+07 -0.000290557 0.00127403 0.00248753 0.00354302 0.0992599
4 47 2 0.934204 0.207364 0.00224136 0.000872017 1.12535e+07 4.69542e+07 2.12358e+07 3.88051e+06 0 3.84171e+07 0 4.69542e+07 3.84171e+07 2.12358e+07 3.88051e+06 0.00474193 -0.0033045 0.00515752 0.00561282 0.0981518
6 48 0 1.06465 0.681182 0.00278115 0.0039146 3.25854e+07 1.3596e+08 6.14901e+07 1.12363e+07 0 1.1124e+08 0 1.3596e+08 1.1124e+08 6.14901e+07 1.12363e+07 0.0025206 0.00489551 -0.00271099 0.00233532 0.08036
12 48 1 0.804676 0.732966 0.0022302 0.00337219 5.43683e+07 2.26847e+08 1.02596e+08 1.87477e+07 0 1.85602e+08 0 2.26847e+08 1.85602e+08 1.02596e+08 1.87477e+07 -0.000665097 -0.00299682 -0.00184745 0.00191776 0.0771637
9 48 2 0.876481 0.469396 0.00255653 0.00255633 2.34143e+07 9.7694e+07 4.41838e+07 8.07389e+06 0 7.99315e+07 0 9.7694e+07 7.99315e+07 4.41838e+07 8.07389e+06 0.00240723 0.00204281 0.000227456 0.00525453 0.0858977
6 49 0 1.06465 0.681182 0.00278115 0.0039146 3.25854e+07 1.3596e+08 6.14901e+07 1.12363e+07 0 1.1124e+08 0 1.3596e+08 1.1124e+08 6.14901e+07 1.12363e+07 0.0025206 0.00489551 -0.00271099 0.00233532 0.08036
5 49 1 0.977285 0.838137 0.00261701 0.0039311 3.34571e+07 1.39597e+08 6.3135e+07 1.15369e+07 0 1.14216e+08 0 1.39597e+08 1.14216e+08 6.3135e+07 1.15369e+07 0.00184232 0.00329945 0.00394612 0.00264773 0.0761048
12 49 2 0.804676 0.732966 0.0022302 0.00337219 5.43683e+07 2.26847e+08 1.02596e+08 1.87477e+07 0 1.85602e+08 0 2.26847e+08 1.85602e+08 1.02596e+08 1.87477e+07 -0.000665097 -0.00299682 -0.00184745 0.00191776 0.0771637
4 50 0 0.934204 0.207364 0.00224136 0.000872017 1.12535e+07 4.69542e+07 2.12358e+07 3.88051e+06 0 3.84171e+07 0 4.69542e+07 3.84171e+07 2.12358e+07 3.88051e+06 0.00474193 -0.0033045 0.00515752 0.00561282 0.0981518
10 50 1 0.8 2.26724e-24 2.62041e-27 4.16011e-26 3.16763e+07 1.32166e+08 5.97745e+07 1.09228e+07 0 1.08136e+08 0 1.32166e+08 1.08136e+08 5.97745e+07 1.09228e+07 -2.03042e-25 -7.94067e-25 0.0139586 0.0062325 0.116963
3 50 2 1 9.63078e-25 -8.07465e-27 1.2795e-26 5.07346e+07 2.11686e+08 9.57385e+07 1.74947e+07 0 1.73198e+08 0 2.11686e+08 1.73198e+08 9.57385e+07 1.74947e+07 -5.43107e-18 -1.16158e-18 0.0179647 0.00174918 0.110805
17 51 0 0.612529 0.408103 0.00150568 0.00246538 1.09443e+07 4.56642e+07 2.06524e+07 3.7739e+06 0 3.73616e+07 0 4.56642e+07 3.73616e+07 2.06524e+07 3.7739e+06 0.00670835 -0.00133647 0.00221261 0.00383634 0.0894807
11 51 1 0.744875 0.227617 0.00181165 0.00115332 4.15697e+07 1.73446e+08 7.8444e+07 1.43344e+07 0 1.41911e+08 0 1.73446e+08 1.41911e+08 7.8444e+07 1.43344e+07 -0.000290557 0.00127403 0.00248753 0.00354302 0.0992599
9 51 2 0.876481 0.469396 0.00255653 0.00255633 2.34143e+07 9.7694e+07 4.41838e+07 8.07389e+06 0 7.99315e+07 0 9.7694e+07 7.99315e+07 4.41838e+07 8.07389e+06 0.00240723 0.00204281 0.000227456 0.00525453 0.0858977
20 52 0 0.537193 0.663923 0.00162605 0.00380676 8.17814e+06 3.41226e+07 1.54325e+07 2.82005e+06 0 2.79185e+07 0 3.41226e+07 2.79185e+07 1.54325e+07 2.82005e+06 0.00526576 -0.00198295 0.00152458 0.00478606 0.0780395
17 52 1 0.612529 0.408103 0.00150568 0.00246538 1.09443e+07 4.56642e+07 2.06524e+07 3.7739e+06 0 3.73616e+07 0 4.56642e+07 3.73616e+07 2.06524e+07 3.7739e+06 0.00670835 -0.00133647 0.00221261 0.00383634 0.0894807
16 52 2 0.709661 0.571173 0.00222546 0.00313846 3.33589e+07 1.39187e+08 6.29497e+07 1.15031e+07 0 1.1388e+08 0 1.39187e+08 1.1388e+08 6.29497e+07 1.15031e+07 0.00284249 -0.00131036 0.000627388 0.00350087 0.0825303
25 53 0 0.443653 0.252451 0.000810223 0.002242 3.52381e+07 1.47028e+08 6.64958e+07 1.21511e+07 0 1.20295e+08 0 1.47028e+08 1.20295e+08 6.64958e+07 1.21511e+07 -2.64793e-05 0.00060038 0.00146483 0.00212706 0.0993249
19 53 1 0.57037 0.173242 0.00117272 0.0012558 6.3243e+06 2.63876e+07 1.19342e+07 2.18079e+06 0 2.15898e+07 0 2.63876e+07 2.15898e+07 1.19342e+07 2.18079e+06 0.00777168 -0.0100444 0.00177286 0.00766572 0.104509
17 53 2 0.612529 0.408103 0.00150568 0.00246538 1.09443e+07 4.56642e+07 2.06524e+07 3.7739e+06 0 3.73616e+07 0 4.56642e+07 3.73616e+07 2.06524e+07 3.7739e+06 0.00670835 -0.00133647 0.00221261 0.00383634 0.0894807
19 54 0 0.57037 0.173242 0.00117272 0.0012558 6.3243e+06 2.63876e+07 1.19342e+07 2.18079e+06 0 2.15898e+07 0 2.63876e+07 2.15898e+07 1.19342e+07 2.18079e+06 0.00777168 -0.0100444 0.00177286 0.00766572 0.104509
18 54 1 0.6 2.18848e-24 7.74053e-28 2.96862e-26 2.0635e+07 8.60979e+07 3.89392e+07 7.11552e+06 0 7.04437e+07 0 8.60979e+07 7.04437e+07 3.89392e+07 7.11552e+06 2.10815e-25 9.08302e-25 0.0131881 0.00624453 0.11934
11 54 2 0.744875 0.227617 0.00181165 0.00115332 4.15697e+07 1.73446e+08 7.8444e+07 1.43344e+07 0 1.41911e+08 0 1.73446e+08 1.41911e+08 7.8444e+07 1.43344e+07 -0.000290557 0.00127403 0.00248753 0.00354302 0.0992599
15 55 0 0.484458 1.06809 0.00139618 0.00531839 2.13223e+07 8.89654e+07 4.02361e+07 7.35251e+06 0 7.27899e+07 0 8.89654e+07 7.27899e+07 4.02361e+07 7.35251e+06 0.00299832 0.00059769 -0.000361399 0.00428397 0.0682661
13 55 1 0.628018 0.904714 0.0017957 0.00455031 2.74521e+07 1.14542e+08 5.18034e+07 9.46625e+06 0 9.37159e+07 0 1.14542e+08 9.37159e+07 5.18034e+07 9.46625e+06 0.0030708 -0.00264599 0.000803539 0.00331876 0.0718535
8 55 2 0.680829 1.16696 0.00227479 0.00582605 1.41385e+07 5.89917e+07 2.668e+07 4.87534e+06 0 4.82659e+07 0 5.89917e+07 4.82659e+07 2.668e+07 4.87534e+06 0.00505881 0.00670308 0.00171687 0.0061913 0.0687319
12 56 0 0.804676 0.732966 0.0022302 0.00337219 5.43683e+07 2.26847e+08 1.02596e+08 1.87477e+07 0 1.85602e+08 0 2.26847e+08 1.85602e+08 1.02596e+08 1.87477e+07 -0.000665097 -0.00299682 -0.00184745 0.00191776 0.0771637
16 56 1 0.709661 0.571173 0.00222546 0.00313846 3.33589e+07 1.39187e+08 6.29497e+07 1.15031e+07 0 1.1388e+08 0 1.39187e+08 1.1388e+08 6.29497e+07 1.15031e+07 0.00284249 -0.00131036 0.000627388 0.00350087 0.0825303
9 56 2 0.876481 0.469396 0.00255653 0.00255633 2.34143e+07 9.7694e+07 4.41838e+07 8.07389e+06 0 7.99315e+07 0 9.7694e+07 7.99315e+07 4.41838e+07 8.07389e+06 0.00240723 0.00204281 0.000227456 0.00525453 0.0858977
7 57 0 0.872399 0.983966 0.00306696 0.00456436 3.72998e+06 1.5563e+07 7.03864e+06 1.2862e+06 0 1.27334e+07 0 1.5563e+07 1.27334e+07 7.03864e+06 1.2862e+06 0.00757123 -0.000210825 0.00284732 0.0143952 0.0726442
12 57 1 0.804676 0.732966 0.0022302 0.00337219 5.43683e+07 2.26847e+08 1.02596e+08 1.87477e+07 0 1.85602e+08 0 2.26847e+08 1.85602e+08 1.02596e+08 1.87477e+07 -0.000665097 -0.00299682 -0.00184745 0.00191776 0.0771637
5 57 2 0.977285 0.838137 0.00261701 0.0039311 3.34571e+07 1.39597e+08 6.3135e+07 1.15369e+07 0 1.14216e+08 0 1.39597e+08 1.14216e+08 6.3135e+07 1.15369e+07 0.00184232 0.00329945 0.00394612 0.00264773 0.0761048
13 58 0 0.628018 0.904714 0.0017957 0.00455031 2.74521e+07 1.14542e+08 5.18034e+07 9.46625e+06 0 9.37159e+07 0 1.14542e+08 9.37159e+07 5.18034e+07 9.46625e+06 0.0030708 -0.00264599 0.000803539 0.00331876 0.0718535
20 58 1 0.537193 0.663923 0.00162605 0.00380676 8.17814e+06 3.41226e+07 1.54325e+07 2.82005e+06 0 2.79185e+07 0 3.41226e+07 2.79185e+07 1.54325e+07 2.82005e+06 0.00526576 -0.00198295 0.00152458 0.00478606 0.0780395
12 58 2 0.804676 0.732966 0.0022302 0.00337219 5.43683e+07 2.26847e+08 1.02596e+08 1.87477e+07 0 1.85602e+08 0 2.26847e+08 1.85602e+08 1.02596e+08 1.87477e+07 -0.000665097 -0.00299682 -0.00184745 0.00191776 0.0771637
21 59 0 0.361526 0.861403 0.00112543 0.00452772 4.37376e+07 1.82491e+08 8.25348e+07 1.50819e+07 0 1.49311e+08 0 1.82491e+08 1.49311e+08 8.25348e+07 1.50819e+07 0.00180912 0.00197793 0.00012194 0.001835 0.0716556
20 59 1 0.537193 0.663923 0.00162605 0.00380676 8.17814e+06 3.41226e+07 1.54325e+07 2.82005e+06 0 2.79185e+07 0 3.41226e+07 2.79185e+07 1.54325e+07 2.82005e+06 0.00526576 -0.00198295 0.00152458 0.00478606 0.0780395
13 59 2 0.628018 0.904714 0.0017957 0.00455031 2.74521e+07 1.14542e+08 5.18034e+07 9.46625e+06 0 9.37159e+07 0 1.14542e+08 9.37159e+07 5.18034e+07 9.46625e+06 0.0030708 -0.00264599 0.000803539 0.00331876 0.0718535
23 60 0 0.285054 1.11655 0.000900951 0.00521207 4.987e+07 2.08078e+08 9.4107e+07 1.71966e+07 0 1.70246e+08 0 2.08078e+08 1.70246e+08 9.4107e+07 1.71966e+07 0.00116299 -0.000706641 -0.00145756 0.00228032 0.0667821
21 60 1 0.361526 0.861403 0.00112543 0.00452772 4.37376e+07 1.82491e+08 8.25348e+07 1.50819e+07 0 1.49311e+08 0 1.82491e+08 1.49311e+08 8.25348e+07 1.50819e+07 0.00180912 0.00197793 0.00012194 0.001835 0.0716556
15 60 2 0.484458 1.06809 0.00139618 0.00531839 2.13223e+07 8.89654e+07 4.02361e+07 7.35251e+06 0 7.27899e+07 0 8.89654e+07 7.27899e+07 4.02361e+07 7.35251e+06 0.00299832 0.00059769 -0.000361399 0.00428397 0.0682661
29 61 0 0.146169 0.710831 0.000376768 0.00362577 2.76387e+07 1.1532e+08 5.21554e+07 9.53058e+06 0 9.43528e+07 0 1.1532e+08 9.43528e+07 5.21554e+07 9.53058e+06 0.00341619 0.00145826 0.000956166 0.0027039 0.0756957
28 61 1 0.311953 0.623925 0.000775272 0.00363197 2.17905e+07 9.0919e+07 4.11197e+07 7.51397e+06 0 7.43883e+07 0 9.0919e+07 7.43883e+07 4.11197e+07 7.51397e+06 0.00222984 -0.000805302 0.000617561 0.00523877 0.0791686
21 61 2 0.361526 0.861403 0.00112543 0.00452772 4.37376e+07 1.82491e+08 8.25348e+07 1.50819e+07 0 1.49311e+08 0 1.82491e+08 1.49311e+08 8.25348e+07 1.50819e+07 0.00180912 0.00197793 0.00012194 0.001835 0.0716556
28 62 0 0.311953 0.623925 0.000775272 0.00363197 2.17905e+07 9.0919e+07 4.11197e+07 7.51397e+06 0 7.43883e+07 0 9.0919e+07 7.43883e+07 4.11197e+07 7.51397e+06 0.00222984 -0.000805302 0.000617561 0.00523877 0.0791686
26 62 1 0.383326 0.444907 0.000750967 0.00292942 4.67815e+07 1.95192e+08 8.82788e+07 1.61316e+07 0 1.59702e+08 0 1.95192e+08 1.59702e+08 8.82788e+07 1.61316e+07 0.00161053 -0.00181156 0.0011851 0.00156675 0.0875204
20 62 2 0.537193 0.663923 0.00162605 0.00380676 8.17814e+06 3.41226e+07 1.54325e+07 2.82005e+06 0 2.79185e+07 0 3.41226e+07 2.79185e+07 1.54325e+07 2.82005e+06 0.00526576 -0.00198295 0.00152458 0.00478606 0.0780395
21 63 0 0.361526 0.861403 0.00112543 0.00452772 4.37376e+07 1.82491e+08 8.25348e+07 1.50819e+07 0 1.49311e+08 0 1.82491e+08 1.49311e+08 8.25348e+07 1.50819e+07 0.00180912 0.00197793 0.00012194 0.001835 0.0716556
28 63 1 0.311953 0.623925 0.000775272 0.00363197 2.17905e+07 9.0919e+07 4.11197e+07 7.51397e+06 0 7.43883e+07 0 9.0919e+07 7.43883e+07 4.11197e+07 7.51397e+06 0.00222984 -0.000805302 0.000617561 0.00523877 0.0791686
20 63 2 0.537193 0.663923 0.00162605 0.00380676 8.17814e+06 3.41226e+07 1.54325e+07 2.82005e+06 0 2.79185e+07 0 3.41226e+07 2.79185e+07 1.54325e+07 2.82005e+06 0.00526576 -0.00198295 0.00152458 0.00478606 0.0780395
29 64 0 0.146169 0.710831 0.000376768 0.00362577 2.76387e+07 1.1532e+08 5.21554e+07 9.53058e+06 0 9.43528e+07 0 1.1532e+08 9.43528e+07 5.21554e+07 9.53058e+06 0.00341619 0.00145826 0.000956166 0.0027039 0.0756957
35 64 1 0.128026 0.431146 4.84523e-05 0.00243109 2.54564e+07 1.06214e+08 4.80373e+07 8.77805e+06 0 8.69027e+07 0 1.06214e+08 8.69027e+07 4.80373e+07 8.77805e+06 0.00388373 0.0050201 0.00260902 0.00237265 0.0882293
28 64 2 0.311953 0.623925 0.000775272 0.00363197 2.17905e+07 9.0919e+07 4.11197e+07 7.51397e+06 0 7.43883e+07 0 9.0919e+07 7.43883e+07 4.11197e+07 7.51397e+06 0.00222984 -0.000805302 0.000617561 0.00523877 0.0791686
42 65 0 0.101381 0.193074 -0.000162018 0.00131086 2.4498e+07 1.02216e+08 4.62289e+07 8.44759e+06 0 8.36312e+07 0 1.02216e+08 8.36312e+07 4.62289e+07 8.44759e+06 0.00163285 0.00466078 -0.000338623 0.00412564 0.103992
34 65 1 0.275604 0.224539 0.00035739 0.00216472 1.39706e+07 5.8291e+07 2.63631e+07 4.81744e+06 0 4.76926e+07 0 5.8291e+07 4.76926e+07 2.63631e+07 4.81744e+06 0.00415211 0.00341809 0.00132191 0.00541502 0.101582
35 65 2 0.128026 0.431146 4.84523e-05 0.00243109 2.54564e+07 1.06214e+08 4.80373e+07 8.77805e+06 0 8.69027e+07 0 1.06214e+08 8.69027e+07 4.80373e+07 8.77805e+06 0.00388373 0.0050201 0.00260902 0.00237265 0.0882293
45 66 0 2.49704e-17 2.33104e-24 6.98157e-28 3.44411e-26 2.23824e+07 9.33888e+07 4.22367e+07 7.71808e+06 0 7.6409e+07 0 9.33888e+07 7.6409e+07 4.22367e+07 7.71808e+06 6.22533e-26 -6.69749e-25 -0.00291922 0.00632006 0.120853
42 66 1 0.101381 0.193074 -0.000162018 0.00131086 2.4498e+07 1.02216e+08 4.62289e+07 8.44759e+06 0 8.36312e+07 0 1.02216e+08 8.36312e+07 4.62289e+07 8.44759e+06 0.00163285 0.00466078 -0.000338623 0.00412564 0.103992
43 66 2 -0.0747444 0.235748 -0.00048181 0.00113077 2.98187e+07 1.24416e+08 5.62693e+07 1.02823e+07 0 1.01795e+08 0 1.24416e+08 1.01795e+08 5.62693e+07 1.02823e+07 0.00209859 0.000950368 -0.000502909 0.00357429 0.100596
45 67 0 2.49704e-17 2.33104e-24 6.98157e-28 3.44411e-26 2.23824e+07 9.33888e+07 4.22367e+07 7.71808e+06 0 7.6409e+07 0 9.33888e+07 7.6409e+07 4.22367e+07 7.71808e+06 6.22533e-26 -6.69749e-25 -0.00291922 0.00632006 0.120853
36 67 1 0.2 2.18629e-24 -1.13733e-27 2.91796e-26 8.74511e+06 3.64882e+07 1.65024e+07 3.01556e+06 0 2.9854e+07 0 3.64882e+07 2.9854e+07 1.65024e+07 3.01556e+06 0.00114337 0.00104036 7.8372e-05 0.0123652 0.120883
42 67 2 0.101381 0.193074 -0.000162018 0.00131086 2.4498e+07 1.02216e+08 4.62289e+07 8.44759e+06 0 8.36312e+07 0 1.02216e+08 8.36312e+07 4.62289e+07 8.44759e+06 0.00163285 0.00466078 -0.000338623 0.00412564 0.103992
25 68 0 0.443653 0.252451 0.000810223 0.002242 3.52381e+07 1.47028e+08 6.64958e+07 1.21511e+07 0 1.20295e+08 0 1.47028e+08 1.20295e+08 6.64958e+07 1.21511e+07 -2.64793e-05 0.00060038 0.00146483 0.00212706 0.0993249
17 68 1 0.612529 0.408103 0.00150568 0.00246538 1.09443e+07 4.56642e+07 2.06524e+07 3.7739e+06 0 3.73616e+07 0 4.56642e+07 3.73616e+07 2.06524e+07 3.7739e+06 0.00670835 -0.00133647 0.00221261 0.00383634 0.0894807
26 68 2 0.383326 0.444907 0.000750967 0.00292942 4.67815e+07 1.95192e+08 8.82788e+07 1.61316e+07 0 1.59702e+08 0 1.95192e+08 1.59702e+08 8.82788e+07 1.61316e+07 0.00161053 -0.00181156 0.0011851 0.00156675 0.0875204
18 69 0 0.6 2.18848e-24 7.74053e-28 2.96862e-26 2.0635e+07 8.60979e+07 3.89392e+07 7.11552e+06 0 7.04437e+07 0 8.60979e+07 7.04437e+07 3.89392e+07 7.11552e+06 2.10815e-25 9.08302e-25 0.0131881 0.00624453 0.11934
19 69 1 0.57037 0.173242 0.00117272 0.0012558 6.3243e+06 2.63876e+07 1.19342e+07 2.18079e+06 0 2.15898e+07 0 2.63876e+07 2.15898e+07 1.19342e+07 2.18079e+06 0.00777168 -0.0100444 0.00177286 0.00766572 0.104509
27 69 2 0.4 2.28328e-24 1.5176e-27 3.6918e-26 7.97943e+06 3.32935e+07 1.50576e+07 2.75153e+06 0 2.72401e+07 0 3.32935e+07 2.72401e+07 1.50576e+07 2.75153e+06 -0.0010312 0.00145445 0.00513693 0.0152795 0.120454
18 70 0 0.6 2.18848e-24 7.74053e-28 2.96862e-26 2.0635e+07 8.60979e+07 3.89392e+07 7.11552e+06 0 7.04437e+07 0 8.60979e+07 7.04437e+07 3.89392e+07 7.11552e+06 2.10815e-25 9.08302e-25 0.0131881 0.00624453 0.11934
10 70 1 0.8 2.26724e-24 2.62041e-27 4.16011e-26 3.16763e+07 1.32166e+08 5.97745e+07 1.09228e+07 0 1.08136e+08 0 1.32166e+08 1.08136e+08 5.97745e+07 1.09228e+07 -2.03042e-25 -7.94067e-25 0.0139586 0.0062325 0.116963
11 70 2 0.744875 0.227617 0.00181165 0.00115332 4.15697e+07 1.73446e+08 7.8444e+07 1.43344e+07 0 1.41911e+08 0 1.73446e+08 1.41911e+08 7.8444e+07 1.43344e+07 -0.000290557 0.00127403 0.00248753 0.00354302 0.0992599
12 71 0 0.804676 0.732966 0.0022302 0.00337219 5.43683e+07 2.26847e+08 1.02596e+08 1.87477e+07 0 1.85602e+08 0 2.26847e+08 1.85602e+08 1.02596e+08 1.87477e+07 -0.000665097 -0.00299682 -0.00184745 0.00191776 0.0771637
7 71 1 0.872399 0.983966 0.00306696 0.00456436 3.72998e+06 1.5563e+07 7.03864e+06 1.2862e+06 0 1.27334e+07 0 1.5563e+07 1.27334e+07 7.03864e+06 1.2862e+06 0.00757123 -0.000210825 0.00284732 0.0143952 0.0726442
13 71 2 0.628018 0.904714 0.0017957 0.00455031 2.74521e+07 1.14542e+08 5.18034e+07 9.46625e+06 0 9.37159e+07 0 1.14542e+08 9.37159e+07 5.18034e+07 9.46625e+06 0.0030708 -0.00264599 0.000803539 0.00331876 0.0718535
8 72 0 0.680829 1.16696 0.00227479 0.00582605 1.41385e+07 5.89917e+07 2.668e+07 4.87534e+06 0 4.82659e+07 0 5.89917e+07 4.82659e+07 2.668e+07 4.87534e+06 0.00505881 0.00670308 0.00171687 0.0061913 0.0687319
14 72 1 0.462473 1.30472 0.00137894 0.0067566 7.64973e+06 3.19178e+07 1.44354e+07 2.63784e+06 0 2.61146e+07 0 3.19178e+07 2.61146e+07 1.44354e+07 2.63784e+06 0.00444874 0.00673836 0.00115832 0.00926603 0.0662738
15 72 2 0.484458 1.06809 0.00139618 0.00531839 2.13223e+07 8.89654e+07 4.02361e+07 7.35251e+06 0 7.27899e+07 0 8.89654e+07 7.27899e+07 4.02361e+07 7.35251e+06 0.00299832 0.00059769 -0.000361399 0.00428397 0.0682661
36 73 0 0.2 2.18629e-24 -1.13733e-27 2.91796e-26 8.74511e+06 3.64882e+07 1.65024e+07 3.01556e+06 0 2.9854e+07 0 3.64882e+07 2.9854e+07 1.65024e+07 3.01556e+06 0.00114337 0.00104036 7.8372e-05 0.0123652 0.120883
27 73 1 0.4 2.28328e-24 1.5176e-27 3.6918e-26 7.97943e+06 3.32935e+07 1.50576e+07 2.75153e+06 0 2.72401e+07 0 3.32935e+07 2.72401e+07 1.50576e+07 2.75153e+06 -0.0010312 0.00145445 0.00513693 0.0152795 0.120454
34 73 2 0.275604 0.224539 0.00035739 0.00216472 1.39706e+07 5.8291e+07 2.63631e+07 4.81744e+06 0 4.76926e+07 0 5.8291e+07 4.76926e+07 2.63631e+07 4.81744e+06 0.00415211 0.00341809 0.00132191 0.00541502 0.101582
31 74 0 0.0733185 1.16858 0.000516359 0.00516757 5.43454e+07 2.26752e+08 1.02552e+08 1.87398e+07 0 1.85524e+08 0 2.26752e+08 1.85524e+08 1.02552e+08 1.87398e+07 0.000792705 0.00205701 -0.00063803 0.00139464 0.0657063
30 74 1 0.116199 0.932838 0.000551309 0.00449451 1.27453e+07 5.31785e+07 2.40509e+07 4.39492e+06 0 4.35097e+07 0 5.31785e+07 4.35097e+07 2.40509e+07 4.39492e+06 0.00439597 0.00223112 0.00128534 0.00509566 0.0694431
23 74 2 0.285054 1.11655 0.000900951 0.00521207 4.987e+07 2.08078e+08 9.4107e+07 1.71966e+07 0 1.70246e+08 0 2.08078e+08 1.70246e+08 9.4107e+07 1.71966e+07 0.00116299 -0.000706641 -0.00145756 0.00228032 0.0667821
24 75 0 -0.0197594 1.39116 0.000126918 0.00557867 4.33235e+07 1.80763e+08 8.17533e+07 1.49391e+07 0 1.47897e+08 0 1.80763e+08 1.47897e+08 8.17533e+07 1.49391e+07 0.00124148 -0.000609556 -0.000716853 0.00237946 0.0645393
32 75 1 -0.125879 1.20792 9.48148e-05 0.00499143 2.06463e+07 8.61451e+07 3.89606e+07 7.11943e+06 0 7.04823e+07 0 8.61451e+07 7.04823e+07 3.89606e+07 7.11943e+06 0.00290003 -0.00187375 -0.00100398 0.00468017 0.0652786
31 75 2 0.0733185 1.16858 0.000516359 0.00516757 5.43454e+07 2.26752e+08 1.02552e+08 1.87398e+07 0 1.85524e+08 0 2.26752e+08 1.85524e+08 1.02552e+08 1.87398e+07 0.000792705 0.00205701 -0.00063803 0.00139464 0.0657063
21 76 0 0.361526 0.861403 0.00112543 0.00452772 4.37376e+07 1.82491e+08 8.25348e+07 1.50819e+07 0 1.49311e+08 0 1.82491e+08 1.49311e+08 8.25348e+07 1.50819e+07 0.00180912 0.00197793 0.00012194 0.001835 0.0716556
30 76 1 0.116199 0.932838 0.000551309 0.00449451 1.27453e+07 5.31785e+07 2.40509e+07 4.39492e+06 0 4.35097e+07 0 5.31785e+07 4.35097e+07 2.40509e+07 4.39492e+06 0.00439597 0.00223112 0.00128534 0.00509566 0.0694431
29 76 2 0.146169 0.710831 0.000376768 0.00362577 2.76387e+07 1.1532e+08 5.21554e+07 9.53058e+06 0 9.43528e+07 0 1.1532e+08 9.43528e+07 5.21554e+07 9.53058e+06 0.00341619 0.00145826 0.000956166 0.0027039 0.0756957
23 77 0 0.285054 1.11655 0.000900951 0.00521207 4.987e+07 2.08078e+08 9.4107e+07 1.71966e+07 0 1.70246e+08 0 2.08078e+08 1.70246e+08 9.4107e+07 1.71966e+07 0.00116299 -0.000706641 -0.00145756 0.00228032 0.0667821
14 77 1 0.462473 1.30472 0.00137894 0.0067566 7.64973e+06 3.19178e+07 1.44354e+07 2.63784e+06 0 2.61146e+07 0 3.19178e+07 2.61146e+07 1.44354e+07 2.63784e+06 0.00444874 0.00673836 0.00115832 0.00926603 0.0662738
22 77 2 0.224387 1.36485 0.000566343 0.00594976 2.30074e+07 9.59966e+07 4.34161e+07 7.9336e+06 0 7.85427e+07 0 9.59966e+07 7.85427e+07 4.34161e+07 7.9336e+06 0.00236627 0.00218667 -0.00107 0.00374132 0.0650514
23 78 0 0.285054 1.11655 0.000900951 0.00521207 4.987e+07 2.08078e+08 9.4107e+07 1.71966e+07 0 1.70246e+08 0 2.08078e+08 1.70246e+08 9.4107e+07 1.71966e+07 0.00116299 -0.000706641 -0.00145756 0.00228032 0.0667821
15 78 1 0.484458 1.06809 0.00139618 0.00531839 2.13223e+07 8.89654e+07 4.02361e+07 7.35251e+06 0 7.27899e+07 0 8.89654e+07 7.27899e+07 4.02361e+07 7.35251e+06 0.00299832 0.00059769 -0.000361399 0.00428397 0.0682661
14 78 2 0.462473 1.30472 0.00137894 0.0067566 7.64973e+06 3.19178e+07 1.44354e+07 2.63784e+06 0 2.61146e+07 0 3.19178e+07 2.61146e+07 1.44354e+07 2.63784e+06 0.00444874 0.00673836 0.00115832 0.00926603 0.0662738
31 79 0 0.0733185 1.16858 0.000516359 0.00516757 5.43454e+07 2.26752e+08 1.02552e+08 1.87398e+07 0 1.85524e+08 0 2.26752e+08 1.85524e+08 1.02552e+08 1.87398e+07 0.000792705 0.00205701 -0.00063803 0.00139464 0.0657063
23 79 1 0.285054 1.11655 0.000900951 0.00521207 4.987e+07 2.08078e+08 9.4107e+07 1.71966e+07 0 1.70246e+08 0 2.08078e+08 1.70246e+08 9.4107e+07 1.71966e+07 0.00116299 -0.000706641 -0.00145756 0.00228032 0.0667821
22 79 2 0.224387 1.36485 0.000566343 0.00594976 2.30074e+07 9.59966e+07 4.34161e+07 7.9336e+06 0 7.85427e+07 0 9.59966e+07 7.85427e+07 4.34161e+07 7.9336e+06 0.00236627 0.00218667 -0.00107 0.00374132 0.0650514
24 80 0 -0.0197594 1.39116 0.000126918 0.00557867 4.33235e+07 1.80763e+08 8.17533e+07 1.49391e+07 0 1.47897e+08 0 1.80763e+08 1.47897e+08 8.17533e+07 1.49391e+07 0.00124148 -0.000609556 -0.000716853 0.00237946 0.0645393
31 80 1 0.0733185 1.16858 0.000516359 0.00516757 5.43454e+07 2.26752e+08 1.02552e+08 1.87398e+07 0 1.85524e+08 0 2.26752e+08 1.85524e+08 1.02552e+08 1.87398e+07 0.000792705 0.00205701 -0.00063803 0.00139464 0.0657063
22 80 2 0.224387 1.36485 0.000566343 0.00594976 2.30074e+07 9.59966e+07 4.34161e+07 7.9336e+06 0 7.85427e+07 0 9.59966e+07 7.85427e+07 4.34161e+07 7.9336e+06 0.00236627 0.00218667 -0.00107 0.00374132 0.0650514
32 81 0 -0.125879 1.20792 9.48148e-05 0.00499143 2.06463e+07 8.61451e+07 3.89606e+07 7.11943e+06 0 7.04823e+07 0 8.61451e+07 7.04823e+07 3.89606e+07 7.11943e+06 0.00290003 -0.00187375 -0.00100398 0.00468017 0.0652786
39 81 1 -0.105939 0.997108 -6.96218e-05 0.00396686 2.29455e+07 9.5738e+07 4.32991e+07 7.91223e+06 0 7.83311e+07 0 9.5738e+07 7.83311e+07 4.32991e+07 7.91223e+06 0.00267854 0.00538988 0.00384396 0.00482529 0.0679965
31 81 2 0.0733185 1.16858 0.000516359 0.00516757 5.43454e+07 2.26752e+08 1.02552e+08 1.87398e+07 0 1.85524e+08 0 2.26752e+08 1.85524e+08 1.02552e+08 1.87398e+07 0.000792705 0.00205701 -0.00063803 0.00139464 0.0657063
30 82 0 0.116199 0.932838 0.000551309 0.00449451 1.27453e+07 5.31785e+07 2.40509e+07 4.39492e+06 0 4.35097e+07 0 5.31785e+07 4.35097e+07 2.40509e+07 4.39492e+06 0.00439597 0.00223112 0.00128534 0.00509566 0.0694431
21 82 1 0.361526 0.861403 0.00112543 0.00452772 4.37376e+07 1.82491e+08 8.25348e+07 1.50819e+07 0 1.49311e+08 0 1.82491e+08 1.49311e+08 8.25348e+07 1.50819e+07 0.00180912 0.00197793 0.00012194 0.001835 0.0716556
23 82 2 0.285054 1.11655 0.000900951 0.00521207 4.987e+07 2.08078e+08 9.4107e+07 1.71966e+07 0 1.70246e+08 0 2.08078e+08 1.70246e+08 9.4107e+07 1.71966e+07 0.00116299 -0.000706641 -0.00145756 0.00228032 0.0667821
37 83 0 -0.0885475 0.757803 -0.000229649 0.00294793 3.41515e+07 1.42494e+08 6.44454e+07 1.17764e+07 0 1.16586e+08 0 1.42494e+08 1.16586e+08 6.44454e+07 1.17764e+07 0.00223704 0.00418331 0.00041884 0.00354522 0.0739556
38 83 1 0.004172 0.583568 -0.000242131 0.00257042 7.76958e+06 3.24179e+07 1.46615e+07 2.67917e+06 0 2.65237e+07 0 3.24179e+07 2.65237e+07 1.46615e+07 2.67917e+06 0.00460754 0.00394192 0.000477861 0.00673792 0.0805805
29 83 2 0.146169 0.710831 0.000376768 0.00362577 2.76387e+07 1.1532e+08 5.21554e+07 9.53058e+06 0 9.43528e+07 0 1.1532e+08 9.43528e+07 5.21554e+07 9.53058e+06 0.00341619 0.00145826 0.000956166 0.0027039 0.0756957
46 84 0 -0.309072 0.878002 -0.000844893 0.00297414 2.39191e+07 9.98006e+07 4.51365e+07 8.24798e+06 0 8.1655e+07 0 9.98006e+07 8.1655e+07 4.51365e+07 8.24798e+06 0.00359327 -0.00121313 -0.000245581 0.00353045 0.0707581
37 84 1 -0.0885475 0.757803 -0.000229649 0.00294793 3.41515e+07 1.42494e+08 6.44454e+07 1.17764e+07 0 1.16586e+08 0 1.42494e+08 1.16586e+08 6.44454e+07 1.17764e+07 0.00223704 0.00418331 0.00041884 0.00354522 0.0739556
39 84 2 -0.105939 0.997108 -6.96218e-05 0.00396686 2.29455e+07 9.5738e+07 4.32991e+07 7.91223e+06 0 7.83311e+07 0 9.5738e+07 7.83311e+07 4.32991e+07 7.91223e+06 0.00267854 0.00538988 0.00384396 0.00482529 0.0679965
47 85 0 -0.29056 0.656731 -0.000755928 0.00198128 2.48103e+07 1.03519e+08 4.68181e+07 8.55526e+06 0 8.46971e+07 0 1.03519e+08 8.46971e+07 4.68181e+07 8.55526e+06 0.00230431 0.00116895 0.000918301 0.00488504 0.0774726
44 85 1 -0.148221 0.469595 -0.000649834 0.00170788 4.69325e+07 1.95822e+08 8.85638e+07 1.61836e+07 0 1.60218e+08 0 1.95822e+08 1.60218e+08 8.85638e+07 1.61836e+07 0.00135463 0.000827401 -0.00129549 0.00202104 0.085909
37 85 2 -0.0885475 0.757803 -0.000229649 0.00294793 3.41515e+07 1.42494e+08 6.44454e+07 1.17764e+07 0 1.16586e+08 0 1.42494e+08 1.16586e+08 6.44454e+07 1.17764e+07 0.00223704 0.00418331 0.00041884 0.00354522 0.0739556
48 86 0 -0.504264 1.01006 -0.00126189 0.00389968 4.1702e+07 1.73998e+08 7.86935e+07 1.438e+07 0 1.42362e+08 0 1.73998e+08 1.42362e+08 7.86935e+07 1.438e+07 0.00102677 0.000523888 0.00174717 0.00187788 0.0688143
53 86 1 -0.516524 0.723515 -0.00121953 0.00279303 2.45151e+07 1.02287e+08 4.62612e+07 8.45349e+06 0 8.36896e+07 0 1.02287e+08 8.36896e+07 4.62612e+07 8.45349e+06 0.00239708 -0.003938 -0.00192629 0.00498063 0.0754145
46 86 2 -0.309072 0.878002 -0.000844893 0.00297414 2.39191e+07 9.98006e+07 4.51365e+07 8.24798e+06 0 8.1655e+07 0 9.98006e+07 8.1655e+07 4.51365e+07 8.24798e+06 0.00359327 -0.00121313 -0.000245581 0.00353045 0.0707581
52 87 0 -0.394832 0.465608 -0.000970208 0.00146769 6.18621e+07 2.58114e+08 1.16737e+08 2.13318e+07 0 2.11185e+08 0 2.58114e+08 2.11185e+08 1.16737e+08 2.13318e+07 0.00105912 -0.00247769 -0.000269944 0.00187987 0.0858573
44 87 1 -0.148221 0.469595 -0.000649834 0.00170788 4.69325e+07 1.95822e+08 8.85638e+07 1.61836e+07 0 1.60218e+08 0 1.95822e+08 1.60218e+08 8.85638e+07 1.61836e+07 0.00135463 0.000827401 -0.00129549 0.00202104 0.085909
47 87 2 -0.29056 0.656731 -0.000755928 0.00198128 2.48103e+07 1.03519e+08 4.68181e+07 8.55526e+06 0 8.46971e+07 0 1.03519e+08 8.46971e+07 4.68181e+07 8.55526e+06 0.00230431 0.00116895 0.000918301 0.00488504 0.0774726
25 88 0 0.443653 0.252451 0.000810223 0.002242 3.52381e+07 1.47028e+08 6.64958e+07 1.21511e+07 0 1.20295e+08 0 1.47028e+08 1.20295e+08 6.64958e+07 1.21511e+07 -2.64793e-05 0.00060038 0.00146483 0.00212706 0.0993249
34 88 1 0.275604 0.224539 0.00035739 0.00216472 1.39706e+07 5.8291e+07 2.63631e+07 4.81744e+06 0 4.76926e+07 0 5.8291e+07 4.76926e+07 2.63631e+07 4.81744e+06 0.00415211 0.00341809 0.00132191 0.00541502 0.101582
27 88 2 0.4 2.28328e-24 1.5176e-27 3.6918e-26 7.97943e+06 3.32935e+07 1.50576e+07 2.75153e+06 0 2.72401e+07 0 3.32935e+07 2.72401e+07 1.50576e+07 2.75153e+06 -0.0010312 0.00145445 0.00513693 0.0152795 0.120454
11 89 0 0.744875 0.227617 0.00181165 0.00115332 4.15697e+07 1.73446e+08 7.8444e+07 1.43344e+07 0 1.41911e+08 0 1.73446e+08 1.41911e+08 7.8444e+07 1.43344e+07 -0.000290557 0.00127403 0.00248753 0.00354302 0.0992599
17 89 1 0.612529 0.408103 0.00150568 0.00246538 1.09443e+07 4.56642e+07 2.06524e+07 3.7739e+06 0 3.73616e+07 0 4.56642e+07 3.73616e+07 2.06524e+07 3.7739e+06 0.00670835 -0.00133647 0.00221261 0.00383634 0.0894807
19 89 2 0.57037 0.173242 0.00117272 0.0012558 6.3243e+06 2.63876e+07 1.19342e+07 2.18079e+06 0 2.15898e+07 0 2.63876e+07 2.15898e+07 1.19342e+07 2.18079e+06 0.00777168 -0.0100444 0.00177286 0.00766572 0.104509
26 90 0 0.383326 0.444907 0.000750967 0.00292942 4.67815e+07 1.95192e+08 8.82788e+07 1.61316e+07 0 1.59702e+08 0 1.95192e+08 1.59702e+08 8.82788e+07 1.61316e+07 0.00161053 -0.00181156 0.0011851 0.00156675 0.0875204
34 90 1 0.275604 0.224539 0.00035739 0.00216472 1.39706e+07 5.8291e+07 2.63631e+07 4.81744e+06 0 4.76926e+07 0 5.8291e+07 4.76926e+07 2.63631e+07 4.81744e+06 0.00415211 0.00341809 0.00132191 0.00541502 0.101582
25 90 2 0.443653 0.252451 0.000810223 0.002242 3.52381e+07 1.47028e+08 6.64958e+07 1.21511e+07 0 1.20295e+08 0 1.47028e+08 1.20295e+08 6.64958e+07 1.21511e+07 -2.64793e-05 0.00060038 0.00146483 0.00212706 0.0993249
20 91 0 0.537193 0.663923 0.00162605 0.00380676 8.17814e+06 3.41226e+07 1.54325e+07 2.82005e+06 0 2.79185e+07 0 3.41226e+07 2.79185e+07 1.54325e+07 2.82005e+06 0.00526576 -0.00198295 0.00152458 0.00478606 0.0780395
26 91 1 0.383326 0.444907 0.000750967 0.00292942 4.67815e+07 1.95192e+08 8.82788e+07 1.61316e+07 0 1.59702e+08 0 1.95192e+08 1.59702e+08 8.82788e+07 1.61316e+07 0.00161053 -0.00181156 0.0011851 0.00156675 0.0875204
17 91 2 0.612529 0.408103 0.00150568 0.00246538 1.09443e+07 4.56642e+07 2.06524e+07 3.7739e+06 0 3.73616e+07 0 4.56642e+07 3.73616e+07 2.06524e+07 3.7739e+06 0.00670835 -0.00133647 0.00221261 0.00383634 0.0894807
29 92 0 0.146169 0.710831 0.000376768 0.00362577 2.76387e+07 1.1532e+08 5.21554e+07 9.53058e+06 0 9.43528e+07 0 1.1532e+08 9.43528e+07 5.21554e+07 9.53058e+06 0.00341619 0.00145826 0.000956166 0.0027039 0.0756957
38 92 1 0.004172 0.583568 -0.000242131 0.00257042 7.76958e+06 3.24179e+07 1.46615e+07 2.67917e+06 0 2.65237e+07 0 3.24179e+07 2.65237e+07 1.46615e+07 2.67917e+06 0.00460754 0.00394192 0.000477861 0.00673792 0.0805805
35 92 2 0.128026 0.431146 4.84523e-05 0.00243109 2.54564e+07 1.06214e+08 4.80373e+07 8.77805e+06 0 8.69027e+07 0 1.06214e+08 8.69027e+07 4.80373e+07 8.77805e+06 0.00388373 0.0050201 0.00260902 0.00237265 0.0882293
30 93 0 0.116199 0.932838 0.000551309 0.00449451 1.27453e+07 5.31785e+07 2.40509e+07 4.39492e+06 0 4.35097e+07 0 5.31785e+07 4.35097e+07 2.40509e+07 4.39492e+06 0.00439597 0.00223112 0.00128534 0.00509566 0.0694431
37 93 1 -0.0885475 0.757803 -0.000229649 0.00294793 3.41515e+07 1.42494e+08 6.44454e+07 1.17764e+07 0 1.16586e+08 0 1.42494e+08 1.16586e+08 6.44454e+07 1.17764e+07 0.00223704 0.00418331 0.00041884 0.00354522 0.0739556
29 93 2 0.146169 0.710831 0.000376768 0.00362577 2.76387e+07 1.1532e+08 5.21554e+07 9.53058e+06 0 9.43528e+07 0 1.1532e+08 9.43528e+07 5.21554e+07 9.53058e+06 0.00341619 0.00145826 0.000956166 0.0027039 0.0756957
35 94 0 0.128026 0.431146 4.84523e-05 0.00243109 2.54564e+07 1.06214e+08 4.80373e+07 8.77805e+06 0 8.69027e+07 0 1.06214e+08 8.69027e+07 4.80373e+07 8.77805e+06 0.00388373 0.0050201 0.00260902 0.00237265 0.0882293
34 94 1 0.275604 0.224539 0.00035739 0.00216472 1.39706e+07 5.8291e+07 2.63631e+07 4.81744e+06 0 4.76926e+07 0 5.8291e+07 4.76926e+07 2.63631e+07 4.81744e+06 0.00415211 0.00341809 0.00132191 0.00541502 0.101582
26 94 2 0.383326 0.444907 0.000750967 0.00292942 4.67815e+07 1.95192e+08 8.82788e+07 1.61316e+07 0 1.59702e+08 0 1.95192e+08 1.59702e+08 8.82788e+07 1.61316e+07 0.00161053 -0.00181156 0.0011851 0.00156675 0.0875204
28 95 0 0.311953 0.623925 0.000775272 0.00363197 2.17905e+07 9.0919e+07 4.11197e+07 7.51397e+06 0 7.43883e+07 0 9.0919e+07 7.43883e+07 4.11197e+07 7.51397e+06 0.00222984 -0.000805302 0.000617561 0.00523877 0.0791686
35 95 1 0.128026 0.431146 4.84523e-05 0.00243109 2.54564e+07 1.06214e+08 4.80373e+07 8.77805e+06 0 8.69027e+07 0 1.06214e+08 8.69027e+07 4.80373e+07 8.77805e+06 0.00388373 0.0050201 0.00260902 0.00237265 0.0882293
26 95 2 0.383326 0.444907 0.000750967 0.00292942 4.67815e+07 1.95192e+08 8.82788e+07 1.61316e+07 0 1.59702e+08 0 1.95192e+08 1.59702e+08 8.82788e+07 1.61316e+07 0.00161053 -0.00181156 0.0011851 0.00156675 0.0875204
38 96 0 0.004172 0.583568 -0.000242131 0.00257042 7.76958e+06 3.24179e+07 1.46615e+07 2.67917e+06 0 2.65237e+07 0 3.24179e+07 2.65237e+07 1.46615e+07 2.67917e+06 0.00460754 0.00394192 0.000477861 0.00673792 0.0805805
44 96 1 -0.148221 0.469595 -0.000649834 0.00170788 4.69325e+07 1.95822e+08 8.85638e+07 1.61836e+07 0 1.60218e+08 0 1.95822e+08 1.60218e+08 8.85638e+07 1.61836e+07 0.00135463 0.000827401 -0.00129549 0.00202104 0.085909
35 96 2 0.128026 0.431146 4.84523e-05 0.00243109 2.54564e+07 1.06214e+08 4.80373e+07 8.77805e+06 0 8.69027e+07 0 1.06214e+08 8.69027e+07 4.80373e+07 8.77805e+06 0.00388373 0.0050201 0.00260902 0.00237265 0.0882293
13 97 0 0.628018 0.904714 0.0017957 0.00455031 2.74521e+07 1.14542e+08 5.18034e+07 9.46625e+06 0 9.37159e+07 0 1.14542e+08 9.37159e+07 5.18034e+07 9.46625e+06 0.0030708 -0.00264599 0.000803539 0.00331876 0.0718535
7 97 1 0.872399 0.983966 0.00306696 0.00456436 3.72998e+06 1.5563e+07 7.03864e+06 1.2862e+06 0 1.27334e+07 0 1.5563e+07 1.27334e+07 7.03864e+06 1.2862e+06 0.00757123 -0.000210825 0.00284732 0.0143952 0.0726442
8 97 2 0.680829 1.16696 0.00227479 0.00582605 1.41385e+07 5.89917e+07 2.668e+07 4.87534e+06 0 4.82659e+07 0 5.89917e+07 4.82659e+07 2.668e+07 4.87534e+06 0.00505881 0.00670308 0.00171687 0.0061913 0.0687319
21 98 0 0.361526 0.861403 0.00112543 0.00452772 4.37376e+07 1.82491e+08 8.25348e+07 1.50819e+07 0 1.49311e+08 0 1.82491e+08 1.49311e+08 8.25348e+07 1.50819e+07 0.00180912 0.00197793 0.00012194 0.001835 0.0716556
13 98 1 0.628018 0.904714 0.0017957 0.00455031 2.74521e+07 1.14542e+08 5.18034e+07 9.46625e+06 0 9.37159e+07 0 1.14542e+08 9.37159e+07 5.18034e+07 9.46625e+06 0.0030708 -0.00264599 0.000803539 0.00331876 0.0718535
15 98 2 0.484458 1.06809 0.00139618 0.00531839 2.13223e+07 8.89654e+07 4.02361e+07 7.35251e+06 0 7.27899e+07 0 8.89654e+07 7.27899e+07 4.02361e+07 7.35251e+06 0.00299832 0.00059769 -0.000361399 0.00428397 0.0682661
20 99 0 0.537193 0.663923 0.00162605 0.00380676 8.17814e+06 3.41226e+07 1.54325e+07 2.82005e+06 0 2.79185e+07 0 3.41226e+07 2.79185e+07 1.54325e+07 2.82005e+06 0.00526576 -0.00198295 0.00152458 0.00478606 0.0780395
16 99 1 0.709661 0.571173 0.00222546 0.00313846 3.33589e+07 1.39187e+08 6.29497e+07 1.15031e+07 0 1.1388e+08 0 1.39187e+08 1.1388e+08 6.29497e+07 1.15031e+07 0.00284249 -0.00131036 0.000627388 0.00350087 0.0825303
12 99 2 0.804676 0.732966 0.0022302 0.00337219 5.43683e+07 2.26847e+08 1.02596e+08 1.87477e+07 0 1.85602e+08 0 2.26847e+08 1.85602e+08 1.02596e+08 1.87477e+07 -0.000665097 -0.00299682 -0.00184745 0.00191776 0.0771637
40 100 0 -0.313252 1.12166 -0.000635915 0.00449321 7.32069e+06 3.0545e+07 1.38145e+07 2.52438e+06 0 2.49913e+07 0 3.0545e+07 2.49913e+07 1.38145e+07 2.52438e+06 0.00527541 0.00401652 0.00211309 0.00898684 0.0665251
33 100 1 -0.263586 1.3616 -0.000266382 0.00581675 3.66875e+07 1.53075e+08 6.9231e+07 1.26509e+07 0 1.25244e+08 0 1.53075e+08 1.25244e+08 6.9231e+07 1.26509e+07 0.00182473 -0.00416087 0.000537026 0.000653037 0.0649287
41 100 2 -0.496286 1.28328 -0.00159058 0.00585611 3.76606e+06 1.57136e+07 7.10673e+06 1.29864e+06 0 1.28566e+07 0 1.57136e+07 1.28566e+07 7.10673e+06 1.29864e+06 0.00508754 0.0038744 -0.00131913 0.01512 0.0662842
39 101 0 -0.105939 0.997108 -6.96218e-05 0.00396686 2.29455e+07 9.5738e+07 4.32991e+07 7.91223e+06 0 7.83311e+07 0 9.5738e+07 7.83311e+07 4.32991e+07 7.91223e+06 0.00267854 0.00538988 0.00384396 0.00482529 0.0679965
32 101 1 -0.125879 1.20792 9.48148e-05 0.00499143 2.06463e+07 8.61451e+07 3.89606e+07 7.11943e+06 0 7.04823e+07 0 8.61451e+07 7.04823e+07 3.89606e+07 7.11943e+06 0.00290003 -0.00187375 -0.00100398 0.00468017 0.0652786
40 101 2 -0.313252 1.12166 -0.000635915 0.00449321 7.32069e+06 3.0545e+07 1.38145e+07 2.52438e+06 0 2.49913e+07 0 3.0545e+07 2.49913e+07 1.38145e+07 2.52438e+06 0.00527541 0.00401652 0.00211309 0.00898684 0.0665251
47 102 0 -0.29056 0.656731 -0.000755928 0.00198128 2.48103e+07 1.03519e+08 4.68181e+07 8.55526e+06 0 8.46971e+07 0 1.03519e+08 8.46971e+07 4.68181e+07 8.55526e+06 0.00230431 0.00116895 0.000918301 0.00488504 0.0774726
37 102 1 -0.0885475 0.757803 -0.000229649 0.00294793 3.41515e+07 1.42494e+08 6.44454e+07 1.17764e+07 0 1.16586e+08 0 1.42494e+08 1.16586e+08 6.44454e+07 1.17764e+07 0.00223704 0.00418331 0.00041884 0.00354522 0.0739556
46 102 2 -0.309072 0.878002 -0.000844893 0.00297414 2.39191e+07 9.98006e+07 4.51365e+07 8.24798e+06 0 8.1655e+07 0 9.98006e+07 8.1655e+07 4.51365e+07 8.24798e+06 0.00359327 -0.00121313 -0.000245581 0.00353045 0.0707581
30 103 0 0.116199 0.932838 0.000551309 0.00449451 1.27453e+07 5.31785e+07 2.40509e+07 4.39492e+06 0 4.35097e+07 0 5.31785e+07 4.35097e+07 2.40509e+07 4.39492e+06 0.00439597 0.00223112 0.00128534 0.00509566 0.0694431
31 103 1 0.0733185 1.16858 0.000516359 0.00516757 5.43454e+07 2.26752e+08 1.02552e+08 1.87398e+07 0 1.85524e+08 0 2.26752e+08 1.85524e+08 1.02552e+08 1.87398e+07 0.000792705 0.00205701 -0.00063803 0.00139464 0.0657063
39 103 2 -0.105939 0.997108 -6.96218e-05 0.00396686 2.29455e+07 9.5738e+07 4.32991e+07 7.91223e+06 0 7.83311e+07 0 9.5738e+07 7.83311e+07 4.32991e+07 7.91223e+06 0.00267854 0.00538988 0.00384396 0.00482529 0.0679965
24 104 0 -0.0197594 1.39116 0.000126918 0.00557867 4.33235e+07 1.80763e+08 8.17533e+07 1.49391e+07 0 1.47897e+08 0 1.80763e+08 1.47897e+08 8.17533e+07 1.49391e+07 0.00124148 -0.000609556 -0.000716853 0.00237946 0.0645393
33 104 1 -0.263586 1.3616 -0.000266382 0.00581675 3.66875e+07 1.53075e+08 6.9231e+07 1.26509e+07 0 1.25244e+08 0 1.53075e+08 1.25244e+08 6.9231e+07 1.26509e+07 0.00182473 -0.00416087 0.000537026 0.000653037 0.0649287
32 104 2 -0.125879 1.20792 9.48148e-05 0.00499143 2.06463e+07 8.61451e+07 3.89606e+07 7.11943e+06 0 7.04823e+07 0 8.61451e+07 7.04823e+07 3.89606e+07 7.11943e+06 0.00290003 -0.00187375 -0.00100398 0.00468017 0.0652786
34 105 0 0.275604 0.224539 0.00035739 0.00216472 1.39706e+07 5.8291e+07 2.63631e+07 4.81744e+06 0 4.76926e+07 0 5.8291e+07 4.76926e+07 2.63631e+07 4.81744e+06 0.00415211 0.00341809 0.00132191 0.00541502 0.101582
42 105 1 0.101381 0.193074 -0.000162018 0.00131086 2.4498e+07 1.02216e+08 4.62289e+07 8.44759e+06 0 8.36312e+07 0 1.02216e+08 8.36312e+07 4.62289e+07 8.44759e+06 0.00163285 0.00466078 -0.000338623 0.00412564 0.103992
36 105 2 0.2 2.18629e-24 -1.13733e-27 2.91796e-26 8.74511e+06 3.64882e+07 1.65024e+07 3.01556e+06 0 2.9854e+07 0 3.64882e+07 2.9854e+07 1.65024e+07 3.01556e+06 0.00114337 0.00104036 7.8372e-05 0.0123652 0.120883
27 106 0 0.4 2.28328e-24 1.5176e-27 3.6918e-26 7.97943e+06 3.32935e+07 1.50576e+07 2.75153e+06 0 2.72401e+07 0 3.32935e+07 2.72401e+07 1.50576e+07 2.75153e+06 -0.0010312 0.00145445 0.00513693 0.0152795 0.120454
19 106 1 0.57037 0.173242 0.00117272 0.0012558 6.3243e+06 2.63876e+07 1.19342e+07 2.18079e+06 0 2.15898e+07 0 2.63876e+07 2.15898e+07 1.19342e+07 2.18079e+06 0.00777168 -0.0100444 0.00177286 0.00766572 0.104509
25 106 2 0.443653 0.252451 0.000810223 0.002242 3.52381e+07 1.47028e+08 6.64958e+07 1.21511e+07 0 1.20295e+08 0 1.47028e+08 1.20295e+08 6.64958e+07 1.21511e+07 -2.64793e-05 0.00060038 0.00146483 0.00212706 0.0993249
57 107 0 -0.499139 0.237024 -0.000854254 0.00117918 3.13246e+07 1.30699e+08 5.91109e+07 1.08016e+07 0 1.06936e+08 0 1.30699e+08 1.06936e+08 5.91109e+07 1.08016e+07 0.00184634 -0.00629897 -0.00190228 0.00306502 0.0993093
58 107 1 -0.615096 0.476124 -0.00131573 0.00228559 4.78072e+07 1.99471e+08 9.02143e+07 1.64852e+07 0 1.63204e+08 0 1.99471e+08 1.63204e+08 9.02143e+07 1.64852e+07 0.00171553 -0.00248651 -0.00023045 0.00192897 0.0848978
63 107 2 -0.704539 0.22623 -0.00140491 0.00165582 2.02638e+07 8.45488e+07 3.82386e+07 6.9875e+06 0 6.91763e+07 0 8.45488e+07 6.91763e+07 3.82386e+07 6.9875e+06 0.00366703 0.00131126 -0.00098239 0.00353196 0.0985584
40 108 0 -0.313252 1.12166 -0.000635915 0.00449321 7.32069e+06 3.0545e+07 1.38145e+07 2.52438e+06 0 2.49913e+07 0 3.0545e+07 2.49913e+07 1.38145e+07 2.52438e+06 0.00527541 0.00401652 0.00211309 0.00898684 0.0665251
32 108 1 -0.125879 1.20792 9.48148e-05 0.00499143 2.06463e+07 8.61451e+07 3.89606e+07 7.11943e+06 0 7.04823e+07 0 8.61451e+07 7.04823e+07 3.89606e+07 7.11943e+06 0.00290003 -0.00187375 -0.00100398 0.00468017 0.0652786
33 108 2 -0.263586 1.3616 -0.000266382 0.00581675 3.66875e+07 1.53075e+08 6.9231e+07 1.26509e+07 0 1.25244e+08 0 1.53075e+08 1.25244e+08 6.9231e+07 1.26509e+07 0.00182473 -0.00416087 0.000537026 0.000653037 0.0649287
48 109 0 -0.504264 1.01006 -0.00126189 0.00389968 4.1702e+07 1.73998e+08 7.86935e+07 1.438e+07 0 1.42362e+08 0 1.73998e+08 1.42362e+08 7.86935e+07 1.438e+07 0.00102677 0.000523888 0.00174717 0.00187788 0.0688143
40 109 1 -0.313252 1.12166 -0.000635915 0.00449321 7.32069e+06 3.0545e+07 1.38145e+07 2.52438e+06 0 2.49913e+07 0 3.0545e+07 2.49913e+07 1.38145e+07 2.52438e+06 0.00527541 0.00401652 0.00211309 0.00898684 0.0665251
41 109 2 -0.496286 1.28328 -0.00159058 0.00585611 3.76606e+06 1.57136e+07 7.10673e+06 1.29864e+06 0 1.28566e+07 0 1.57136e+07 1.28566e+07 7.10673e+06 1.29864e+06 0.00508754 0.0038744 -0.00131913 0.01512 0.0662842
48 110 0 -0.504264 1.01006 -0.00126189 0.00389968 4.1702e+07 1.73998e+08 7.86935e+07 1.438e+07 0 1.42362e+08 0 1.73998e+08 1.42362e+08 7.86935e+07 1.438e+07 0.00102677 0.000523888 0.00174717 0.00187788 0.0688143
46 110 1 -0.309072 0.878002 -0.000844893 0.00297414 2.39191e+07 9.98006e+07 4.51365e+07 8.24798e+06 0 8.1655e+07 0 9.98006e+07 8.1655e+07 4.51365e+07 8.24798e+06 0.00359327 -0.00121313 -0.000245581 0.00353045 0.0707581
40 110 2 -0.313252 1.12166 -0.000635915 0.00449321 7.32069e+06 3.0545e+07 1.38145e+07 2.52438e+06 0 2.49913e+07 0 3.0545e+07 2.49913e+07 1.38145e+07 2.52438e+06 0.00527541 0.00401652 0.00211309 0.00898684 0.0665251
49 111 0 -0.70822 1.15043 -0.00264087 0.00567245 1.47349e+06 6.14799e+06 2.78053e+06 508098 0 5.03017e+06 0 6.14799e+06 5.03017e+06 2.78053e+06 508098 0.006416 -0.0100789 -0.010581 0.00949768 0.0686672
54 111 1 -0.683348 0.903757 -0.00173296 0.00415206 4.42284e+07 1.84539e+08 8.34609e+07 1.52512e+07 0 1.50986e+08 0 1.84539e+08 1.50986e+08 8.34609e+07 1.52512e+07 0.000850851 -0.00522112 0.00395233 0.00128694 0.0716044
48 111 2 -0.504264 1.01006 -0.00126189 0.00389968 4.1702e+07 1.73998e+08 7.86935e+07 1.438e+07 0 1.42362e+08 0 1.73998e+08 1.42362e+08 7.86935e+07 1.438e+07 0.00102677 0.000523888 0.00174717 0.00187788 0.0688143
50 112 0 -0.2 2.16599e-24 -3.52396e-27 4.09207e-26 2.91306e+07 1.21545e+08 5.49707e+07 1.0045e+07 0 9.94457e+07 0 1.21545e+08 9.94457e+07 5.49707e+07 1.0045e+07 -1.37445e-26 5.95188e-25 -0.00469959 0.0055138 0.120565
45 112 1 2.49704e-17 2.33104e-24 6.98157e-28 3.44411e-26 2.23824e+07 9.33888e+07 4.22367e+07 7.71808e+06 0 7.6409e+07 0 9.33888e+07 7.6409e+07 4.22367e+07 7.71808e+06 6.22533e-26 -6.69749e-25 -0.00291922 0.00632006 0.120853
43 112 2 -0.0747444 0.235748 -0.00048181 0.00113077 2.98187e+07 1.24416e+08 5.62693e+07 1.02823e+07 0 1.01795e+08 0 1.24416e+08 1.01795e+08 5.62693e+07 1.02823e+07 0.00209859 0.000950368 -0.000502909 0.00357429 0.100596
