Index_Vertex nbTriangle nbInTr x y ux uy Elast AR BR IR GR ER FR A1 A2 B12 C3 Defxx Defxy Defyx Defyy Density 
72 0 0 1.18174 0.236308 0.00336858 0.00133149 2.2515e+07 9.3942e+07 4.24869e+07 7.7638e+06 0 7.68617e+07 0 9.3942e+07 7.68617e+07 4.24869e+07 7.7638e+06 0.00207435 0.00297161 -0.00523616 0.00563279 0.0901752
68 0 1 1.14816 0.525156 0.00289875 0.00226273 3.72252e+07 1.55319e+08 7.02456e+07 1.28363e+07 0 1.27079e+08 0 1.55319e+08 1.27079e+08 7.02456e+07 1.28363e+07 0.00177819 -0.00151479 0.00217955 0.00306591 0.0817267
69 0 2 1.04479 0.36964 0.00263859 0.00193887 3.12402e+07 1.30347e+08 5.89518e+07 1.07725e+07 0 1.06648e+08 0 1.30347e+08 1.06648e+08 5.89518e+07 1.07725e+07 0.00152159 -0.00312415 -0.00202035 0.00332141 0.0864974
71 1 0 0.942446 0.211666 0.00235235 0.0014001 6.5713e+06 2.74182e+07 1.24003e+07 2.26597e+06 0 2.24331e+07 0 2.74182e+07 2.24331e+07 1.24003e+07 2.26597e+06 0.00694199 -0.00502954 0.00016106 0.00878207 0.0948297
70 1 1 0.8 2.42362e-24 2.5466e-27 2.82135e-26 1.21634e+07 5.07507e+07 2.29529e+07 4.19427e+06 0 4.15233e+07 0 5.07507e+07 4.15233e+07 2.29529e+07 4.19427e+06 0.00414904 -3.78766e-05 0.0120726 0.00825175 0.114218
73 1 2 1 1.08019e-24 -8.29262e-27 2.6213e-26 2.34853e+07 9.79905e+07 4.43179e+07 8.09839e+06 0 8.0174e+07 0 9.79905e+07 8.0174e+07 4.43179e+07 8.09839e+06 0.00355422 -0.00214834 0.0279673 0.00357055 0.107567
72 2 0 1.18174 0.236308 0.00336858 0.00133149 2.2515e+07 9.3942e+07 4.24869e+07 7.7638e+06 0 7.68617e+07 0 9.3942e+07 7.68617e+07 4.24869e+07 7.7638e+06 0.00207435 0.00297161 -0.00523616 0.00563279 0.0901752
71 2 1 0.942446 0.211666 0.00235235 0.0014001 6.5713e+06 2.74182e+07 1.24003e+07 2.26597e+06 0 2.24331e+07 0 2.74182e+07 2.24331e+07 1.24003e+07 2.26597e+06 0.00694199 -0.00502954 0.00016106 0.00878207 0.0948297
73 2 2 1 1.08019e-24 -8.29262e-27 2.6213e-26 2.34853e+07 9.79905e+07 4.43179e+07 8.09839e+06 0 8.0174e+07 0 9.79905e+07 8.0174e+07 4.43179e+07 8.09839e+06 0.00355422 -0.00214834 0.0279673 0.00357055 0.107567
69 3 0 1.04479 0.36964 0.00263859 0.00193887 3.12402e+07 1.30347e+08 5.89518e+07 1.07725e+07 0 1.06648e+08 0 1.30347e+08 1.06648e+08 5.89518e+07 1.07725e+07 0.00152159 -0.00312415 -0.00202035 0.00332141 0.0864974
66 3 1 0.887573 0.478319 0.00211158 0.00274293 2.47702e+07 1.03352e+08 4.67425e+07 8.54145e+06 0 8.45603e+07 0 1.03352e+08 8.45603e+07 4.67425e+07 8.54145e+06 0.00339339 0.00181934 0.000767871 0.00371396 0.0826496
71 3 2 0.942446 0.211666 0.00235235 0.0014001 6.5713e+06 2.74182e+07 1.24003e+07 2.26597e+06 0 2.24331e+07 0 2.74182e+07 2.24331e+07 1.24003e+07 2.26597e+06 0.00694199 -0.00502954 0.00016106 0.00878207 0.0948297
63 4 0 1.08248 0.696398 0.00365695 0.00371764 1.39577e+06 5.82372e+06 2.63387e+06 481299 0 4.76486e+06 0 5.82372e+06 4.76486e+06 2.63387e+06 481299 0.0108073 -0.000959533 0.00168276 0.0107793 0.0770819
66 4 1 0.887573 0.478319 0.00211158 0.00274293 2.47702e+07 1.03352e+08 4.67425e+07 8.54145e+06 0 8.45603e+07 0 1.03352e+08 8.45603e+07 4.67425e+07 8.54145e+06 0.00339339 0.00181934 0.000767871 0.00371396 0.0826496
68 4 2 1.14816 0.525156 0.00289875 0.00226273 3.72252e+07 1.55319e+08 7.02456e+07 1.28363e+07 0 1.27079e+08 0 1.55319e+08 1.27079e+08 7.02456e+07 1.28363e+07 0.00177819 -0.00151479 0.00217955 0.00306591 0.0817267
64 5 0 0.749772 0.231044 0.00132321 0.00133467 2.25388e+07 9.4041e+07 4.25317e+07 7.77199e+06 0 7.69427e+07 0 9.4041e+07 7.69427e+07 4.25317e+07 7.77199e+06 0.00208912 0.00387192 0.00277056 0.0054774 0.0962039
67 5 1 0.6 2.38242e-24 4.71008e-27 4.07347e-26 3.9597e+07 1.65215e+08 7.47214e+07 1.36541e+07 0 1.35176e+08 0 1.65215e+08 1.35176e+08 7.47214e+07 1.36541e+07 0.000206254 -0.000561821 0.00769057 0.00432922 0.116831
70 5 2 0.8 2.42362e-24 2.5466e-27 2.82135e-26 1.21634e+07 5.07507e+07 2.29529e+07 4.19427e+06 0 4.15233e+07 0 5.07507e+07 4.15233e+07 2.29529e+07 4.19427e+06 0.00414904 -3.78766e-05 0.0120726 0.00825175 0.114218
58 6 0 0.618767 0.415201 0.00133357 0.00164278 3.41152e+07 1.42343e+08 6.4377e+07 1.17639e+07 0 1.16462e+08 0 1.42343e+08 1.16462e+08 6.4377e+07 1.17639e+07 0.00208901 0.00352031 0.000314189 0.00312737 0.0861048
61 6 1 0.718646 0.581443 0.00179404 0.00258206 4.25512e+07 1.77541e+08 8.0296e+07 1.46728e+07 0 1.45261e+08 0 1.77541e+08 1.45261e+08 8.0296e+07 1.46728e+07 0.00180125 0.00394017 0.00158319 0.00260084 0.0786288
54 6 2 0.545671 0.677595 0.00154696 0.00242745 2.23294e+07 9.31674e+07 4.21366e+07 7.69979e+06 0 7.62279e+07 0 9.31674e+07 7.62279e+07 4.21366e+07 7.69979e+06 0.00213568 -3.15499e-05 -0.00338361 0.00504139 0.0749449
65 7 0 0.573031 0.175957 0.000915679 0.000717241 3.94657e+07 1.64667e+08 7.44736e+07 1.36089e+07 0 1.34728e+08 0 1.64667e+08 1.34728e+08 7.44736e+07 1.36089e+07 0.00108541 5.99155e-06 0.00320001 0.00340779 0.101617
58 7 1 0.618767 0.415201 0.00133357 0.00164278 3.41152e+07 1.42343e+08 6.4377e+07 1.17639e+07 0 1.16462e+08 0 1.42343e+08 1.16462e+08 6.4377e+07 1.17639e+07 0.00208901 0.00352031 0.000314189 0.00312737 0.0861048
59 7 2 0.446322 0.256386 0.000904005 0.00114221 2.68691e+07 1.12109e+08 5.07031e+07 9.26519e+06 0 9.17254e+07 0 1.12109e+08 9.17254e+07 5.07031e+07 9.26519e+06 0.00180594 -0.00161066 0.00106478 0.00463177 0.0963654
64 8 0 0.749772 0.231044 0.00132321 0.00133467 2.25388e+07 9.4041e+07 4.25317e+07 7.77199e+06 0 7.69427e+07 0 9.4041e+07 7.69427e+07 4.25317e+07 7.77199e+06 0.00208912 0.00387192 0.00277056 0.0054774 0.0962039
66 8 1 0.887573 0.478319 0.00211158 0.00274293 2.47702e+07 1.03352e+08 4.67425e+07 8.54145e+06 0 8.45603e+07 0 1.03352e+08 8.45603e+07 4.67425e+07 8.54145e+06 0.00339339 0.00181934 0.000767871 0.00371396 0.0826496
58 8 2 0.618767 0.415201 0.00133357 0.00164278 3.41152e+07 1.42343e+08 6.4377e+07 1.17639e+07 0 1.16462e+08 0 1.42343e+08 1.16462e+08 6.4377e+07 1.17639e+07 0.00208901 0.00352031 0.000314189 0.00312737 0.0861048
68 9 0 1.14816 0.525156 0.00289875 0.00226273 3.72252e+07 1.55319e+08 7.02456e+07 1.28363e+07 0 1.27079e+08 0 1.55319e+08 1.27079e+08 7.02456e+07 1.28363e+07 0.00177819 -0.00151479 0.00217955 0.00306591 0.0817267
66 9 1 0.887573 0.478319 0.00211158 0.00274293 2.47702e+07 1.03352e+08 4.67425e+07 8.54145e+06 0 8.45603e+07 0 1.03352e+08 8.45603e+07 4.67425e+07 8.54145e+06 0.00339339 0.00181934 0.000767871 0.00371396 0.0826496
69 9 2 1.04479 0.36964 0.00263859 0.00193887 3.12402e+07 1.30347e+08 5.89518e+07 1.07725e+07 0 1.06648e+08 0 1.30347e+08 1.06648e+08 5.89518e+07 1.07725e+07 0.00152159 -0.00312415 -0.00202035 0.00332141 0.0864974
63 10 0 1.08248 0.696398 0.00365695 0.00371764 1.39577e+06 5.82372e+06 2.63387e+06 481299 0 4.76486e+06 0 5.82372e+06 4.76486e+06 2.63387e+06 481299 0.0108073 -0.000959533 0.00168276 0.0107793 0.0770819
57 10 1 0.99339 0.856714 0.00264192 0.00474306 2.47396e+07 1.03224e+08 4.66847e+07 8.53089e+06 0 8.44558e+07 0 1.03224e+08 8.44558e+07 4.66847e+07 8.53089e+06 0.00304949 0.00486209 -0.000135798 0.0033052 0.0729278
62 10 2 0.817514 0.748239 0.00216602 0.00358586 2.91863e+07 1.21778e+08 5.5076e+07 1.00643e+07 0 9.96362e+07 0 1.21778e+08 9.96362e+07 5.5076e+07 1.00643e+07 0.00213476 0.00454196 0.000642026 0.00380852 0.0737441
62 11 0 0.817514 0.748239 0.00216602 0.00358586 2.91863e+07 1.21778e+08 5.5076e+07 1.00643e+07 0 9.96362e+07 0 1.21778e+08 9.96362e+07 5.5076e+07 1.00643e+07 0.00213476 0.00454196 0.000642026 0.00380852 0.0737441
57 11 1 0.99339 0.856714 0.00264192 0.00474306 2.47396e+07 1.03224e+08 4.66847e+07 8.53089e+06 0 8.44558e+07 0 1.03224e+08 8.44558e+07 4.66847e+07 8.53089e+06 0.00304949 0.00486209 -0.000135798 0.0033052 0.0729278
56 11 2 0.887284 1.00631 0.00238876 0.00475064 3.41144e+07 1.42339e+08 6.43755e+07 1.17636e+07 0 1.1646e+08 0 1.42339e+08 1.1646e+08 6.43755e+07 1.17636e+07 0.00154004 0.000166245 0.000470775 0.00339583 0.0695184
64 12 0 0.749772 0.231044 0.00132321 0.00133467 2.25388e+07 9.4041e+07 4.25317e+07 7.77199e+06 0 7.69427e+07 0 9.4041e+07 7.69427e+07 4.25317e+07 7.77199e+06 0.00208912 0.00387192 0.00277056 0.0054774 0.0962039
70 12 1 0.8 2.42362e-24 2.5466e-27 2.82135e-26 1.21634e+07 5.07507e+07 2.29529e+07 4.19427e+06 0 4.15233e+07 0 5.07507e+07 4.15233e+07 2.29529e+07 4.19427e+06 0.00414904 -3.78766e-05 0.0120726 0.00825175 0.114218
71 12 2 0.942446 0.211666 0.00235235 0.0014001 6.5713e+06 2.74182e+07 1.24003e+07 2.26597e+06 0 2.24331e+07 0 2.74182e+07 2.24331e+07 1.24003e+07 2.26597e+06 0.00694199 -0.00502954 0.00016106 0.00878207 0.0948297
55 13 0 0.63941 0.92585 0.0016025 0.00417661 9.38177e+06 3.91446e+07 1.77038e+07 3.23509e+06 0 3.20274e+07 0 3.91446e+07 3.20274e+07 1.77038e+07 3.23509e+06 0.00495307 0.00628803 0.00312295 0.00868951 0.0687476
56 13 1 0.887284 1.00631 0.00238876 0.00475064 3.41144e+07 1.42339e+08 6.43755e+07 1.17636e+07 0 1.1646e+08 0 1.42339e+08 1.1646e+08 6.43755e+07 1.17636e+07 0.00154004 0.000166245 0.000470775 0.00339583 0.0695184
50 13 2 0.693187 1.19475 0.00162195 0.00568994 3.23537e+07 1.34993e+08 6.1053e+07 1.11565e+07 0 1.10449e+08 0 1.34993e+08 1.10449e+08 6.1053e+07 1.11565e+07 0.000322196 -0.00651644 -0.00403324 0.00261168 0.0656793
51 14 0 0.388336 0.452803 0.000959861 0.00169438 7.06923e+07 2.94958e+08 1.334e+08 2.43767e+07 0 2.41329e+08 0 2.94958e+08 2.41329e+08 1.334e+08 2.43767e+07 0.001041 0.00125375 0.000564266 0.000712166 0.0845372
58 14 1 0.618767 0.415201 0.00133357 0.00164278 3.41152e+07 1.42343e+08 6.4377e+07 1.17639e+07 0 1.16462e+08 0 1.42343e+08 1.16462e+08 6.4377e+07 1.17639e+07 0.00208901 0.00352031 0.000314189 0.00312737 0.0861048
54 14 2 0.545671 0.677595 0.00154696 0.00242745 2.23294e+07 9.31674e+07 4.21366e+07 7.69979e+06 0 7.62279e+07 0 9.31674e+07 7.62279e+07 4.21366e+07 7.69979e+06 0.00213568 -3.15499e-05 -0.00338361 0.00504139 0.0749449
66 15 0 0.887573 0.478319 0.00211158 0.00274293 2.47702e+07 1.03352e+08 4.67425e+07 8.54145e+06 0 8.45603e+07 0 1.03352e+08 8.45603e+07 4.67425e+07 8.54145e+06 0.00339339 0.00181934 0.000767871 0.00371396 0.0826496
63 15 1 1.08248 0.696398 0.00365695 0.00371764 1.39577e+06 5.82372e+06 2.63387e+06 481299 0 4.76486e+06 0 5.82372e+06 4.76486e+06 2.63387e+06 481299 0.0108073 -0.000959533 0.00168276 0.0107793 0.0770819
62 15 2 0.817514 0.748239 0.00216602 0.00358586 2.91863e+07 1.21778e+08 5.5076e+07 1.00643e+07 0 9.96362e+07 0 1.21778e+08 9.96362e+07 5.5076e+07 1.00643e+07 0.00213476 0.00454196 0.000642026 0.00380852 0.0737441
49 16 0 0.49484 1.09508 0.000750775 0.00553719 2.30151e+06 9.60286e+06 4.34306e+06 793625 0 7.85689e+06 0 9.60286e+06 7.85689e+06 4.34306e+06 793625 0.00695311 0.00592096 0.00226019 0.0115918 0.0652438
50 16 1 0.693187 1.19475 0.00162195 0.00568994 3.23537e+07 1.34993e+08 6.1053e+07 1.11565e+07 0 1.10449e+08 0 1.34993e+08 1.10449e+08 6.1053e+07 1.11565e+07 0.000322196 -0.00651644 -0.00403324 0.00261168 0.0656793
43 16 2 0.470359 1.3383 0.000718516 0.00652396 3.62896e+07 1.51415e+08 6.84801e+07 1.25136e+07 0 1.23885e+08 0 1.51415e+08 1.23885e+08 6.84801e+07 1.25136e+07 0.00126562 0.00623861 -0.00039956 0.00332854 0.0632338
47 17 0 0.370974 0.883771 0.000355183 0.00415559 2.41518e+07 1.00771e+08 4.55755e+07 8.3282e+06 0 8.24491e+07 0 1.00771e+08 8.24491e+07 4.55755e+07 8.3282e+06 0.00294649 -0.00541753 -0.00374115 0.0037617 0.0685934
55 17 1 0.63941 0.92585 0.0016025 0.00417661 9.38177e+06 3.91446e+07 1.77038e+07 3.23509e+06 0 3.20274e+07 0 3.91446e+07 3.20274e+07 1.77038e+07 3.23509e+06 0.00495307 0.00628803 0.00312295 0.00868951 0.0687476
49 17 2 0.49484 1.09508 0.000750775 0.00553719 2.30151e+06 9.60286e+06 4.34306e+06 793625 0 7.85689e+06 0 9.60286e+06 7.85689e+06 4.34306e+06 793625 0.00695311 0.00592096 0.00226019 0.0115918 0.0652438
51 18 0 0.388336 0.452803 0.000959861 0.00169438 7.06923e+07 2.94958e+08 1.334e+08 2.43767e+07 0 2.41329e+08 0 2.94958e+08 2.41329e+08 1.334e+08 2.43767e+07 0.001041 0.00125375 0.000564266 0.000712166 0.0845372
54 18 1 0.545671 0.677595 0.00154696 0.00242745 2.23294e+07 9.31674e+07 4.21366e+07 7.69979e+06 0 7.62279e+07 0 9.31674e+07 7.62279e+07 4.21366e+07 7.69979e+06 0.00213568 -3.15499e-05 -0.00338361 0.00504139 0.0749449
48 18 2 0.317888 0.637565 0.000957477 0.00235447 5.40333e+06 2.25449e+07 1.01963e+07 1.86322e+06 0 1.84458e+07 0 2.25449e+07 1.84458e+07 1.01963e+07 1.86322e+06 0.00439106 -0.0019349 0.00056164 0.00692065 0.0761334
61 19 0 0.718646 0.581443 0.00179404 0.00258206 4.25512e+07 1.77541e+08 8.0296e+07 1.46728e+07 0 1.45261e+08 0 1.77541e+08 1.45261e+08 8.0296e+07 1.46728e+07 0.00180125 0.00394017 0.00158319 0.00260084 0.0786288
62 19 1 0.817514 0.748239 0.00216602 0.00358586 2.91863e+07 1.21778e+08 5.5076e+07 1.00643e+07 0 9.96362e+07 0 1.21778e+08 9.96362e+07 5.5076e+07 1.00643e+07 0.00213476 0.00454196 0.000642026 0.00380852 0.0737441
54 19 2 0.545671 0.677595 0.00154696 0.00242745 2.23294e+07 9.31674e+07 4.21366e+07 7.69979e+06 0 7.62279e+07 0 9.31674e+07 7.62279e+07 4.21366e+07 7.69979e+06 0.00213568 -3.15499e-05 -0.00338361 0.00504139 0.0749449
62 20 0 0.817514 0.748239 0.00216602 0.00358586 2.91863e+07 1.21778e+08 5.5076e+07 1.00643e+07 0 9.96362e+07 0 1.21778e+08 9.96362e+07 5.5076e+07 1.00643e+07 0.00213476 0.00454196 0.000642026 0.00380852 0.0737441
56 20 1 0.887284 1.00631 0.00238876 0.00475064 3.41144e+07 1.42339e+08 6.43755e+07 1.17636e+07 0 1.1646e+08 0 1.42339e+08 1.1646e+08 6.43755e+07 1.17636e+07 0.00154004 0.000166245 0.000470775 0.00339583 0.0695184
55 20 2 0.63941 0.92585 0.0016025 0.00417661 9.38177e+06 3.91446e+07 1.77038e+07 3.23509e+06 0 3.20274e+07 0 3.91446e+07 3.20274e+07 1.77038e+07 3.23509e+06 0.00495307 0.00628803 0.00312295 0.00868951 0.0687476
65 21 0 0.573031 0.175957 0.000915679 0.000717241 3.94657e+07 1.64667e+08 7.44736e+07 1.36089e+07 0 1.34728e+08 0 1.64667e+08 1.34728e+08 7.44736e+07 1.36089e+07 0.00108541 5.99155e-06 0.00320001 0.00340779 0.101617
60 21 1 0.4 2.45725e-24 1.81836e-27 3.44299e-26 3.04303e+07 1.26968e+08 5.74234e+07 1.04932e+07 0 1.03883e+08 0 1.26968e+08 1.03883e+08 5.74234e+07 1.04932e+07 0.000597689 0.000211099 0.00555285 0.00453116 0.11807
67 21 2 0.6 2.38242e-24 4.71008e-27 4.07347e-26 3.9597e+07 1.65215e+08 7.47214e+07 1.36541e+07 0 1.35176e+08 0 1.65215e+08 1.35176e+08 7.47214e+07 1.36541e+07 0.000206254 -0.000561821 0.00769057 0.00432922 0.116831
42 22 0 0.294248 1.14747 0.000161354 0.00533562 4.02582e+07 1.67974e+08 7.5969e+07 1.38821e+07 0 1.37433e+08 0 1.67974e+08 1.37433e+08 7.5969e+07 1.38821e+07 0.000402324 -0.000199312 0.00340202 0.00262252 0.0636971
34 22 1 0.228565 1.39794 0.000130886 0.00643983 1.3249e+07 5.52802e+07 2.50014e+07 4.56861e+06 0 4.52292e+07 0 5.52802e+07 4.52292e+07 2.50014e+07 4.56861e+06 0.00311655 -0.00317827 -0.00154008 0.00625774 0.0619857
33 22 2 0.078187 1.20374 -0.000242848 0.00526101 2.63109e+07 1.0978e+08 4.96499e+07 9.07274e+06 0 8.98201e+07 0 1.0978e+08 8.98201e+07 4.96499e+07 9.07274e+06 0.00221183 0.00195421 0.00252688 0.00489791 0.0625641
39 23 0 0.127148 0.96774 -0.000455589 0.0045867 3.791e+07 1.58176e+08 7.15378e+07 1.30724e+07 0 1.29417e+08 0 1.58176e+08 1.29417e+08 7.15378e+07 1.30724e+07 0.00222111 0.00378033 -0.000564652 0.00175243 0.0661327
42 23 1 0.294248 1.14747 0.000161354 0.00533562 4.02582e+07 1.67974e+08 7.5969e+07 1.38821e+07 0 1.37433e+08 0 1.67974e+08 1.37433e+08 7.5969e+07 1.38821e+07 0.000402324 -0.000199312 0.00340202 0.00262252 0.0636971
33 23 2 0.078187 1.20374 -0.000242848 0.00526101 2.63109e+07 1.0978e+08 4.96499e+07 9.07274e+06 0 8.98201e+07 0 1.0978e+08 8.98201e+07 4.96499e+07 9.07274e+06 0.00221183 0.00195421 0.00252688 0.00489791 0.0625641
49 24 0 0.49484 1.09508 0.000750775 0.00553719 2.30151e+06 9.60286e+06 4.34306e+06 793625 0 7.85689e+06 0 9.60286e+06 7.85689e+06 4.34306e+06 793625 0.00695311 0.00592096 0.00226019 0.0115918 0.0652438
43 24 1 0.470359 1.3383 0.000718516 0.00652396 3.62896e+07 1.51415e+08 6.84801e+07 1.25136e+07 0 1.23885e+08 0 1.51415e+08 1.23885e+08 6.84801e+07 1.25136e+07 0.00126562 0.00623861 -0.00039956 0.00332854 0.0632338
42 24 2 0.294248 1.14747 0.000161354 0.00533562 4.02582e+07 1.67974e+08 7.5969e+07 1.38821e+07 0 1.37433e+08 0 1.67974e+08 1.37433e+08 7.5969e+07 1.38821e+07 0.000402324 -0.000199312 0.00340202 0.00262252 0.0636971
52 25 0 0.27821 0.22774 0.000558083 0.00104148 2.29746e+07 9.58594e+07 4.3354e+07 7.92226e+06 0 7.84304e+07 0 9.58594e+07 7.84304e+07 4.3354e+07 7.92226e+06 0.00237422 0.000830042 0.00122561 0.00438713 0.0988653
60 25 1 0.4 2.45725e-24 1.81836e-27 3.44299e-26 3.04303e+07 1.26968e+08 5.74234e+07 1.04932e+07 0 1.03883e+08 0 1.26968e+08 1.03883e+08 5.74234e+07 1.04932e+07 0.000597689 0.000211099 0.00555285 0.00453116 0.11807
59 25 2 0.446322 0.256386 0.000904005 0.00114221 2.68691e+07 1.12109e+08 5.07031e+07 9.26519e+06 0 9.17254e+07 0 1.12109e+08 9.17254e+07 5.07031e+07 9.26519e+06 0.00180594 -0.00161066 0.00106478 0.00463177 0.0963654
58 26 0 0.618767 0.415201 0.00133357 0.00164278 3.41152e+07 1.42343e+08 6.4377e+07 1.17639e+07 0 1.16462e+08 0 1.42343e+08 1.16462e+08 6.4377e+07 1.17639e+07 0.00208901 0.00352031 0.000314189 0.00312737 0.0861048
51 26 1 0.388336 0.452803 0.000959861 0.00169438 7.06923e+07 2.94958e+08 1.334e+08 2.43767e+07 0 2.41329e+08 0 2.94958e+08 2.41329e+08 1.334e+08 2.43767e+07 0.001041 0.00125375 0.000564266 0.000712166 0.0845372
59 26 2 0.446322 0.256386 0.000904005 0.00114221 2.68691e+07 1.12109e+08 5.07031e+07 9.26519e+06 0 9.17254e+07 0 1.12109e+08 9.17254e+07 5.07031e+07 9.26519e+06 0.00180594 -0.00161066 0.00106478 0.00463177 0.0963654
62 27 0 0.817514 0.748239 0.00216602 0.00358586 2.91863e+07 1.21778e+08 5.5076e+07 1.00643e+07 0 9.96362e+07 0 1.21778e+08 9.96362e+07 5.5076e+07 1.00643e+07 0.00213476 0.00454196 0.000642026 0.00380852 0.0737441
61 27 1 0.718646 0.581443 0.00179404 0.00258206 4.25512e+07 1.77541e+08 8.0296e+07 1.46728e+07 0 1.45261e+08 0 1.77541e+08 1.45261e+08 8.0296e+07 1.46728e+07 0.00180125 0.00394017 0.00158319 0.00260084 0.0786288
66 27 2 0.887573 0.478319 0.00211158 0.00274293 2.47702e+07 1.03352e+08 4.67425e+07 8.54145e+06 0 8.45603e+07 0 1.03352e+08 8.45603e+07 4.67425e+07 8.54145e+06 0.00339339 0.00181934 0.000767871 0.00371396 0.0826496
62 28 0 0.817514 0.748239 0.00216602 0.00358586 2.91863e+07 1.21778e+08 5.5076e+07 1.00643e+07 0 9.96362e+07 0 1.21778e+08 9.96362e+07 5.5076e+07 1.00643e+07 0.00213476 0.00454196 0.000642026 0.00380852 0.0737441
55 28 1 0.63941 0.92585 0.0016025 0.00417661 9.38177e+06 3.91446e+07 1.77038e+07 3.23509e+06 0 3.20274e+07 0 3.91446e+07 3.20274e+07 1.77038e+07 3.23509e+06 0.00495307 0.00628803 0.00312295 0.00868951 0.0687476
54 28 2 0.545671 0.677595 0.00154696 0.00242745 2.23294e+07 9.31674e+07 4.21366e+07 7.69979e+06 0 7.62279e+07 0 9.31674e+07 7.62279e+07 4.21366e+07 7.69979e+06 0.00213568 -3.15499e-05 -0.00338361 0.00504139 0.0749449
55 29 0 0.63941 0.92585 0.0016025 0.00417661 9.38177e+06 3.91446e+07 1.77038e+07 3.23509e+06 0 3.20274e+07 0 3.91446e+07 3.20274e+07 1.77038e+07 3.23509e+06 0.00495307 0.00628803 0.00312295 0.00868951 0.0687476
47 29 1 0.370974 0.883771 0.000355183 0.00415559 2.41518e+07 1.00771e+08 4.55755e+07 8.3282e+06 0 8.24491e+07 0 1.00771e+08 8.24491e+07 4.55755e+07 8.3282e+06 0.00294649 -0.00541753 -0.00374115 0.0037617 0.0685934
54 29 2 0.545671 0.677595 0.00154696 0.00242745 2.23294e+07 9.31674e+07 4.21366e+07 7.69979e+06 0 7.62279e+07 0 9.31674e+07 7.62279e+07 4.21366e+07 7.69979e+06 0.00213568 -3.15499e-05 -0.00338361 0.00504139 0.0749449
47 30 0 0.370974 0.883771 0.000355183 0.00415559 2.41518e+07 1.00771e+08 4.55755e+07 8.3282e+06 0 8.24491e+07 0 1.00771e+08 8.24491e+07 4.55755e+07 8.3282e+06 0.00294649 -0.00541753 -0.00374115 0.0037617 0.0685934
41 30 1 0.15394 0.734105 -0.00029853 0.00366896 8.9561e+06 3.73686e+07 1.69006e+07 3.08831e+06 0 3.05743e+07 0 3.73686e+07 3.05743e+07 1.69006e+07 3.08831e+06 0.00286358 0.00303977 -0.00227289 0.00729413 0.0724757
48 30 2 0.317888 0.637565 0.000957477 0.00235447 5.40333e+06 2.25449e+07 1.01963e+07 1.86322e+06 0 1.84458e+07 0 2.25449e+07 1.84458e+07 1.01963e+07 1.86322e+06 0.00439106 -0.0019349 0.00056164 0.00692065 0.0761334
42 31 0 0.294248 1.14747 0.000161354 0.00533562 4.02582e+07 1.67974e+08 7.5969e+07 1.38821e+07 0 1.37433e+08 0 1.67974e+08 1.37433e+08 7.5969e+07 1.38821e+07 0.000402324 -0.000199312 0.00340202 0.00262252 0.0636971
39 31 1 0.127148 0.96774 -0.000455589 0.0045867 3.791e+07 1.58176e+08 7.15378e+07 1.30724e+07 0 1.29417e+08 0 1.58176e+08 1.29417e+08 7.15378e+07 1.30724e+07 0.00222111 0.00378033 -0.000564652 0.00175243 0.0661327
47 31 2 0.370974 0.883771 0.000355183 0.00415559 2.41518e+07 1.00771e+08 4.55755e+07 8.3282e+06 0 8.24491e+07 0 1.00771e+08 8.24491e+07 4.55755e+07 8.3282e+06 0.00294649 -0.00541753 -0.00374115 0.0037617 0.0685934
26 32 0 -0.0188098 1.42669 -0.000599071 0.00604225 3.55312e+07 1.48251e+08 6.70489e+07 1.22521e+07 0 1.21296e+08 0 1.48251e+08 1.21296e+08 6.70489e+07 1.22521e+07 0.00216587 -0.00190844 -0.00168364 0.00190612 0.0614852
33 32 1 0.078187 1.20374 -0.000242848 0.00526101 2.63109e+07 1.0978e+08 4.96499e+07 9.07274e+06 0 8.98201e+07 0 1.0978e+08 8.98201e+07 4.96499e+07 9.07274e+06 0.00221183 0.00195421 0.00252688 0.00489791 0.0625641
34 32 2 0.228565 1.39794 0.000130886 0.00643983 1.3249e+07 5.52802e+07 2.50014e+07 4.56861e+06 0 4.52292e+07 0 5.52802e+07 4.52292e+07 2.50014e+07 4.56861e+06 0.00311655 -0.00317827 -0.00154008 0.00625774 0.0619857
26 33 0 -0.0188098 1.42669 -0.000599071 0.00604225 3.55312e+07 1.48251e+08 6.70489e+07 1.22521e+07 0 1.21296e+08 0 1.48251e+08 1.21296e+08 6.70489e+07 1.22521e+07 0.00216587 -0.00190844 -0.00168364 0.00190612 0.0614852
18 33 1 -0.268055 1.39765 -0.00126945 0.00601769 1.92944e+07 8.05042e+07 3.64094e+07 6.65324e+06 0 6.58671e+07 0 8.05042e+07 6.58671e+07 3.64094e+07 6.65324e+06 0.00290871 0.0032536 -0.000318209 0.00548724 0.0616947
25 33 2 -0.125038 1.24599 -0.000784759 0.00533326 1.31028e+07 5.46701e+07 2.47255e+07 4.51819e+06 0 4.47301e+07 0 5.46701e+07 4.47301e+07 2.47255e+07 4.51819e+06 0.0038024 -0.000440147 0.000749706 0.00580611 0.0620869
23 34 0 -0.313193 1.15666 -0.00123596 0.00498676 4.05838e+07 1.69332e+08 7.65834e+07 1.39944e+07 0 1.38545e+08 0 1.69332e+08 1.38545e+08 7.65834e+07 1.39944e+07 0.00170627 -0.000363465 -0.000486032 0.00285499 0.0632225
18 34 1 -0.268055 1.39765 -0.00126945 0.00601769 1.92944e+07 8.05042e+07 3.64094e+07 6.65324e+06 0 6.58671e+07 0 8.05042e+07 6.58671e+07 3.64094e+07 6.65324e+06 0.00290871 0.0032536 -0.000318209 0.00548724 0.0616947
15 34 2 -0.505276 1.31695 -0.0018253 0.00572461 2.15688e+07 8.99939e+07 4.07013e+07 7.43752e+06 0 7.36314e+07 0 8.99939e+07 7.36314e+07 4.07013e+07 7.43752e+06 0.00219003 -0.00750631 -0.00176443 0.00484091 0.0630172
23 35 0 -0.313193 1.15666 -0.00123596 0.00498676 4.05838e+07 1.69332e+08 7.65834e+07 1.39944e+07 0 1.38545e+08 0 1.69332e+08 1.38545e+08 7.65834e+07 1.39944e+07 0.00170627 -0.000363465 -0.000486032 0.00285499 0.0632225
25 35 1 -0.125038 1.24599 -0.000784759 0.00533326 1.31028e+07 5.46701e+07 2.47255e+07 4.51819e+06 0 4.47301e+07 0 5.46701e+07 4.47301e+07 2.47255e+07 4.51819e+06 0.0038024 -0.000440147 0.000749706 0.00580611 0.0620869
18 35 2 -0.268055 1.39765 -0.00126945 0.00601769 1.92944e+07 8.05042e+07 3.64094e+07 6.65324e+06 0 6.58671e+07 0 8.05042e+07 6.58671e+07 3.64094e+07 6.65324e+06 0.00290871 0.0032536 -0.000318209 0.00548724 0.0616947
24 36 0 -0.310712 0.90242 -0.00121345 0.00440762 6.06625e+07 2.53109e+08 1.14473e+08 2.09181e+07 0 2.07089e+08 0 2.53109e+08 2.07089e+08 1.14473e+08 2.09181e+07 0.00124499 -0.00019307 0.000231448 0.00145345 0.0675432
23 36 1 -0.313193 1.15666 -0.00123596 0.00498676 4.05838e+07 1.69332e+08 7.65834e+07 1.39944e+07 0 1.38545e+08 0 1.69332e+08 1.38545e+08 7.65834e+07 1.39944e+07 0.00170627 -0.000363465 -0.000486032 0.00285499 0.0632225
16 36 2 -0.510863 1.07279 -0.0015525 0.00488604 3.85562e+07 1.60873e+08 7.27574e+07 1.32953e+07 0 1.31623e+08 0 1.60873e+08 1.31623e+08 7.27574e+07 1.32953e+07 0.002025 -0.00105803 -0.000369969 0.00269309 0.0650583
31 37 0 -0.10353 1.03748 -0.000832862 0.00453687 4.31669e+07 1.8011e+08 8.14579e+07 1.48851e+07 0 1.47363e+08 0 1.8011e+08 1.47363e+08 8.14579e+07 1.48851e+07 0.00201649 -0.00118731 0.000270635 0.00196628 0.0645771
25 37 1 -0.125038 1.24599 -0.000784759 0.00533326 1.31028e+07 5.46701e+07 2.47255e+07 4.51819e+06 0 4.47301e+07 0 5.46701e+07 4.47301e+07 2.47255e+07 4.51819e+06 0.0038024 -0.000440147 0.000749706 0.00580611 0.0620869
23 37 2 -0.313193 1.15666 -0.00123596 0.00498676 4.05838e+07 1.69332e+08 7.65834e+07 1.39944e+07 0 1.38545e+08 0 1.69332e+08 1.38545e+08 7.65834e+07 1.39944e+07 0.00170627 -0.000363465 -0.000486032 0.00285499 0.0632225
32 38 0 -0.0743706 0.815461 -0.00080885 0.00396831 4.71857e+07 1.96878e+08 8.90416e+07 1.62709e+07 0 1.61082e+08 0 1.96878e+08 1.61082e+08 8.90416e+07 1.62709e+07 0.000216013 -0.00188145 -0.0016301 0.00331535 0.0696225
31 38 1 -0.10353 1.03748 -0.000832862 0.00453687 4.31669e+07 1.8011e+08 8.14579e+07 1.48851e+07 0 1.47363e+08 0 1.8011e+08 1.47363e+08 8.14579e+07 1.48851e+07 0.00201649 -0.00118731 0.000270635 0.00196628 0.0645771
24 38 2 -0.310712 0.90242 -0.00121345 0.00440762 6.06625e+07 2.53109e+08 1.14473e+08 2.09181e+07 0 2.07089e+08 0 2.53109e+08 2.07089e+08 1.14473e+08 2.09181e+07 0.00124499 -0.00019307 0.000231448 0.00145345 0.0675432
32 39 0 -0.0743706 0.815461 -0.00080885 0.00396831 4.71857e+07 1.96878e+08 8.90416e+07 1.62709e+07 0 1.61082e+08 0 1.96878e+08 1.61082e+08 8.90416e+07 1.62709e+07 0.000216013 -0.00188145 -0.0016301 0.00331535 0.0696225
39 39 1 0.127148 0.96774 -0.000455589 0.0045867 3.791e+07 1.58176e+08 7.15378e+07 1.30724e+07 0 1.29417e+08 0 1.58176e+08 1.29417e+08 7.15378e+07 1.30724e+07 0.00222111 0.00378033 -0.000564652 0.00175243 0.0661327
31 39 2 -0.10353 1.03748 -0.000832862 0.00453687 4.31669e+07 1.8011e+08 8.14579e+07 1.48851e+07 0 1.47363e+08 0 1.8011e+08 1.47363e+08 8.14579e+07 1.48851e+07 0.00201649 -0.00118731 0.000270635 0.00196628 0.0645771
33 40 0 0.078187 1.20374 -0.000242848 0.00526101 2.63109e+07 1.0978e+08 4.96499e+07 9.07274e+06 0 8.98201e+07 0 1.0978e+08 8.98201e+07 4.96499e+07 9.07274e+06 0.00221183 0.00195421 0.00252688 0.00489791 0.0625641
26 40 1 -0.0188098 1.42669 -0.000599071 0.00604225 3.55312e+07 1.48251e+08 6.70489e+07 1.22521e+07 0 1.21296e+08 0 1.48251e+08 1.21296e+08 6.70489e+07 1.22521e+07 0.00216587 -0.00190844 -0.00168364 0.00190612 0.0614852
25 40 2 -0.125038 1.24599 -0.000784759 0.00533326 1.31028e+07 5.46701e+07 2.47255e+07 4.51819e+06 0 4.47301e+07 0 5.46701e+07 4.47301e+07 2.47255e+07 4.51819e+06 0.0038024 -0.000440147 0.000749706 0.00580611 0.0620869
40 41 0 0.0202534 0.598962 -0.000196192 0.0028588 3.54429e+07 1.47882e+08 6.68823e+07 1.22217e+07 0 1.20995e+08 0 1.47882e+08 1.20995e+08 6.68823e+07 1.22217e+07 0.00121507 -0.000441714 -0.00145524 0.00498688 0.0775043
35 41 1 -0.132253 0.632318 -0.000568515 0.00321302 1.77414e+06 7.40246e+06 3.34789e+06 611773 0 6.05656e+06 0 7.40246e+06 6.05656e+06 3.34789e+06 611773 0.00396869 -0.000928131 -0.00354828 0.00947519 0.0760292
36 41 2 -0.142024 0.439778 -0.000319206 0.00238441 4.52474e+07 1.88791e+08 8.53838e+07 1.56025e+07 0 1.54465e+08 0 1.88791e+08 1.54465e+08 8.53838e+07 1.56025e+07 0.00202259 -0.00508479 -0.00186925 0.00130785 0.0852595
39 42 0 0.127148 0.96774 -0.000455589 0.0045867 3.791e+07 1.58176e+08 7.15378e+07 1.30724e+07 0 1.29417e+08 0 1.58176e+08 1.29417e+08 7.15378e+07 1.30724e+07 0.00222111 0.00378033 -0.000564652 0.00175243 0.0661327
32 42 1 -0.0743706 0.815461 -0.00080885 0.00396831 4.71857e+07 1.96878e+08 8.90416e+07 1.62709e+07 0 1.61082e+08 0 1.96878e+08 1.61082e+08 8.90416e+07 1.62709e+07 0.000216013 -0.00188145 -0.0016301 0.00331535 0.0696225
41 42 2 0.15394 0.734105 -0.00029853 0.00366896 8.9561e+06 3.73686e+07 1.69006e+07 3.08831e+06 0 3.05743e+07 0 3.73686e+07 3.05743e+07 1.69006e+07 3.08831e+06 0.00286358 0.00303977 -0.00227289 0.00729413 0.0724757
24 43 0 -0.310712 0.90242 -0.00121345 0.00440762 6.06625e+07 2.53109e+08 1.14473e+08 2.09181e+07 0 2.07089e+08 0 2.53109e+08 2.07089e+08 1.14473e+08 2.09181e+07 0.00124499 -0.00019307 0.000231448 0.00145345 0.0675432
28 43 1 -0.282903 0.663731 -0.00119829 0.00366999 1.88479e+07 7.86414e+07 3.55669e+07 6.49929e+06 0 6.43429e+07 0 7.86414e+07 6.43429e+07 3.55669e+07 6.49929e+06 0.00253013 -0.00154337 -0.00311741 0.00600343 0.0748553
32 43 2 -0.0743706 0.815461 -0.00080885 0.00396831 4.71857e+07 1.96878e+08 8.90416e+07 1.62709e+07 0 1.61082e+08 0 1.96878e+08 1.61082e+08 8.90416e+07 1.62709e+07 0.000216013 -0.00188145 -0.0016301 0.00331535 0.0696225
35 44 0 -0.132253 0.632318 -0.000568515 0.00321302 1.77414e+06 7.40246e+06 3.34789e+06 611773 0 6.05656e+06 0 7.40246e+06 6.05656e+06 3.34789e+06 611773 0.00396869 -0.000928131 -0.00354828 0.00947519 0.0760292
32 44 1 -0.0743706 0.815461 -0.00080885 0.00396831 4.71857e+07 1.96878e+08 8.90416e+07 1.62709e+07 0 1.61082e+08 0 1.96878e+08 1.61082e+08 8.90416e+07 1.62709e+07 0.000216013 -0.00188145 -0.0016301 0.00331535 0.0696225
28 44 2 -0.282903 0.663731 -0.00119829 0.00366999 1.88479e+07 7.86414e+07 3.55669e+07 6.49929e+06 0 6.43429e+07 0 7.86414e+07 6.43429e+07 3.55669e+07 6.49929e+06 0.00253013 -0.00154337 -0.00311741 0.00600343 0.0748553
36 45 0 -0.142024 0.439778 -0.000319206 0.00238441 4.52474e+07 1.88791e+08 8.53838e+07 1.56025e+07 0 1.54465e+08 0 1.88791e+08 1.54465e+08 8.53838e+07 1.56025e+07 0.00202259 -0.00508479 -0.00186925 0.00130785 0.0852595
35 45 1 -0.132253 0.632318 -0.000568515 0.00321302 1.77414e+06 7.40246e+06 3.34789e+06 611773 0 6.05656e+06 0 7.40246e+06 6.05656e+06 3.34789e+06 611773 0.00396869 -0.000928131 -0.00354828 0.00947519 0.0760292
28 45 2 -0.282903 0.663731 -0.00119829 0.00366999 1.88479e+07 7.86414e+07 3.55669e+07 6.49929e+06 0 6.43429e+07 0 7.86414e+07 6.43429e+07 3.55669e+07 6.49929e+06 0.00253013 -0.00154337 -0.00311741 0.00600343 0.0748553
40 46 0 0.0202534 0.598962 -0.000196192 0.0028588 3.54429e+07 1.47882e+08 6.68823e+07 1.22217e+07 0 1.20995e+08 0 1.47882e+08 1.20995e+08 6.68823e+07 1.22217e+07 0.00121507 -0.000441714 -0.00145524 0.00498688 0.0775043
32 46 1 -0.0743706 0.815461 -0.00080885 0.00396831 4.71857e+07 1.96878e+08 8.90416e+07 1.62709e+07 0 1.61082e+08 0 1.96878e+08 1.61082e+08 8.90416e+07 1.62709e+07 0.000216013 -0.00188145 -0.0016301 0.00331535 0.0696225
35 46 2 -0.132253 0.632318 -0.000568515 0.00321302 1.77414e+06 7.40246e+06 3.34789e+06 611773 0 6.05656e+06 0 7.40246e+06 6.05656e+06 3.34789e+06 611773 0.00396869 -0.000928131 -0.00354828 0.00947519 0.0760292
33 47 0 0.078187 1.20374 -0.000242848 0.00526101 2.63109e+07 1.0978e+08 4.96499e+07 9.07274e+06 0 8.98201e+07 0 1.0978e+08 8.98201e+07 4.96499e+07 9.07274e+06 0.00221183 0.00195421 0.00252688 0.00489791 0.0625641
31 47 1 -0.10353 1.03748 -0.000832862 0.00453687 4.31669e+07 1.8011e+08 8.14579e+07 1.48851e+07 0 1.47363e+08 0 1.8011e+08 1.47363e+08 8.14579e+07 1.48851e+07 0.00201649 -0.00118731 0.000270635 0.00196628 0.0645771
39 47 2 0.127148 0.96774 -0.000455589 0.0045867 3.791e+07 1.58176e+08 7.15378e+07 1.30724e+07 0 1.29417e+08 0 1.58176e+08 1.29417e+08 7.15378e+07 1.30724e+07 0.00222111 0.00378033 -0.000564652 0.00175243 0.0661327
51 48 0 0.388336 0.452803 0.000959861 0.00169438 7.06923e+07 2.94958e+08 1.334e+08 2.43767e+07 0 2.41329e+08 0 2.94958e+08 2.41329e+08 1.334e+08 2.43767e+07 0.001041 0.00125375 0.000564266 0.000712166 0.0845372
52 48 1 0.27821 0.22774 0.000558083 0.00104148 2.29746e+07 9.58594e+07 4.3354e+07 7.92226e+06 0 7.84304e+07 0 9.58594e+07 7.84304e+07 4.3354e+07 7.92226e+06 0.00237422 0.000830042 0.00122561 0.00438713 0.0988653
59 48 2 0.446322 0.256386 0.000904005 0.00114221 2.68691e+07 1.12109e+08 5.07031e+07 9.26519e+06 0 9.17254e+07 0 1.12109e+08 9.17254e+07 5.07031e+07 9.26519e+06 0.00180594 -0.00161066 0.00106478 0.00463177 0.0963654
25 49 0 -0.125038 1.24599 -0.000784759 0.00533326 1.31028e+07 5.46701e+07 2.47255e+07 4.51819e+06 0 4.47301e+07 0 5.46701e+07 4.47301e+07 2.47255e+07 4.51819e+06 0.0038024 -0.000440147 0.000749706 0.00580611 0.0620869
31 49 1 -0.10353 1.03748 -0.000832862 0.00453687 4.31669e+07 1.8011e+08 8.14579e+07 1.48851e+07 0 1.47363e+08 0 1.8011e+08 1.47363e+08 8.14579e+07 1.48851e+07 0.00201649 -0.00118731 0.000270635 0.00196628 0.0645771
33 49 2 0.078187 1.20374 -0.000242848 0.00526101 2.63109e+07 1.0978e+08 4.96499e+07 9.07274e+06 0 8.98201e+07 0 1.0978e+08 8.98201e+07 4.96499e+07 9.07274e+06 0.00221183 0.00195421 0.00252688 0.00489791 0.0625641
16 50 0 -0.510863 1.07279 -0.0015525 0.00488604 3.85562e+07 1.60873e+08 7.27574e+07 1.32953e+07 0 1.31623e+08 0 1.60873e+08 1.31623e+08 7.27574e+07 1.32953e+07 0.002025 -0.00105803 -0.000369969 0.00269309 0.0650583
23 50 1 -0.313193 1.15666 -0.00123596 0.00498676 4.05838e+07 1.69332e+08 7.65834e+07 1.39944e+07 0 1.38545e+08 0 1.69332e+08 1.38545e+08 7.65834e+07 1.39944e+07 0.00170627 -0.000363465 -0.000486032 0.00285499 0.0632225
15 50 2 -0.505276 1.31695 -0.0018253 0.00572461 2.15688e+07 8.99939e+07 4.07013e+07 7.43752e+06 0 7.36314e+07 0 8.99939e+07 7.36314e+07 4.07013e+07 7.43752e+06 0.00219003 -0.00750631 -0.00176443 0.00484091 0.0630172
23 51 0 -0.313193 1.15666 -0.00123596 0.00498676 4.05838e+07 1.69332e+08 7.65834e+07 1.39944e+07 0 1.38545e+08 0 1.69332e+08 1.38545e+08 7.65834e+07 1.39944e+07 0.00170627 -0.000363465 -0.000486032 0.00285499 0.0632225
24 51 1 -0.310712 0.90242 -0.00121345 0.00440762 6.06625e+07 2.53109e+08 1.14473e+08 2.09181e+07 0 2.07089e+08 0 2.53109e+08 2.07089e+08 1.14473e+08 2.09181e+07 0.00124499 -0.00019307 0.000231448 0.00145345 0.0675432
31 51 2 -0.10353 1.03748 -0.000832862 0.00453687 4.31669e+07 1.8011e+08 8.14579e+07 1.48851e+07 0 1.47363e+08 0 1.8011e+08 1.47363e+08 8.14579e+07 1.48851e+07 0.00201649 -0.00118731 0.000270635 0.00196628 0.0645771
9 52 0 -0.720773 1.17912 -0.00271661 0.00627385 859280 3.58527e+06 1.6215e+06 296304 0 2.93341e+06 0 3.58527e+06 2.93341e+06 1.6215e+06 296304 0.00771435 -0.00859123 -0.00535629 0.0102719 0.0654363
16 52 1 -0.510863 1.07279 -0.0015525 0.00488604 3.85562e+07 1.60873e+08 7.27574e+07 1.32953e+07 0 1.31623e+08 0 1.60873e+08 1.31623e+08 7.27574e+07 1.32953e+07 0.002025 -0.00105803 -0.000369969 0.00269309 0.0650583
15 52 2 -0.505276 1.31695 -0.0018253 0.00572461 2.15688e+07 8.99939e+07 4.07013e+07 7.43752e+06 0 7.36314e+07 0 8.99939e+07 7.36314e+07 4.07013e+07 7.43752e+06 0.00219003 -0.00750631 -0.00176443 0.00484091 0.0630172
9 53 0 -0.720773 1.17912 -0.00271661 0.00627385 859280 3.58527e+06 1.6215e+06 296304 0 2.93341e+06 0 3.58527e+06 2.93341e+06 1.6215e+06 296304 0.00771435 -0.00859123 -0.00535629 0.0102719 0.0654363
8 53 1 -0.908846 0.999502 -0.00255061 0.00480706 3.94671e+07 1.64673e+08 7.44762e+07 1.36093e+07 0 1.34732e+08 0 1.64673e+08 1.34732e+08 7.44762e+07 1.36093e+07 0.00137756 -0.00326818 -0.00086772 0.0014303 0.068998
14 53 2 -0.682426 0.90031 -0.00202139 0.00440156 3.22126e+07 1.34404e+08 6.07866e+07 1.11078e+07 0 1.09967e+08 0 1.34404e+08 1.09967e+08 6.07866e+07 1.11078e+07 0.00251295 -0.00107449 0.00141187 0.00311317 0.0688695
41 54 0 0.15394 0.734105 -0.00029853 0.00366896 8.9561e+06 3.73686e+07 1.69006e+07 3.08831e+06 0 3.05743e+07 0 3.73686e+07 3.05743e+07 1.69006e+07 3.08831e+06 0.00286358 0.00303977 -0.00227289 0.00729413 0.0724757
44 54 1 0.133354 0.437106 0.00036352 0.00195312 2.64605e+07 1.10404e+08 4.99322e+07 9.12431e+06 0 9.03307e+07 0 1.10404e+08 9.03307e+07 4.99322e+07 9.12431e+06 0.00300395 -0.00260196 -0.00251278 0.00407751 0.0855479
48 54 2 0.317888 0.637565 0.000957477 0.00235447 5.40333e+06 2.25449e+07 1.01963e+07 1.86322e+06 0 1.84458e+07 0 2.25449e+07 1.84458e+07 1.01963e+07 1.86322e+06 0.00439106 -0.0019349 0.00056164 0.00692065 0.0761334
45 55 0 2.49704e-17 2.51885e-24 -1.48087e-27 4.12413e-26 2.59855e+07 1.08422e+08 4.90359e+07 8.96053e+06 0 8.87093e+07 0 1.08422e+08 8.87093e+07 4.90359e+07 8.96053e+06 -1.04421e-25 -7.29462e-25 0.00137403 0.00712619 0.118707
46 55 1 0.105558 0.195245 0.000233423 0.000985738 2.96779e+07 1.23828e+08 5.60034e+07 1.02337e+07 0 1.01314e+08 0 1.23828e+08 1.01314e+08 5.60034e+07 1.02337e+07 0.00108379 -0.00186679 0.000383479 0.00455194 0.101531
38 55 2 -0.068681 0.228339 6.95548e-05 0.0014775 3.22191e+07 1.34432e+08 6.07989e+07 1.111e+07 0 1.09989e+08 0 1.34432e+08 1.09989e+08 6.07989e+07 1.111e+07 0.000869958 -0.00520859 -0.000503133 0.00424847 0.0990032
49 56 0 0.49484 1.09508 0.000750775 0.00553719 2.30151e+06 9.60286e+06 4.34306e+06 793625 0 7.85689e+06 0 9.60286e+06 7.85689e+06 4.34306e+06 793625 0.00695311 0.00592096 0.00226019 0.0115918 0.0652438
55 56 1 0.63941 0.92585 0.0016025 0.00417661 9.38177e+06 3.91446e+07 1.77038e+07 3.23509e+06 0 3.20274e+07 0 3.91446e+07 3.20274e+07 1.77038e+07 3.23509e+06 0.00495307 0.00628803 0.00312295 0.00868951 0.0687476
50 56 2 0.693187 1.19475 0.00162195 0.00568994 3.23537e+07 1.34993e+08 6.1053e+07 1.11565e+07 0 1.10449e+08 0 1.34993e+08 1.10449e+08 6.1053e+07 1.11565e+07 0.000322196 -0.00651644 -0.00403324 0.00261168 0.0656793
34 57 0 0.228565 1.39794 0.000130886 0.00643983 1.3249e+07 5.52802e+07 2.50014e+07 4.56861e+06 0 4.52292e+07 0 5.52802e+07 4.52292e+07 2.50014e+07 4.56861e+06 0.00311655 -0.00317827 -0.00154008 0.00625774 0.0619857
42 57 1 0.294248 1.14747 0.000161354 0.00533562 4.02582e+07 1.67974e+08 7.5969e+07 1.38821e+07 0 1.37433e+08 0 1.67974e+08 1.37433e+08 7.5969e+07 1.38821e+07 0.000402324 -0.000199312 0.00340202 0.00262252 0.0636971
43 57 2 0.470359 1.3383 0.000718516 0.00652396 3.62896e+07 1.51415e+08 6.84801e+07 1.25136e+07 0 1.23885e+08 0 1.51415e+08 1.23885e+08 6.84801e+07 1.25136e+07 0.00126562 0.00623861 -0.00039956 0.00332854 0.0632338
47 58 0 0.370974 0.883771 0.000355183 0.00415559 2.41518e+07 1.00771e+08 4.55755e+07 8.3282e+06 0 8.24491e+07 0 1.00771e+08 8.24491e+07 4.55755e+07 8.3282e+06 0.00294649 -0.00541753 -0.00374115 0.0037617 0.0685934
48 58 1 0.317888 0.637565 0.000957477 0.00235447 5.40333e+06 2.25449e+07 1.01963e+07 1.86322e+06 0 1.84458e+07 0 2.25449e+07 1.84458e+07 1.01963e+07 1.86322e+06 0.00439106 -0.0019349 0.00056164 0.00692065 0.0761334
54 58 2 0.545671 0.677595 0.00154696 0.00242745 2.23294e+07 9.31674e+07 4.21366e+07 7.69979e+06 0 7.62279e+07 0 9.31674e+07 7.62279e+07 4.21366e+07 7.69979e+06 0.00213568 -3.15499e-05 -0.00338361 0.00504139 0.0749449
42 59 0 0.294248 1.14747 0.000161354 0.00533562 4.02582e+07 1.67974e+08 7.5969e+07 1.38821e+07 0 1.37433e+08 0 1.67974e+08 1.37433e+08 7.5969e+07 1.38821e+07 0.000402324 -0.000199312 0.00340202 0.00262252 0.0636971
47 59 1 0.370974 0.883771 0.000355183 0.00415559 2.41518e+07 1.00771e+08 4.55755e+07 8.3282e+06 0 8.24491e+07 0 1.00771e+08 8.24491e+07 4.55755e+07 8.3282e+06 0.00294649 -0.00541753 -0.00374115 0.0037617 0.0685934
49 59 2 0.49484 1.09508 0.000750775 0.00553719 2.30151e+06 9.60286e+06 4.34306e+06 793625 0 7.85689e+06 0 9.60286e+06 7.85689e+06 4.34306e+06 793625 0.00695311 0.00592096 0.00226019 0.0115918 0.0652438
39 60 0 0.127148 0.96774 -0.000455589 0.0045867 3.791e+07 1.58176e+08 7.15378e+07 1.30724e+07 0 1.29417e+08 0 1.58176e+08 1.29417e+08 7.15378e+07 1.30724e+07 0.00222111 0.00378033 -0.000564652 0.00175243 0.0661327
41 60 1 0.15394 0.734105 -0.00029853 0.00366896 8.9561e+06 3.73686e+07 1.69006e+07 3.08831e+06 0 3.05743e+07 0 3.73686e+07 3.05743e+07 1.69006e+07 3.08831e+06 0.00286358 0.00303977 -0.00227289 0.00729413 0.0724757
47 60 2 0.370974 0.883771 0.000355183 0.00415559 2.41518e+07 1.00771e+08 4.55755e+07 8.3282e+06 0 8.24491e+07 0 1.00771e+08 8.24491e+07 4.55755e+07 8.3282e+06 0.00294649 -0.00541753 -0.00374115 0.0037617 0.0685934
44 61 0 0.133354 0.437106 0.00036352 0.00195312 2.64605e+07 1.10404e+08 4.99322e+07 9.12431e+06 0 9.03307e+07 0 1.10404e+08 9.03307e+07 4.99322e+07 9.12431e+06 0.00300395 -0.00260196 -0.00251278 0.00407751 0.0855479
51 61 1 0.388336 0.452803 0.000959861 0.00169438 7.06923e+07 2.94958e+08 1.334e+08 2.43767e+07 0 2.41329e+08 0 2.94958e+08 2.41329e+08 1.334e+08 2.43767e+07 0.001041 0.00125375 0.000564266 0.000712166 0.0845372
48 61 2 0.317888 0.637565 0.000957477 0.00235447 5.40333e+06 2.25449e+07 1.01963e+07 1.86322e+06 0 1.84458e+07 0 2.25449e+07 1.84458e+07 1.01963e+07 1.86322e+06 0.00439106 -0.0019349 0.00056164 0.00692065 0.0761334
38 62 0 -0.068681 0.228339 6.95548e-05 0.0014775 3.22191e+07 1.34432e+08 6.07989e+07 1.111e+07 0 1.09989e+08 0 1.34432e+08 1.09989e+08 6.07989e+07 1.111e+07 0.000869958 -0.00520859 -0.000503133 0.00424847 0.0990032
46 62 1 0.105558 0.195245 0.000233423 0.000985738 2.96779e+07 1.23828e+08 5.60034e+07 1.02337e+07 0 1.01314e+08 0 1.23828e+08 1.01314e+08 5.60034e+07 1.02337e+07 0.00108379 -0.00186679 0.000383479 0.00455194 0.101531
44 62 2 0.133354 0.437106 0.00036352 0.00195312 2.64605e+07 1.10404e+08 4.99322e+07 9.12431e+06 0 9.03307e+07 0 1.10404e+08 9.03307e+07 4.99322e+07 9.12431e+06 0.00300395 -0.00260196 -0.00251278 0.00407751 0.0855479
30 63 0 -0.28085 0.226186 -0.000479689 0.00186156 7.04916e+06 2.9412e+07 1.33021e+07 2.43074e+06 0 2.40644e+07 0 2.9412e+07 2.40644e+07 1.33021e+07 2.43074e+06 0.00503362 0.00791998 -5.00531e-06 0.00992526 0.0988319
38 63 1 -0.068681 0.228339 6.95548e-05 0.0014775 3.22191e+07 1.34432e+08 6.07989e+07 1.111e+07 0 1.09989e+08 0 1.34432e+08 1.09989e+08 6.07989e+07 1.111e+07 0.000869958 -0.00520859 -0.000503133 0.00424847 0.0990032
36 63 2 -0.142024 0.439778 -0.000319206 0.00238441 4.52474e+07 1.88791e+08 8.53838e+07 1.56025e+07 0 1.54465e+08 0 1.88791e+08 1.54465e+08 8.53838e+07 1.56025e+07 0.00202259 -0.00508479 -0.00186925 0.00130785 0.0852595
30 64 0 -0.28085 0.226186 -0.000479689 0.00186156 7.04916e+06 2.9412e+07 1.33021e+07 2.43074e+06 0 2.40644e+07 0 2.9412e+07 2.40644e+07 1.33021e+07 2.43074e+06 0.00503362 0.00791998 -5.00531e-06 0.00992526 0.0988319
37 64 1 -0.2 2.32399e-24 3.43097e-27 2.43784e-26 7.28343e+06 3.03895e+07 1.37442e+07 2.51153e+06 0 2.48641e+07 0 3.03895e+07 2.48641e+07 1.37442e+07 2.51153e+06 2.64771e-25 -6.42998e-25 -0.00243727 0.00936623 0.118402
38 64 2 -0.068681 0.228339 6.95548e-05 0.0014775 3.22191e+07 1.34432e+08 6.07989e+07 1.111e+07 0 1.09989e+08 0 1.34432e+08 1.09989e+08 6.07989e+07 1.111e+07 0.000869958 -0.00520859 -0.000503133 0.00424847 0.0990032
52 65 0 0.27821 0.22774 0.000558083 0.00104148 2.29746e+07 9.58594e+07 4.3354e+07 7.92226e+06 0 7.84304e+07 0 9.58594e+07 7.84304e+07 4.3354e+07 7.92226e+06 0.00237422 0.000830042 0.00122561 0.00438713 0.0988653
51 65 1 0.388336 0.452803 0.000959861 0.00169438 7.06923e+07 2.94958e+08 1.334e+08 2.43767e+07 0 2.41329e+08 0 2.94958e+08 2.41329e+08 1.334e+08 2.43767e+07 0.001041 0.00125375 0.000564266 0.000712166 0.0845372
44 65 2 0.133354 0.437106 0.00036352 0.00195312 2.64605e+07 1.10404e+08 4.99322e+07 9.12431e+06 0 9.03307e+07 0 1.10404e+08 9.03307e+07 4.99322e+07 9.12431e+06 0.00300395 -0.00260196 -0.00251278 0.00407751 0.0855479
46 66 0 0.105558 0.195245 0.000233423 0.000985738 2.96779e+07 1.23828e+08 5.60034e+07 1.02337e+07 0 1.01314e+08 0 1.23828e+08 1.01314e+08 5.60034e+07 1.02337e+07 0.00108379 -0.00186679 0.000383479 0.00455194 0.101531
52 66 1 0.27821 0.22774 0.000558083 0.00104148 2.29746e+07 9.58594e+07 4.3354e+07 7.92226e+06 0 7.84304e+07 0 9.58594e+07 7.84304e+07 4.3354e+07 7.92226e+06 0.00237422 0.000830042 0.00122561 0.00438713 0.0988653
44 66 2 0.133354 0.437106 0.00036352 0.00195312 2.64605e+07 1.10404e+08 4.99322e+07 9.12431e+06 0 9.03307e+07 0 1.10404e+08 9.03307e+07 4.99322e+07 9.12431e+06 0.00300395 -0.00260196 -0.00251278 0.00407751 0.0855479
36 67 0 -0.142024 0.439778 -0.000319206 0.00238441 4.52474e+07 1.88791e+08 8.53838e+07 1.56025e+07 0 1.54465e+08 0 1.88791e+08 1.54465e+08 8.53838e+07 1.56025e+07 0.00202259 -0.00508479 -0.00186925 0.00130785 0.0852595
38 67 1 -0.068681 0.228339 6.95548e-05 0.0014775 3.22191e+07 1.34432e+08 6.07989e+07 1.111e+07 0 1.09989e+08 0 1.34432e+08 1.09989e+08 6.07989e+07 1.111e+07 0.000869958 -0.00520859 -0.000503133 0.00424847 0.0990032
44 67 2 0.133354 0.437106 0.00036352 0.00195312 2.64605e+07 1.10404e+08 4.99322e+07 9.12431e+06 0 9.03307e+07 0 1.10404e+08 9.03307e+07 4.99322e+07 9.12431e+06 0.00300395 -0.00260196 -0.00251278 0.00407751 0.0855479
45 68 0 2.49704e-17 2.51885e-24 -1.48087e-27 4.12413e-26 2.59855e+07 1.08422e+08 4.90359e+07 8.96053e+06 0 8.87093e+07 0 1.08422e+08 8.87093e+07 4.90359e+07 8.96053e+06 -1.04421e-25 -7.29462e-25 0.00137403 0.00712619 0.118707
53 68 1 0.2 2.35757e-24 4.9073e-28 3.33814e-26 3.1098e+07 1.29754e+08 5.86833e+07 1.07234e+07 0 1.06162e+08 0 1.29754e+08 1.06162e+08 5.86833e+07 1.07234e+07 0.000396867 -0.000203721 0.00272381 0.00454396 0.118613
46 68 2 0.105558 0.195245 0.000233423 0.000985738 2.96779e+07 1.23828e+08 5.60034e+07 1.02337e+07 0 1.01314e+08 0 1.23828e+08 1.01314e+08 5.60034e+07 1.02337e+07 0.00108379 -0.00186679 0.000383479 0.00455194 0.101531
53 69 0 0.2 2.35757e-24 4.9073e-28 3.33814e-26 3.1098e+07 1.29754e+08 5.86833e+07 1.07234e+07 0 1.06162e+08 0 1.29754e+08 1.06162e+08 5.86833e+07 1.07234e+07 0.000396867 -0.000203721 0.00272381 0.00454396 0.118613
60 69 1 0.4 2.45725e-24 1.81836e-27 3.44299e-26 3.04303e+07 1.26968e+08 5.74234e+07 1.04932e+07 0 1.03883e+08 0 1.26968e+08 1.03883e+08 5.74234e+07 1.04932e+07 0.000597689 0.000211099 0.00555285 0.00453116 0.11807
52 69 2 0.27821 0.22774 0.000558083 0.00104148 2.29746e+07 9.58594e+07 4.3354e+07 7.92226e+06 0 7.84304e+07 0 9.58594e+07 7.84304e+07 4.3354e+07 7.92226e+06 0.00237422 0.000830042 0.00122561 0.00438713 0.0988653
64 70 0 0.749772 0.231044 0.00132321 0.00133467 2.25388e+07 9.4041e+07 4.25317e+07 7.77199e+06 0 7.69427e+07 0 9.4041e+07 7.69427e+07 4.25317e+07 7.77199e+06 0.00208912 0.00387192 0.00277056 0.0054774 0.0962039
71 70 1 0.942446 0.211666 0.00235235 0.0014001 6.5713e+06 2.74182e+07 1.24003e+07 2.26597e+06 0 2.24331e+07 0 2.74182e+07 2.24331e+07 1.24003e+07 2.26597e+06 0.00694199 -0.00502954 0.00016106 0.00878207 0.0948297
66 70 2 0.887573 0.478319 0.00211158 0.00274293 2.47702e+07 1.03352e+08 4.67425e+07 8.54145e+06 0 8.45603e+07 0 1.03352e+08 8.45603e+07 4.67425e+07 8.54145e+06 0.00339339 0.00181934 0.000767871 0.00371396 0.0826496
61 71 0 0.718646 0.581443 0.00179404 0.00258206 4.25512e+07 1.77541e+08 8.0296e+07 1.46728e+07 0 1.45261e+08 0 1.77541e+08 1.45261e+08 8.0296e+07 1.46728e+07 0.00180125 0.00394017 0.00158319 0.00260084 0.0786288
58 71 1 0.618767 0.415201 0.00133357 0.00164278 3.41152e+07 1.42343e+08 6.4377e+07 1.17639e+07 0 1.16462e+08 0 1.42343e+08 1.16462e+08 6.4377e+07 1.17639e+07 0.00208901 0.00352031 0.000314189 0.00312737 0.0861048
66 71 2 0.887573 0.478319 0.00211158 0.00274293 2.47702e+07 1.03352e+08 4.67425e+07 8.54145e+06 0 8.45603e+07 0 1.03352e+08 8.45603e+07 4.67425e+07 8.54145e+06 0.00339339 0.00181934 0.000767871 0.00371396 0.0826496
65 72 0 0.573031 0.175957 0.000915679 0.000717241 3.94657e+07 1.64667e+08 7.44736e+07 1.36089e+07 0 1.34728e+08 0 1.64667e+08 1.34728e+08 7.44736e+07 1.36089e+07 0.00108541 5.99155e-06 0.00320001 0.00340779 0.101617
67 72 1 0.6 2.38242e-24 4.71008e-27 4.07347e-26 3.9597e+07 1.65215e+08 7.47214e+07 1.36541e+07 0 1.35176e+08 0 1.65215e+08 1.35176e+08 7.47214e+07 1.36541e+07 0.000206254 -0.000561821 0.00769057 0.00432922 0.116831
64 72 2 0.749772 0.231044 0.00132321 0.00133467 2.25388e+07 9.4041e+07 4.25317e+07 7.77199e+06 0 7.69427e+07 0 9.4041e+07 7.69427e+07 4.25317e+07 7.77199e+06 0.00208912 0.00387192 0.00277056 0.0054774 0.0962039
58 73 0 0.618767 0.415201 0.00133357 0.00164278 3.41152e+07 1.42343e+08 6.4377e+07 1.17639e+07 0 1.16462e+08 0 1.42343e+08 1.16462e+08 6.4377e+07 1.17639e+07 0.00208901 0.00352031 0.000314189 0.00312737 0.0861048
65 73 1 0.573031 0.175957 0.000915679 0.000717241 3.94657e+07 1.64667e+08 7.44736e+07 1.36089e+07 0 1.34728e+08 0 1.64667e+08 1.34728e+08 7.44736e+07 1.36089e+07 0.00108541 5.99155e-06 0.00320001 0.00340779 0.101617
64 73 2 0.749772 0.231044 0.00132321 0.00133467 2.25388e+07 9.4041e+07 4.25317e+07 7.77199e+06 0 7.69427e+07 0 9.4041e+07 7.69427e+07 4.25317e+07 7.77199e+06 0.00208912 0.00387192 0.00277056 0.0054774 0.0962039
59 74 0 0.446322 0.256386 0.000904005 0.00114221 2.68691e+07 1.12109e+08 5.07031e+07 9.26519e+06 0 9.17254e+07 0 1.12109e+08 9.17254e+07 5.07031e+07 9.26519e+06 0.00180594 -0.00161066 0.00106478 0.00463177 0.0963654
60 74 1 0.4 2.45725e-24 1.81836e-27 3.44299e-26 3.04303e+07 1.26968e+08 5.74234e+07 1.04932e+07 0 1.03883e+08 0 1.26968e+08 1.03883e+08 5.74234e+07 1.04932e+07 0.000597689 0.000211099 0.00555285 0.00453116 0.11807
65 74 2 0.573031 0.175957 0.000915679 0.000717241 3.94657e+07 1.64667e+08 7.44736e+07 1.36089e+07 0 1.34728e+08 0 1.64667e+08 1.34728e+08 7.44736e+07 1.36089e+07 0.00108541 5.99155e-06 0.00320001 0.00340779 0.101617
52 75 0 0.27821 0.22774 0.000558083 0.00104148 2.29746e+07 9.58594e+07 4.3354e+07 7.92226e+06 0 7.84304e+07 0 9.58594e+07 7.84304e+07 4.3354e+07 7.92226e+06 0.00237422 0.000830042 0.00122561 0.00438713 0.0988653
46 75 1 0.105558 0.195245 0.000233423 0.000985738 2.96779e+07 1.23828e+08 5.60034e+07 1.02337e+07 0 1.01314e+08 0 1.23828e+08 1.01314e+08 5.60034e+07 1.02337e+07 0.00108379 -0.00186679 0.000383479 0.00455194 0.101531
53 75 2 0.2 2.35757e-24 4.9073e-28 3.33814e-26 3.1098e+07 1.29754e+08 5.86833e+07 1.07234e+07 0 1.06162e+08 0 1.29754e+08 1.06162e+08 5.86833e+07 1.07234e+07 0.000396867 -0.000203721 0.00272381 0.00454396 0.118613
7 76 0 -0.85956 0.788259 -0.00272386 0.00416102 2.53082e+07 1.05596e+08 4.77578e+07 8.72697e+06 0 8.6397e+07 0 1.05596e+08 8.6397e+07 4.77578e+07 8.72697e+06 0.00247583 0.00157629 0.00340704 0.00429153 0.0721718
14 76 1 -0.682426 0.90031 -0.00202139 0.00440156 3.22126e+07 1.34404e+08 6.07866e+07 1.11078e+07 0 1.09967e+08 0 1.34404e+08 1.09967e+08 6.07866e+07 1.11078e+07 0.00251295 -0.00107449 0.00141187 0.00311317 0.0688695
8 76 2 -0.908846 0.999502 -0.00255061 0.00480706 3.94671e+07 1.64673e+08 7.44762e+07 1.36093e+07 0 1.34732e+08 0 1.64673e+08 1.34732e+08 7.44762e+07 1.36093e+07 0.00137756 -0.00326818 -0.00086772 0.0014303 0.068998
3 77 0 -0.946799 0.586473 -0.00318852 0.00300132 2.42183e+07 1.01049e+08 4.57011e+07 8.35114e+06 0 8.26763e+07 0 1.01049e+08 8.26763e+07 4.57011e+07 8.35114e+06 0.00325617 0.00538944 -0.00118218 0.00423375 0.0777924
7 77 1 -0.85956 0.788259 -0.00272386 0.00416102 2.53082e+07 1.05596e+08 4.77578e+07 8.72697e+06 0 8.6397e+07 0 1.05596e+08 8.6397e+07 4.77578e+07 8.72697e+06 0.00247583 0.00157629 0.00340704 0.00429153 0.0721718
2 77 2 -1.05917 0.780459 -0.00363555 0.00407346 7.27334e+06 3.03474e+07 1.37251e+07 2.50805e+06 0 2.48297e+07 0 3.03474e+07 2.48297e+07 1.37251e+07 2.50805e+06 0.00631099 -0.00119218 0.00549746 0.00832892 0.0738945
0 78 0 -1.17012 0.513834 -0.00379801 0.00142623 1.94438e+07 8.11277e+07 3.66914e+07 6.70477e+06 0 6.63772e+07 0 8.11277e+07 6.63772e+07 3.66914e+07 6.70477e+06 0.0030984 0.00534457 -0.00157295 0.00613385 0.0806426
3 78 1 -0.946799 0.586473 -0.00318852 0.00300132 2.42183e+07 1.01049e+08 4.57011e+07 8.35114e+06 0 8.26763e+07 0 1.01049e+08 8.26763e+07 4.57011e+07 8.35114e+06 0.00325617 0.00538944 -0.00118218 0.00423375 0.0777924
2 78 2 -1.05917 0.780459 -0.00363555 0.00407346 7.27334e+06 3.03474e+07 1.37251e+07 2.50805e+06 0 2.48297e+07 0 3.03474e+07 2.48297e+07 1.37251e+07 2.50805e+06 0.00631099 -0.00119218 0.00549746 0.00832892 0.0738945
10 79 0 -0.811427 0.411995 -0.00211212 0.00216631 9.55416e+06 3.98639e+07 1.80291e+07 3.29454e+06 0 3.26159e+07 0 3.98639e+07 3.26159e+07 1.80291e+07 3.29454e+06 0.0053107 -0.0011144 -0.00173919 0.00573166 0.0845514
19 79 1 -0.595643 0.442065 -0.00150028 0.0025223 4.78429e+07 1.9962e+08 9.02817e+07 1.64975e+07 0 1.63326e+08 0 1.9962e+08 1.63326e+08 9.02817e+07 1.64975e+07 0.000594876 0.00332469 5.43477e-05 0.00208449 0.0841789
11 79 2 -0.719881 0.637807 -0.00230601 0.00328238 1.36061e+07 5.67702e+07 2.56753e+07 4.69175e+06 0 4.64484e+07 0 5.67702e+07 4.64484e+07 2.56753e+07 4.69175e+06 0.00360691 -0.00275054 -0.000322589 0.00681655 0.0758728
4 80 0 -1.02208 0.379033 -0.00309901 0.0014957 2.01787e+07 8.41939e+07 3.80781e+07 6.95817e+06 0 6.88859e+07 0 8.41939e+07 6.88859e+07 3.80781e+07 6.95817e+06 0.00310227 0.00658548 -0.00198854 0.00593644 0.0847016
10 80 1 -0.811427 0.411995 -0.00211212 0.00216631 9.55416e+06 3.98639e+07 1.80291e+07 3.29454e+06 0 3.26159e+07 0 3.98639e+07 3.26159e+07 1.80291e+07 3.29454e+06 0.0053107 -0.0011144 -0.00173919 0.00573166 0.0845514
3 80 2 -0.946799 0.586473 -0.00318852 0.00300132 2.42183e+07 1.01049e+08 4.57011e+07 8.35114e+06 0 8.26763e+07 0 1.01049e+08 8.26763e+07 4.57011e+07 8.35114e+06 0.00325617 0.00538944 -0.00118218 0.00423375 0.0777924
4 81 0 -1.02208 0.379033 -0.00309901 0.0014957 2.01787e+07 8.41939e+07 3.80781e+07 6.95817e+06 0 6.88859e+07 0 8.41939e+07 6.88859e+07 3.80781e+07 6.95817e+06 0.00310227 0.00658548 -0.00198854 0.00593644 0.0847016
6 81 1 -0.92778 0.200512 -0.00221879 0.000927219 1.54365e+07 6.44076e+07 2.91294e+07 5.32294e+06 0 5.26971e+07 0 6.44076e+07 5.26971e+07 2.91294e+07 5.32294e+06 0.00490659 0.00117478 -0.00365355 0.00375167 0.0942359
10 81 2 -0.811427 0.411995 -0.00211212 0.00216631 9.55416e+06 3.98639e+07 1.80291e+07 3.29454e+06 0 3.26159e+07 0 3.98639e+07 3.26159e+07 1.80291e+07 3.29454e+06 0.0053107 -0.0011144 -0.00173919 0.00573166 0.0845514
11 82 0 -0.719881 0.637807 -0.00230601 0.00328238 1.36061e+07 5.67702e+07 2.56753e+07 4.69175e+06 0 4.64484e+07 0 5.67702e+07 4.64484e+07 2.56753e+07 4.69175e+06 0.00360691 -0.00275054 -0.000322589 0.00681655 0.0758728
14 82 1 -0.682426 0.90031 -0.00202139 0.00440156 3.22126e+07 1.34404e+08 6.07866e+07 1.11078e+07 0 1.09967e+08 0 1.34404e+08 1.09967e+08 6.07866e+07 1.11078e+07 0.00251295 -0.00107449 0.00141187 0.00311317 0.0688695
7 82 2 -0.85956 0.788259 -0.00272386 0.00416102 2.53082e+07 1.05596e+08 4.77578e+07 8.72697e+06 0 8.6397e+07 0 1.05596e+08 8.6397e+07 4.77578e+07 8.72697e+06 0.00247583 0.00157629 0.00340704 0.00429153 0.0721718
24 83 0 -0.310712 0.90242 -0.00121345 0.00440762 6.06625e+07 2.53109e+08 1.14473e+08 2.09181e+07 0 2.07089e+08 0 2.53109e+08 2.07089e+08 1.14473e+08 2.09181e+07 0.00124499 -0.00019307 0.000231448 0.00145345 0.0675432
17 83 1 -0.496286 0.878217 -0.00156455 0.00430949 3.07609e+07 1.28347e+08 5.80472e+07 1.06072e+07 0 1.05011e+08 0 1.28347e+08 1.05011e+08 5.80472e+07 1.06072e+07 0.00240113 0.00064341 0.000825503 0.0032022 0.0686036
20 83 2 -0.498686 0.685541 -0.00171076 0.00356067 2.31448e+07 9.65698e+07 4.36753e+07 7.98097e+06 0 7.90116e+07 0 9.65698e+07 7.90116e+07 4.36753e+07 7.98097e+06 0.00209667 0.0020397 -0.00162386 0.00505129 0.0741553
16 84 0 -0.510863 1.07279 -0.0015525 0.00488604 3.85562e+07 1.60873e+08 7.27574e+07 1.32953e+07 0 1.31623e+08 0 1.60873e+08 1.31623e+08 7.27574e+07 1.32953e+07 0.002025 -0.00105803 -0.000369969 0.00269309 0.0650583
9 84 1 -0.720773 1.17912 -0.00271661 0.00627385 859280 3.58527e+06 1.6215e+06 296304 0 2.93341e+06 0 3.58527e+06 2.93341e+06 1.6215e+06 296304 0.00771435 -0.00859123 -0.00535629 0.0102719 0.0654363
14 84 2 -0.682426 0.90031 -0.00202139 0.00440156 3.22126e+07 1.34404e+08 6.07866e+07 1.11078e+07 0 1.09967e+08 0 1.34404e+08 1.09967e+08 6.07866e+07 1.11078e+07 0.00251295 -0.00107449 0.00141187 0.00311317 0.0688695
10 85 0 -0.811427 0.411995 -0.00211212 0.00216631 9.55416e+06 3.98639e+07 1.80291e+07 3.29454e+06 0 3.26159e+07 0 3.98639e+07 3.26159e+07 1.80291e+07 3.29454e+06 0.0053107 -0.0011144 -0.00173919 0.00573166 0.0845514
11 85 1 -0.719881 0.637807 -0.00230601 0.00328238 1.36061e+07 5.67702e+07 2.56753e+07 4.69175e+06 0 4.64484e+07 0 5.67702e+07 4.64484e+07 2.56753e+07 4.69175e+06 0.00360691 -0.00275054 -0.000322589 0.00681655 0.0758728
3 85 2 -0.946799 0.586473 -0.00318852 0.00300132 2.42183e+07 1.01049e+08 4.57011e+07 8.35114e+06 0 8.26763e+07 0 1.01049e+08 8.26763e+07 4.57011e+07 8.35114e+06 0.00325617 0.00538944 -0.00118218 0.00423375 0.0777924
38 86 0 -0.068681 0.228339 6.95548e-05 0.0014775 3.22191e+07 1.34432e+08 6.07989e+07 1.111e+07 0 1.09989e+08 0 1.34432e+08 1.09989e+08 6.07989e+07 1.111e+07 0.000869958 -0.00520859 -0.000503133 0.00424847 0.0990032
37 86 1 -0.2 2.32399e-24 3.43097e-27 2.43784e-26 7.28343e+06 3.03895e+07 1.37442e+07 2.51153e+06 0 2.48641e+07 0 3.03895e+07 2.48641e+07 1.37442e+07 2.51153e+06 2.64771e-25 -6.42998e-25 -0.00243727 0.00936623 0.118402
45 86 2 2.49704e-17 2.51885e-24 -1.48087e-27 4.12413e-26 2.59855e+07 1.08422e+08 4.90359e+07 8.96053e+06 0 8.87093e+07 0 1.08422e+08 8.87093e+07 4.90359e+07 8.96053e+06 -1.04421e-25 -7.29462e-25 0.00137403 0.00712619 0.118707
13 87 0 -0.703772 0.214999 -0.00159725 0.00138227 3.35386e+07 1.39937e+08 6.32889e+07 1.15651e+07 0 1.14494e+08 0 1.39937e+08 1.14494e+08 6.32889e+07 1.15651e+07 0.000995883 0.00241092 -0.00180843 0.00362672 0.0967347
10 87 1 -0.811427 0.411995 -0.00211212 0.00216631 9.55416e+06 3.98639e+07 1.80291e+07 3.29454e+06 0 3.26159e+07 0 3.98639e+07 3.26159e+07 1.80291e+07 3.29454e+06 0.0053107 -0.0011144 -0.00173919 0.00573166 0.0845514
6 87 2 -0.92778 0.200512 -0.00221879 0.000927219 1.54365e+07 6.44076e+07 2.91294e+07 5.32294e+06 0 5.26971e+07 0 6.44076e+07 5.26971e+07 2.91294e+07 5.32294e+06 0.00490659 0.00117478 -0.00365355 0.00375167 0.0942359
27 88 0 -0.379189 0.449935 -0.000992497 0.00278251 2.93718e+07 1.22551e+08 5.54259e+07 1.01282e+07 0 1.00269e+08 0 1.22551e+08 1.00269e+08 5.54259e+07 1.01282e+07 0.00350976 0.00187568 -0.00152783 0.002149 0.084482
19 88 1 -0.595643 0.442065 -0.00150028 0.0025223 4.78429e+07 1.9962e+08 9.02817e+07 1.64975e+07 0 1.63326e+08 0 1.9962e+08 1.63326e+08 9.02817e+07 1.64975e+07 0.000594876 0.00332469 5.43477e-05 0.00208449 0.0841789
22 88 2 -0.492151 0.224483 -0.00116362 0.00162849 1.31686e+07 5.49447e+07 2.48497e+07 4.54089e+06 0 4.49548e+07 0 5.49447e+07 4.49548e+07 2.48497e+07 4.54089e+06 0.00215846 -0.00566356 -0.00334324 0.00930315 0.0979901
11 89 0 -0.719881 0.637807 -0.00230601 0.00328238 1.36061e+07 5.67702e+07 2.56753e+07 4.69175e+06 0 4.64484e+07 0 5.67702e+07 4.64484e+07 2.56753e+07 4.69175e+06 0.00360691 -0.00275054 -0.000322589 0.00681655 0.0758728
7 89 1 -0.85956 0.788259 -0.00272386 0.00416102 2.53082e+07 1.05596e+08 4.77578e+07 8.72697e+06 0 8.6397e+07 0 1.05596e+08 8.6397e+07 4.77578e+07 8.72697e+06 0.00247583 0.00157629 0.00340704 0.00429153 0.0721718
3 89 2 -0.946799 0.586473 -0.00318852 0.00300132 2.42183e+07 1.01049e+08 4.57011e+07 8.35114e+06 0 8.26763e+07 0 1.01049e+08 8.26763e+07 4.57011e+07 8.35114e+06 0.00325617 0.00538944 -0.00118218 0.00423375 0.0777924
20 90 0 -0.498686 0.685541 -0.00171076 0.00356067 2.31448e+07 9.65698e+07 4.36753e+07 7.98097e+06 0 7.90116e+07 0 9.65698e+07 7.90116e+07 4.36753e+07 7.98097e+06 0.00209667 0.0020397 -0.00162386 0.00505129 0.0741553
11 90 1 -0.719881 0.637807 -0.00230601 0.00328238 1.36061e+07 5.67702e+07 2.56753e+07 4.69175e+06 0 4.64484e+07 0 5.67702e+07 4.64484e+07 2.56753e+07 4.69175e+06 0.00360691 -0.00275054 -0.000322589 0.00681655 0.0758728
19 90 2 -0.595643 0.442065 -0.00150028 0.0025223 4.78429e+07 1.9962e+08 9.02817e+07 1.64975e+07 0 1.63326e+08 0 1.9962e+08 1.63326e+08 9.02817e+07 1.64975e+07 0.000594876 0.00332469 5.43477e-05 0.00208449 0.0841789
20 91 0 -0.498686 0.685541 -0.00171076 0.00356067 2.31448e+07 9.65698e+07 4.36753e+07 7.98097e+06 0 7.90116e+07 0 9.65698e+07 7.90116e+07 4.36753e+07 7.98097e+06 0.00209667 0.0020397 -0.00162386 0.00505129 0.0741553
14 91 1 -0.682426 0.90031 -0.00202139 0.00440156 3.22126e+07 1.34404e+08 6.07866e+07 1.11078e+07 0 1.09967e+08 0 1.34404e+08 1.09967e+08 6.07866e+07 1.11078e+07 0.00251295 -0.00107449 0.00141187 0.00311317 0.0688695
11 91 2 -0.719881 0.637807 -0.00230601 0.00328238 1.36061e+07 5.67702e+07 2.56753e+07 4.69175e+06 0 4.64484e+07 0 5.67702e+07 4.64484e+07 2.56753e+07 4.69175e+06 0.00360691 -0.00275054 -0.000322589 0.00681655 0.0758728
28 92 0 -0.282903 0.663731 -0.00119829 0.00366999 1.88479e+07 7.86414e+07 3.55669e+07 6.49929e+06 0 6.43429e+07 0 7.86414e+07 6.43429e+07 3.55669e+07 6.49929e+06 0.00253013 -0.00154337 -0.00311741 0.00600343 0.0748553
20 92 1 -0.498686 0.685541 -0.00171076 0.00356067 2.31448e+07 9.65698e+07 4.36753e+07 7.98097e+06 0 7.90116e+07 0 9.65698e+07 7.90116e+07 4.36753e+07 7.98097e+06 0.00209667 0.0020397 -0.00162386 0.00505129 0.0741553
27 92 2 -0.379189 0.449935 -0.000992497 0.00278251 2.93718e+07 1.22551e+08 5.54259e+07 1.01282e+07 0 1.00269e+08 0 1.22551e+08 1.00269e+08 5.54259e+07 1.01282e+07 0.00350976 0.00187568 -0.00152783 0.002149 0.084482
7 93 0 -0.85956 0.788259 -0.00272386 0.00416102 2.53082e+07 1.05596e+08 4.77578e+07 8.72697e+06 0 8.6397e+07 0 1.05596e+08 8.6397e+07 4.77578e+07 8.72697e+06 0.00247583 0.00157629 0.00340704 0.00429153 0.0721718
8 93 1 -0.908846 0.999502 -0.00255061 0.00480706 3.94671e+07 1.64673e+08 7.44762e+07 1.36093e+07 0 1.34732e+08 0 1.64673e+08 1.34732e+08 7.44762e+07 1.36093e+07 0.00137756 -0.00326818 -0.00086772 0.0014303 0.068998
2 93 2 -1.05917 0.780459 -0.00363555 0.00407346 7.27334e+06 3.03474e+07 1.37251e+07 2.50805e+06 0 2.48297e+07 0 3.03474e+07 2.48297e+07 1.37251e+07 2.50805e+06 0.00631099 -0.00119218 0.00549746 0.00832892 0.0738945
17 94 0 -0.496286 0.878217 -0.00156455 0.00430949 3.07609e+07 1.28347e+08 5.80472e+07 1.06072e+07 0 1.05011e+08 0 1.28347e+08 1.05011e+08 5.80472e+07 1.06072e+07 0.00240113 0.00064341 0.000825503 0.0032022 0.0686036
14 94 1 -0.682426 0.90031 -0.00202139 0.00440156 3.22126e+07 1.34404e+08 6.07866e+07 1.11078e+07 0 1.09967e+08 0 1.34404e+08 1.09967e+08 6.07866e+07 1.11078e+07 0.00251295 -0.00107449 0.00141187 0.00311317 0.0688695
20 94 2 -0.498686 0.685541 -0.00171076 0.00356067 2.31448e+07 9.65698e+07 4.36753e+07 7.98097e+06 0 7.90116e+07 0 9.65698e+07 7.90116e+07 4.36753e+07 7.98097e+06 0.00209667 0.0020397 -0.00162386 0.00505129 0.0741553
17 95 0 -0.496286 0.878217 -0.00156455 0.00430949 3.07609e+07 1.28347e+08 5.80472e+07 1.06072e+07 0 1.05011e+08 0 1.28347e+08 1.05011e+08 5.80472e+07 1.06072e+07 0.00240113 0.00064341 0.000825503 0.0032022 0.0686036
16 95 1 -0.510863 1.07279 -0.0015525 0.00488604 3.85562e+07 1.60873e+08 7.27574e+07 1.32953e+07 0 1.31623e+08 0 1.60873e+08 1.31623e+08 7.27574e+07 1.32953e+07 0.002025 -0.00105803 -0.000369969 0.00269309 0.0650583
14 95 2 -0.682426 0.90031 -0.00202139 0.00440156 3.22126e+07 1.34404e+08 6.07866e+07 1.11078e+07 0 1.09967e+08 0 1.34404e+08 1.09967e+08 6.07866e+07 1.11078e+07 0.00251295 -0.00107449 0.00141187 0.00311317 0.0688695
6 96 0 -0.92778 0.200512 -0.00221879 0.000927219 1.54365e+07 6.44076e+07 2.91294e+07 5.32294e+06 0 5.26971e+07 0 6.44076e+07 5.26971e+07 2.91294e+07 5.32294e+06 0.00490659 0.00117478 -0.00365355 0.00375167 0.0942359
5 96 1 -1 1.10616e-24 5.677e-27 2.81323e-26 3.85955e+07 1.61036e+08 7.28314e+07 1.33088e+07 0 1.31757e+08 0 1.61036e+08 1.31757e+08 7.28314e+07 1.33088e+07 0.00206265 0.00222993 -0.0218733 0.00256679 0.105644
12 96 2 -0.8 2.45817e-24 -7.52695e-28 3.19888e-26 1.68634e+07 7.03612e+07 3.18221e+07 5.81498e+06 0 5.75683e+07 0 7.03612e+07 5.75683e+07 3.18221e+07 5.81498e+06 0.00171021 0.00175803 -0.014261 0.00736581 0.112867
21 97 0 -0.6 2.3477e-24 -5.16686e-27 3.21284e-26 9.65241e+06 4.02738e+07 1.82145e+07 3.32842e+06 0 3.29513e+07 0 4.02738e+07 3.29513e+07 1.82145e+07 3.32842e+06 1.49075e-25 5.97821e-25 -0.0092247 0.00935241 0.115884
22 97 1 -0.492151 0.224483 -0.00116362 0.00162849 1.31686e+07 5.49447e+07 2.48497e+07 4.54089e+06 0 4.49548e+07 0 5.49447e+07 4.49548e+07 2.48497e+07 4.54089e+06 0.00215846 -0.00566356 -0.00334324 0.00930315 0.0979901
13 97 2 -0.703772 0.214999 -0.00159725 0.00138227 3.35386e+07 1.39937e+08 6.32889e+07 1.15651e+07 0 1.14494e+08 0 1.39937e+08 1.14494e+08 6.32889e+07 1.15651e+07 0.000995883 0.00241092 -0.00180843 0.00362672 0.0967347
4 98 0 -1.02208 0.379033 -0.00309901 0.0014957 2.01787e+07 8.41939e+07 3.80781e+07 6.95817e+06 0 6.88859e+07 0 8.41939e+07 6.88859e+07 3.80781e+07 6.95817e+06 0.00310227 0.00658548 -0.00198854 0.00593644 0.0847016
1 98 1 -1.18665 0.219738 -0.00284292 0.000195692 4.65827e+07 1.94362e+08 8.79036e+07 1.6063e+07 0 1.59024e+08 0 1.94362e+08 1.59024e+08 8.79036e+07 1.6063e+07 0.000894502 0.00252414 -0.00516382 0.00224159 0.0887181
6 98 2 -0.92778 0.200512 -0.00221879 0.000927219 1.54365e+07 6.44076e+07 2.91294e+07 5.32294e+06 0 5.26971e+07 0 6.44076e+07 5.26971e+07 2.91294e+07 5.32294e+06 0.00490659 0.00117478 -0.00365355 0.00375167 0.0942359
6 99 0 -0.92778 0.200512 -0.00221879 0.000927219 1.54365e+07 6.44076e+07 2.91294e+07 5.32294e+06 0 5.26971e+07 0 6.44076e+07 5.26971e+07 2.91294e+07 5.32294e+06 0.00490659 0.00117478 -0.00365355 0.00375167 0.0942359
1 99 1 -1.18665 0.219738 -0.00284292 0.000195692 4.65827e+07 1.94362e+08 8.79036e+07 1.6063e+07 0 1.59024e+08 0 1.94362e+08 1.59024e+08 8.79036e+07 1.6063e+07 0.000894502 0.00252414 -0.00516382 0.00224159 0.0887181
5 99 2 -1 1.10616e-24 5.677e-27 2.81323e-26 3.85955e+07 1.61036e+08 7.28314e+07 1.33088e+07 0 1.31757e+08 0 1.61036e+08 1.31757e+08 7.28314e+07 1.33088e+07 0.00206265 0.00222993 -0.0218733 0.00256679 0.105644
20 100 0 -0.498686 0.685541 -0.00171076 0.00356067 2.31448e+07 9.65698e+07 4.36753e+07 7.98097e+06 0 7.90116e+07 0 9.65698e+07 7.90116e+07 4.36753e+07 7.98097e+06 0.00209667 0.0020397 -0.00162386 0.00505129 0.0741553
28 100 1 -0.282903 0.663731 -0.00119829 0.00366999 1.88479e+07 7.86414e+07 3.55669e+07 6.49929e+06 0 6.43429e+07 0 7.86414e+07 6.43429e+07 3.55669e+07 6.49929e+06 0.00253013 -0.00154337 -0.00311741 0.00600343 0.0748553
24 100 2 -0.310712 0.90242 -0.00121345 0.00440762 6.06625e+07 2.53109e+08 1.14473e+08 2.09181e+07 0 2.07089e+08 0 2.53109e+08 2.07089e+08 1.14473e+08 2.09181e+07 0.00124499 -0.00019307 0.000231448 0.00145345 0.0675432
19 101 0 -0.595643 0.442065 -0.00150028 0.0025223 4.78429e+07 1.9962e+08 9.02817e+07 1.64975e+07 0 1.63326e+08 0 1.9962e+08 1.63326e+08 9.02817e+07 1.64975e+07 0.000594876 0.00332469 5.43477e-05 0.00208449 0.0841789
27 101 1 -0.379189 0.449935 -0.000992497 0.00278251 2.93718e+07 1.22551e+08 5.54259e+07 1.01282e+07 0 1.00269e+08 0 1.22551e+08 1.00269e+08 5.54259e+07 1.01282e+07 0.00350976 0.00187568 -0.00152783 0.002149 0.084482
20 101 2 -0.498686 0.685541 -0.00171076 0.00356067 2.31448e+07 9.65698e+07 4.36753e+07 7.98097e+06 0 7.90116e+07 0 9.65698e+07 7.90116e+07 4.36753e+07 7.98097e+06 0.00209667 0.0020397 -0.00162386 0.00505129 0.0741553
12 102 0 -0.8 2.45817e-24 -7.52695e-28 3.19888e-26 1.68634e+07 7.03612e+07 3.18221e+07 5.81498e+06 0 5.75683e+07 0 7.03612e+07 5.75683e+07 3.18221e+07 5.81498e+06 0.00171021 0.00175803 -0.014261 0.00736581 0.112867
21 102 1 -0.6 2.3477e-24 -5.16686e-27 3.21284e-26 9.65241e+06 4.02738e+07 1.82145e+07 3.32842e+06 0 3.29513e+07 0 4.02738e+07 3.29513e+07 1.82145e+07 3.32842e+06 1.49075e-25 5.97821e-25 -0.0092247 0.00935241 0.115884
13 102 2 -0.703772 0.214999 -0.00159725 0.00138227 3.35386e+07 1.39937e+08 6.32889e+07 1.15651e+07 0 1.14494e+08 0 1.39937e+08 1.14494e+08 6.32889e+07 1.15651e+07 0.000995883 0.00241092 -0.00180843 0.00362672 0.0967347
21 103 0 -0.6 2.3477e-24 -5.16686e-27 3.21284e-26 9.65241e+06 4.02738e+07 1.82145e+07 3.32842e+06 0 3.29513e+07 0 4.02738e+07 3.29513e+07 1.82145e+07 3.32842e+06 1.49075e-25 5.97821e-25 -0.0092247 0.00935241 0.115884
29 103 1 -0.4 2.55119e-24 -1.11577e-27 3.89615e-26 3.84482e+07 1.60422e+08 7.25534e+07 1.3258e+07 0 1.31254e+08 0 1.60422e+08 1.31254e+08 7.25534e+07 1.3258e+07 -2.29897e-25 5.10492e-25 -0.00688814 0.00236315 0.117545
22 103 2 -0.492151 0.224483 -0.00116362 0.00162849 1.31686e+07 5.49447e+07 2.48497e+07 4.54089e+06 0 4.49548e+07 0 5.49447e+07 4.49548e+07 2.48497e+07 4.54089e+06 0.00215846 -0.00566356 -0.00334324 0.00930315 0.0979901
30 104 0 -0.28085 0.226186 -0.000479689 0.00186156 7.04916e+06 2.9412e+07 1.33021e+07 2.43074e+06 0 2.40644e+07 0 2.9412e+07 2.40644e+07 1.33021e+07 2.43074e+06 0.00503362 0.00791998 -5.00531e-06 0.00992526 0.0988319
36 104 1 -0.142024 0.439778 -0.000319206 0.00238441 4.52474e+07 1.88791e+08 8.53838e+07 1.56025e+07 0 1.54465e+08 0 1.88791e+08 1.54465e+08 8.53838e+07 1.56025e+07 0.00202259 -0.00508479 -0.00186925 0.00130785 0.0852595
27 104 2 -0.379189 0.449935 -0.000992497 0.00278251 2.93718e+07 1.22551e+08 5.54259e+07 1.01282e+07 0 1.00269e+08 0 1.22551e+08 1.00269e+08 5.54259e+07 1.01282e+07 0.00350976 0.00187568 -0.00152783 0.002149 0.084482
22 105 0 -0.492151 0.224483 -0.00116362 0.00162849 1.31686e+07 5.49447e+07 2.48497e+07 4.54089e+06 0 4.49548e+07 0 5.49447e+07 4.49548e+07 2.48497e+07 4.54089e+06 0.00215846 -0.00566356 -0.00334324 0.00930315 0.0979901
30 105 1 -0.28085 0.226186 -0.000479689 0.00186156 7.04916e+06 2.9412e+07 1.33021e+07 2.43074e+06 0 2.40644e+07 0 2.9412e+07 2.40644e+07 1.33021e+07 2.43074e+06 0.00503362 0.00791998 -5.00531e-06 0.00992526 0.0988319
27 105 2 -0.379189 0.449935 -0.000992497 0.00278251 2.93718e+07 1.22551e+08 5.54259e+07 1.01282e+07 0 1.00269e+08 0 1.22551e+08 1.00269e+08 5.54259e+07 1.01282e+07 0.00350976 0.00187568 -0.00152783 0.002149 0.084482
0 106 0 -1.17012 0.513834 -0.00379801 0.00142623 1.94438e+07 8.11277e+07 3.66914e+07 6.70477e+06 0 6.63772e+07 0 8.11277e+07 6.63772e+07 3.66914e+07 6.70477e+06 0.0030984 0.00534457 -0.00157295 0.00613385 0.0806426
1 106 1 -1.18665 0.219738 -0.00284292 0.000195692 4.65827e+07 1.94362e+08 8.79036e+07 1.6063e+07 0 1.59024e+08 0 1.94362e+08 1.59024e+08 8.79036e+07 1.6063e+07 0.000894502 0.00252414 -0.00516382 0.00224159 0.0887181
4 106 2 -1.02208 0.379033 -0.00309901 0.0014957 2.01787e+07 8.41939e+07 3.80781e+07 6.95817e+06 0 6.88859e+07 0 8.41939e+07 6.88859e+07 3.80781e+07 6.95817e+06 0.00310227 0.00658548 -0.00198854 0.00593644 0.0847016
3 107 0 -0.946799 0.586473 -0.00318852 0.00300132 2.42183e+07 1.01049e+08 4.57011e+07 8.35114e+06 0 8.26763e+07 0 1.01049e+08 8.26763e+07 4.57011e+07 8.35114e+06 0.00325617 0.00538944 -0.00118218 0.00423375 0.0777924
0 107 1 -1.17012 0.513834 -0.00379801 0.00142623 1.94438e+07 8.11277e+07 3.66914e+07 6.70477e+06 0 6.63772e+07 0 8.11277e+07 6.63772e+07 3.66914e+07 6.70477e+06 0.0030984 0.00534457 -0.00157295 0.00613385 0.0806426
4 107 2 -1.02208 0.379033 -0.00309901 0.0014957 2.01787e+07 8.41939e+07 3.80781e+07 6.95817e+06 0 6.88859e+07 0 8.41939e+07 6.88859e+07 3.80781e+07 6.95817e+06 0.00310227 0.00658548 -0.00198854 0.00593644 0.0847016
17 108 0 -0.496286 0.878217 -0.00156455 0.00430949 3.07609e+07 1.28347e+08 5.80472e+07 1.06072e+07 0 1.05011e+08 0 1.28347e+08 1.05011e+08 5.80472e+07 1.06072e+07 0.00240113 0.00064341 0.000825503 0.0032022 0.0686036
24 108 1 -0.310712 0.90242 -0.00121345 0.00440762 6.06625e+07 2.53109e+08 1.14473e+08 2.09181e+07 0 2.07089e+08 0 2.53109e+08 2.07089e+08 1.14473e+08 2.09181e+07 0.00124499 -0.00019307 0.000231448 0.00145345 0.0675432
16 108 2 -0.510863 1.07279 -0.0015525 0.00488604 3.85562e+07 1.60873e+08 7.27574e+07 1.32953e+07 0 1.31623e+08 0 1.60873e+08 1.31623e+08 7.27574e+07 1.32953e+07 0.002025 -0.00105803 -0.000369969 0.00269309 0.0650583
13 109 0 -0.703772 0.214999 -0.00159725 0.00138227 3.35386e+07 1.39937e+08 6.32889e+07 1.15651e+07 0 1.14494e+08 0 1.39937e+08 1.14494e+08 6.32889e+07 1.15651e+07 0.000995883 0.00241092 -0.00180843 0.00362672 0.0967347
22 109 1 -0.492151 0.224483 -0.00116362 0.00162849 1.31686e+07 5.49447e+07 2.48497e+07 4.54089e+06 0 4.49548e+07 0 5.49447e+07 4.49548e+07 2.48497e+07 4.54089e+06 0.00215846 -0.00566356 -0.00334324 0.00930315 0.0979901
19 109 2 -0.595643 0.442065 -0.00150028 0.0025223 4.78429e+07 1.9962e+08 9.02817e+07 1.64975e+07 0 1.63326e+08 0 1.9962e+08 1.63326e+08 9.02817e+07 1.64975e+07 0.000594876 0.00332469 5.43477e-05 0.00208449 0.0841789
10 110 0 -0.811427 0.411995 -0.00211212 0.00216631 9.55416e+06 3.98639e+07 1.80291e+07 3.29454e+06 0 3.26159e+07 0 3.98639e+07 3.26159e+07 1.80291e+07 3.29454e+06 0.0053107 -0.0011144 -0.00173919 0.00573166 0.0845514
13 110 1 -0.703772 0.214999 -0.00159725 0.00138227 3.35386e+07 1.39937e+08 6.32889e+07 1.15651e+07 0 1.14494e+08 0 1.39937e+08 1.14494e+08 6.32889e+07 1.15651e+07 0.000995883 0.00241092 -0.00180843 0.00362672 0.0967347
19 110 2 -0.595643 0.442065 -0.00150028 0.0025223 4.78429e+07 1.9962e+08 9.02817e+07 1.64975e+07 0 1.63326e+08 0 1.9962e+08 1.63326e+08 9.02817e+07 1.64975e+07 0.000594876 0.00332469 5.43477e-05 0.00208449 0.0841789
6 111 0 -0.92778 0.200512 -0.00221879 0.000927219 1.54365e+07 6.44076e+07 2.91294e+07 5.32294e+06 0 5.26971e+07 0 6.44076e+07 5.26971e+07 2.91294e+07 5.32294e+06 0.00490659 0.00117478 -0.00365355 0.00375167 0.0942359
12 111 1 -0.8 2.45817e-24 -7.52695e-28 3.19888e-26 1.68634e+07 7.03612e+07 3.18221e+07 5.81498e+06 0 5.75683e+07 0 7.03612e+07 5.75683e+07 3.18221e+07 5.81498e+06 0.00171021 0.00175803 -0.014261 0.00736581 0.112867
13 111 2 -0.703772 0.214999 -0.00159725 0.00138227 3.35386e+07 1.39937e+08 6.32889e+07 1.15651e+07 0 1.14494e+08 0 1.39937e+08 1.14494e+08 6.32889e+07 1.15651e+07 0.000995883 0.00241092 -0.00180843 0.00362672 0.0967347
40 112 0 0.0202534 0.598962 -0.000196192 0.0028588 3.54429e+07 1.47882e+08 6.68823e+07 1.22217e+07 0 1.20995e+08 0 1.47882e+08 1.20995e+08 6.68823e+07 1.22217e+07 0.00121507 -0.000441714 -0.00145524 0.00498688 0.0775043
44 112 1 0.133354 0.437106 0.00036352 0.00195312 2.64605e+07 1.10404e+08 4.99322e+07 9.12431e+06 0 9.03307e+07 0 1.10404e+08 9.03307e+07 4.99322e+07 9.12431e+06 0.00300395 -0.00260196 -0.00251278 0.00407751 0.0855479
41 112 2 0.15394 0.734105 -0.00029853 0.00366896 8.9561e+06 3.73686e+07 1.69006e+07 3.08831e+06 0 3.05743e+07 0 3.73686e+07 3.05743e+07 1.69006e+07 3.08831e+06 0.00286358 0.00303977 -0.00227289 0.00729413 0.0724757
32 113 0 -0.0743706 0.815461 -0.00080885 0.00396831 4.71857e+07 1.96878e+08 8.90416e+07 1.62709e+07 0 1.61082e+08 0 1.96878e+08 1.61082e+08 8.90416e+07 1.62709e+07 0.000216013 -0.00188145 -0.0016301 0.00331535 0.0696225
40 113 1 0.0202534 0.598962 -0.000196192 0.0028588 3.54429e+07 1.47882e+08 6.68823e+07 1.22217e+07 0 1.20995e+08 0 1.47882e+08 1.20995e+08 6.68823e+07 1.22217e+07 0.00121507 -0.000441714 -0.00145524 0.00498688 0.0775043
41 113 2 0.15394 0.734105 -0.00029853 0.00366896 8.9561e+06 3.73686e+07 1.69006e+07 3.08831e+06 0 3.05743e+07 0 3.73686e+07 3.05743e+07 1.69006e+07 3.08831e+06 0.00286358 0.00303977 -0.00227289 0.00729413 0.0724757
36 114 0 -0.142024 0.439778 -0.000319206 0.00238441 4.52474e+07 1.88791e+08 8.53838e+07 1.56025e+07 0 1.54465e+08 0 1.88791e+08 1.54465e+08 8.53838e+07 1.56025e+07 0.00202259 -0.00508479 -0.00186925 0.00130785 0.0852595
44 114 1 0.133354 0.437106 0.00036352 0.00195312 2.64605e+07 1.10404e+08 4.99322e+07 9.12431e+06 0 9.03307e+07 0 1.10404e+08 9.03307e+07 4.99322e+07 9.12431e+06 0.00300395 -0.00260196 -0.00251278 0.00407751 0.0855479
40 114 2 0.0202534 0.598962 -0.000196192 0.0028588 3.54429e+07 1.47882e+08 6.68823e+07 1.22217e+07 0 1.20995e+08 0 1.47882e+08 1.20995e+08 6.68823e+07 1.22217e+07 0.00121507 -0.000441714 -0.00145524 0.00498688 0.0775043
30 115 0 -0.28085 0.226186 -0.000479689 0.00186156 7.04916e+06 2.9412e+07 1.33021e+07 2.43074e+06 0 2.40644e+07 0 2.9412e+07 2.40644e+07 1.33021e+07 2.43074e+06 0.00503362 0.00791998 -5.00531e-06 0.00992526 0.0988319
22 115 1 -0.492151 0.224483 -0.00116362 0.00162849 1.31686e+07 5.49447e+07 2.48497e+07 4.54089e+06 0 4.49548e+07 0 5.49447e+07 4.49548e+07 2.48497e+07 4.54089e+06 0.00215846 -0.00566356 -0.00334324 0.00930315 0.0979901
29 115 2 -0.4 2.55119e-24 -1.11577e-27 3.89615e-26 3.84482e+07 1.60422e+08 7.25534e+07 1.3258e+07 0 1.31254e+08 0 1.60422e+08 1.31254e+08 7.25534e+07 1.3258e+07 -2.29897e-25 5.10492e-25 -0.00688814 0.00236315 0.117545
37 116 0 -0.2 2.32399e-24 3.43097e-27 2.43784e-26 7.28343e+06 3.03895e+07 1.37442e+07 2.51153e+06 0 2.48641e+07 0 3.03895e+07 2.48641e+07 1.37442e+07 2.51153e+06 2.64771e-25 -6.42998e-25 -0.00243727 0.00936623 0.118402
30 116 1 -0.28085 0.226186 -0.000479689 0.00186156 7.04916e+06 2.9412e+07 1.33021e+07 2.43074e+06 0 2.40644e+07 0 2.9412e+07 2.40644e+07 1.33021e+07 2.43074e+06 0.00503362 0.00791998 -5.00531e-06 0.00992526 0.0988319
29 116 2 -0.4 2.55119e-24 -1.11577e-27 3.89615e-26 3.84482e+07 1.60422e+08 7.25534e+07 1.3258e+07 0 1.31254e+08 0 1.60422e+08 1.31254e+08 7.25534e+07 1.3258e+07 -2.29897e-25 5.10492e-25 -0.00688814 0.00236315 0.117545
36 117 0 -0.142024 0.439778 -0.000319206 0.00238441 4.52474e+07 1.88791e+08 8.53838e+07 1.56025e+07 0 1.54465e+08 0 1.88791e+08 1.54465e+08 8.53838e+07 1.56025e+07 0.00202259 -0.00508479 -0.00186925 0.00130785 0.0852595
28 117 1 -0.282903 0.663731 -0.00119829 0.00366999 1.88479e+07 7.86414e+07 3.55669e+07 6.49929e+06 0 6.43429e+07 0 7.86414e+07 6.43429e+07 3.55669e+07 6.49929e+06 0.00253013 -0.00154337 -0.00311741 0.00600343 0.0748553
27 117 2 -0.379189 0.449935 -0.000992497 0.00278251 2.93718e+07 1.22551e+08 5.54259e+07 1.01282e+07 0 1.00269e+08 0 1.22551e+08 1.00269e+08 5.54259e+07 1.01282e+07 0.00350976 0.00187568 -0.00152783 0.002149 0.084482
69 118 0 1.04479 0.36964 0.00263859 0.00193887 3.12402e+07 1.30347e+08 5.89518e+07 1.07725e+07 0 1.06648e+08 0 1.30347e+08 1.06648e+08 5.89518e+07 1.07725e+07 0.00152159 -0.00312415 -0.00202035 0.00332141 0.0864974
71 118 1 0.942446 0.211666 0.00235235 0.0014001 6.5713e+06 2.74182e+07 1.24003e+07 2.26597e+06 0 2.24331e+07 0 2.74182e+07 2.24331e+07 1.24003e+07 2.26597e+06 0.00694199 -0.00502954 0.00016106 0.00878207 0.0948297
72 118 2 1.18174 0.236308 0.00336858 0.00133149 2.2515e+07 9.3942e+07 4.24869e+07 7.7638e+06 0 7.68617e+07 0 9.3942e+07 7.68617e+07 4.24869e+07 7.7638e+06 0.00207435 0.00297161 -0.00523616 0.00563279 0.0901752
