Index_Vertex nbTriangle nbInTr x y ux uy Elast AR BR IR GR ER FR A1 A2 B12 C3 Defxx Defxy Defyx Defyy Density 
69 0 0 -0.514659 0.244128 -0.00128573 0.00142479 2.32856e+07 9.71572e+07 4.3941e+07 8.02952e+06 0 7.94922e+07 0 9.71572e+07 7.94922e+07 4.3941e+07 8.02952e+06 0.0029747 -1.69668e-05 8.67305e-05 0.00302083 0.0815131
76 0 1 -0.73124 0.227081 -0.00199059 0.00151448 2.16265e+07 9.02347e+07 4.08102e+07 7.45742e+06 0 7.38284e+07 0 9.02347e+07 7.38284e+07 4.08102e+07 7.45742e+06 0.00370432 -0.00313858 -0.00437186 0.00420497 0.079514
70 0 2 -0.6 3.66426e-24 -3.51733e-27 3.00004e-26 1.22911e+07 5.12834e+07 2.31938e+07 4.2383e+06 0 4.19592e+07 0 5.12834e+07 4.19592e+07 2.31938e+07 4.2383e+06 1.27923e-25 6.82121e-25 -0.00981476 0.00826188 0.100705
90 1 0 -1.10976 0.348919 -0.00338962 0.00167334 3.16079e+07 1.31881e+08 5.96455e+07 1.08993e+07 0 1.07903e+08 0 1.31881e+08 1.07903e+08 5.96455e+07 1.08993e+07 0.00188914 0.00277656 -0.00240252 0.00395599 0.0661261
91 1 1 -1.18115 0.114907 -0.00266253 0.000742656 5.78463e+07 2.41359e+08 1.09159e+08 1.9947e+07 0 1.97475e+08 0 2.41359e+08 1.97475e+08 1.09159e+08 1.9947e+07 0.000642119 0.00550995 -0.0045767 0.00149065 0.0715382
83 1 2 -0.94984 0.195702 -0.00255804 0.00154459 2.63482e+07 1.09936e+08 4.97203e+07 9.0856e+06 0 8.99474e+07 0 1.09936e+08 8.99474e+07 4.97203e+07 9.0856e+06 0.0026074 0.00171756 -0.00343097 0.00377507 0.0761551
83 2 0 -0.94984 0.195702 -0.00255804 0.00154459 2.63482e+07 1.09936e+08 4.97203e+07 9.0856e+06 0 8.99474e+07 0 1.09936e+08 8.99474e+07 4.97203e+07 9.0856e+06 0.0026074 0.00171756 -0.00343097 0.00377507 0.0761551
91 2 1 -1.18115 0.114907 -0.00266253 0.000742656 5.78463e+07 2.41359e+08 1.09159e+08 1.9947e+07 0 1.97475e+08 0 2.41359e+08 1.97475e+08 1.09159e+08 1.9947e+07 0.000642119 0.00550995 -0.0045767 0.00149065 0.0715382
84 2 2 -1 1.84729e-24 -1.2188e-26 3.39561e-26 1.13367e+06 4.73013e+06 2.13928e+06 390920 0 3.8701e+06 0 4.73013e+06 3.8701e+06 2.13928e+06 390920 5.50536e-25 3.54145e-25 -0.0290088 0.0139547 0.0859771
77 3 0 -0.8 3.62108e-24 -6.84991e-27 3.58515e-26 1.01284e+07 4.22598e+07 1.91127e+07 3.49255e+06 0 3.45762e+07 0 4.22598e+07 3.45762e+07 1.91127e+07 3.49255e+06 0.00346008 -0.00297917 -0.0196043 0.0118268 0.0961505
83 3 1 -0.94984 0.195702 -0.00255804 0.00154459 2.63482e+07 1.09936e+08 4.97203e+07 9.0856e+06 0 8.99474e+07 0 1.09936e+08 8.99474e+07 4.97203e+07 9.0856e+06 0.0026074 0.00171756 -0.00343097 0.00377507 0.0761551
84 3 2 -1 1.84729e-24 -1.2188e-26 3.39561e-26 1.13367e+06 4.73013e+06 2.13928e+06 390920 0 3.8701e+06 0 4.73013e+06 3.8701e+06 2.13928e+06 390920 5.50536e-25 3.54145e-25 -0.0290088 0.0139547 0.0859771
90 4 0 -1.10976 0.348919 -0.00338962 0.00167334 3.16079e+07 1.31881e+08 5.96455e+07 1.08993e+07 0 1.07903e+08 0 1.31881e+08 1.07903e+08 5.96455e+07 1.08993e+07 0.00188914 0.00277656 -0.00240252 0.00395599 0.0661261
92 4 1 -1.31032 0.436053 -0.00414797 0.00180998 1.48015e+07 6.17578e+07 2.7931e+07 5.10395e+06 0 5.05291e+07 0 6.17578e+07 5.05291e+07 2.7931e+07 5.10395e+06 0.00385075 -9.08438e-05 -0.000887813 0.0061045 0.0625452
93 4 2 -1.31809 0.265974 -0.00373404 0.000518902 1.06841e+07 4.45784e+07 2.01614e+07 3.68417e+06 0 3.64733e+07 0 4.45784e+07 3.64733e+07 2.01614e+07 3.68417e+06 0.0046009 0.00539855 -0.00485609 0.00543609 0.0659474
82 5 0 -0.889042 0.424777 -0.0031034 0.00241186 3.44671e+07 1.43811e+08 6.5041e+07 1.18852e+07 0 1.17664e+08 0 1.43811e+08 1.17664e+08 6.5041e+07 1.18852e+07 0.00179261 0.000914602 -0.00249825 0.00309826 0.0663195
90 5 1 -1.10976 0.348919 -0.00338962 0.00167334 3.16079e+07 1.31881e+08 5.96455e+07 1.08993e+07 0 1.07903e+08 0 1.31881e+08 1.07903e+08 5.96455e+07 1.08993e+07 0.00188914 0.00277656 -0.00240252 0.00395599 0.0661261
83 5 2 -0.94984 0.195702 -0.00255804 0.00154459 2.63482e+07 1.09936e+08 4.97203e+07 9.0856e+06 0 8.99474e+07 0 1.09936e+08 8.99474e+07 4.97203e+07 9.0856e+06 0.0026074 0.00171756 -0.00343097 0.00377507 0.0761551
82 6 0 -0.889042 0.424777 -0.0031034 0.00241186 3.44671e+07 1.43811e+08 6.5041e+07 1.18852e+07 0 1.17664e+08 0 1.43811e+08 1.17664e+08 6.5041e+07 1.18852e+07 0.00179261 0.000914602 -0.00249825 0.00309826 0.0663195
85 6 1 -1.08125 0.595747 -0.00360516 0.00261989 3.72312e+07 1.55344e+08 7.0257e+07 1.28384e+07 0 1.271e+08 0 1.55344e+08 1.271e+08 7.0257e+07 1.28384e+07 0.00185287 0.00101331 -3.13156e-05 0.00233122 0.0590567
90 6 2 -1.10976 0.348919 -0.00338962 0.00167334 3.16079e+07 1.31881e+08 5.96455e+07 1.08993e+07 0 1.07903e+08 0 1.31881e+08 1.07903e+08 5.96455e+07 1.08993e+07 0.00188914 0.00277656 -0.00240252 0.00395599 0.0661261
91 7 0 -1.18115 0.114907 -0.00266253 0.000742656 5.78463e+07 2.41359e+08 1.09159e+08 1.9947e+07 0 1.97475e+08 0 2.41359e+08 1.97475e+08 1.09159e+08 1.9947e+07 0.000642119 0.00550995 -0.0045767 0.00149065 0.0715382
90 7 1 -1.10976 0.348919 -0.00338962 0.00167334 3.16079e+07 1.31881e+08 5.96455e+07 1.08993e+07 0 1.07903e+08 0 1.31881e+08 1.07903e+08 5.96455e+07 1.08993e+07 0.00188914 0.00277656 -0.00240252 0.00395599 0.0661261
93 7 2 -1.31809 0.265974 -0.00373404 0.000518902 1.06841e+07 4.45784e+07 2.01614e+07 3.68417e+06 0 3.64733e+07 0 4.45784e+07 3.64733e+07 2.01614e+07 3.68417e+06 0.0046009 0.00539855 -0.00485609 0.00543609 0.0659474
90 8 0 -1.10976 0.348919 -0.00338962 0.00167334 3.16079e+07 1.31881e+08 5.96455e+07 1.08993e+07 0 1.07903e+08 0 1.31881e+08 1.07903e+08 5.96455e+07 1.08993e+07 0.00188914 0.00277656 -0.00240252 0.00395599 0.0661261
85 8 1 -1.08125 0.595747 -0.00360516 0.00261989 3.72312e+07 1.55344e+08 7.0257e+07 1.28384e+07 0 1.271e+08 0 1.55344e+08 1.271e+08 7.0257e+07 1.28384e+07 0.00185287 0.00101331 -3.13156e-05 0.00233122 0.0590567
92 8 2 -1.31032 0.436053 -0.00414797 0.00180998 1.48015e+07 6.17578e+07 2.7931e+07 5.10395e+06 0 5.05291e+07 0 6.17578e+07 5.05291e+07 2.7931e+07 5.10395e+06 0.00385075 -9.08438e-05 -0.000887813 0.0061045 0.0625452
77 9 0 -0.8 3.62108e-24 -6.84991e-27 3.58515e-26 1.01284e+07 4.22598e+07 1.91127e+07 3.49255e+06 0 3.45762e+07 0 4.22598e+07 3.45762e+07 1.91127e+07 3.49255e+06 0.00346008 -0.00297917 -0.0196043 0.0118268 0.0961505
70 9 1 -0.6 3.66426e-24 -3.51733e-27 3.00004e-26 1.22911e+07 5.12834e+07 2.31938e+07 4.2383e+06 0 4.19592e+07 0 5.12834e+07 4.19592e+07 2.31938e+07 4.2383e+06 1.27923e-25 6.82121e-25 -0.00981476 0.00826188 0.100705
76 9 2 -0.73124 0.227081 -0.00199059 0.00151448 2.16265e+07 9.02347e+07 4.08102e+07 7.45742e+06 0 7.38284e+07 0 9.02347e+07 7.38284e+07 4.08102e+07 7.45742e+06 0.00370432 -0.00313858 -0.00437186 0.00420497 0.079514
85 10 0 -1.08125 0.595747 -0.00360516 0.00261989 3.72312e+07 1.55344e+08 7.0257e+07 1.28384e+07 0 1.271e+08 0 1.55344e+08 1.271e+08 7.0257e+07 1.28384e+07 0.00185287 0.00101331 -3.13156e-05 0.00233122 0.0590567
87 10 1 -1.22668 0.822398 -0.00393461 0.00323239 4.12736e+07 1.72211e+08 7.78852e+07 1.42323e+07 0 1.409e+08 0 1.72211e+08 1.409e+08 7.78852e+07 1.42323e+07 0.00126409 0.000765052 -0.000879615 0.00200615 0.0545552
89 10 2 -1.30386 0.606186 -0.0040593 0.00261549 2.90475e+07 1.21198e+08 5.4814e+07 1.00164e+07 0 9.91623e+07 0 1.21198e+08 9.91623e+07 5.4814e+07 1.00164e+07 0.0025614 -0.000420504 0.00168688 0.00338403 0.0589122
92 11 0 -1.31032 0.436053 -0.00414797 0.00180998 1.48015e+07 6.17578e+07 2.7931e+07 5.10395e+06 0 5.05291e+07 0 6.17578e+07 5.05291e+07 2.7931e+07 5.10395e+06 0.00385075 -9.08438e-05 -0.000887813 0.0061045 0.0625452
85 11 1 -1.08125 0.595747 -0.00360516 0.00261989 3.72312e+07 1.55344e+08 7.0257e+07 1.28384e+07 0 1.271e+08 0 1.55344e+08 1.271e+08 7.0257e+07 1.28384e+07 0.00185287 0.00101331 -3.13156e-05 0.00233122 0.0590567
89 11 2 -1.30386 0.606186 -0.0040593 0.00261549 2.90475e+07 1.21198e+08 5.4814e+07 1.00164e+07 0 9.91623e+07 0 1.21198e+08 9.91623e+07 5.4814e+07 1.00164e+07 0.0025614 -0.000420504 0.00168688 0.00338403 0.0589122
82 12 0 -0.889042 0.424777 -0.0031034 0.00241186 3.44671e+07 1.43811e+08 6.5041e+07 1.18852e+07 0 1.17664e+08 0 1.43811e+08 1.17664e+08 6.5041e+07 1.18852e+07 0.00179261 0.000914602 -0.00249825 0.00309826 0.0663195
78 12 1 -0.821278 0.659494 -0.00283392 0.00355598 2.07548e+07 8.65977e+07 3.91653e+07 7.15683e+06 0 7.08527e+07 0 8.65977e+07 7.08527e+07 3.91653e+07 7.15683e+06 0.00317885 0.00481505 0.00167931 0.00492469 0.0581687
85 12 2 -1.08125 0.595747 -0.00360516 0.00261989 3.72312e+07 1.55344e+08 7.0257e+07 1.28384e+07 0 1.271e+08 0 1.55344e+08 1.271e+08 7.0257e+07 1.28384e+07 0.00185287 0.00101331 -3.13156e-05 0.00233122 0.0590567
68 13 0 -0.419201 0.496519 -0.00115431 0.00280963 1.89548e+07 7.90874e+07 3.57686e+07 6.53614e+06 0 6.47078e+07 0 7.90874e+07 6.47078e+07 3.57686e+07 6.53614e+06 0.00208838 -0.00364852 -0.00345982 0.00702574 0.0671681
59 13 1 -0.175428 0.50136 -0.000489293 0.0023469 2.37019e+07 9.88941e+07 4.47266e+07 8.17307e+06 0 8.09134e+07 0 9.88941e+07 8.09134e+07 4.47266e+07 8.17307e+06 0.00308565 -0.00318634 -0.00163967 0.00456981 0.0678731
62 13 2 -0.324506 0.756754 -0.00144582 0.00395859 2.11331e+07 8.81762e+07 3.98792e+07 7.28729e+06 0 7.21441e+07 0 8.81762e+07 7.21441e+07 3.98792e+07 7.28729e+06 0.00295079 -0.00266622 -0.000853763 0.00453183 0.0565559
61 14 0 -0.4 3.60804e-24 -4.89826e-27 3.61906e-26 2.67526e+07 1.11623e+08 5.04834e+07 9.22505e+06 0 9.13279e+07 0 1.11623e+08 9.13279e+07 5.04834e+07 9.22505e+06 -1.46259e-25 -6.16193e-25 -0.00628832 0.00606476 0.103275
60 14 1 -0.299563 0.252873 -0.000742939 0.00119217 2.16376e+07 9.0281e+07 4.08311e+07 7.46124e+06 0 7.38662e+07 0 9.0281e+07 7.38662e+07 4.08311e+07 7.46124e+06 0.0025272 -0.000997984 -0.000156708 0.00563447 0.0826198
69 14 2 -0.514659 0.244128 -0.00128573 0.00142479 2.32856e+07 9.71572e+07 4.3941e+07 8.02952e+06 0 7.94922e+07 0 9.71572e+07 7.94922e+07 4.3941e+07 8.02952e+06 0.0029747 -1.69668e-05 8.67305e-05 0.00302083 0.0815131
61 15 0 -0.4 3.60804e-24 -4.89826e-27 3.61906e-26 2.67526e+07 1.11623e+08 5.04834e+07 9.22505e+06 0 9.13279e+07 0 1.11623e+08 9.13279e+07 5.04834e+07 9.22505e+06 -1.46259e-25 -6.16193e-25 -0.00628832 0.00606476 0.103275
53 15 1 -0.2 3.55981e-24 -3.43969e-27 3.62481e-26 4.16061e+07 1.73598e+08 7.85126e+07 1.43469e+07 0 1.42035e+08 0 1.73598e+08 1.42035e+08 7.85126e+07 1.43469e+07 6.26632e-26 6.88169e-25 -0.00300296 0.00336962 0.104629
60 15 2 -0.299563 0.252873 -0.000742939 0.00119217 2.16376e+07 9.0281e+07 4.08311e+07 7.46124e+06 0 7.38662e+07 0 9.0281e+07 7.38662e+07 4.08311e+07 7.46124e+06 0.0025272 -0.000997984 -0.000156708 0.00563447 0.0826198
79 16 0 -0.985438 0.83738 -0.00330699 0.00387879 1.29876e+07 5.41896e+07 2.45082e+07 4.47848e+06 0 4.4337e+07 0 5.41896e+07 4.4337e+07 2.45082e+07 4.47848e+06 0.00495457 0.0032036 0.00187594 0.0067015 0.0532807
87 16 1 -1.22668 0.822398 -0.00393461 0.00323239 4.12736e+07 1.72211e+08 7.78852e+07 1.42323e+07 0 1.409e+08 0 1.72211e+08 1.409e+08 7.78852e+07 1.42323e+07 0.00126409 0.000765052 -0.000879615 0.00200615 0.0545552
85 16 2 -1.08125 0.595747 -0.00360516 0.00261989 3.72312e+07 1.55344e+08 7.0257e+07 1.28384e+07 0 1.271e+08 0 1.55344e+08 1.271e+08 7.0257e+07 1.28384e+07 0.00185287 0.00101331 -3.13156e-05 0.00233122 0.0590567
52 17 0 -0.0876805 0.251328 -0.000280619 0.00099777 2.37078e+07 9.89189e+07 4.47378e+07 8.17512e+06 0 8.09337e+07 0 9.89189e+07 8.09337e+07 4.47378e+07 8.17512e+06 0.00182034 -6.33646e-05 0.000487453 0.00556673 0.0835624
60 17 1 -0.299563 0.252873 -0.000742939 0.00119217 2.16376e+07 9.0281e+07 4.08311e+07 7.46124e+06 0 7.38662e+07 0 9.0281e+07 7.38662e+07 4.08311e+07 7.46124e+06 0.0025272 -0.000997984 -0.000156708 0.00563447 0.0826198
53 17 2 -0.2 3.55981e-24 -3.43969e-27 3.62481e-26 4.16061e+07 1.73598e+08 7.85126e+07 1.43469e+07 0 1.42035e+08 0 1.73598e+08 1.42035e+08 7.85126e+07 1.43469e+07 6.26632e-26 6.88169e-25 -0.00300296 0.00336962 0.104629
43 18 0 2.49704e-17 3.6694e-24 3.8492e-28 3.98257e-26 5.38571e+07 2.24714e+08 1.01631e+08 1.85714e+07 0 1.83857e+08 0 2.24714e+08 1.83857e+08 1.01631e+08 1.85714e+07 -7.94133e-26 6.73873e-25 -0.00148095 0.0026685 0.105134
52 18 1 -0.0876805 0.251328 -0.000280619 0.00099777 2.37078e+07 9.89189e+07 4.47378e+07 8.17512e+06 0 8.09337e+07 0 9.89189e+07 8.09337e+07 4.47378e+07 8.17512e+06 0.00182034 -6.33646e-05 0.000487453 0.00556673 0.0835624
53 18 2 -0.2 3.55981e-24 -3.43969e-27 3.62481e-26 4.16061e+07 1.73598e+08 7.85126e+07 1.43469e+07 0 1.42035e+08 0 1.73598e+08 1.42035e+08 7.85126e+07 1.43469e+07 6.26632e-26 6.88169e-25 -0.00300296 0.00336962 0.104629
51 19 0 0.0989235 0.467788 7.22855e-05 0.00198681 4.37733e+07 1.8264e+08 8.26022e+07 1.50942e+07 0 1.49433e+08 0 1.8264e+08 1.49433e+08 8.26022e+07 1.50942e+07 0.00132207 0.00338882 -0.000322247 0.00249296 0.0699416
54 19 1 -0.0570144 0.736555 -0.000568707 0.00322311 1.67805e+07 7.00152e+07 3.16656e+07 5.78638e+06 0 5.72852e+07 0 7.00152e+07 5.72852e+07 3.16656e+07 5.78638e+06 0.00502192 -0.00210084 -0.00295853 0.00452015 0.0576473
59 19 2 -0.175428 0.50136 -0.000489293 0.0023469 2.37019e+07 9.88941e+07 4.47266e+07 8.17307e+06 0 8.09134e+07 0 9.88941e+07 8.09134e+07 4.47266e+07 8.17307e+06 0.00308565 -0.00318634 -0.00163967 0.00456981 0.0678731
45 20 0 0.117985 0.672139 0.00014278 0.00270455 1.74508e+07 7.28121e+07 3.29305e+07 6.01753e+06 0 5.95736e+07 0 7.28121e+07 5.95736e+07 3.29305e+07 6.01753e+06 0.00319804 0.00202279 -0.00078206 0.00555686 0.0601854
54 20 1 -0.0570144 0.736555 -0.000568707 0.00322311 1.67805e+07 7.00152e+07 3.16656e+07 5.78638e+06 0 5.72852e+07 0 7.00152e+07 5.72852e+07 3.16656e+07 5.78638e+06 0.00502192 -0.00210084 -0.00295853 0.00452015 0.0576473
51 20 2 0.0989235 0.467788 7.22855e-05 0.00198681 4.37733e+07 1.8264e+08 8.26022e+07 1.50942e+07 0 1.49433e+08 0 1.8264e+08 1.49433e+08 8.26022e+07 1.50942e+07 0.00132207 0.00338882 -0.000322247 0.00249296 0.0699416
86 21 0 -1.13145 1.03129 -0.00424891 0.00427149 2.20196e+07 9.18748e+07 4.15519e+07 7.59296e+06 0 7.51703e+07 0 9.18748e+07 7.51703e+07 4.15519e+07 7.59296e+06 0.0026357 0.00856415 -0.00735872 0.0045298 0.0506251
79 21 1 -0.985438 0.83738 -0.00330699 0.00387879 1.29876e+07 5.41896e+07 2.45082e+07 4.47848e+06 0 4.4337e+07 0 5.41896e+07 4.4337e+07 2.45082e+07 4.47848e+06 0.00495457 0.0032036 0.00187594 0.0067015 0.0532807
81 21 2 -0.908687 1.06841 -0.00349239 0.0056052 1.19622e+07 4.99113e+07 2.25733e+07 4.1249e+06 0 4.08366e+07 0 4.99113e+07 4.08366e+07 2.25733e+07 4.1249e+06 0.00350515 -0.00358566 -0.00471988 0.0102136 0.0489343
86 22 0 -1.13145 1.03129 -0.00424891 0.00427149 2.20196e+07 9.18748e+07 4.15519e+07 7.59296e+06 0 7.51703e+07 0 9.18748e+07 7.51703e+07 4.15519e+07 7.59296e+06 0.0026357 0.00856415 -0.00735872 0.0045298 0.0506251
87 22 1 -1.22668 0.822398 -0.00393461 0.00323239 4.12736e+07 1.72211e+08 7.78852e+07 1.42323e+07 0 1.409e+08 0 1.72211e+08 1.409e+08 7.78852e+07 1.42323e+07 0.00126409 0.000765052 -0.000879615 0.00200615 0.0545552
79 22 2 -0.985438 0.83738 -0.00330699 0.00387879 1.29876e+07 5.41896e+07 2.45082e+07 4.47848e+06 0 4.4337e+07 0 5.41896e+07 4.4337e+07 2.45082e+07 4.47848e+06 0.00495457 0.0032036 0.00187594 0.0067015 0.0532807
88 23 0 -1.01252 1.22765 -0.00435815 0.00662904 1.02873e+07 4.29227e+07 1.94125e+07 3.54733e+06 0 3.51186e+07 0 4.29227e+07 3.51186e+07 1.94125e+07 3.54733e+06 0.00676803 0.00461847 0.00133087 0.0087494 0.0476596
86 23 1 -1.13145 1.03129 -0.00424891 0.00427149 2.20196e+07 9.18748e+07 4.15519e+07 7.59296e+06 0 7.51703e+07 0 9.18748e+07 7.51703e+07 4.15519e+07 7.59296e+06 0.0026357 0.00856415 -0.00735872 0.0045298 0.0506251
81 23 2 -0.908687 1.06841 -0.00349239 0.0056052 1.19622e+07 4.99113e+07 2.25733e+07 4.1249e+06 0 4.08366e+07 0 4.99113e+07 4.08366e+07 2.25733e+07 4.1249e+06 0.00350515 -0.00358566 -0.00471988 0.0102136 0.0489343
52 24 0 -0.0876805 0.251328 -0.000280619 0.00099777 2.37078e+07 9.89189e+07 4.47378e+07 8.17512e+06 0 8.09337e+07 0 9.89189e+07 8.09337e+07 4.47378e+07 8.17512e+06 0.00182034 -6.33646e-05 0.000487453 0.00556673 0.0835624
43 24 1 2.49704e-17 3.6694e-24 3.8492e-28 3.98257e-26 5.38571e+07 2.24714e+08 1.01631e+08 1.85714e+07 0 1.83857e+08 0 2.24714e+08 1.83857e+08 1.01631e+08 1.85714e+07 -7.94133e-26 6.73873e-25 -0.00148095 0.0026685 0.105134
42 24 2 0.0922246 0.206917 -1.0856e-05 0.000963435 2.36803e+07 9.88039e+07 4.46857e+07 8.16561e+06 0 8.08395e+07 0 9.88039e+07 8.08395e+07 4.46857e+07 8.16561e+06 0.00175745 0.00369802 0.000450758 0.00536219 0.0870249
54 25 0 -0.0570144 0.736555 -0.000568707 0.00322311 1.67805e+07 7.00152e+07 3.16656e+07 5.78638e+06 0 5.72852e+07 0 7.00152e+07 5.72852e+07 3.16656e+07 5.78638e+06 0.00502192 -0.00210084 -0.00295853 0.00452015 0.0576473
45 25 1 0.117985 0.672139 0.00014278 0.00270455 1.74508e+07 7.28121e+07 3.29305e+07 6.01753e+06 0 5.95736e+07 0 7.28121e+07 5.95736e+07 3.29305e+07 6.01753e+06 0.00319804 0.00202279 -0.00078206 0.00555686 0.0601854
44 25 2 0.176948 0.870073 0.000176626 0.00378505 2.30517e+07 9.61813e+07 4.34996e+07 7.94886e+06 0 7.86938e+07 0 9.61813e+07 7.86938e+07 4.34996e+07 7.94886e+06 0.00231113 -0.0017379 -0.00051708 0.00527607 0.0532147
49 26 0 -0.0553907 1.18448 -0.000354691 0.00564076 3.96249e+07 1.65331e+08 7.47739e+07 1.36637e+07 0 1.35271e+08 0 1.65331e+08 1.35271e+08 7.47739e+07 1.36637e+07 0.00204341 0.00332436 0.00300332 0.00239937 0.045867
55 26 1 -0.172684 0.968182 -0.00115024 0.00468005 3.63047e+07 1.51478e+08 6.85086e+07 1.25189e+07 0 1.23937e+08 0 1.51478e+08 1.23937e+08 6.85086e+07 1.25189e+07 0.00080069 0.000603283 3.58719e-05 0.00329232 0.0504074
46 26 2 0.0207422 0.977225 -0.000518834 0.00471434 6.53246e+06 2.72561e+07 1.23271e+07 2.25257e+06 0 2.23005e+07 0 2.72561e+07 2.23005e+07 1.23271e+07 2.25257e+06 0.00785175 -0.00351407 -0.000477954 0.0104422 0.0502349
59 27 0 -0.175428 0.50136 -0.000489293 0.0023469 2.37019e+07 9.88941e+07 4.47266e+07 8.17307e+06 0 8.09134e+07 0 9.88941e+07 8.09134e+07 4.47266e+07 8.17307e+06 0.00308565 -0.00318634 -0.00163967 0.00456981 0.0678731
60 27 1 -0.299563 0.252873 -0.000742939 0.00119217 2.16376e+07 9.0281e+07 4.08311e+07 7.46124e+06 0 7.38662e+07 0 9.0281e+07 7.38662e+07 4.08311e+07 7.46124e+06 0.0025272 -0.000997984 -0.000156708 0.00563447 0.0826198
52 27 2 -0.0876805 0.251328 -0.000280619 0.00099777 2.37078e+07 9.89189e+07 4.47378e+07 8.17512e+06 0 8.09337e+07 0 9.89189e+07 8.09337e+07 4.47378e+07 8.17512e+06 0.00182034 -6.33646e-05 0.000487453 0.00556673 0.0835624
88 28 0 -1.01252 1.22765 -0.00435815 0.00662904 1.02873e+07 4.29227e+07 1.94125e+07 3.54733e+06 0 3.51186e+07 0 4.29227e+07 3.51186e+07 1.94125e+07 3.54733e+06 0.00676803 0.00461847 0.00133087 0.0087494 0.0476596
81 28 1 -0.908687 1.06841 -0.00349239 0.0056052 1.19622e+07 4.99113e+07 2.25733e+07 4.1249e+06 0 4.08366e+07 0 4.99113e+07 4.08366e+07 2.25733e+07 4.1249e+06 0.00350515 -0.00358566 -0.00471988 0.0102136 0.0489343
80 28 2 -0.900007 1.33656 -0.00352981 0.00734214 2.50151e+07 1.04373e+08 4.72046e+07 8.62589e+06 0 8.53963e+07 0 1.04373e+08 8.53963e+07 4.72046e+07 8.62589e+06 0.00256378 0.0061136 0.00424433 0.00265976 0.0461266
62 29 0 -0.324506 0.756754 -0.00144582 0.00395859 2.11331e+07 8.81762e+07 3.98792e+07 7.28729e+06 0 7.21441e+07 0 8.81762e+07 7.21441e+07 3.98792e+07 7.28729e+06 0.00295079 -0.00266622 -0.000853763 0.00453183 0.0565559
54 29 1 -0.0570144 0.736555 -0.000568707 0.00322311 1.67805e+07 7.00152e+07 3.16656e+07 5.78638e+06 0 5.72852e+07 0 7.00152e+07 5.72852e+07 3.16656e+07 5.78638e+06 0.00502192 -0.00210084 -0.00295853 0.00452015 0.0576473
55 29 2 -0.172684 0.968182 -0.00115024 0.00468005 3.63047e+07 1.51478e+08 6.85086e+07 1.25189e+07 0 1.23937e+08 0 1.51478e+08 1.23937e+08 6.85086e+07 1.25189e+07 0.00080069 0.000603283 3.58719e-05 0.00329232 0.0504074
69 30 0 -0.514659 0.244128 -0.00128573 0.00142479 2.32856e+07 9.71572e+07 4.3941e+07 8.02952e+06 0 7.94922e+07 0 9.71572e+07 7.94922e+07 4.3941e+07 8.02952e+06 0.0029747 -1.69668e-05 8.67305e-05 0.00302083 0.0815131
60 30 1 -0.299563 0.252873 -0.000742939 0.00119217 2.16376e+07 9.0281e+07 4.08311e+07 7.46124e+06 0 7.38662e+07 0 9.0281e+07 7.38662e+07 4.08311e+07 7.46124e+06 0.0025272 -0.000997984 -0.000156708 0.00563447 0.0826198
68 30 2 -0.419201 0.496519 -0.00115431 0.00280963 1.89548e+07 7.90874e+07 3.57686e+07 6.53614e+06 0 6.47078e+07 0 7.90874e+07 6.47078e+07 3.57686e+07 6.53614e+06 0.00208838 -0.00364852 -0.00345982 0.00702574 0.0671681
52 31 0 -0.0876805 0.251328 -0.000280619 0.00099777 2.37078e+07 9.89189e+07 4.47378e+07 8.17512e+06 0 8.09337e+07 0 9.89189e+07 8.09337e+07 4.47378e+07 8.17512e+06 0.00182034 -6.33646e-05 0.000487453 0.00556673 0.0835624
51 31 1 0.0989235 0.467788 7.22855e-05 0.00198681 4.37733e+07 1.8264e+08 8.26022e+07 1.50942e+07 0 1.49433e+08 0 1.8264e+08 1.49433e+08 8.26022e+07 1.50942e+07 0.00132207 0.00338882 -0.000322247 0.00249296 0.0699416
59 31 2 -0.175428 0.50136 -0.000489293 0.0023469 2.37019e+07 9.88941e+07 4.47266e+07 8.17307e+06 0 8.09134e+07 0 9.88941e+07 8.09134e+07 4.47266e+07 8.17307e+06 0.00308565 -0.00318634 -0.00163967 0.00456981 0.0678731
30 32 0 0.530094 0.6927 0.00115607 0.00317512 1.24808e+07 5.20749e+07 2.35518e+07 4.30371e+06 0 4.26067e+07 0 5.20749e+07 4.26067e+07 2.35518e+07 4.30371e+06 0.00517739 -0.00250076 -0.000397192 0.00554601 0.0589193
21 32 1 0.776792 0.688893 0.00253683 0.00290186 2.03149e+07 8.47623e+07 3.83352e+07 7.00515e+06 0 6.9351e+07 0 8.47623e+07 6.9351e+07 3.83352e+07 7.00515e+06 0.00421709 -0.00159848 0.00136929 0.00424626 0.0583864
24 32 2 0.661878 0.914746 0.0019999 0.00478713 4.83245e+06 2.0163e+07 9.11905e+06 1.66636e+06 0 1.6497e+07 0 2.0163e+07 1.6497e+07 9.11905e+06 1.66636e+06 0.00745974 0.00106846 0.000693123 0.011864 0.0523227
40 33 0 0.370921 0.478182 0.000595907 0.00237666 1.9017e+07 7.93466e+07 3.58859e+07 6.55757e+06 0 6.492e+07 0 7.93466e+07 6.492e+07 3.58859e+07 6.55757e+06 0.00254519 -0.000837761 -0.000123986 0.00576463 0.0688154
29 33 1 0.625027 0.448179 0.00151339 0.00172321 1.79581e+07 7.49286e+07 3.38877e+07 6.19245e+06 0 6.13052e+07 0 7.49286e+07 6.13052e+07 3.38877e+07 6.19245e+06 0.0040738 -0.00077553 0.000998386 0.00470401 0.0688984
30 33 2 0.530094 0.6927 0.00115607 0.00317512 1.24808e+07 5.20749e+07 2.35518e+07 4.30371e+06 0 4.26067e+07 0 5.20749e+07 4.26067e+07 2.35518e+07 4.30371e+06 0.00517739 -0.00250076 -0.000397192 0.00554601 0.0589193
31 34 0 0.4 3.74143e-24 3.61403e-28 3.48529e-26 3.26225e+07 1.36115e+08 6.15601e+07 1.12491e+07 0 1.11366e+08 0 1.36115e+08 1.11366e+08 6.15601e+07 1.12491e+07 0.000303774 0.000272218 0.00325547 0.0042795 0.103769
32 34 1 0.444201 0.276491 0.000730687 0.00117592 2.39108e+07 9.97658e+07 4.51208e+07 8.24511e+06 0 8.16266e+07 0 9.97658e+07 8.16266e+07 4.51208e+07 8.24511e+06 0.00261461 -0.00174718 0.00107496 0.00432827 0.0804772
41 34 2 0.267087 0.243874 0.000322996 0.00129357 2.62377e+07 1.09475e+08 4.95118e+07 9.04749e+06 0 8.95702e+07 0 1.09475e+08 8.95702e+07 4.95118e+07 9.04749e+06 0.00188399 -0.00200345 0.000490715 0.00473949 0.0838145
23 35 0 0.573158 0.19065 0.000835799 0.000709516 2.91058e+07 1.21441e+08 5.49239e+07 1.00365e+07 0 9.93611e+07 0 1.21441e+08 9.93611e+07 5.49239e+07 1.00365e+07 0.00208722 0.000151415 0.00299138 0.00328127 0.0853954
29 35 1 0.625027 0.448179 0.00151339 0.00172321 1.79581e+07 7.49286e+07 3.38877e+07 6.19245e+06 0 6.13052e+07 0 7.49286e+07 6.13052e+07 3.38877e+07 6.19245e+06 0.0040738 -0.00077553 0.000998386 0.00470401 0.0688984
32 35 2 0.444201 0.276491 0.000730687 0.00117592 2.39108e+07 9.97658e+07 4.51208e+07 8.24511e+06 0 8.16266e+07 0 9.97658e+07 8.16266e+07 4.51208e+07 8.24511e+06 0.00261461 -0.00174718 0.00107496 0.00432827 0.0804772
19 36 0 0.759146 0.230621 0.00145711 0.000768689 2.36455e+07 9.86588e+07 4.46201e+07 8.15362e+06 0 8.07209e+07 0 9.86588e+07 8.07209e+07 4.46201e+07 8.15362e+06 0.00311878 -0.00103282 0.00387275 0.00378072 0.079765
20 36 1 0.877157 0.458008 0.00248653 0.00164052 1.98674e+07 8.28952e+07 3.74908e+07 6.85084e+06 0 6.78233e+07 0 8.28952e+07 6.78233e+07 3.74908e+07 6.85084e+06 0.00331934 -0.00163375 0.00234248 0.00527484 0.0661901
29 36 2 0.625027 0.448179 0.00151339 0.00172321 1.79581e+07 7.49286e+07 3.38877e+07 6.19245e+06 0 6.13052e+07 0 7.49286e+07 6.13052e+07 3.38877e+07 6.19245e+06 0.0040738 -0.00077553 0.000998386 0.00470401 0.0688984
19 37 0 0.759146 0.230621 0.00145711 0.000768689 2.36455e+07 9.86588e+07 4.46201e+07 8.15362e+06 0 8.07209e+07 0 9.86588e+07 8.07209e+07 4.46201e+07 8.15362e+06 0.00311878 -0.00103282 0.00387275 0.00378072 0.079765
14 37 1 0.8 3.70902e-24 5.37195e-27 3.44445e-26 4.21916e+07 1.76041e+08 7.96174e+07 1.45488e+07 0 1.44033e+08 0 1.76041e+08 1.44033e+08 7.96174e+07 1.45488e+07 4.26655e-18 1.1461e-18 0.010874 0.00371425 0.0974098
11 37 2 0.993102 0.224474 0.00195764 0.000576903 4.08075e+07 1.70266e+08 7.70057e+07 1.40716e+07 0 1.39309e+08 0 1.70266e+08 1.39309e+08 7.70057e+07 1.40716e+07 0.00184571 -0.00119491 0.00443757 0.00260061 0.074805
21 38 0 0.776792 0.688893 0.00253683 0.00290186 2.03149e+07 8.47623e+07 3.83352e+07 7.00515e+06 0 6.9351e+07 0 8.47623e+07 6.9351e+07 3.83352e+07 7.00515e+06 0.00421709 -0.00159848 0.00136929 0.00424626 0.0583864
29 38 1 0.625027 0.448179 0.00151339 0.00172321 1.79581e+07 7.49286e+07 3.38877e+07 6.19245e+06 0 6.13052e+07 0 7.49286e+07 6.13052e+07 3.38877e+07 6.19245e+06 0.0040738 -0.00077553 0.000998386 0.00470401 0.0688984
20 38 2 0.877157 0.458008 0.00248653 0.00164052 1.98674e+07 8.28952e+07 3.74908e+07 6.85084e+06 0 6.78233e+07 0 8.28952e+07 6.78233e+07 3.74908e+07 6.85084e+06 0.00331934 -0.00163375 0.00234248 0.00527484 0.0661901
22 39 0 0.6 3.53924e-24 1.42083e-27 3.11417e-26 3.19548e+07 1.33329e+08 6.03002e+07 1.10189e+07 0 1.09087e+08 0 1.33329e+08 1.09087e+08 6.03002e+07 1.10189e+07 0.000643073 -0.000184838 0.00636475 0.00407241 0.101546
14 39 1 0.8 3.70902e-24 5.37195e-27 3.44445e-26 4.21916e+07 1.76041e+08 7.96174e+07 1.45488e+07 0 1.44033e+08 0 1.76041e+08 1.44033e+08 7.96174e+07 1.45488e+07 4.26655e-18 1.1461e-18 0.010874 0.00371425 0.0974098
19 39 2 0.759146 0.230621 0.00145711 0.000768689 2.36455e+07 9.86588e+07 4.46201e+07 8.15362e+06 0 8.07209e+07 0 9.86588e+07 8.07209e+07 4.46201e+07 8.15362e+06 0.00311878 -0.00103282 0.00387275 0.00378072 0.079765
4 40 0 1.23295 0.755128 0.00418546 0.0022594 2.06702e+07 8.62448e+07 3.90057e+07 7.12767e+06 0 7.05639e+07 0 8.62448e+07 7.05639e+07 3.90057e+07 7.12767e+06 0.0029913 -0.00305526 0.00377305 0.00531102 0.0572132
6 40 1 1.17371 0.91564 0.00434078 0.00324096 2.66848e+07 1.1134e+08 5.03553e+07 9.20164e+06 0 9.10962e+07 0 1.1134e+08 9.10962e+07 5.03553e+07 9.20164e+06 0.00183685 -0.00287361 0.00152378 0.00509311 0.0540003
13 40 2 1.03311 0.681943 0.00339964 0.00241285 2.68645e+07 1.1209e+08 5.06945e+07 9.26362e+06 0 9.17099e+07 0 1.1209e+08 9.17099e+07 5.06945e+07 9.26362e+06 0.00254579 -0.000364082 0.00389405 0.00394175 0.0581872
74 41 0 -0.724474 1.17375 -0.00254109 0.0061318 2.40638e+06 1.00404e+07 4.54095e+06 829787 0 8.21489e+06 0 1.00404e+07 8.21489e+06 4.54095e+06 829787 0.0107105 -0.00450818 -0.00207838 0.0139394 0.0468708
67 41 1 -0.521202 1.00642 -0.00182267 0.00514228 4.74778e+07 1.98097e+08 8.95928e+07 1.63717e+07 0 1.62079e+08 0 1.98097e+08 1.62079e+08 8.95928e+07 1.63717e+07 0.000769643 0.000111041 0.00306981 0.00149064 0.0494244
66 41 2 -0.549028 1.30195 -0.00206488 0.0064231 1.77335e+07 7.39914e+07 3.34639e+07 6.11499e+06 0 6.05384e+07 0 7.39914e+07 6.05384e+07 3.34639e+07 6.11499e+06 0.00533497 -0.00691947 -0.00299973 0.00528267 0.0448229
72 42 0 -0.787666 1.44563 -0.00301877 0.0079914 3.51345e+07 1.46596e+08 6.63004e+07 1.21153e+07 0 1.19942e+08 0 1.46596e+08 1.19942e+08 6.63004e+07 1.21153e+07 0.00111155 -0.00145302 0.000428768 0.00264177 0.0447802
74 42 1 -0.724474 1.17375 -0.00254109 0.0061318 2.40638e+06 1.00404e+07 4.54095e+06 829787 0 8.21489e+06 0 1.00404e+07 8.21489e+06 4.54095e+06 829787 0.0107105 -0.00450818 -0.00207838 0.0139394 0.0468708
66 42 2 -0.549028 1.30195 -0.00206488 0.0064231 1.77335e+07 7.39914e+07 3.34639e+07 6.11499e+06 0 6.05384e+07 0 7.39914e+07 6.05384e+07 3.34639e+07 6.11499e+06 0.00533497 -0.00691947 -0.00299973 0.00528267 0.0448229
81 43 0 -0.908687 1.06841 -0.00349239 0.0056052 1.19622e+07 4.99113e+07 2.25733e+07 4.1249e+06 0 4.08366e+07 0 4.99113e+07 4.08366e+07 2.25733e+07 4.1249e+06 0.00350515 -0.00358566 -0.00471988 0.0102136 0.0489343
73 43 1 -0.746364 0.906385 -0.00241362 0.00474223 3.38332e+07 1.41166e+08 6.38447e+07 1.16666e+07 0 1.15499e+08 0 1.41166e+08 1.15499e+08 6.38447e+07 1.16666e+07 0.00155996 0.00158876 0.00144654 0.00172036 0.0516358
74 43 2 -0.724474 1.17375 -0.00254109 0.0061318 2.40638e+06 1.00404e+07 4.54095e+06 829787 0 8.21489e+06 0 1.00404e+07 8.21489e+06 4.54095e+06 829787 0.0107105 -0.00450818 -0.00207838 0.0139394 0.0468708
68 44 0 -0.419201 0.496519 -0.00115431 0.00280963 1.89548e+07 7.90874e+07 3.57686e+07 6.53614e+06 0 6.47078e+07 0 7.90874e+07 6.47078e+07 3.57686e+07 6.53614e+06 0.00208838 -0.00364852 -0.00345982 0.00702574 0.0671681
60 44 1 -0.299563 0.252873 -0.000742939 0.00119217 2.16376e+07 9.0281e+07 4.08311e+07 7.46124e+06 0 7.38662e+07 0 9.0281e+07 7.38662e+07 4.08311e+07 7.46124e+06 0.0025272 -0.000997984 -0.000156708 0.00563447 0.0826198
59 44 2 -0.175428 0.50136 -0.000489293 0.0023469 2.37019e+07 9.88941e+07 4.47266e+07 8.17307e+06 0 8.09134e+07 0 9.88941e+07 8.09134e+07 4.47266e+07 8.17307e+06 0.00308565 -0.00318634 -0.00163967 0.00456981 0.0678731
71 45 0 -0.57383 0.720997 -0.00202852 0.0043429 3.25512e+07 1.35817e+08 6.14255e+07 1.12245e+07 0 1.11123e+08 0 1.35817e+08 1.11123e+08 6.14255e+07 1.12245e+07 0.00191698 -0.000591754 -0.000392927 0.00332827 0.0571319
68 45 1 -0.419201 0.496519 -0.00115431 0.00280963 1.89548e+07 7.90874e+07 3.57686e+07 6.53614e+06 0 6.47078e+07 0 7.90874e+07 6.47078e+07 3.57686e+07 6.53614e+06 0.00208838 -0.00364852 -0.00345982 0.00702574 0.0671681
62 45 2 -0.324506 0.756754 -0.00144582 0.00395859 2.11331e+07 8.81762e+07 3.98792e+07 7.28729e+06 0 7.21441e+07 0 8.81762e+07 7.21441e+07 3.98792e+07 7.28729e+06 0.00295079 -0.00266622 -0.000853763 0.00453183 0.0565559
63 46 0 -0.3446 0.979597 -0.00150946 0.00485207 3.52468e+07 1.47064e+08 6.65123e+07 1.21541e+07 0 1.20325e+08 0 1.47064e+08 1.20325e+08 6.65123e+07 1.21541e+07 0.00244191 -0.00155662 0.00197743 0.00271404 0.0500666
67 46 1 -0.521202 1.00642 -0.00182267 0.00514228 4.74778e+07 1.98097e+08 8.95928e+07 1.63717e+07 0 1.62079e+08 0 1.98097e+08 1.62079e+08 8.95928e+07 1.63717e+07 0.000769643 0.000111041 0.00306981 0.00149064 0.0494244
62 46 2 -0.324506 0.756754 -0.00144582 0.00395859 2.11331e+07 8.81762e+07 3.98792e+07 7.28729e+06 0 7.21441e+07 0 8.81762e+07 7.21441e+07 3.98792e+07 7.28729e+06 0.00295079 -0.00266622 -0.000853763 0.00453183 0.0565559
78 47 0 -0.821278 0.659494 -0.00283392 0.00355598 2.07548e+07 8.65977e+07 3.91653e+07 7.15683e+06 0 7.08527e+07 0 8.65977e+07 7.08527e+07 3.91653e+07 7.15683e+06 0.00317885 0.00481505 0.00167931 0.00492469 0.0581687
82 47 1 -0.889042 0.424777 -0.0031034 0.00241186 3.44671e+07 1.43811e+08 6.5041e+07 1.18852e+07 0 1.17664e+08 0 1.43811e+08 1.17664e+08 6.5041e+07 1.18852e+07 0.00179261 0.000914602 -0.00249825 0.00309826 0.0663195
75 47 2 -0.654066 0.46707 -0.00226138 0.00296393 4.29499e+06 1.79205e+07 8.10484e+06 1.48103e+06 0 1.46622e+07 0 1.79205e+07 1.46622e+07 8.10484e+06 1.48103e+06 0.00743567 0.00229819 0.000406932 0.00916278 0.0669438
73 48 0 -0.746364 0.906385 -0.00241362 0.00474223 3.38332e+07 1.41166e+08 6.38447e+07 1.16666e+07 0 1.15499e+08 0 1.41166e+08 1.15499e+08 6.38447e+07 1.16666e+07 0.00155996 0.00158876 0.00144654 0.00172036 0.0516358
78 48 1 -0.821278 0.659494 -0.00283392 0.00355598 2.07548e+07 8.65977e+07 3.91653e+07 7.15683e+06 0 7.08527e+07 0 8.65977e+07 7.08527e+07 3.91653e+07 7.15683e+06 0.00317885 0.00481505 0.00167931 0.00492469 0.0581687
71 48 2 -0.57383 0.720997 -0.00202852 0.0043429 3.25512e+07 1.35817e+08 6.14255e+07 1.12245e+07 0 1.11123e+08 0 1.35817e+08 1.11123e+08 6.14255e+07 1.12245e+07 0.00191698 -0.000591754 -0.000392927 0.00332827 0.0571319
79 49 0 -0.985438 0.83738 -0.00330699 0.00387879 1.29876e+07 5.41896e+07 2.45082e+07 4.47848e+06 0 4.4337e+07 0 5.41896e+07 4.4337e+07 2.45082e+07 4.47848e+06 0.00495457 0.0032036 0.00187594 0.0067015 0.0532807
85 49 1 -1.08125 0.595747 -0.00360516 0.00261989 3.72312e+07 1.55344e+08 7.0257e+07 1.28384e+07 0 1.271e+08 0 1.55344e+08 1.271e+08 7.0257e+07 1.28384e+07 0.00185287 0.00101331 -3.13156e-05 0.00233122 0.0590567
78 49 2 -0.821278 0.659494 -0.00283392 0.00355598 2.07548e+07 8.65977e+07 3.91653e+07 7.15683e+06 0 7.08527e+07 0 8.65977e+07 7.08527e+07 3.91653e+07 7.15683e+06 0.00317885 0.00481505 0.00167931 0.00492469 0.0581687
69 50 0 -0.514659 0.244128 -0.00128573 0.00142479 2.32856e+07 9.71572e+07 4.3941e+07 8.02952e+06 0 7.94922e+07 0 9.71572e+07 7.94922e+07 4.3941e+07 8.02952e+06 0.0029747 -1.69668e-05 8.67305e-05 0.00302083 0.0815131
70 50 1 -0.6 3.66426e-24 -3.51733e-27 3.00004e-26 1.22911e+07 5.12834e+07 2.31938e+07 4.2383e+06 0 4.19592e+07 0 5.12834e+07 4.19592e+07 2.31938e+07 4.2383e+06 1.27923e-25 6.82121e-25 -0.00981476 0.00826188 0.100705
61 50 2 -0.4 3.60804e-24 -4.89826e-27 3.61906e-26 2.67526e+07 1.11623e+08 5.04834e+07 9.22505e+06 0 9.13279e+07 0 1.11623e+08 9.13279e+07 5.04834e+07 9.22505e+06 -1.46259e-25 -6.16193e-25 -0.00628832 0.00606476 0.103275
75 51 0 -0.654066 0.46707 -0.00226138 0.00296393 4.29499e+06 1.79205e+07 8.10484e+06 1.48103e+06 0 1.46622e+07 0 1.79205e+07 1.46622e+07 8.10484e+06 1.48103e+06 0.00743567 0.00229819 0.000406932 0.00916278 0.0669438
69 51 1 -0.514659 0.244128 -0.00128573 0.00142479 2.32856e+07 9.71572e+07 4.3941e+07 8.02952e+06 0 7.94922e+07 0 9.71572e+07 7.94922e+07 4.3941e+07 8.02952e+06 0.0029747 -1.69668e-05 8.67305e-05 0.00302083 0.0815131
68 51 2 -0.419201 0.496519 -0.00115431 0.00280963 1.89548e+07 7.90874e+07 3.57686e+07 6.53614e+06 0 6.47078e+07 0 7.90874e+07 6.47078e+07 3.57686e+07 6.53614e+06 0.00208838 -0.00364852 -0.00345982 0.00702574 0.0671681
76 52 0 -0.73124 0.227081 -0.00199059 0.00151448 2.16265e+07 9.02347e+07 4.08102e+07 7.45742e+06 0 7.38284e+07 0 9.02347e+07 7.38284e+07 4.08102e+07 7.45742e+06 0.00370432 -0.00313858 -0.00437186 0.00420497 0.079514
83 52 1 -0.94984 0.195702 -0.00255804 0.00154459 2.63482e+07 1.09936e+08 4.97203e+07 9.0856e+06 0 8.99474e+07 0 1.09936e+08 8.99474e+07 4.97203e+07 9.0856e+06 0.0026074 0.00171756 -0.00343097 0.00377507 0.0761551
77 52 2 -0.8 3.62108e-24 -6.84991e-27 3.58515e-26 1.01284e+07 4.22598e+07 1.91127e+07 3.49255e+06 0 3.45762e+07 0 4.22598e+07 3.45762e+07 1.91127e+07 3.49255e+06 0.00346008 -0.00297917 -0.0196043 0.0118268 0.0961505
75 53 0 -0.654066 0.46707 -0.00226138 0.00296393 4.29499e+06 1.79205e+07 8.10484e+06 1.48103e+06 0 1.46622e+07 0 1.79205e+07 1.46622e+07 8.10484e+06 1.48103e+06 0.00743567 0.00229819 0.000406932 0.00916278 0.0669438
76 53 1 -0.73124 0.227081 -0.00199059 0.00151448 2.16265e+07 9.02347e+07 4.08102e+07 7.45742e+06 0 7.38284e+07 0 9.02347e+07 7.38284e+07 4.08102e+07 7.45742e+06 0.00370432 -0.00313858 -0.00437186 0.00420497 0.079514
69 53 2 -0.514659 0.244128 -0.00128573 0.00142479 2.32856e+07 9.71572e+07 4.3941e+07 8.02952e+06 0 7.94922e+07 0 9.71572e+07 7.94922e+07 4.3941e+07 8.02952e+06 0.0029747 -1.69668e-05 8.67305e-05 0.00302083 0.0815131
75 54 0 -0.654066 0.46707 -0.00226138 0.00296393 4.29499e+06 1.79205e+07 8.10484e+06 1.48103e+06 0 1.46622e+07 0 1.79205e+07 1.46622e+07 8.10484e+06 1.48103e+06 0.00743567 0.00229819 0.000406932 0.00916278 0.0669438
82 54 1 -0.889042 0.424777 -0.0031034 0.00241186 3.44671e+07 1.43811e+08 6.5041e+07 1.18852e+07 0 1.17664e+08 0 1.43811e+08 1.17664e+08 6.5041e+07 1.18852e+07 0.00179261 0.000914602 -0.00249825 0.00309826 0.0663195
76 54 2 -0.73124 0.227081 -0.00199059 0.00151448 2.16265e+07 9.02347e+07 4.08102e+07 7.45742e+06 0 7.38284e+07 0 9.02347e+07 7.38284e+07 4.08102e+07 7.45742e+06 0.00370432 -0.00313858 -0.00437186 0.00420497 0.079514
50 55 0 -0.140128 1.4174 -0.000208764 0.00661333 7.94391e+06 3.31453e+07 1.49905e+07 2.73928e+06 0 2.71189e+07 0 3.31453e+07 2.71189e+07 1.49905e+07 2.73928e+06 0.00577306 -0.00101982 -0.000203885 0.0108196 0.042903
38 55 1 0.11342 1.3453 0.000450221 0.00631412 3.38557e+07 1.4126e+08 6.38872e+07 1.16744e+07 0 1.15576e+08 0 1.4126e+08 1.15576e+08 6.38872e+07 1.16744e+07 0.00224172 -0.000580719 0.00250873 0.00309474 0.0436729
48 55 2 0.036133 1.56508 0.000380601 0.00717655 3.69534e+07 1.54185e+08 6.97328e+07 1.27426e+07 0 1.26151e+08 0 1.54185e+08 1.26151e+08 6.97328e+07 1.27426e+07 0.00191704 -0.0019513 0.00114618 0.00279727 0.0418382
58 56 0 -0.309659 1.20104 -0.00104247 0.00561073 2.15779e+07 9.00318e+07 4.07184e+07 7.44065e+06 0 7.36624e+07 0 9.00318e+07 7.36624e+07 4.07184e+07 7.44065e+06 0.00271886 -0.000578441 0.00142603 0.004475 0.0457078
55 56 1 -0.172684 0.968182 -0.00115024 0.00468005 3.63047e+07 1.51478e+08 6.85086e+07 1.25189e+07 0 1.23937e+08 0 1.51478e+08 1.23937e+08 6.85086e+07 1.25189e+07 0.00080069 0.000603283 3.58719e-05 0.00329232 0.0504074
49 56 2 -0.0553907 1.18448 -0.000354691 0.00564076 3.96249e+07 1.65331e+08 7.47739e+07 1.36637e+07 0 1.35271e+08 0 1.65331e+08 1.35271e+08 7.47739e+07 1.36637e+07 0.00204341 0.00332436 0.00300332 0.00239937 0.045867
57 57 0 -0.365801 1.45942 -0.00163022 0.00732455 1.28616e+07 5.36641e+07 2.42705e+07 4.43505e+06 0 4.3907e+07 0 5.36641e+07 4.3907e+07 2.42705e+07 4.43505e+06 0.00396674 0.00031951 -0.00033037 0.00908104 0.0429385
58 57 1 -0.309659 1.20104 -0.00104247 0.00561073 2.15779e+07 9.00318e+07 4.07184e+07 7.44065e+06 0 7.36624e+07 0 9.00318e+07 7.36624e+07 4.07184e+07 7.44065e+06 0.00271886 -0.000578441 0.00142603 0.004475 0.0457078
50 57 2 -0.140128 1.4174 -0.000208764 0.00661333 7.94391e+06 3.31453e+07 1.49905e+07 2.73928e+06 0 2.71189e+07 0 3.31453e+07 2.71189e+07 1.49905e+07 2.73928e+06 0.00577306 -0.00101982 -0.000203885 0.0108196 0.042903
56 58 0 -0.215784 1.70599 -0.000357418 0.00994079 8.56529e+06 3.57379e+07 1.61631e+07 2.95355e+06 0 2.92401e+07 0 3.57379e+07 2.92401e+07 1.61631e+07 2.95355e+06 0.00675093 -0.0139613 0.0024569 0.0083131 0.0416848
57 58 1 -0.365801 1.45942 -0.00163022 0.00732455 1.28616e+07 5.36641e+07 2.42705e+07 4.43505e+06 0 4.3907e+07 0 5.36641e+07 4.3907e+07 2.42705e+07 4.43505e+06 0.00396674 0.00031951 -0.00033037 0.00908104 0.0429385
50 58 2 -0.140128 1.4174 -0.000208764 0.00661333 7.94391e+06 3.31453e+07 1.49905e+07 2.73928e+06 0 2.71189e+07 0 3.31453e+07 2.71189e+07 1.49905e+07 2.73928e+06 0.00577306 -0.00101982 -0.000203885 0.0108196 0.042903
64 59 0 -0.418408 1.6476 -0.00182683 0.00877921 1.49308e+07 6.22974e+07 2.81751e+07 5.14855e+06 0 5.09706e+07 0 6.22974e+07 5.09706e+07 2.81751e+07 5.14855e+06 0.00445858 0.00375598 0.000596114 0.00751832 0.042331
65 59 1 -0.609476 1.55839 -0.00260799 0.00815147 1.78176e+07 7.43423e+07 3.36226e+07 6.14399e+06 0 6.08255e+07 0 7.43423e+07 6.08255e+07 3.36226e+07 6.14399e+06 0.00279694 -0.00224251 0.000680845 0.0060373 0.0433671
57 59 2 -0.365801 1.45942 -0.00163022 0.00732455 1.28616e+07 5.36641e+07 2.42705e+07 4.43505e+06 0 4.3907e+07 0 5.36641e+07 4.3907e+07 2.42705e+07 4.43505e+06 0.00396674 0.00031951 -0.00033037 0.00908104 0.0429385
57 60 0 -0.365801 1.45942 -0.00163022 0.00732455 1.28616e+07 5.36641e+07 2.42705e+07 4.43505e+06 0 4.3907e+07 0 5.36641e+07 4.3907e+07 2.42705e+07 4.43505e+06 0.00396674 0.00031951 -0.00033037 0.00908104 0.0429385
65 60 1 -0.609476 1.55839 -0.00260799 0.00815147 1.78176e+07 7.43423e+07 3.36226e+07 6.14399e+06 0 6.08255e+07 0 7.43423e+07 6.08255e+07 3.36226e+07 6.14399e+06 0.00279694 -0.00224251 0.000680845 0.0060373 0.0433671
66 60 2 -0.549028 1.30195 -0.00206488 0.0064231 1.77335e+07 7.39914e+07 3.34639e+07 6.11499e+06 0 6.05384e+07 0 7.39914e+07 6.05384e+07 3.34639e+07 6.11499e+06 0.00533497 -0.00691947 -0.00299973 0.00528267 0.0448229
46 61 0 0.0207422 0.977225 -0.000518834 0.00471434 6.53246e+06 2.72561e+07 1.23271e+07 2.25257e+06 0 2.23005e+07 0 2.72561e+07 2.23005e+07 1.23271e+07 2.25257e+06 0.00785175 -0.00351407 -0.000477954 0.0104422 0.0502349
37 61 1 0.199509 1.12121 0.000366112 0.00521508 1.83176e+07 7.64287e+07 3.45662e+07 6.31642e+06 0 6.25326e+07 0 7.64287e+07 6.25326e+07 3.45662e+07 6.31642e+06 0.00387165 -0.00232511 -0.000653524 0.00632134 0.0471571
49 61 2 -0.0553907 1.18448 -0.000354691 0.00564076 3.96249e+07 1.65331e+08 7.47739e+07 1.36637e+07 0 1.35271e+08 0 1.65331e+08 1.35271e+08 7.47739e+07 1.36637e+07 0.00204341 0.00332436 0.00300332 0.00239937 0.045867
62 62 0 -0.324506 0.756754 -0.00144582 0.00395859 2.11331e+07 8.81762e+07 3.98792e+07 7.28729e+06 0 7.21441e+07 0 8.81762e+07 7.21441e+07 3.98792e+07 7.28729e+06 0.00295079 -0.00266622 -0.000853763 0.00453183 0.0565559
59 62 1 -0.175428 0.50136 -0.000489293 0.0023469 2.37019e+07 9.88941e+07 4.47266e+07 8.17307e+06 0 8.09134e+07 0 9.88941e+07 8.09134e+07 4.47266e+07 8.17307e+06 0.00308565 -0.00318634 -0.00163967 0.00456981 0.0678731
54 62 2 -0.0570144 0.736555 -0.000568707 0.00322311 1.67805e+07 7.00152e+07 3.16656e+07 5.78638e+06 0 5.72852e+07 0 7.00152e+07 5.72852e+07 3.16656e+07 5.78638e+06 0.00502192 -0.00210084 -0.00295853 0.00452015 0.0576473
58 63 0 -0.309659 1.20104 -0.00104247 0.00561073 2.15779e+07 9.00318e+07 4.07184e+07 7.44065e+06 0 7.36624e+07 0 9.00318e+07 7.36624e+07 4.07184e+07 7.44065e+06 0.00271886 -0.000578441 0.00142603 0.004475 0.0457078
63 63 1 -0.3446 0.979597 -0.00150946 0.00485207 3.52468e+07 1.47064e+08 6.65123e+07 1.21541e+07 0 1.20325e+08 0 1.47064e+08 1.20325e+08 6.65123e+07 1.21541e+07 0.00244191 -0.00155662 0.00197743 0.00271404 0.0500666
55 63 2 -0.172684 0.968182 -0.00115024 0.00468005 3.63047e+07 1.51478e+08 6.85086e+07 1.25189e+07 0 1.23937e+08 0 1.51478e+08 1.23937e+08 6.85086e+07 1.25189e+07 0.00080069 0.000603283 3.58719e-05 0.00329232 0.0504074
76 64 0 -0.73124 0.227081 -0.00199059 0.00151448 2.16265e+07 9.02347e+07 4.08102e+07 7.45742e+06 0 7.38284e+07 0 9.02347e+07 7.38284e+07 4.08102e+07 7.45742e+06 0.00370432 -0.00313858 -0.00437186 0.00420497 0.079514
82 64 1 -0.889042 0.424777 -0.0031034 0.00241186 3.44671e+07 1.43811e+08 6.5041e+07 1.18852e+07 0 1.17664e+08 0 1.43811e+08 1.17664e+08 6.5041e+07 1.18852e+07 0.00179261 0.000914602 -0.00249825 0.00309826 0.0663195
83 64 2 -0.94984 0.195702 -0.00255804 0.00154459 2.63482e+07 1.09936e+08 4.97203e+07 9.0856e+06 0 8.99474e+07 0 1.09936e+08 8.99474e+07 4.97203e+07 9.0856e+06 0.0026074 0.00171756 -0.00343097 0.00377507 0.0761551
71 65 0 -0.57383 0.720997 -0.00202852 0.0043429 3.25512e+07 1.35817e+08 6.14255e+07 1.12245e+07 0 1.11123e+08 0 1.35817e+08 1.11123e+08 6.14255e+07 1.12245e+07 0.00191698 -0.000591754 -0.000392927 0.00332827 0.0571319
75 65 1 -0.654066 0.46707 -0.00226138 0.00296393 4.29499e+06 1.79205e+07 8.10484e+06 1.48103e+06 0 1.46622e+07 0 1.79205e+07 1.46622e+07 8.10484e+06 1.48103e+06 0.00743567 0.00229819 0.000406932 0.00916278 0.0669438
68 65 2 -0.419201 0.496519 -0.00115431 0.00280963 1.89548e+07 7.90874e+07 3.57686e+07 6.53614e+06 0 6.47078e+07 0 7.90874e+07 6.47078e+07 3.57686e+07 6.53614e+06 0.00208838 -0.00364852 -0.00345982 0.00702574 0.0671681
71 66 0 -0.57383 0.720997 -0.00202852 0.0043429 3.25512e+07 1.35817e+08 6.14255e+07 1.12245e+07 0 1.11123e+08 0 1.35817e+08 1.11123e+08 6.14255e+07 1.12245e+07 0.00191698 -0.000591754 -0.000392927 0.00332827 0.0571319
78 66 1 -0.821278 0.659494 -0.00283392 0.00355598 2.07548e+07 8.65977e+07 3.91653e+07 7.15683e+06 0 7.08527e+07 0 8.65977e+07 7.08527e+07 3.91653e+07 7.15683e+06 0.00317885 0.00481505 0.00167931 0.00492469 0.0581687
75 66 2 -0.654066 0.46707 -0.00226138 0.00296393 4.29499e+06 1.79205e+07 8.10484e+06 1.48103e+06 0 1.46622e+07 0 1.79205e+07 1.46622e+07 8.10484e+06 1.48103e+06 0.00743567 0.00229819 0.000406932 0.00916278 0.0669438
24 67 0 0.661878 0.914746 0.0019999 0.00478713 4.83245e+06 2.0163e+07 9.11905e+06 1.66636e+06 0 1.6497e+07 0 2.0163e+07 1.6497e+07 9.11905e+06 1.66636e+06 0.00745974 0.00106846 0.000693123 0.011864 0.0523227
21 67 1 0.776792 0.688893 0.00253683 0.00290186 2.03149e+07 8.47623e+07 3.83352e+07 7.00515e+06 0 6.9351e+07 0 8.47623e+07 6.9351e+07 3.83352e+07 7.00515e+06 0.00421709 -0.00159848 0.00136929 0.00424626 0.0583864
15 67 2 0.915651 0.92993 0.00352066 0.00439763 8.50474e+06 3.54853e+07 1.60488e+07 2.93267e+06 0 2.90334e+07 0 3.54853e+07 2.90334e+07 1.60488e+07 2.93267e+06 0.00463037 -0.00528899 0.000481085 0.00938773 0.0524017
18 68 0 0.609522 1.3121 0.00180133 0.00672809 2.89012e+07 1.20588e+08 5.45379e+07 9.96593e+06 0 9.86627e+07 0 1.20588e+08 9.86627e+07 5.45379e+07 9.96593e+06 0.00239561 0.00215338 -0.00255649 0.00266171 0.0457786
25 68 1 0.550074 1.12285 0.00170555 0.00597461 2.50493e+07 1.04516e+08 4.72692e+07 8.6377e+06 0 8.55132e+07 0 1.04516e+08 8.55132e+07 4.72692e+07 8.6377e+06 0.0022448 0.00485699 -0.000216417 0.00502591 0.0481329
16 68 2 0.771706 1.14781 0.00245009 0.00605421 4.78988e+07 1.99853e+08 9.03871e+07 1.65168e+07 0 1.63516e+08 0 1.99853e+08 1.63516e+08 9.03871e+07 1.65168e+07 0.000586357 -0.00275014 -0.000621497 -0.000198008 0.048229
30 69 0 0.530094 0.6927 0.00115607 0.00317512 1.24808e+07 5.20749e+07 2.35518e+07 4.30371e+06 0 4.26067e+07 0 5.20749e+07 4.26067e+07 2.35518e+07 4.30371e+06 0.00517739 -0.00250076 -0.000397192 0.00554601 0.0589193
29 69 1 0.625027 0.448179 0.00151339 0.00172321 1.79581e+07 7.49286e+07 3.38877e+07 6.19245e+06 0 6.13052e+07 0 7.49286e+07 6.13052e+07 3.38877e+07 6.19245e+06 0.0040738 -0.00077553 0.000998386 0.00470401 0.0688984
21 69 2 0.776792 0.688893 0.00253683 0.00290186 2.03149e+07 8.47623e+07 3.83352e+07 7.00515e+06 0 6.9351e+07 0 8.47623e+07 6.9351e+07 3.83352e+07 7.00515e+06 0.00421709 -0.00159848 0.00136929 0.00424626 0.0583864
25 70 0 0.550074 1.12285 0.00170555 0.00597461 2.50493e+07 1.04516e+08 4.72692e+07 8.6377e+06 0 8.55132e+07 0 1.04516e+08 8.55132e+07 4.72692e+07 8.6377e+06 0.0022448 0.00485699 -0.000216417 0.00502591 0.0481329
34 70 1 0.404181 0.924898 0.000696811 0.00425041 2.63647e+07 1.10004e+08 4.97514e+07 9.09127e+06 0 9.00036e+07 0 1.10004e+08 9.00036e+07 4.97514e+07 9.09127e+06 0.000854336 0.00521773 0.00132794 0.00498356 0.0518923
24 70 2 0.661878 0.914746 0.0019999 0.00478713 4.83245e+06 2.0163e+07 9.11905e+06 1.66636e+06 0 1.6497e+07 0 2.0163e+07 1.6497e+07 9.11905e+06 1.66636e+06 0.00745974 0.00106846 0.000693123 0.011864 0.0523227
39 71 0 0.300528 0.683648 0.000498466 0.00312307 5.15919e+07 2.15263e+08 9.73563e+07 1.77903e+07 0 1.76124e+08 0 2.15263e+08 1.76124e+08 9.73563e+07 1.77903e+07 0.000535781 0.00264798 0.000800945 0.00222153 0.0596308
51 71 1 0.0989235 0.467788 7.22855e-05 0.00198681 4.37733e+07 1.8264e+08 8.26022e+07 1.50942e+07 0 1.49433e+08 0 1.8264e+08 1.49433e+08 8.26022e+07 1.50942e+07 0.00132207 0.00338882 -0.000322247 0.00249296 0.0699416
40 71 2 0.370921 0.478182 0.000595907 0.00237666 1.9017e+07 7.93466e+07 3.58859e+07 6.55757e+06 0 6.492e+07 0 7.93466e+07 6.492e+07 3.58859e+07 6.55757e+06 0.00254519 -0.000837761 -0.000123986 0.00576463 0.0688154
42 72 0 0.0922246 0.206917 -1.0856e-05 0.000963435 2.36803e+07 9.88039e+07 4.46857e+07 8.16561e+06 0 8.08395e+07 0 9.88039e+07 8.08395e+07 4.46857e+07 8.16561e+06 0.00175745 0.00369802 0.000450758 0.00536219 0.0870249
43 72 1 2.49704e-17 3.6694e-24 3.8492e-28 3.98257e-26 5.38571e+07 2.24714e+08 1.01631e+08 1.85714e+07 0 1.83857e+08 0 2.24714e+08 1.83857e+08 1.01631e+08 1.85714e+07 -7.94133e-26 6.73873e-25 -0.00148095 0.0026685 0.105134
33 72 2 0.2 3.56316e-24 3.55512e-28 3.31256e-26 2.16381e+07 9.02832e+07 4.08321e+07 7.46142e+06 0 7.38681e+07 0 9.02832e+07 7.38681e+07 4.08321e+07 7.46142e+06 4.1957e-26 7.28703e-25 0.00113753 0.00650735 0.10488
51 73 0 0.0989235 0.467788 7.22855e-05 0.00198681 4.37733e+07 1.8264e+08 8.26022e+07 1.50942e+07 0 1.49433e+08 0 1.8264e+08 1.49433e+08 8.26022e+07 1.50942e+07 0.00132207 0.00338882 -0.000322247 0.00249296 0.0699416
42 73 1 0.0922246 0.206917 -1.0856e-05 0.000963435 2.36803e+07 9.88039e+07 4.46857e+07 8.16561e+06 0 8.08395e+07 0 9.88039e+07 8.08395e+07 4.46857e+07 8.16561e+06 0.00175745 0.00369802 0.000450758 0.00536219 0.0870249
41 73 2 0.267087 0.243874 0.000322996 0.00129357 2.62377e+07 1.09475e+08 4.95118e+07 9.04749e+06 0 8.95702e+07 0 1.09475e+08 8.95702e+07 4.95118e+07 9.04749e+06 0.00188399 -0.00200345 0.000490715 0.00473949 0.0838145
51 74 0 0.0989235 0.467788 7.22855e-05 0.00198681 4.37733e+07 1.8264e+08 8.26022e+07 1.50942e+07 0 1.49433e+08 0 1.8264e+08 1.49433e+08 8.26022e+07 1.50942e+07 0.00132207 0.00338882 -0.000322247 0.00249296 0.0699416
52 74 1 -0.0876805 0.251328 -0.000280619 0.00099777 2.37078e+07 9.89189e+07 4.47378e+07 8.17512e+06 0 8.09337e+07 0 9.89189e+07 8.09337e+07 4.47378e+07 8.17512e+06 0.00182034 -6.33646e-05 0.000487453 0.00556673 0.0835624
42 74 2 0.0922246 0.206917 -1.0856e-05 0.000963435 2.36803e+07 9.88039e+07 4.46857e+07 8.16561e+06 0 8.08395e+07 0 9.88039e+07 8.08395e+07 4.46857e+07 8.16561e+06 0.00175745 0.00369802 0.000450758 0.00536219 0.0870249
78 75 0 -0.821278 0.659494 -0.00283392 0.00355598 2.07548e+07 8.65977e+07 3.91653e+07 7.15683e+06 0 7.08527e+07 0 8.65977e+07 7.08527e+07 3.91653e+07 7.15683e+06 0.00317885 0.00481505 0.00167931 0.00492469 0.0581687
73 75 1 -0.746364 0.906385 -0.00241362 0.00474223 3.38332e+07 1.41166e+08 6.38447e+07 1.16666e+07 0 1.15499e+08 0 1.41166e+08 1.15499e+08 6.38447e+07 1.16666e+07 0.00155996 0.00158876 0.00144654 0.00172036 0.0516358
79 75 2 -0.985438 0.83738 -0.00330699 0.00387879 1.29876e+07 5.41896e+07 2.45082e+07 4.47848e+06 0 4.4337e+07 0 5.41896e+07 4.4337e+07 2.45082e+07 4.47848e+06 0.00495457 0.0032036 0.00187594 0.0067015 0.0532807
55 76 0 -0.172684 0.968182 -0.00115024 0.00468005 3.63047e+07 1.51478e+08 6.85086e+07 1.25189e+07 0 1.23937e+08 0 1.51478e+08 1.23937e+08 6.85086e+07 1.25189e+07 0.00080069 0.000603283 3.58719e-05 0.00329232 0.0504074
63 76 1 -0.3446 0.979597 -0.00150946 0.00485207 3.52468e+07 1.47064e+08 6.65123e+07 1.21541e+07 0 1.20325e+08 0 1.47064e+08 1.20325e+08 6.65123e+07 1.21541e+07 0.00244191 -0.00155662 0.00197743 0.00271404 0.0500666
62 76 2 -0.324506 0.756754 -0.00144582 0.00395859 2.11331e+07 8.81762e+07 3.98792e+07 7.28729e+06 0 7.21441e+07 0 8.81762e+07 7.21441e+07 3.98792e+07 7.28729e+06 0.00295079 -0.00266622 -0.000853763 0.00453183 0.0565559
74 77 0 -0.724474 1.17375 -0.00254109 0.0061318 2.40638e+06 1.00404e+07 4.54095e+06 829787 0 8.21489e+06 0 1.00404e+07 8.21489e+06 4.54095e+06 829787 0.0107105 -0.00450818 -0.00207838 0.0139394 0.0468708
72 77 1 -0.787666 1.44563 -0.00301877 0.0079914 3.51345e+07 1.46596e+08 6.63004e+07 1.21153e+07 0 1.19942e+08 0 1.46596e+08 1.19942e+08 6.63004e+07 1.21153e+07 0.00111155 -0.00145302 0.000428768 0.00264177 0.0447802
80 77 2 -0.900007 1.33656 -0.00352981 0.00734214 2.50151e+07 1.04373e+08 4.72046e+07 8.62589e+06 0 8.53963e+07 0 1.04373e+08 8.53963e+07 4.72046e+07 8.62589e+06 0.00256378 0.0061136 0.00424433 0.00265976 0.0461266
58 78 0 -0.309659 1.20104 -0.00104247 0.00561073 2.15779e+07 9.00318e+07 4.07184e+07 7.44065e+06 0 7.36624e+07 0 9.00318e+07 7.36624e+07 4.07184e+07 7.44065e+06 0.00271886 -0.000578441 0.00142603 0.004475 0.0457078
66 78 1 -0.549028 1.30195 -0.00206488 0.0064231 1.77335e+07 7.39914e+07 3.34639e+07 6.11499e+06 0 6.05384e+07 0 7.39914e+07 6.05384e+07 3.34639e+07 6.11499e+06 0.00533497 -0.00691947 -0.00299973 0.00528267 0.0448229
67 78 2 -0.521202 1.00642 -0.00182267 0.00514228 4.74778e+07 1.98097e+08 8.95928e+07 1.63717e+07 0 1.62079e+08 0 1.98097e+08 1.62079e+08 8.95928e+07 1.63717e+07 0.000769643 0.000111041 0.00306981 0.00149064 0.0494244
58 79 0 -0.309659 1.20104 -0.00104247 0.00561073 2.15779e+07 9.00318e+07 4.07184e+07 7.44065e+06 0 7.36624e+07 0 9.00318e+07 7.36624e+07 4.07184e+07 7.44065e+06 0.00271886 -0.000578441 0.00142603 0.004475 0.0457078
57 79 1 -0.365801 1.45942 -0.00163022 0.00732455 1.28616e+07 5.36641e+07 2.42705e+07 4.43505e+06 0 4.3907e+07 0 5.36641e+07 4.3907e+07 2.42705e+07 4.43505e+06 0.00396674 0.00031951 -0.00033037 0.00908104 0.0429385
66 79 2 -0.549028 1.30195 -0.00206488 0.0064231 1.77335e+07 7.39914e+07 3.34639e+07 6.11499e+06 0 6.05384e+07 0 7.39914e+07 6.05384e+07 3.34639e+07 6.11499e+06 0.00533497 -0.00691947 -0.00299973 0.00528267 0.0448229
58 80 0 -0.309659 1.20104 -0.00104247 0.00561073 2.15779e+07 9.00318e+07 4.07184e+07 7.44065e+06 0 7.36624e+07 0 9.00318e+07 7.36624e+07 4.07184e+07 7.44065e+06 0.00271886 -0.000578441 0.00142603 0.004475 0.0457078
49 80 1 -0.0553907 1.18448 -0.000354691 0.00564076 3.96249e+07 1.65331e+08 7.47739e+07 1.36637e+07 0 1.35271e+08 0 1.65331e+08 1.35271e+08 7.47739e+07 1.36637e+07 0.00204341 0.00332436 0.00300332 0.00239937 0.045867
50 80 2 -0.140128 1.4174 -0.000208764 0.00661333 7.94391e+06 3.31453e+07 1.49905e+07 2.73928e+06 0 2.71189e+07 0 3.31453e+07 2.71189e+07 1.49905e+07 2.73928e+06 0.00577306 -0.00101982 -0.000203885 0.0108196 0.042903
67 81 0 -0.521202 1.00642 -0.00182267 0.00514228 4.74778e+07 1.98097e+08 8.95928e+07 1.63717e+07 0 1.62079e+08 0 1.98097e+08 1.62079e+08 8.95928e+07 1.63717e+07 0.000769643 0.000111041 0.00306981 0.00149064 0.0494244
71 81 1 -0.57383 0.720997 -0.00202852 0.0043429 3.25512e+07 1.35817e+08 6.14255e+07 1.12245e+07 0 1.11123e+08 0 1.35817e+08 1.11123e+08 6.14255e+07 1.12245e+07 0.00191698 -0.000591754 -0.000392927 0.00332827 0.0571319
62 81 2 -0.324506 0.756754 -0.00144582 0.00395859 2.11331e+07 8.81762e+07 3.98792e+07 7.28729e+06 0 7.21441e+07 0 8.81762e+07 7.21441e+07 3.98792e+07 7.28729e+06 0.00295079 -0.00266622 -0.000853763 0.00453183 0.0565559
58 82 0 -0.309659 1.20104 -0.00104247 0.00561073 2.15779e+07 9.00318e+07 4.07184e+07 7.44065e+06 0 7.36624e+07 0 9.00318e+07 7.36624e+07 4.07184e+07 7.44065e+06 0.00271886 -0.000578441 0.00142603 0.004475 0.0457078
67 82 1 -0.521202 1.00642 -0.00182267 0.00514228 4.74778e+07 1.98097e+08 8.95928e+07 1.63717e+07 0 1.62079e+08 0 1.98097e+08 1.62079e+08 8.95928e+07 1.63717e+07 0.000769643 0.000111041 0.00306981 0.00149064 0.0494244
63 82 2 -0.3446 0.979597 -0.00150946 0.00485207 3.52468e+07 1.47064e+08 6.65123e+07 1.21541e+07 0 1.20325e+08 0 1.47064e+08 1.20325e+08 6.65123e+07 1.21541e+07 0.00244191 -0.00155662 0.00197743 0.00271404 0.0500666
73 83 0 -0.746364 0.906385 -0.00241362 0.00474223 3.38332e+07 1.41166e+08 6.38447e+07 1.16666e+07 0 1.15499e+08 0 1.41166e+08 1.15499e+08 6.38447e+07 1.16666e+07 0.00155996 0.00158876 0.00144654 0.00172036 0.0516358
71 83 1 -0.57383 0.720997 -0.00202852 0.0043429 3.25512e+07 1.35817e+08 6.14255e+07 1.12245e+07 0 1.11123e+08 0 1.35817e+08 1.11123e+08 6.14255e+07 1.12245e+07 0.00191698 -0.000591754 -0.000392927 0.00332827 0.0571319
67 83 2 -0.521202 1.00642 -0.00182267 0.00514228 4.74778e+07 1.98097e+08 8.95928e+07 1.63717e+07 0 1.62079e+08 0 1.98097e+08 1.62079e+08 8.95928e+07 1.63717e+07 0.000769643 0.000111041 0.00306981 0.00149064 0.0494244
74 84 0 -0.724474 1.17375 -0.00254109 0.0061318 2.40638e+06 1.00404e+07 4.54095e+06 829787 0 8.21489e+06 0 1.00404e+07 8.21489e+06 4.54095e+06 829787 0.0107105 -0.00450818 -0.00207838 0.0139394 0.0468708
73 84 1 -0.746364 0.906385 -0.00241362 0.00474223 3.38332e+07 1.41166e+08 6.38447e+07 1.16666e+07 0 1.15499e+08 0 1.41166e+08 1.15499e+08 6.38447e+07 1.16666e+07 0.00155996 0.00158876 0.00144654 0.00172036 0.0516358
67 84 2 -0.521202 1.00642 -0.00182267 0.00514228 4.74778e+07 1.98097e+08 8.95928e+07 1.63717e+07 0 1.62079e+08 0 1.98097e+08 1.62079e+08 8.95928e+07 1.63717e+07 0.000769643 0.000111041 0.00306981 0.00149064 0.0494244
81 85 0 -0.908687 1.06841 -0.00349239 0.0056052 1.19622e+07 4.99113e+07 2.25733e+07 4.1249e+06 0 4.08366e+07 0 4.99113e+07 4.08366e+07 2.25733e+07 4.1249e+06 0.00350515 -0.00358566 -0.00471988 0.0102136 0.0489343
79 85 1 -0.985438 0.83738 -0.00330699 0.00387879 1.29876e+07 5.41896e+07 2.45082e+07 4.47848e+06 0 4.4337e+07 0 5.41896e+07 4.4337e+07 2.45082e+07 4.47848e+06 0.00495457 0.0032036 0.00187594 0.0067015 0.0532807
73 85 2 -0.746364 0.906385 -0.00241362 0.00474223 3.38332e+07 1.41166e+08 6.38447e+07 1.16666e+07 0 1.15499e+08 0 1.41166e+08 1.15499e+08 6.38447e+07 1.16666e+07 0.00155996 0.00158876 0.00144654 0.00172036 0.0516358
54 86 0 -0.0570144 0.736555 -0.000568707 0.00322311 1.67805e+07 7.00152e+07 3.16656e+07 5.78638e+06 0 5.72852e+07 0 7.00152e+07 5.72852e+07 3.16656e+07 5.78638e+06 0.00502192 -0.00210084 -0.00295853 0.00452015 0.0576473
46 86 1 0.0207422 0.977225 -0.000518834 0.00471434 6.53246e+06 2.72561e+07 1.23271e+07 2.25257e+06 0 2.23005e+07 0 2.72561e+07 2.23005e+07 1.23271e+07 2.25257e+06 0.00785175 -0.00351407 -0.000477954 0.0104422 0.0502349
55 86 2 -0.172684 0.968182 -0.00115024 0.00468005 3.63047e+07 1.51478e+08 6.85086e+07 1.25189e+07 0 1.23937e+08 0 1.51478e+08 1.23937e+08 6.85086e+07 1.25189e+07 0.00080069 0.000603283 3.58719e-05 0.00329232 0.0504074
48 87 0 0.036133 1.56508 0.000380601 0.00717655 3.69534e+07 1.54185e+08 6.97328e+07 1.27426e+07 0 1.26151e+08 0 1.54185e+08 1.26151e+08 6.97328e+07 1.27426e+07 0.00191704 -0.0019513 0.00114618 0.00279727 0.0418382
35 87 1 0.276503 1.68994 0.0011595 0.00775277 2.36718e+07 9.87686e+07 4.46698e+07 8.16269e+06 0 8.08106e+07 0 9.87686e+07 8.08106e+07 4.46698e+07 8.16269e+06 0.0027903 0.00159029 0.00231014 0.00459811 0.0419805
47 87 2 -0.00749399 1.73888 0.000694112 0.00802784 2.12737e+07 8.87627e+07 4.01445e+07 7.33576e+06 0 7.2624e+07 0 8.87627e+07 7.2624e+07 4.01445e+07 7.33576e+06 0.00241474 -0.0062027 0.00388983 0.00503587 0.0414107
48 88 0 0.036133 1.56508 0.000380601 0.00717655 3.69534e+07 1.54185e+08 6.97328e+07 1.27426e+07 0 1.26151e+08 0 1.54185e+08 1.26151e+08 6.97328e+07 1.27426e+07 0.00191704 -0.0019513 0.00114618 0.00279727 0.0418382
38 88 1 0.11342 1.3453 0.000450221 0.00631412 3.38557e+07 1.4126e+08 6.38872e+07 1.16744e+07 0 1.15576e+08 0 1.4126e+08 1.15576e+08 6.38872e+07 1.16744e+07 0.00224172 -0.000580719 0.00250873 0.00309474 0.0436729
36 88 2 0.250602 1.50112 0.000868631 0.00680301 2.155e+07 8.99157e+07 4.06659e+07 7.43105e+06 0 7.35674e+07 0 8.99157e+07 7.35674e+07 4.06659e+07 7.43105e+06 0.00307356 0.000718513 -3.36304e-05 0.00514493 0.0425741
56 89 0 -0.215784 1.70599 -0.000357418 0.00994079 8.56529e+06 3.57379e+07 1.61631e+07 2.95355e+06 0 2.92401e+07 0 3.57379e+07 2.92401e+07 1.61631e+07 2.95355e+06 0.00675093 -0.0139613 0.0024569 0.0083131 0.0416848
48 89 1 0.036133 1.56508 0.000380601 0.00717655 3.69534e+07 1.54185e+08 6.97328e+07 1.27426e+07 0 1.26151e+08 0 1.54185e+08 1.26151e+08 6.97328e+07 1.27426e+07 0.00191704 -0.0019513 0.00114618 0.00279727 0.0418382
47 89 2 -0.00749399 1.73888 0.000694112 0.00802784 2.12737e+07 8.87627e+07 4.01445e+07 7.33576e+06 0 7.2624e+07 0 8.87627e+07 7.2624e+07 4.01445e+07 7.33576e+06 0.00241474 -0.0062027 0.00388983 0.00503587 0.0414107
72 90 0 -0.787666 1.44563 -0.00301877 0.0079914 3.51345e+07 1.46596e+08 6.63004e+07 1.21153e+07 0 1.19942e+08 0 1.46596e+08 1.19942e+08 6.63004e+07 1.21153e+07 0.00111155 -0.00145302 0.000428768 0.00264177 0.0447802
66 90 1 -0.549028 1.30195 -0.00206488 0.0064231 1.77335e+07 7.39914e+07 3.34639e+07 6.11499e+06 0 6.05384e+07 0 7.39914e+07 6.05384e+07 3.34639e+07 6.11499e+06 0.00533497 -0.00691947 -0.00299973 0.00528267 0.0448229
65 90 2 -0.609476 1.55839 -0.00260799 0.00815147 1.78176e+07 7.43423e+07 3.36226e+07 6.14399e+06 0 6.08255e+07 0 7.43423e+07 6.08255e+07 3.36226e+07 6.14399e+06 0.00279694 -0.00224251 0.000680845 0.0060373 0.0433671
38 91 0 0.11342 1.3453 0.000450221 0.00631412 3.38557e+07 1.4126e+08 6.38872e+07 1.16744e+07 0 1.15576e+08 0 1.4126e+08 1.15576e+08 6.38872e+07 1.16744e+07 0.00224172 -0.000580719 0.00250873 0.00309474 0.0436729
50 91 1 -0.140128 1.4174 -0.000208764 0.00661333 7.94391e+06 3.31453e+07 1.49905e+07 2.73928e+06 0 2.71189e+07 0 3.31453e+07 2.71189e+07 1.49905e+07 2.73928e+06 0.00577306 -0.00101982 -0.000203885 0.0108196 0.042903
49 91 2 -0.0553907 1.18448 -0.000354691 0.00564076 3.96249e+07 1.65331e+08 7.47739e+07 1.36637e+07 0 1.35271e+08 0 1.65331e+08 1.35271e+08 7.47739e+07 1.36637e+07 0.00204341 0.00332436 0.00300332 0.00239937 0.045867
56 92 0 -0.215784 1.70599 -0.000357418 0.00994079 8.56529e+06 3.57379e+07 1.61631e+07 2.95355e+06 0 2.92401e+07 0 3.57379e+07 2.92401e+07 1.61631e+07 2.95355e+06 0.00675093 -0.0139613 0.0024569 0.0083131 0.0416848
64 92 1 -0.418408 1.6476 -0.00182683 0.00877921 1.49308e+07 6.22974e+07 2.81751e+07 5.14855e+06 0 5.09706e+07 0 6.22974e+07 5.09706e+07 2.81751e+07 5.14855e+06 0.00445858 0.00375598 0.000596114 0.00751832 0.042331
57 92 2 -0.365801 1.45942 -0.00163022 0.00732455 1.28616e+07 5.36641e+07 2.42705e+07 4.43505e+06 0 4.3907e+07 0 5.36641e+07 4.3907e+07 2.42705e+07 4.43505e+06 0.00396674 0.00031951 -0.00033037 0.00908104 0.0429385
39 93 0 0.300528 0.683648 0.000498466 0.00312307 5.15919e+07 2.15263e+08 9.73563e+07 1.77903e+07 0 1.76124e+08 0 2.15263e+08 1.76124e+08 9.73563e+07 1.77903e+07 0.000535781 0.00264798 0.000800945 0.00222153 0.0596308
45 93 1 0.117985 0.672139 0.00014278 0.00270455 1.74508e+07 7.28121e+07 3.29305e+07 6.01753e+06 0 5.95736e+07 0 7.28121e+07 5.95736e+07 3.29305e+07 6.01753e+06 0.00319804 0.00202279 -0.00078206 0.00555686 0.0601854
51 93 2 0.0989235 0.467788 7.22855e-05 0.00198681 4.37733e+07 1.8264e+08 8.26022e+07 1.50942e+07 0 1.49433e+08 0 1.8264e+08 1.49433e+08 8.26022e+07 1.50942e+07 0.00132207 0.00338882 -0.000322247 0.00249296 0.0699416
34 94 0 0.404181 0.924898 0.000696811 0.00425041 2.63647e+07 1.10004e+08 4.97514e+07 9.09127e+06 0 9.00036e+07 0 1.10004e+08 9.00036e+07 4.97514e+07 9.09127e+06 0.000854336 0.00521773 0.00132794 0.00498356 0.0518923
39 94 1 0.300528 0.683648 0.000498466 0.00312307 5.15919e+07 2.15263e+08 9.73563e+07 1.77903e+07 0 1.76124e+08 0 2.15263e+08 1.76124e+08 9.73563e+07 1.77903e+07 0.000535781 0.00264798 0.000800945 0.00222153 0.0596308
30 94 2 0.530094 0.6927 0.00115607 0.00317512 1.24808e+07 5.20749e+07 2.35518e+07 4.30371e+06 0 4.26067e+07 0 5.20749e+07 4.26067e+07 2.35518e+07 4.30371e+06 0.00517739 -0.00250076 -0.000397192 0.00554601 0.0589193
44 95 0 0.176948 0.870073 0.000176626 0.00378505 2.30517e+07 9.61813e+07 4.34996e+07 7.94886e+06 0 7.86938e+07 0 9.61813e+07 7.86938e+07 4.34996e+07 7.94886e+06 0.00231113 -0.0017379 -0.00051708 0.00527607 0.0532147
46 95 1 0.0207422 0.977225 -0.000518834 0.00471434 6.53246e+06 2.72561e+07 1.23271e+07 2.25257e+06 0 2.23005e+07 0 2.72561e+07 2.23005e+07 1.23271e+07 2.25257e+06 0.00785175 -0.00351407 -0.000477954 0.0104422 0.0502349
54 95 2 -0.0570144 0.736555 -0.000568707 0.00322311 1.67805e+07 7.00152e+07 3.16656e+07 5.78638e+06 0 5.72852e+07 0 7.00152e+07 5.72852e+07 3.16656e+07 5.78638e+06 0.00502192 -0.00210084 -0.00295853 0.00452015 0.0576473
34 96 0 0.404181 0.924898 0.000696811 0.00425041 2.63647e+07 1.10004e+08 4.97514e+07 9.09127e+06 0 9.00036e+07 0 1.10004e+08 9.00036e+07 4.97514e+07 9.09127e+06 0.000854336 0.00521773 0.00132794 0.00498356 0.0518923
44 96 1 0.176948 0.870073 0.000176626 0.00378505 2.30517e+07 9.61813e+07 4.34996e+07 7.94886e+06 0 7.86938e+07 0 9.61813e+07 7.86938e+07 4.34996e+07 7.94886e+06 0.00231113 -0.0017379 -0.00051708 0.00527607 0.0532147
39 96 2 0.300528 0.683648 0.000498466 0.00312307 5.15919e+07 2.15263e+08 9.73563e+07 1.77903e+07 0 1.76124e+08 0 2.15263e+08 1.76124e+08 9.73563e+07 1.77903e+07 0.000535781 0.00264798 0.000800945 0.00222153 0.0596308
34 97 0 0.404181 0.924898 0.000696811 0.00425041 2.63647e+07 1.10004e+08 4.97514e+07 9.09127e+06 0 9.00036e+07 0 1.10004e+08 9.00036e+07 4.97514e+07 9.09127e+06 0.000854336 0.00521773 0.00132794 0.00498356 0.0518923
27 97 1 0.377499 1.14014 0.0011046 0.00536915 1.54872e+07 6.46189e+07 2.9225e+07 5.3404e+06 0 5.287e+07 0 6.46189e+07 5.287e+07 2.9225e+07 5.3404e+06 0.00469543 0.00333296 -2.60544e-05 0.00668762 0.0470952
37 97 2 0.199509 1.12121 0.000366112 0.00521508 1.83176e+07 7.64287e+07 3.45662e+07 6.31642e+06 0 6.25326e+07 0 7.64287e+07 6.25326e+07 3.45662e+07 6.31642e+06 0.00387165 -0.00232511 -0.000653524 0.00632134 0.0471571
48 98 0 0.036133 1.56508 0.000380601 0.00717655 3.69534e+07 1.54185e+08 6.97328e+07 1.27426e+07 0 1.26151e+08 0 1.54185e+08 1.26151e+08 6.97328e+07 1.27426e+07 0.00191704 -0.0019513 0.00114618 0.00279727 0.0418382
56 98 1 -0.215784 1.70599 -0.000357418 0.00994079 8.56529e+06 3.57379e+07 1.61631e+07 2.95355e+06 0 2.92401e+07 0 3.57379e+07 2.92401e+07 1.61631e+07 2.95355e+06 0.00675093 -0.0139613 0.0024569 0.0083131 0.0416848
50 98 2 -0.140128 1.4174 -0.000208764 0.00661333 7.94391e+06 3.31453e+07 1.49905e+07 2.73928e+06 0 2.71189e+07 0 3.31453e+07 2.71189e+07 1.49905e+07 2.73928e+06 0.00577306 -0.00101982 -0.000203885 0.0108196 0.042903
40 99 0 0.370921 0.478182 0.000595907 0.00237666 1.9017e+07 7.93466e+07 3.58859e+07 6.55757e+06 0 6.492e+07 0 7.93466e+07 6.492e+07 3.58859e+07 6.55757e+06 0.00254519 -0.000837761 -0.000123986 0.00576463 0.0688154
41 99 1 0.267087 0.243874 0.000322996 0.00129357 2.62377e+07 1.09475e+08 4.95118e+07 9.04749e+06 0 8.95702e+07 0 1.09475e+08 8.95702e+07 4.95118e+07 9.04749e+06 0.00188399 -0.00200345 0.000490715 0.00473949 0.0838145
32 99 2 0.444201 0.276491 0.000730687 0.00117592 2.39108e+07 9.97658e+07 4.51208e+07 8.24511e+06 0 8.16266e+07 0 9.97658e+07 8.16266e+07 4.51208e+07 8.24511e+06 0.00261461 -0.00174718 0.00107496 0.00432827 0.0804772
33 100 0 0.2 3.56316e-24 3.55512e-28 3.31256e-26 2.16381e+07 9.02832e+07 4.08321e+07 7.46142e+06 0 7.38681e+07 0 9.02832e+07 7.38681e+07 4.08321e+07 7.46142e+06 4.1957e-26 7.28703e-25 0.00113753 0.00650735 0.10488
41 100 1 0.267087 0.243874 0.000322996 0.00129357 2.62377e+07 1.09475e+08 4.95118e+07 9.04749e+06 0 8.95702e+07 0 1.09475e+08 8.95702e+07 4.95118e+07 9.04749e+06 0.00188399 -0.00200345 0.000490715 0.00473949 0.0838145
42 100 2 0.0922246 0.206917 -1.0856e-05 0.000963435 2.36803e+07 9.88039e+07 4.46857e+07 8.16561e+06 0 8.08395e+07 0 9.88039e+07 8.08395e+07 4.46857e+07 8.16561e+06 0.00175745 0.00369802 0.000450758 0.00536219 0.0870249
36 101 0 0.250602 1.50112 0.000868631 0.00680301 2.155e+07 8.99157e+07 4.06659e+07 7.43105e+06 0 7.35674e+07 0 8.99157e+07 7.35674e+07 4.06659e+07 7.43105e+06 0.00307356 0.000718513 -3.36304e-05 0.00514493 0.0425741
28 101 1 0.391536 1.34573 0.00119312 0.00639131 2.98336e+07 1.24478e+08 5.62974e+07 1.02875e+07 0 1.01846e+08 0 1.24478e+08 1.01846e+08 5.62974e+07 1.02875e+07 0.00429929 0.00110331 0.000273074 0.00295333 0.0443055
26 101 2 0.449727 1.6114 0.00156301 0.00758148 1.90023e+07 7.92853e+07 3.58581e+07 6.5525e+06 0 6.48698e+07 0 7.92853e+07 6.48698e+07 3.58581e+07 6.5525e+06 0.00271495 0.000474759 0.00145325 0.00561416 0.0428793
48 102 0 0.036133 1.56508 0.000380601 0.00717655 3.69534e+07 1.54185e+08 6.97328e+07 1.27426e+07 0 1.26151e+08 0 1.54185e+08 1.26151e+08 6.97328e+07 1.27426e+07 0.00191704 -0.0019513 0.00114618 0.00279727 0.0418382
36 102 1 0.250602 1.50112 0.000868631 0.00680301 2.155e+07 8.99157e+07 4.06659e+07 7.43105e+06 0 7.35674e+07 0 8.99157e+07 7.35674e+07 4.06659e+07 7.43105e+06 0.00307356 0.000718513 -3.36304e-05 0.00514493 0.0425741
35 102 2 0.276503 1.68994 0.0011595 0.00775277 2.36718e+07 9.87686e+07 4.46698e+07 8.16269e+06 0 8.08106e+07 0 9.87686e+07 8.08106e+07 4.46698e+07 8.16269e+06 0.0027903 0.00159029 0.00231014 0.00459811 0.0419805
38 103 0 0.11342 1.3453 0.000450221 0.00631412 3.38557e+07 1.4126e+08 6.38872e+07 1.16744e+07 0 1.15576e+08 0 1.4126e+08 1.15576e+08 6.38872e+07 1.16744e+07 0.00224172 -0.000580719 0.00250873 0.00309474 0.0436729
28 103 1 0.391536 1.34573 0.00119312 0.00639131 2.98336e+07 1.24478e+08 5.62974e+07 1.02875e+07 0 1.01846e+08 0 1.24478e+08 1.01846e+08 5.62974e+07 1.02875e+07 0.00429929 0.00110331 0.000273074 0.00295333 0.0443055
36 103 2 0.250602 1.50112 0.000868631 0.00680301 2.155e+07 8.99157e+07 4.06659e+07 7.43105e+06 0 7.35674e+07 0 8.99157e+07 7.35674e+07 4.06659e+07 7.43105e+06 0.00307356 0.000718513 -3.36304e-05 0.00514493 0.0425741
28 104 0 0.391536 1.34573 0.00119312 0.00639131 2.98336e+07 1.24478e+08 5.62974e+07 1.02875e+07 0 1.01846e+08 0 1.24478e+08 1.01846e+08 5.62974e+07 1.02875e+07 0.00429929 0.00110331 0.000273074 0.00295333 0.0443055
18 104 1 0.609522 1.3121 0.00180133 0.00672809 2.89012e+07 1.20588e+08 5.45379e+07 9.96593e+06 0 9.86627e+07 0 1.20588e+08 9.86627e+07 5.45379e+07 9.96593e+06 0.00239561 0.00215338 -0.00255649 0.00266171 0.0457786
17 104 2 0.618149 1.52303 0.00180278 0.00741132 3.44342e+07 1.43674e+08 6.49789e+07 1.18739e+07 0 1.17551e+08 0 1.43674e+08 1.17551e+08 6.49789e+07 1.18739e+07 0.00134622 0.00800878 0.000988811 0.00259657 0.0441165
35 105 0 0.276503 1.68994 0.0011595 0.00775277 2.36718e+07 9.87686e+07 4.46698e+07 8.16269e+06 0 8.08106e+07 0 9.87686e+07 8.08106e+07 4.46698e+07 8.16269e+06 0.0027903 0.00159029 0.00231014 0.00459811 0.0419805
36 105 1 0.250602 1.50112 0.000868631 0.00680301 2.155e+07 8.99157e+07 4.06659e+07 7.43105e+06 0 7.35674e+07 0 8.99157e+07 7.35674e+07 4.06659e+07 7.43105e+06 0.00307356 0.000718513 -3.36304e-05 0.00514493 0.0425741
26 105 2 0.449727 1.6114 0.00156301 0.00758148 1.90023e+07 7.92853e+07 3.58581e+07 6.5525e+06 0 6.48698e+07 0 7.92853e+07 6.48698e+07 3.58581e+07 6.5525e+06 0.00271495 0.000474759 0.00145325 0.00561416 0.0428793
27 106 0 0.377499 1.14014 0.0011046 0.00536915 1.54872e+07 6.46189e+07 2.9225e+07 5.3404e+06 0 5.287e+07 0 6.46189e+07 5.287e+07 2.9225e+07 5.3404e+06 0.00469543 0.00333296 -2.60544e-05 0.00668762 0.0470952
34 106 1 0.404181 0.924898 0.000696811 0.00425041 2.63647e+07 1.10004e+08 4.97514e+07 9.09127e+06 0 9.00036e+07 0 1.10004e+08 9.00036e+07 4.97514e+07 9.09127e+06 0.000854336 0.00521773 0.00132794 0.00498356 0.0518923
25 106 2 0.550074 1.12285 0.00170555 0.00597461 2.50493e+07 1.04516e+08 4.72692e+07 8.6377e+06 0 8.55132e+07 0 1.04516e+08 8.55132e+07 4.72692e+07 8.6377e+06 0.0022448 0.00485699 -0.000216417 0.00502591 0.0481329
38 107 0 0.11342 1.3453 0.000450221 0.00631412 3.38557e+07 1.4126e+08 6.38872e+07 1.16744e+07 0 1.15576e+08 0 1.4126e+08 1.15576e+08 6.38872e+07 1.16744e+07 0.00224172 -0.000580719 0.00250873 0.00309474 0.0436729
37 107 1 0.199509 1.12121 0.000366112 0.00521508 1.83176e+07 7.64287e+07 3.45662e+07 6.31642e+06 0 6.25326e+07 0 7.64287e+07 6.25326e+07 3.45662e+07 6.31642e+06 0.00387165 -0.00232511 -0.000653524 0.00632134 0.0471571
28 107 2 0.391536 1.34573 0.00119312 0.00639131 2.98336e+07 1.24478e+08 5.62974e+07 1.02875e+07 0 1.01846e+08 0 1.24478e+08 1.01846e+08 5.62974e+07 1.02875e+07 0.00429929 0.00110331 0.000273074 0.00295333 0.0443055
37 108 0 0.199509 1.12121 0.000366112 0.00521508 1.83176e+07 7.64287e+07 3.45662e+07 6.31642e+06 0 6.25326e+07 0 7.64287e+07 6.25326e+07 3.45662e+07 6.31642e+06 0.00387165 -0.00232511 -0.000653524 0.00632134 0.0471571
46 108 1 0.0207422 0.977225 -0.000518834 0.00471434 6.53246e+06 2.72561e+07 1.23271e+07 2.25257e+06 0 2.23005e+07 0 2.72561e+07 2.23005e+07 1.23271e+07 2.25257e+06 0.00785175 -0.00351407 -0.000477954 0.0104422 0.0502349
44 108 2 0.176948 0.870073 0.000176626 0.00378505 2.30517e+07 9.61813e+07 4.34996e+07 7.94886e+06 0 7.86938e+07 0 9.61813e+07 7.86938e+07 4.34996e+07 7.94886e+06 0.00231113 -0.0017379 -0.00051708 0.00527607 0.0532147
28 109 0 0.391536 1.34573 0.00119312 0.00639131 2.98336e+07 1.24478e+08 5.62974e+07 1.02875e+07 0 1.01846e+08 0 1.24478e+08 1.01846e+08 5.62974e+07 1.02875e+07 0.00429929 0.00110331 0.000273074 0.00295333 0.0443055
37 109 1 0.199509 1.12121 0.000366112 0.00521508 1.83176e+07 7.64287e+07 3.45662e+07 6.31642e+06 0 6.25326e+07 0 7.64287e+07 6.25326e+07 3.45662e+07 6.31642e+06 0.00387165 -0.00232511 -0.000653524 0.00632134 0.0471571
27 109 2 0.377499 1.14014 0.0011046 0.00536915 1.54872e+07 6.46189e+07 2.9225e+07 5.3404e+06 0 5.287e+07 0 6.46189e+07 5.287e+07 2.9225e+07 5.3404e+06 0.00469543 0.00333296 -2.60544e-05 0.00668762 0.0470952
38 110 0 0.11342 1.3453 0.000450221 0.00631412 3.38557e+07 1.4126e+08 6.38872e+07 1.16744e+07 0 1.15576e+08 0 1.4126e+08 1.15576e+08 6.38872e+07 1.16744e+07 0.00224172 -0.000580719 0.00250873 0.00309474 0.0436729
49 110 1 -0.0553907 1.18448 -0.000354691 0.00564076 3.96249e+07 1.65331e+08 7.47739e+07 1.36637e+07 0 1.35271e+08 0 1.65331e+08 1.35271e+08 7.47739e+07 1.36637e+07 0.00204341 0.00332436 0.00300332 0.00239937 0.045867
37 110 2 0.199509 1.12121 0.000366112 0.00521508 1.83176e+07 7.64287e+07 3.45662e+07 6.31642e+06 0 6.25326e+07 0 7.64287e+07 6.25326e+07 3.45662e+07 6.31642e+06 0.00387165 -0.00232511 -0.000653524 0.00632134 0.0471571
31 111 0 0.4 3.74143e-24 3.61403e-28 3.48529e-26 3.26225e+07 1.36115e+08 6.15601e+07 1.12491e+07 0 1.11366e+08 0 1.36115e+08 1.11366e+08 6.15601e+07 1.12491e+07 0.000303774 0.000272218 0.00325547 0.0042795 0.103769
41 111 1 0.267087 0.243874 0.000322996 0.00129357 2.62377e+07 1.09475e+08 4.95118e+07 9.04749e+06 0 8.95702e+07 0 1.09475e+08 8.95702e+07 4.95118e+07 9.04749e+06 0.00188399 -0.00200345 0.000490715 0.00473949 0.0838145
33 111 2 0.2 3.56316e-24 3.55512e-28 3.31256e-26 2.16381e+07 9.02832e+07 4.08321e+07 7.46142e+06 0 7.38681e+07 0 9.02832e+07 7.38681e+07 4.08321e+07 7.46142e+06 4.1957e-26 7.28703e-25 0.00113753 0.00650735 0.10488
28 112 0 0.391536 1.34573 0.00119312 0.00639131 2.98336e+07 1.24478e+08 5.62974e+07 1.02875e+07 0 1.01846e+08 0 1.24478e+08 1.01846e+08 5.62974e+07 1.02875e+07 0.00429929 0.00110331 0.000273074 0.00295333 0.0443055
17 112 1 0.618149 1.52303 0.00180278 0.00741132 3.44342e+07 1.43674e+08 6.49789e+07 1.18739e+07 0 1.17551e+08 0 1.43674e+08 1.17551e+08 6.49789e+07 1.18739e+07 0.00134622 0.00800878 0.000988811 0.00259657 0.0441165
26 112 2 0.449727 1.6114 0.00156301 0.00758148 1.90023e+07 7.92853e+07 3.58581e+07 6.5525e+06 0 6.48698e+07 0 7.92853e+07 6.48698e+07 3.58581e+07 6.5525e+06 0.00271495 0.000474759 0.00145325 0.00561416 0.0428793
37 113 0 0.199509 1.12121 0.000366112 0.00521508 1.83176e+07 7.64287e+07 3.45662e+07 6.31642e+06 0 6.25326e+07 0 7.64287e+07 6.25326e+07 3.45662e+07 6.31642e+06 0.00387165 -0.00232511 -0.000653524 0.00632134 0.0471571
44 113 1 0.176948 0.870073 0.000176626 0.00378505 2.30517e+07 9.61813e+07 4.34996e+07 7.94886e+06 0 7.86938e+07 0 9.61813e+07 7.86938e+07 4.34996e+07 7.94886e+06 0.00231113 -0.0017379 -0.00051708 0.00527607 0.0532147
34 113 2 0.404181 0.924898 0.000696811 0.00425041 2.63647e+07 1.10004e+08 4.97514e+07 9.09127e+06 0 9.00036e+07 0 1.10004e+08 9.00036e+07 4.97514e+07 9.09127e+06 0.000854336 0.00521773 0.00132794 0.00498356 0.0518923
16 114 0 0.771706 1.14781 0.00245009 0.00605421 4.78988e+07 1.99853e+08 9.03871e+07 1.65168e+07 0 1.63516e+08 0 1.99853e+08 1.63516e+08 9.03871e+07 1.65168e+07 0.000586357 -0.00275014 -0.000621497 -0.000198008 0.048229
10 114 1 0.777148 1.41866 0.00250694 0.00735361 4.78317e+06 1.99574e+07 9.02605e+06 1.64937e+06 0 1.63287e+07 0 1.99574e+07 1.63287e+07 9.02605e+06 1.64937e+06 0.00642535 -0.00168799 0.00103712 0.00890611 0.0456283
18 114 2 0.609522 1.3121 0.00180133 0.00672809 2.89012e+07 1.20588e+08 5.45379e+07 9.96593e+06 0 9.86627e+07 0 1.20588e+08 9.86627e+07 5.45379e+07 9.96593e+06 0.00239561 0.00215338 -0.00255649 0.00266171 0.0457786
18 115 0 0.609522 1.3121 0.00180133 0.00672809 2.89012e+07 1.20588e+08 5.45379e+07 9.96593e+06 0 9.86627e+07 0 1.20588e+08 9.86627e+07 5.45379e+07 9.96593e+06 0.00239561 0.00215338 -0.00255649 0.00266171 0.0457786
10 115 1 0.777148 1.41866 0.00250694 0.00735361 4.78317e+06 1.99574e+07 9.02605e+06 1.64937e+06 0 1.63287e+07 0 1.99574e+07 1.63287e+07 9.02605e+06 1.64937e+06 0.00642535 -0.00168799 0.00103712 0.00890611 0.0456283
17 115 2 0.618149 1.52303 0.00180278 0.00741132 3.44342e+07 1.43674e+08 6.49789e+07 1.18739e+07 0 1.17551e+08 0 1.43674e+08 1.17551e+08 6.49789e+07 1.18739e+07 0.00134622 0.00800878 0.000988811 0.00259657 0.0441165
25 116 0 0.550074 1.12285 0.00170555 0.00597461 2.50493e+07 1.04516e+08 4.72692e+07 8.6377e+06 0 8.55132e+07 0 1.04516e+08 8.55132e+07 4.72692e+07 8.6377e+06 0.0022448 0.00485699 -0.000216417 0.00502591 0.0481329
24 116 1 0.661878 0.914746 0.0019999 0.00478713 4.83245e+06 2.0163e+07 9.11905e+06 1.66636e+06 0 1.6497e+07 0 2.0163e+07 1.6497e+07 9.11905e+06 1.66636e+06 0.00745974 0.00106846 0.000693123 0.011864 0.0523227
16 116 2 0.771706 1.14781 0.00245009 0.00605421 4.78988e+07 1.99853e+08 9.03871e+07 1.65168e+07 0 1.63516e+08 0 1.99853e+08 1.63516e+08 9.03871e+07 1.65168e+07 0.000586357 -0.00275014 -0.000621497 -0.000198008 0.048229
28 117 0 0.391536 1.34573 0.00119312 0.00639131 2.98336e+07 1.24478e+08 5.62974e+07 1.02875e+07 0 1.01846e+08 0 1.24478e+08 1.01846e+08 5.62974e+07 1.02875e+07 0.00429929 0.00110331 0.000273074 0.00295333 0.0443055
25 117 1 0.550074 1.12285 0.00170555 0.00597461 2.50493e+07 1.04516e+08 4.72692e+07 8.6377e+06 0 8.55132e+07 0 1.04516e+08 8.55132e+07 4.72692e+07 8.6377e+06 0.0022448 0.00485699 -0.000216417 0.00502591 0.0481329
18 117 2 0.609522 1.3121 0.00180133 0.00672809 2.89012e+07 1.20588e+08 5.45379e+07 9.96593e+06 0 9.86627e+07 0 1.20588e+08 9.86627e+07 5.45379e+07 9.96593e+06 0.00239561 0.00215338 -0.00255649 0.00266171 0.0457786
34 118 0 0.404181 0.924898 0.000696811 0.00425041 2.63647e+07 1.10004e+08 4.97514e+07 9.09127e+06 0 9.00036e+07 0 1.10004e+08 9.00036e+07 4.97514e+07 9.09127e+06 0.000854336 0.00521773 0.00132794 0.00498356 0.0518923
30 118 1 0.530094 0.6927 0.00115607 0.00317512 1.24808e+07 5.20749e+07 2.35518e+07 4.30371e+06 0 4.26067e+07 0 5.20749e+07 4.26067e+07 2.35518e+07 4.30371e+06 0.00517739 -0.00250076 -0.000397192 0.00554601 0.0589193
24 118 2 0.661878 0.914746 0.0019999 0.00478713 4.83245e+06 2.0163e+07 9.11905e+06 1.66636e+06 0 1.6497e+07 0 2.0163e+07 1.6497e+07 9.11905e+06 1.66636e+06 0.00745974 0.00106846 0.000693123 0.011864 0.0523227
28 119 0 0.391536 1.34573 0.00119312 0.00639131 2.98336e+07 1.24478e+08 5.62974e+07 1.02875e+07 0 1.01846e+08 0 1.24478e+08 1.01846e+08 5.62974e+07 1.02875e+07 0.00429929 0.00110331 0.000273074 0.00295333 0.0443055
27 119 1 0.377499 1.14014 0.0011046 0.00536915 1.54872e+07 6.46189e+07 2.9225e+07 5.3404e+06 0 5.287e+07 0 6.46189e+07 5.287e+07 2.9225e+07 5.3404e+06 0.00469543 0.00333296 -2.60544e-05 0.00668762 0.0470952
25 119 2 0.550074 1.12285 0.00170555 0.00597461 2.50493e+07 1.04516e+08 4.72692e+07 8.6377e+06 0 8.55132e+07 0 1.04516e+08 8.55132e+07 4.72692e+07 8.6377e+06 0.0022448 0.00485699 -0.000216417 0.00502591 0.0481329
44 120 0 0.176948 0.870073 0.000176626 0.00378505 2.30517e+07 9.61813e+07 4.34996e+07 7.94886e+06 0 7.86938e+07 0 9.61813e+07 7.86938e+07 4.34996e+07 7.94886e+06 0.00231113 -0.0017379 -0.00051708 0.00527607 0.0532147
45 120 1 0.117985 0.672139 0.00014278 0.00270455 1.74508e+07 7.28121e+07 3.29305e+07 6.01753e+06 0 5.95736e+07 0 7.28121e+07 5.95736e+07 3.29305e+07 6.01753e+06 0.00319804 0.00202279 -0.00078206 0.00555686 0.0601854
39 120 2 0.300528 0.683648 0.000498466 0.00312307 5.15919e+07 2.15263e+08 9.73563e+07 1.77903e+07 0 1.76124e+08 0 2.15263e+08 1.76124e+08 9.73563e+07 1.77903e+07 0.000535781 0.00264798 0.000800945 0.00222153 0.0596308
15 121 0 0.915651 0.92993 0.00352066 0.00439763 8.50474e+06 3.54853e+07 1.60488e+07 2.93267e+06 0 2.90334e+07 0 3.54853e+07 2.90334e+07 1.60488e+07 2.93267e+06 0.00463037 -0.00528899 0.000481085 0.00938773 0.0524017
9 121 1 1.00067 1.19925 0.00298499 0.00542584 2.40431e+07 1.00318e+08 4.53703e+07 8.29071e+06 0 8.2078e+07 0 1.00318e+08 8.2078e+07 4.53703e+07 8.29071e+06 0.00309886 -0.00835919 -0.000325352 0.00451721 0.0490022
16 121 2 0.771706 1.14781 0.00245009 0.00605421 4.78988e+07 1.99853e+08 9.03871e+07 1.65168e+07 0 1.63516e+08 0 1.99853e+08 1.63516e+08 9.03871e+07 1.65168e+07 0.000586357 -0.00275014 -0.000621497 -0.000198008 0.048229
31 122 0 0.4 3.74143e-24 3.61403e-28 3.48529e-26 3.26225e+07 1.36115e+08 6.15601e+07 1.12491e+07 0 1.11366e+08 0 1.36115e+08 1.11366e+08 6.15601e+07 1.12491e+07 0.000303774 0.000272218 0.00325547 0.0042795 0.103769
22 122 1 0.6 3.53924e-24 1.42083e-27 3.11417e-26 3.19548e+07 1.33329e+08 6.03002e+07 1.10189e+07 0 1.09087e+08 0 1.33329e+08 1.09087e+08 6.03002e+07 1.10189e+07 0.000643073 -0.000184838 0.00636475 0.00407241 0.101546
23 122 2 0.573158 0.19065 0.000835799 0.000709516 2.91058e+07 1.21441e+08 5.49239e+07 1.00365e+07 0 9.93611e+07 0 1.21441e+08 9.93611e+07 5.49239e+07 1.00365e+07 0.00208722 0.000151415 0.00299138 0.00328127 0.0853954
9 123 0 1.00067 1.19925 0.00298499 0.00542584 2.40431e+07 1.00318e+08 4.53703e+07 8.29071e+06 0 8.2078e+07 0 1.00318e+08 8.2078e+07 4.53703e+07 8.29071e+06 0.00309886 -0.00835919 -0.000325352 0.00451721 0.0490022
8 123 1 0.888465 1.3085 0.00286415 0.0063423 1.68514e+07 7.03109e+07 3.17993e+07 5.81082e+06 0 5.75271e+07 0 7.03109e+07 5.75271e+07 3.17993e+07 5.81082e+06 0.00371172 -0.00207006 0.00272116 0.00565719 0.0471941
16 123 2 0.771706 1.14781 0.00245009 0.00605421 4.78988e+07 1.99853e+08 9.03871e+07 1.65168e+07 0 1.63516e+08 0 1.99853e+08 1.63516e+08 9.03871e+07 1.65168e+07 0.000586357 -0.00275014 -0.000621497 -0.000198008 0.048229
11 124 0 0.993102 0.224474 0.00195764 0.000576903 4.08075e+07 1.70266e+08 7.70057e+07 1.40716e+07 0 1.39309e+08 0 1.70266e+08 1.39309e+08 7.70057e+07 1.40716e+07 0.00184571 -0.00119491 0.00443757 0.00260061 0.074805
20 124 1 0.877157 0.458008 0.00248653 0.00164052 1.98674e+07 8.28952e+07 3.74908e+07 6.85084e+06 0 6.78233e+07 0 8.28952e+07 6.78233e+07 3.74908e+07 6.85084e+06 0.00331934 -0.00163375 0.00234248 0.00527484 0.0661901
19 124 2 0.759146 0.230621 0.00145711 0.000768689 2.36455e+07 9.86588e+07 4.46201e+07 8.15362e+06 0 8.07209e+07 0 9.86588e+07 8.07209e+07 4.46201e+07 8.15362e+06 0.00311878 -0.00103282 0.00387275 0.00378072 0.079765
15 125 0 0.915651 0.92993 0.00352066 0.00439763 8.50474e+06 3.54853e+07 1.60488e+07 2.93267e+06 0 2.90334e+07 0 3.54853e+07 2.90334e+07 1.60488e+07 2.93267e+06 0.00463037 -0.00528899 0.000481085 0.00938773 0.0524017
7 125 1 1.08774 1.05778 0.00350358 0.00422271 3.3402e+07 1.39367e+08 6.3031e+07 1.15179e+07 0 1.14027e+08 0 1.39367e+08 1.14027e+08 6.3031e+07 1.15179e+07 0.0023037 -0.00543162 -0.00551537 0.0032482 0.0512997
9 125 2 1.00067 1.19925 0.00298499 0.00542584 2.40431e+07 1.00318e+08 4.53703e+07 8.29071e+06 0 8.2078e+07 0 1.00318e+08 8.2078e+07 4.53703e+07 8.29071e+06 0.00309886 -0.00835919 -0.000325352 0.00451721 0.0490022
15 126 0 0.915651 0.92993 0.00352066 0.00439763 8.50474e+06 3.54853e+07 1.60488e+07 2.93267e+06 0 2.90334e+07 0 3.54853e+07 2.90334e+07 1.60488e+07 2.93267e+06 0.00463037 -0.00528899 0.000481085 0.00938773 0.0524017
6 126 1 1.17371 0.91564 0.00434078 0.00324096 2.66848e+07 1.1134e+08 5.03553e+07 9.20164e+06 0 9.10962e+07 0 1.1134e+08 9.10962e+07 5.03553e+07 9.20164e+06 0.00183685 -0.00287361 0.00152378 0.00509311 0.0540003
7 126 2 1.08774 1.05778 0.00350358 0.00422271 3.3402e+07 1.39367e+08 6.3031e+07 1.15179e+07 0 1.14027e+08 0 1.39367e+08 1.14027e+08 6.3031e+07 1.15179e+07 0.0023037 -0.00543162 -0.00551537 0.0032482 0.0512997
11 127 0 0.993102 0.224474 0.00195764 0.000576903 4.08075e+07 1.70266e+08 7.70057e+07 1.40716e+07 0 1.39309e+08 0 1.70266e+08 1.39309e+08 7.70057e+07 1.40716e+07 0.00184571 -0.00119491 0.00443757 0.00260061 0.074805
14 127 1 0.8 3.70902e-24 5.37195e-27 3.44445e-26 4.21916e+07 1.76041e+08 7.96174e+07 1.45488e+07 0 1.44033e+08 0 1.76041e+08 1.44033e+08 7.96174e+07 1.45488e+07 4.26655e-18 1.1461e-18 0.010874 0.00371425 0.0974098
5 127 2 1 1.81077e-24 6.93984e-27 2.38647e-26 3.79391e+07 1.58298e+08 7.15929e+07 1.30825e+07 0 1.29516e+08 0 1.58298e+08 1.29516e+08 7.15929e+07 1.30825e+07 0.00209642 -0.00831324 0.0137877 0.00263291 0.0878422
1 128 0 1.29546 0.245526 0.00259723 -0.000259681 3.92378e+07 1.63716e+08 7.40435e+07 1.35303e+07 0 1.3395e+08 0 1.63716e+08 1.3395e+08 7.40435e+07 1.35303e+07 0.00174327 -0.00471625 0.00477866 0.00281863 0.068161
11 128 1 0.993102 0.224474 0.00195764 0.000576903 4.08075e+07 1.70266e+08 7.70057e+07 1.40716e+07 0 1.39309e+08 0 1.70266e+08 1.39309e+08 7.70057e+07 1.40716e+07 0.00184571 -0.00119491 0.00443757 0.00260061 0.074805
0 128 2 1.15918 0.109841 0.00173606 -0.000374611 9.93616e+06 4.14578e+07 1.875e+07 3.42626e+06 0 3.392e+07 0 4.14578e+07 3.392e+07 1.875e+07 3.42626e+06 0.0045243 -0.00337044 0.00822825 0.00747775 0.0739682
23 129 0 0.573158 0.19065 0.000835799 0.000709516 2.91058e+07 1.21441e+08 5.49239e+07 1.00365e+07 0 9.93611e+07 0 1.21441e+08 9.93611e+07 5.49239e+07 1.00365e+07 0.00208722 0.000151415 0.00299138 0.00328127 0.0853954
32 129 1 0.444201 0.276491 0.000730687 0.00117592 2.39108e+07 9.97658e+07 4.51208e+07 8.24511e+06 0 8.16266e+07 0 9.97658e+07 8.16266e+07 4.51208e+07 8.24511e+06 0.00261461 -0.00174718 0.00107496 0.00432827 0.0804772
31 129 2 0.4 3.74143e-24 3.61403e-28 3.48529e-26 3.26225e+07 1.36115e+08 6.15601e+07 1.12491e+07 0 1.11366e+08 0 1.36115e+08 1.11366e+08 6.15601e+07 1.12491e+07 0.000303774 0.000272218 0.00325547 0.0042795 0.103769
19 130 0 0.759146 0.230621 0.00145711 0.000768689 2.36455e+07 9.86588e+07 4.46201e+07 8.15362e+06 0 8.07209e+07 0 9.86588e+07 8.07209e+07 4.46201e+07 8.15362e+06 0.00311878 -0.00103282 0.00387275 0.00378072 0.079765
23 130 1 0.573158 0.19065 0.000835799 0.000709516 2.91058e+07 1.21441e+08 5.49239e+07 1.00365e+07 0 9.93611e+07 0 1.21441e+08 9.93611e+07 5.49239e+07 1.00365e+07 0.00208722 0.000151415 0.00299138 0.00328127 0.0853954
22 130 2 0.6 3.53924e-24 1.42083e-27 3.11417e-26 3.19548e+07 1.33329e+08 6.03002e+07 1.10189e+07 0 1.09087e+08 0 1.33329e+08 1.09087e+08 6.03002e+07 1.10189e+07 0.000643073 -0.000184838 0.00636475 0.00407241 0.101546
19 131 0 0.759146 0.230621 0.00145711 0.000768689 2.36455e+07 9.86588e+07 4.46201e+07 8.15362e+06 0 8.07209e+07 0 9.86588e+07 8.07209e+07 4.46201e+07 8.15362e+06 0.00311878 -0.00103282 0.00387275 0.00378072 0.079765
29 131 1 0.625027 0.448179 0.00151339 0.00172321 1.79581e+07 7.49286e+07 3.38877e+07 6.19245e+06 0 6.13052e+07 0 7.49286e+07 6.13052e+07 3.38877e+07 6.19245e+06 0.0040738 -0.00077553 0.000998386 0.00470401 0.0688984
23 131 2 0.573158 0.19065 0.000835799 0.000709516 2.91058e+07 1.21441e+08 5.49239e+07 1.00365e+07 0 9.93611e+07 0 1.21441e+08 9.93611e+07 5.49239e+07 1.00365e+07 0.00208722 0.000151415 0.00299138 0.00328127 0.0853954
12 132 0 1.10688 0.435913 0.00303368 0.00112927 2.70641e+07 1.12923e+08 5.10711e+07 9.33244e+06 0 9.23911e+07 0 1.12923e+08 9.23911e+07 5.10711e+07 9.33244e+06 0.00232648 -0.00175442 0.00277758 0.00470587 0.0648615
20 132 1 0.877157 0.458008 0.00248653 0.00164052 1.98674e+07 8.28952e+07 3.74908e+07 6.85084e+06 0 6.78233e+07 0 8.28952e+07 6.78233e+07 3.74908e+07 6.85084e+06 0.00331934 -0.00163375 0.00234248 0.00527484 0.0661901
11 132 2 0.993102 0.224474 0.00195764 0.000576903 4.08075e+07 1.70266e+08 7.70057e+07 1.40716e+07 0 1.39309e+08 0 1.70266e+08 1.39309e+08 7.70057e+07 1.40716e+07 0.00184571 -0.00119491 0.00443757 0.00260061 0.074805
13 133 0 1.03311 0.681943 0.00339964 0.00241285 2.68645e+07 1.1209e+08 5.06945e+07 9.26362e+06 0 9.17099e+07 0 1.1209e+08 9.17099e+07 5.06945e+07 9.26362e+06 0.00254579 -0.000364082 0.00389405 0.00394175 0.0581872
15 133 1 0.915651 0.92993 0.00352066 0.00439763 8.50474e+06 3.54853e+07 1.60488e+07 2.93267e+06 0 2.90334e+07 0 3.54853e+07 2.90334e+07 1.60488e+07 2.93267e+06 0.00463037 -0.00528899 0.000481085 0.00938773 0.0524017
21 133 2 0.776792 0.688893 0.00253683 0.00290186 2.03149e+07 8.47623e+07 3.83352e+07 7.00515e+06 0 6.9351e+07 0 8.47623e+07 6.9351e+07 3.83352e+07 7.00515e+06 0.00421709 -0.00159848 0.00136929 0.00424626 0.0583864
11 134 0 0.993102 0.224474 0.00195764 0.000576903 4.08075e+07 1.70266e+08 7.70057e+07 1.40716e+07 0 1.39309e+08 0 1.70266e+08 1.39309e+08 7.70057e+07 1.40716e+07 0.00184571 -0.00119491 0.00443757 0.00260061 0.074805
5 134 1 1 1.81077e-24 6.93984e-27 2.38647e-26 3.79391e+07 1.58298e+08 7.15929e+07 1.30825e+07 0 1.29516e+08 0 1.58298e+08 1.29516e+08 7.15929e+07 1.30825e+07 0.00209642 -0.00831324 0.0137877 0.00263291 0.0878422
0 134 2 1.15918 0.109841 0.00173606 -0.000374611 9.93616e+06 4.14578e+07 1.875e+07 3.42626e+06 0 3.392e+07 0 4.14578e+07 3.392e+07 1.875e+07 3.42626e+06 0.0045243 -0.00337044 0.00822825 0.00747775 0.0739682
12 135 0 1.10688 0.435913 0.00303368 0.00112927 2.70641e+07 1.12923e+08 5.10711e+07 9.33244e+06 0 9.23911e+07 0 1.12923e+08 9.23911e+07 5.10711e+07 9.33244e+06 0.00232648 -0.00175442 0.00277758 0.00470587 0.0648615
1 135 1 1.29546 0.245526 0.00259723 -0.000259681 3.92378e+07 1.63716e+08 7.40435e+07 1.35303e+07 0 1.3395e+08 0 1.63716e+08 1.3395e+08 7.40435e+07 1.35303e+07 0.00174327 -0.00471625 0.00477866 0.00281863 0.068161
2 135 2 1.29589 0.41914 0.00360391 0.000477949 1.08353e+07 4.52092e+07 2.04466e+07 3.7363e+06 0 3.69893e+07 0 4.52092e+07 3.69893e+07 2.04466e+07 3.7363e+06 0.00469595 -0.00367934 0.00144056 0.00778066 0.0646127
12 136 0 1.10688 0.435913 0.00303368 0.00112927 2.70641e+07 1.12923e+08 5.10711e+07 9.33244e+06 0 9.23911e+07 0 1.12923e+08 9.23911e+07 5.10711e+07 9.33244e+06 0.00232648 -0.00175442 0.00277758 0.00470587 0.0648615
2 136 1 1.29589 0.41914 0.00360391 0.000477949 1.08353e+07 4.52092e+07 2.04466e+07 3.7363e+06 0 3.69893e+07 0 4.52092e+07 3.69893e+07 2.04466e+07 3.7363e+06 0.00469595 -0.00367934 0.00144056 0.00778066 0.0646127
3 136 2 1.28603 0.592473 0.00381707 0.00140494 3.0139e+07 1.25752e+08 5.68737e+07 1.03928e+07 0 1.02888e+08 0 1.25752e+08 1.02888e+08 5.68737e+07 1.03928e+07 0.00237251 -0.00285609 0.0025071 0.0032663 0.0606804
20 137 0 0.877157 0.458008 0.00248653 0.00164052 1.98674e+07 8.28952e+07 3.74908e+07 6.85084e+06 0 6.78233e+07 0 8.28952e+07 6.78233e+07 3.74908e+07 6.85084e+06 0.00331934 -0.00163375 0.00234248 0.00527484 0.0661901
12 137 1 1.10688 0.435913 0.00303368 0.00112927 2.70641e+07 1.12923e+08 5.10711e+07 9.33244e+06 0 9.23911e+07 0 1.12923e+08 9.23911e+07 5.10711e+07 9.33244e+06 0.00232648 -0.00175442 0.00277758 0.00470587 0.0648615
13 137 2 1.03311 0.681943 0.00339964 0.00241285 2.68645e+07 1.1209e+08 5.06945e+07 9.26362e+06 0 9.17099e+07 0 1.1209e+08 9.17099e+07 5.06945e+07 9.26362e+06 0.00254579 -0.000364082 0.00389405 0.00394175 0.0581872
11 138 0 0.993102 0.224474 0.00195764 0.000576903 4.08075e+07 1.70266e+08 7.70057e+07 1.40716e+07 0 1.39309e+08 0 1.70266e+08 1.39309e+08 7.70057e+07 1.40716e+07 0.00184571 -0.00119491 0.00443757 0.00260061 0.074805
1 138 1 1.29546 0.245526 0.00259723 -0.000259681 3.92378e+07 1.63716e+08 7.40435e+07 1.35303e+07 0 1.3395e+08 0 1.63716e+08 1.3395e+08 7.40435e+07 1.35303e+07 0.00174327 -0.00471625 0.00477866 0.00281863 0.068161
12 138 2 1.10688 0.435913 0.00303368 0.00112927 2.70641e+07 1.12923e+08 5.10711e+07 9.33244e+06 0 9.23911e+07 0 1.12923e+08 9.23911e+07 5.10711e+07 9.33244e+06 0.00232648 -0.00175442 0.00277758 0.00470587 0.0648615
3 139 0 1.28603 0.592473 0.00381707 0.00140494 3.0139e+07 1.25752e+08 5.68737e+07 1.03928e+07 0 1.02888e+08 0 1.25752e+08 1.02888e+08 5.68737e+07 1.03928e+07 0.00237251 -0.00285609 0.0025071 0.0032663 0.0606804
13 139 1 1.03311 0.681943 0.00339964 0.00241285 2.68645e+07 1.1209e+08 5.06945e+07 9.26362e+06 0 9.17099e+07 0 1.1209e+08 9.17099e+07 5.06945e+07 9.26362e+06 0.00254579 -0.000364082 0.00389405 0.00394175 0.0581872
12 139 2 1.10688 0.435913 0.00303368 0.00112927 2.70641e+07 1.12923e+08 5.10711e+07 9.33244e+06 0 9.23911e+07 0 1.12923e+08 9.23911e+07 5.10711e+07 9.33244e+06 0.00232648 -0.00175442 0.00277758 0.00470587 0.0648615
13 140 0 1.03311 0.681943 0.00339964 0.00241285 2.68645e+07 1.1209e+08 5.06945e+07 9.26362e+06 0 9.17099e+07 0 1.1209e+08 9.17099e+07 5.06945e+07 9.26362e+06 0.00254579 -0.000364082 0.00389405 0.00394175 0.0581872
3 140 1 1.28603 0.592473 0.00381707 0.00140494 3.0139e+07 1.25752e+08 5.68737e+07 1.03928e+07 0 1.02888e+08 0 1.25752e+08 1.02888e+08 5.68737e+07 1.03928e+07 0.00237251 -0.00285609 0.0025071 0.0032663 0.0606804
4 140 2 1.23295 0.755128 0.00418546 0.0022594 2.06702e+07 8.62448e+07 3.90057e+07 7.12767e+06 0 7.05639e+07 0 8.62448e+07 7.05639e+07 3.90057e+07 7.12767e+06 0.0029913 -0.00305526 0.00377305 0.00531102 0.0572132
16 141 0 0.771706 1.14781 0.00245009 0.00605421 4.78988e+07 1.99853e+08 9.03871e+07 1.65168e+07 0 1.63516e+08 0 1.99853e+08 1.63516e+08 9.03871e+07 1.65168e+07 0.000586357 -0.00275014 -0.000621497 -0.000198008 0.048229
8 141 1 0.888465 1.3085 0.00286415 0.0063423 1.68514e+07 7.03109e+07 3.17993e+07 5.81082e+06 0 5.75271e+07 0 7.03109e+07 5.75271e+07 3.17993e+07 5.81082e+06 0.00371172 -0.00207006 0.00272116 0.00565719 0.0471941
10 141 2 0.777148 1.41866 0.00250694 0.00735361 4.78317e+06 1.99574e+07 9.02605e+06 1.64937e+06 0 1.63287e+07 0 1.99574e+07 1.63287e+07 9.02605e+06 1.64937e+06 0.00642535 -0.00168799 0.00103712 0.00890611 0.0456283
24 142 0 0.661878 0.914746 0.0019999 0.00478713 4.83245e+06 2.0163e+07 9.11905e+06 1.66636e+06 0 1.6497e+07 0 2.0163e+07 1.6497e+07 9.11905e+06 1.66636e+06 0.00745974 0.00106846 0.000693123 0.011864 0.0523227
15 142 1 0.915651 0.92993 0.00352066 0.00439763 8.50474e+06 3.54853e+07 1.60488e+07 2.93267e+06 0 2.90334e+07 0 3.54853e+07 2.90334e+07 1.60488e+07 2.93267e+06 0.00463037 -0.00528899 0.000481085 0.00938773 0.0524017
16 142 2 0.771706 1.14781 0.00245009 0.00605421 4.78988e+07 1.99853e+08 9.03871e+07 1.65168e+07 0 1.63516e+08 0 1.99853e+08 1.63516e+08 9.03871e+07 1.65168e+07 0.000586357 -0.00275014 -0.000621497 -0.000198008 0.048229
40 143 0 0.370921 0.478182 0.000595907 0.00237666 1.9017e+07 7.93466e+07 3.58859e+07 6.55757e+06 0 6.492e+07 0 7.93466e+07 6.492e+07 3.58859e+07 6.55757e+06 0.00254519 -0.000837761 -0.000123986 0.00576463 0.0688154
32 143 1 0.444201 0.276491 0.000730687 0.00117592 2.39108e+07 9.97658e+07 4.51208e+07 8.24511e+06 0 8.16266e+07 0 9.97658e+07 8.16266e+07 4.51208e+07 8.24511e+06 0.00261461 -0.00174718 0.00107496 0.00432827 0.0804772
29 143 2 0.625027 0.448179 0.00151339 0.00172321 1.79581e+07 7.49286e+07 3.38877e+07 6.19245e+06 0 6.13052e+07 0 7.49286e+07 6.13052e+07 3.38877e+07 6.19245e+06 0.0040738 -0.00077553 0.000998386 0.00470401 0.0688984
39 144 0 0.300528 0.683648 0.000498466 0.00312307 5.15919e+07 2.15263e+08 9.73563e+07 1.77903e+07 0 1.76124e+08 0 2.15263e+08 1.76124e+08 9.73563e+07 1.77903e+07 0.000535781 0.00264798 0.000800945 0.00222153 0.0596308
40 144 1 0.370921 0.478182 0.000595907 0.00237666 1.9017e+07 7.93466e+07 3.58859e+07 6.55757e+06 0 6.492e+07 0 7.93466e+07 6.492e+07 3.58859e+07 6.55757e+06 0.00254519 -0.000837761 -0.000123986 0.00576463 0.0688154
30 144 2 0.530094 0.6927 0.00115607 0.00317512 1.24808e+07 5.20749e+07 2.35518e+07 4.30371e+06 0 4.26067e+07 0 5.20749e+07 4.26067e+07 2.35518e+07 4.30371e+06 0.00517739 -0.00250076 -0.000397192 0.00554601 0.0589193
51 145 0 0.0989235 0.467788 7.22855e-05 0.00198681 4.37733e+07 1.8264e+08 8.26022e+07 1.50942e+07 0 1.49433e+08 0 1.8264e+08 1.49433e+08 8.26022e+07 1.50942e+07 0.00132207 0.00338882 -0.000322247 0.00249296 0.0699416
41 145 1 0.267087 0.243874 0.000322996 0.00129357 2.62377e+07 1.09475e+08 4.95118e+07 9.04749e+06 0 8.95702e+07 0 1.09475e+08 8.95702e+07 4.95118e+07 9.04749e+06 0.00188399 -0.00200345 0.000490715 0.00473949 0.0838145
40 145 2 0.370921 0.478182 0.000595907 0.00237666 1.9017e+07 7.93466e+07 3.58859e+07 6.55757e+06 0 6.492e+07 0 7.93466e+07 6.492e+07 3.58859e+07 6.55757e+06 0.00254519 -0.000837761 -0.000123986 0.00576463 0.0688154
20 146 0 0.877157 0.458008 0.00248653 0.00164052 1.98674e+07 8.28952e+07 3.74908e+07 6.85084e+06 0 6.78233e+07 0 8.28952e+07 6.78233e+07 3.74908e+07 6.85084e+06 0.00331934 -0.00163375 0.00234248 0.00527484 0.0661901
13 146 1 1.03311 0.681943 0.00339964 0.00241285 2.68645e+07 1.1209e+08 5.06945e+07 9.26362e+06 0 9.17099e+07 0 1.1209e+08 9.17099e+07 5.06945e+07 9.26362e+06 0.00254579 -0.000364082 0.00389405 0.00394175 0.0581872
21 146 2 0.776792 0.688893 0.00253683 0.00290186 2.03149e+07 8.47623e+07 3.83352e+07 7.00515e+06 0 6.9351e+07 0 8.47623e+07 6.9351e+07 3.83352e+07 7.00515e+06 0.00421709 -0.00159848 0.00136929 0.00424626 0.0583864
13 147 0 1.03311 0.681943 0.00339964 0.00241285 2.68645e+07 1.1209e+08 5.06945e+07 9.26362e+06 0 9.17099e+07 0 1.1209e+08 9.17099e+07 5.06945e+07 9.26362e+06 0.00254579 -0.000364082 0.00389405 0.00394175 0.0581872
6 147 1 1.17371 0.91564 0.00434078 0.00324096 2.66848e+07 1.1134e+08 5.03553e+07 9.20164e+06 0 9.10962e+07 0 1.1134e+08 9.10962e+07 5.03553e+07 9.20164e+06 0.00183685 -0.00287361 0.00152378 0.00509311 0.0540003
15 147 2 0.915651 0.92993 0.00352066 0.00439763 8.50474e+06 3.54853e+07 1.60488e+07 2.93267e+06 0 2.90334e+07 0 3.54853e+07 2.90334e+07 1.60488e+07 2.93267e+06 0.00463037 -0.00528899 0.000481085 0.00938773 0.0524017
80 148 0 -0.900007 1.33656 -0.00352981 0.00734214 2.50151e+07 1.04373e+08 4.72046e+07 8.62589e+06 0 8.53963e+07 0 1.04373e+08 8.53963e+07 4.72046e+07 8.62589e+06 0.00256378 0.0061136 0.00424433 0.00265976 0.0461266
81 148 1 -0.908687 1.06841 -0.00349239 0.0056052 1.19622e+07 4.99113e+07 2.25733e+07 4.1249e+06 0 4.08366e+07 0 4.99113e+07 4.08366e+07 2.25733e+07 4.1249e+06 0.00350515 -0.00358566 -0.00471988 0.0102136 0.0489343
74 148 2 -0.724474 1.17375 -0.00254109 0.0061318 2.40638e+06 1.00404e+07 4.54095e+06 829787 0 8.21489e+06 0 1.00404e+07 8.21489e+06 4.54095e+06 829787 0.0107105 -0.00450818 -0.00207838 0.0139394 0.0468708
