Index_Vertex nbTriangle nbInTr x y ux uy Elast AR BR IR GR ER FR A1 A2 B12 C3 Defxx Defxy Defyx Defyy Density 
13 0 0 0.683501 1.3884 0.00649226 0.0138061 4.45857e+06 1.8603e+07 8.41352e+06 1.53744e+06 0 1.52206e+07 0 1.8603e+07 1.52206e+07 8.41352e+06 1.53744e+06 0.0110073 0.00814477 0.00228037 0.0149806 0.0394858
7 0 1 0.73061 1.71139 0.0064776 0.0219023 2.91185e+06 1.21494e+07 5.49479e+06 1.00409e+06 0 9.94045e+06 0 1.21494e+07 9.94045e+06 5.49479e+06 1.00409e+06 0.0145837 0.040874 -0.00317404 0.0155464 0.0373737
15 0 2 0.43845 1.52687 0.00422343 0.0140266 1.14196e+07 4.76473e+07 2.15493e+07 3.93779e+06 0 3.89842e+07 0 4.76473e+07 3.89842e+07 2.15493e+07 3.93779e+06 0.00557983 0.000134481 -0.00294453 0.0112028 0.0374307
12 1 0 0.923395 0.26671 0.00606446 0.0033171 5.54199e+06 2.31235e+07 1.0458e+07 1.91103e+06 0 1.89192e+07 0 2.31235e+07 1.89192e+07 1.0458e+07 1.91103e+06 0.0119888 0.00286142 0.00946982 0.0105861 0.0688559
22 1 1 0.714286 3.11641e-24 3.0188e-27 4.50625e-26 7.0924e+06 2.95924e+07 1.33837e+07 2.44565e+06 0 2.4212e+07 0 2.95924e+07 2.4212e+07 1.33837e+07 2.44565e+06 5.19253e-26 -8.40594e-25 0.0212148 0.0159592 0.0945534
11 1 2 1 1.92501e-24 6.73846e-27 3.1292e-26 1.00206e+07 4.18102e+07 1.89094e+07 3.45539e+06 0 3.42084e+07 0 4.18102e+07 3.42084e+07 1.89094e+07 3.45539e+06 0.00861778 -0.0437781 0.0503065 -0.00129521 0.0805296
10 2 0 1.04055 0.845179 0.00883614 0.0079762 1.08168e+07 4.51322e+07 2.04118e+07 3.72993e+06 0 3.69263e+07 0 4.51322e+07 3.69263e+07 2.04118e+07 3.72993e+06 0.00582874 0.00124787 0.00288386 0.00974973 0.048596
5 2 1 1.2142 1.19718 0.0106214 0.0103398 1.53798e+07 6.41707e+07 2.90223e+07 5.30336e+06 0 5.25033e+07 0 6.41707e+07 5.25033e+07 2.90223e+07 5.30336e+06 0.00321949 -0.00706182 0.00670376 0.00568585 0.0439349
14 2 2 0.840247 1.13834 0.00765441 0.0114852 5.93656e+06 2.47698e+07 1.12026e+07 2.04709e+06 0 2.02662e+07 0 2.47698e+07 2.02662e+07 1.12026e+07 2.04709e+06 0.0123829 0.00511587 0.00120392 0.00973504 0.0432106
32 3 0 0.314216 0.283253 0.00331966 0.00298418 1.33439e+07 5.56761e+07 2.51805e+07 4.60133e+06 0 4.55532e+07 0 5.56761e+07 4.55532e+07 2.51805e+07 4.60133e+06 0.00408543 0.00280499 0.0101582 0.0112026 0.0774472
29 3 1 0.466761 0.575244 0.00516636 0.00536419 1.94609e+07 8.11988e+07 3.67235e+07 6.71065e+06 0 6.64354e+07 0 8.11988e+07 6.64354e+07 3.67235e+07 6.71065e+06 0.00255913 -0.00555037 -0.00123578 0.00663564 0.0599897
38 3 2 0.12096 0.525338 0.00401777 0.00578321 1.14593e+07 4.78129e+07 2.16242e+07 3.95148e+06 0 3.91197e+07 0 4.78129e+07 3.91197e+07 2.16242e+07 3.95148e+06 0.00329479 -0.00323532 0.00104059 0.0113868 0.0638281
12 4 0 0.923395 0.26671 0.00606446 0.0033171 5.54199e+06 2.31235e+07 1.0458e+07 1.91103e+06 0 1.89192e+07 0 2.31235e+07 1.89192e+07 1.0458e+07 1.91103e+06 0.0119888 0.00286142 0.00946982 0.0105861 0.0688559
23 4 1 0.61546 0.292649 0.00423891 0.00292533 1.96404e+07 8.19478e+07 3.70623e+07 6.77255e+06 0 6.70482e+07 0 8.19478e+07 6.70482e+07 3.70623e+07 6.77255e+06 0.00271224 0.000511683 0.00963999 0.0073358 0.0736517
22 4 2 0.714286 3.11641e-24 3.0188e-27 4.50625e-26 7.0924e+06 2.95924e+07 1.33837e+07 2.44565e+06 0 2.4212e+07 0 2.95924e+07 2.4212e+07 1.33837e+07 2.44565e+06 5.19253e-26 -8.40594e-25 0.0212148 0.0159592 0.0945534
12 5 0 0.923395 0.26671 0.00606446 0.0033171 5.54199e+06 2.31235e+07 1.0458e+07 1.91103e+06 0 1.89192e+07 0 2.31235e+07 1.89192e+07 1.0458e+07 1.91103e+06 0.0119888 0.00286142 0.00946982 0.0105861 0.0688559
20 5 1 0.81595 0.571333 0.0067227 0.00535778 1.35313e+07 5.6458e+07 2.55341e+07 4.66595e+06 0 4.61929e+07 0 5.6458e+07 4.61929e+07 2.55341e+07 4.66595e+06 0.00637291 0.00565725 0.00284225 0.00618465 0.0574363
23 5 2 0.61546 0.292649 0.00423891 0.00292533 1.96404e+07 8.19478e+07 3.70623e+07 6.77255e+06 0 6.70482e+07 0 8.19478e+07 6.70482e+07 3.70623e+07 6.77255e+06 0.00271224 0.000511683 0.00963999 0.0073358 0.0736517
3 6 0 1.41465 0.761683 0.0105865 0.00712017 1.20178e+07 5.01432e+07 2.26781e+07 4.14407e+06 0 4.10262e+07 0 5.01432e+07 4.10262e+07 2.26781e+07 4.14407e+06 0.00519672 0.00129654 0.0022853 0.00872909 0.0503305
10 6 1 1.04055 0.845179 0.00883614 0.0079762 1.08168e+07 4.51322e+07 2.04118e+07 3.72993e+06 0 3.69263e+07 0 4.51322e+07 3.69263e+07 2.04118e+07 3.72993e+06 0.00582874 0.00124787 0.00288386 0.00974973 0.048596
9 6 2 1.16065 0.480115 0.00848505 0.00494655 1.85493e+07 7.73954e+07 3.50034e+07 6.39631e+06 0 6.33235e+07 0 7.73954e+07 6.33235e+07 3.50034e+07 6.39631e+06 0.00428151 -0.00380487 0.00124391 0.00494801 0.0564766
30 7 0 0.270746 0.836613 0.00391648 0.00847272 1.61177e+07 6.72495e+07 3.04147e+07 5.55781e+06 0 5.50223e+07 0 6.72495e+07 5.50223e+07 3.04147e+07 5.55781e+06 0.00220412 -0.00337204 0.000735993 0.0102614 0.0506809
33 7 1 0.0309148 1.07386 0.00271351 0.012294 5.32401e+06 2.2214e+07 1.00467e+07 1.83587e+06 0 1.81751e+07 0 2.2214e+07 1.81751e+07 1.00467e+07 1.83587e+06 0.0105765 -0.00463226 0.00558474 0.015255 0.0442552
39 7 2 -0.0881269 0.734975 0.00201597 0.00901178 7.6563e+06 3.19453e+07 1.44478e+07 2.6401e+06 0 2.6137e+07 0 3.19453e+07 2.6137e+07 1.44478e+07 2.6401e+06 0.0103504 -0.00693449 -0.00652885 0.00927164 0.0546162
21 8 0 0.644959 0.865404 0.00562585 0.00773602 6.31505e+06 2.6349e+07 1.19168e+07 2.1776e+06 0 2.15583e+07 0 2.6349e+07 2.15583e+07 1.19168e+07 2.1776e+06 0.00697343 -0.00241195 -0.00127896 0.0137409 0.0489953
30 8 1 0.270746 0.836613 0.00391648 0.00847272 1.61177e+07 6.72495e+07 3.04147e+07 5.55781e+06 0 5.50223e+07 0 6.72495e+07 5.50223e+07 3.04147e+07 5.55781e+06 0.00220412 -0.00337204 0.000735993 0.0102614 0.0506809
29 8 2 0.466761 0.575244 0.00516636 0.00536419 1.94609e+07 8.11988e+07 3.67235e+07 6.71065e+06 0 6.64354e+07 0 8.11988e+07 6.64354e+07 3.67235e+07 6.71065e+06 0.00255913 -0.00555037 -0.00123578 0.00663564 0.0599897
24 9 0 0.427509 1.16224 0.0049177 0.0108037 2.1718e+07 9.06165e+07 4.09829e+07 7.48897e+06 0 7.41408e+07 0 9.06165e+07 7.41408e+07 4.09829e+07 7.48897e+06 0.00225397 0.000426186 0.00326726 0.00547366 0.0423674
33 9 1 0.0309148 1.07386 0.00271351 0.012294 5.32401e+06 2.2214e+07 1.00467e+07 1.83587e+06 0 1.81751e+07 0 2.2214e+07 1.81751e+07 1.00467e+07 1.83587e+06 0.0105765 -0.00463226 0.00558474 0.015255 0.0442552
30 9 2 0.270746 0.836613 0.00391648 0.00847272 1.61177e+07 6.72495e+07 3.04147e+07 5.55781e+06 0 5.50223e+07 0 6.72495e+07 5.50223e+07 3.04147e+07 5.55781e+06 0.00220412 -0.00337204 0.000735993 0.0102614 0.0506809
13 10 0 0.683501 1.3884 0.00649226 0.0138061 4.45857e+06 1.8603e+07 8.41352e+06 1.53744e+06 0 1.52206e+07 0 1.8603e+07 1.52206e+07 8.41352e+06 1.53744e+06 0.0110073 0.00814477 0.00228037 0.0149806 0.0394858
6 10 1 0.987118 1.46812 0.0107621 0.0152661 7.25663e+06 3.02777e+07 1.36936e+07 2.50229e+06 0 2.47726e+07 0 3.02777e+07 2.47726e+07 1.36936e+07 2.50229e+06 0.00926916 -0.0126755 0.00480139 0.0141358 0.0401901
7 10 2 0.73061 1.71139 0.0064776 0.0219023 2.91185e+06 1.21494e+07 5.49479e+06 1.00409e+06 0 9.94045e+06 0 1.21494e+07 9.94045e+06 5.49479e+06 1.00409e+06 0.0145837 0.040874 -0.00317404 0.0155464 0.0373737
24 11 0 0.427509 1.16224 0.0049177 0.0108037 2.1718e+07 9.06165e+07 4.09829e+07 7.48897e+06 0 7.41408e+07 0 9.06165e+07 7.41408e+07 4.09829e+07 7.48897e+06 0.00225397 0.000426186 0.00326726 0.00547366 0.0423674
13 11 1 0.683501 1.3884 0.00649226 0.0138061 4.45857e+06 1.8603e+07 8.41352e+06 1.53744e+06 0 1.52206e+07 0 1.8603e+07 1.52206e+07 8.41352e+06 1.53744e+06 0.0110073 0.00814477 0.00228037 0.0149806 0.0394858
15 11 2 0.43845 1.52687 0.00422343 0.0140266 1.14196e+07 4.76473e+07 2.15493e+07 3.93779e+06 0 3.89842e+07 0 4.76473e+07 3.89842e+07 2.15493e+07 3.93779e+06 0.00557983 0.000134481 -0.00294453 0.0112028 0.0374307
14 12 0 0.840247 1.13834 0.00765441 0.0114852 5.93656e+06 2.47698e+07 1.12026e+07 2.04709e+06 0 2.02662e+07 0 2.47698e+07 2.02662e+07 1.12026e+07 2.04709e+06 0.0123829 0.00511587 0.00120392 0.00973504 0.0432106
6 12 1 0.987118 1.46812 0.0107621 0.0152661 7.25663e+06 3.02777e+07 1.36936e+07 2.50229e+06 0 2.47726e+07 0 3.02777e+07 2.47726e+07 1.36936e+07 2.50229e+06 0.00926916 -0.0126755 0.00480139 0.0141358 0.0401901
13 12 2 0.683501 1.3884 0.00649226 0.0138061 4.45857e+06 1.8603e+07 8.41352e+06 1.53744e+06 0 1.52206e+07 0 1.8603e+07 1.52206e+07 8.41352e+06 1.53744e+06 0.0110073 0.00814477 0.00228037 0.0149806 0.0394858
16 13 0 0.115645 1.98039 0.00442224 0.0218954 4.10637e+06 1.71335e+07 7.7489e+06 1.41599e+06 0 1.40183e+07 0 1.71335e+07 1.40183e+07 7.7489e+06 1.41599e+06 0.0119474 -0.0220673 0.0139349 0.0254339 0.0348066
17 13 1 0.205162 1.69278 0.00270132 0.0168061 1.29633e+07 5.40882e+07 2.44623e+07 4.4701e+06 0 4.42539e+07 0 5.40882e+07 4.42539e+07 2.44623e+07 4.4701e+06 0.00544523 -0.0108508 0.00150322 0.00803034 0.0357609
8 13 2 0.443686 1.87792 0.00470059 0.016745 1.90737e+07 7.95833e+07 3.59929e+07 6.57713e+06 0 6.51136e+07 0 7.95833e+07 6.51136e+07 3.59929e+07 6.57713e+06 0.000279129 0.00685084 0.00744031 0.00474301 0.0356867
17 14 0 0.205162 1.69278 0.00270132 0.0168061 1.29633e+07 5.40882e+07 2.44623e+07 4.4701e+06 0 4.42539e+07 0 5.40882e+07 4.42539e+07 2.44623e+07 4.4701e+06 0.00544523 -0.0108508 0.00150322 0.00803034 0.0357609
26 14 1 -0.0833716 1.68458 0.000884094 0.0211965 1.40434e+07 5.85947e+07 2.65005e+07 4.84254e+06 0 4.79411e+07 0 5.85947e+07 4.79411e+07 2.65005e+07 4.84254e+06 0.0066758 -0.015183 -0.00118991 0.0044722 0.0355728
25 14 2 0.131899 1.39115 0.00314124 0.0151338 1.23624e+07 5.15811e+07 2.33284e+07 4.2629e+06 0 4.22027e+07 0 5.15811e+07 4.22027e+07 2.33284e+07 4.2629e+06 0.00243156 -0.0163274 -0.0070287 0.00931567 0.0385242
8 15 0 0.443686 1.87792 0.00470059 0.016745 1.90737e+07 7.95833e+07 3.59929e+07 6.57713e+06 0 6.51136e+07 0 7.95833e+07 6.51136e+07 3.59929e+07 6.57713e+06 0.000279129 0.00685084 0.00744031 0.00474301 0.0356867
17 15 1 0.205162 1.69278 0.00270132 0.0168061 1.29633e+07 5.40882e+07 2.44623e+07 4.4701e+06 0 4.42539e+07 0 5.40882e+07 4.42539e+07 2.44623e+07 4.4701e+06 0.00544523 -0.0108508 0.00150322 0.00803034 0.0357609
15 15 2 0.43845 1.52687 0.00422343 0.0140266 1.14196e+07 4.76473e+07 2.15493e+07 3.93779e+06 0 3.89842e+07 0 4.76473e+07 3.89842e+07 2.15493e+07 3.93779e+06 0.00557983 0.000134481 -0.00294453 0.0112028 0.0374307
16 16 0 0.115645 1.98039 0.00442224 0.0218954 4.10637e+06 1.71335e+07 7.7489e+06 1.41599e+06 0 1.40183e+07 0 1.71335e+07 1.40183e+07 7.7489e+06 1.41599e+06 0.0119474 -0.0220673 0.0139349 0.0254339 0.0348066
26 16 1 -0.0833716 1.68458 0.000884094 0.0211965 1.40434e+07 5.85947e+07 2.65005e+07 4.84254e+06 0 4.79411e+07 0 5.85947e+07 4.79411e+07 2.65005e+07 4.84254e+06 0.0066758 -0.015183 -0.00118991 0.0044722 0.0355728
17 16 2 0.205162 1.69278 0.00270132 0.0168061 1.29633e+07 5.40882e+07 2.44623e+07 4.4701e+06 0 4.42539e+07 0 5.40882e+07 4.42539e+07 2.44623e+07 4.4701e+06 0.00544523 -0.0108508 0.00150322 0.00803034 0.0357609
23 17 0 0.61546 0.292649 0.00423891 0.00292533 1.96404e+07 8.19478e+07 3.70623e+07 6.77255e+06 0 6.70482e+07 0 8.19478e+07 6.70482e+07 3.70623e+07 6.77255e+06 0.00271224 0.000511683 0.00963999 0.0073358 0.0736517
31 17 1 0.428571 3.14689e-24 6.91302e-27 5.90844e-26 1.44721e+07 6.03834e+07 2.73094e+07 4.99037e+06 0 4.94046e+07 0 6.03834e+07 4.94046e+07 2.73094e+07 4.99037e+06 1.21877e-26 -7.52994e-25 0.0149307 0.0110006 0.0997407
22 17 2 0.714286 3.11641e-24 3.0188e-27 4.50625e-26 7.0924e+06 2.95924e+07 1.33837e+07 2.44565e+06 0 2.4212e+07 0 2.95924e+07 2.4212e+07 1.33837e+07 2.44565e+06 5.19253e-26 -8.40594e-25 0.0212148 0.0159592 0.0945534
34 18 0 -0.211863 1.35045 -0.000710518 0.019848 1.86301e+06 7.77326e+06 3.51559e+06 642418 0 6.35994e+06 0 7.77326e+06 6.35994e+06 3.51559e+06 642418 0.0211098 -0.01484 -0.00253085 0.0222749 0.0390551
35 18 1 -0.433526 1.23148 -0.00561839 0.0169862 3.2831e+06 1.36985e+07 6.19536e+06 1.1321e+06 0 1.12078e+07 0 1.36985e+07 1.12078e+07 6.19536e+06 1.1321e+06 0.0116408 0.00715154 0.012033 0.0193422 0.0409002
42 18 2 -0.33312 0.969001 -0.00419914 0.0136414 5.06179e+06 2.11199e+07 9.55182e+06 1.74544e+06 0 1.72799e+07 0 2.11199e+07 1.72799e+07 9.55182e+06 1.74544e+06 0.0195089 -0.0115216 -0.0148268 0.00627792 0.0467627
26 19 0 -0.0833716 1.68458 0.000884094 0.0211965 1.40434e+07 5.85947e+07 2.65005e+07 4.84254e+06 0 4.79411e+07 0 5.85947e+07 4.79411e+07 2.65005e+07 4.84254e+06 0.0066758 -0.015183 -0.00118991 0.0044722 0.0355728
34 19 1 -0.211863 1.35045 -0.000710518 0.019848 1.86301e+06 7.77326e+06 3.51559e+06 642418 0 6.35994e+06 0 7.77326e+06 6.35994e+06 3.51559e+06 642418 0.0211098 -0.01484 -0.00253085 0.0222749 0.0390551
25 19 2 0.131899 1.39115 0.00314124 0.0151338 1.23624e+07 5.15811e+07 2.33284e+07 4.2629e+06 0 4.22027e+07 0 5.15811e+07 4.22027e+07 2.33284e+07 4.2629e+06 0.00243156 -0.0163274 -0.0070287 0.00931567 0.0385242
15 20 0 0.43845 1.52687 0.00422343 0.0140266 1.14196e+07 4.76473e+07 2.15493e+07 3.93779e+06 0 3.89842e+07 0 4.76473e+07 3.89842e+07 2.15493e+07 3.93779e+06 0.00557983 0.000134481 -0.00294453 0.0112028 0.0374307
17 20 1 0.205162 1.69278 0.00270132 0.0168061 1.29633e+07 5.40882e+07 2.44623e+07 4.4701e+06 0 4.42539e+07 0 5.40882e+07 4.42539e+07 2.44623e+07 4.4701e+06 0.00544523 -0.0108508 0.00150322 0.00803034 0.0357609
25 20 2 0.131899 1.39115 0.00314124 0.0151338 1.23624e+07 5.15811e+07 2.33284e+07 4.2629e+06 0 4.22027e+07 0 5.15811e+07 4.22027e+07 2.33284e+07 4.2629e+06 0.00243156 -0.0163274 -0.0070287 0.00931567 0.0385242
18 21 0 -0.103178 1.97768 0.000503448 0.0250934 2.14807e+06 8.96263e+06 4.0535e+06 740714 0 7.33306e+06 0 8.96263e+06 7.33306e+06 4.0535e+06 740714 0.0237189 -0.00773881 -0.00179421 0.0210297 0.0346341
19 21 1 -0.321808 1.96811 -0.00094918 0.0237094 2.13778e+07 8.91972e+07 4.0341e+07 7.37167e+06 0 7.29795e+07 0 8.91972e+07 7.29795e+07 4.0341e+07 7.37167e+06 0.00331529 0.00681452 -0.00585457 0.00434484 0.0347828
26 21 2 -0.0833716 1.68458 0.000884094 0.0211965 1.40434e+07 5.85947e+07 2.65005e+07 4.84254e+06 0 4.79411e+07 0 5.85947e+07 4.79411e+07 2.65005e+07 4.84254e+06 0.0066758 -0.015183 -0.00118991 0.0044722 0.0355728
27 22 0 -0.375051 1.6525 -0.000986677 0.0215739 1.46507e+07 6.11287e+07 2.76465e+07 5.05196e+06 0 5.00144e+07 0 6.11287e+07 5.00144e+07 2.76465e+07 5.05196e+06 0.00714638 0.0104772 0.00747777 0.00484858 0.0359272
19 22 1 -0.321808 1.96811 -0.00094918 0.0237094 2.13778e+07 8.91972e+07 4.0341e+07 7.37167e+06 0 7.29795e+07 0 8.91972e+07 7.29795e+07 4.0341e+07 7.37167e+06 0.00331529 0.00681452 -0.00585457 0.00434484 0.0347828
28 22 2 -0.658083 1.81618 -0.00211128 0.0211332 9.819e+06 4.09689e+07 1.85289e+07 3.38586e+06 0 3.352e+07 0 4.09689e+07 3.352e+07 1.85289e+07 3.38586e+06 0.00508015 0.0025645 -7.77111e-05 0.0123172 0.0358632
34 23 0 -0.211863 1.35045 -0.000710518 0.019848 1.86301e+06 7.77326e+06 3.51559e+06 642418 0 6.35994e+06 0 7.77326e+06 6.35994e+06 3.51559e+06 642418 0.0211098 -0.01484 -0.00253085 0.0222749 0.0390551
27 23 1 -0.375051 1.6525 -0.000986677 0.0215739 1.46507e+07 6.11287e+07 2.76465e+07 5.05196e+06 0 5.00144e+07 0 6.11287e+07 5.00144e+07 2.76465e+07 5.05196e+06 0.00714638 0.0104772 0.00747777 0.00484858 0.0359272
36 23 2 -0.594424 1.45934 -0.00388285 0.0181309 1.92519e+07 8.03267e+07 3.63291e+07 6.63857e+06 0 6.57219e+07 0 8.03267e+07 6.57219e+07 3.63291e+07 6.63857e+06 0.00251861 0.00548138 0.0130064 0.00270098 0.0378411
26 24 0 -0.0833716 1.68458 0.000884094 0.0211965 1.40434e+07 5.85947e+07 2.65005e+07 4.84254e+06 0 4.79411e+07 0 5.85947e+07 4.79411e+07 2.65005e+07 4.84254e+06 0.0066758 -0.015183 -0.00118991 0.0044722 0.0355728
19 24 1 -0.321808 1.96811 -0.00094918 0.0237094 2.13778e+07 8.91972e+07 4.0341e+07 7.37167e+06 0 7.29795e+07 0 8.91972e+07 7.29795e+07 4.0341e+07 7.37167e+06 0.00331529 0.00681452 -0.00585457 0.00434484 0.0347828
27 24 2 -0.375051 1.6525 -0.000986677 0.0215739 1.46507e+07 6.11287e+07 2.76465e+07 5.05196e+06 0 5.00144e+07 0 6.11287e+07 5.00144e+07 2.76465e+07 5.05196e+06 0.00714638 0.0104772 0.00747777 0.00484858 0.0359272
61 25 0 -1.17106 0.435522 -0.0110667 0.00348442 2.59211e+06 1.08154e+07 4.89144e+06 893832 0 8.84894e+06 0 1.08154e+07 8.84894e+06 4.89144e+06 893832 0.0190296 -0.012327 -0.0222731 0.0333273 0.0567872
59 25 1 -1.44245 0.657278 -0.0143912 0.00407786 1.84167e+07 7.6842e+07 3.47531e+07 6.35058e+06 0 6.28707e+07 0 7.6842e+07 6.28707e+07 3.47531e+07 6.35058e+06 -5.71204e-05 0.011987 -0.00415969 0.00186831 0.0513602
63 25 2 -1.43412 0.436542 -0.0129472 0.00190036 1.3915e+07 5.80593e+07 2.62583e+07 4.79829e+06 0 4.75031e+07 0 5.80593e+07 4.75031e+07 2.62583e+07 4.79829e+06 0.00219534 0.0115064 -0.0210114 0.012694 0.0549126
64 26 0 -1.42227 0.215967 -0.00836215 7.65717e-05 1.99797e+07 8.33637e+07 3.77027e+07 6.88956e+06 0 6.82067e+07 0 8.33637e+07 6.82067e+07 3.77027e+07 6.88956e+06 0.00234527 0.00711988 -0.020318 0.00484369 0.0579932
62 26 1 -1.21269 0.10493 -0.00509657 -0.00159114 8.89794e+06 3.71259e+07 1.67908e+07 3.06825e+06 0 3.03757e+07 0 3.71259e+07 3.03757e+07 1.67908e+07 3.06825e+06 0.0100513 0.00209301 -0.0231023 0.0115248 0.0636821
61 26 2 -1.17106 0.435522 -0.0110667 0.00348442 2.59211e+06 1.08154e+07 4.89144e+06 893832 0 8.84894e+06 0 1.08154e+07 8.84894e+06 4.89144e+06 893832 0.0190296 -0.012327 -0.0222731 0.0333273 0.0567872
61 27 0 -1.17106 0.435522 -0.0110667 0.00348442 2.59211e+06 1.08154e+07 4.89144e+06 893832 0 8.84894e+06 0 1.08154e+07 8.84894e+06 4.89144e+06 893832 0.0190296 -0.012327 -0.0222731 0.0333273 0.0567872
62 27 1 -1.21269 0.10493 -0.00509657 -0.00159114 8.89794e+06 3.71259e+07 1.67908e+07 3.06825e+06 0 3.03757e+07 0 3.71259e+07 3.03757e+07 1.67908e+07 3.06825e+06 0.0100513 0.00209301 -0.0231023 0.0115248 0.0636821
58 27 2 -0.909406 0.25165 -0.00538094 0.00179926 1.54427e+07 6.44335e+07 2.91411e+07 5.32508e+06 0 5.27183e+07 0 6.44335e+07 5.27183e+07 2.91411e+07 5.32508e+06 0.00486129 0.013772 -0.012658 0.00163309 0.0693041
58 28 0 -0.909406 0.25165 -0.00538094 0.00179926 1.54427e+07 6.44335e+07 2.91411e+07 5.32508e+06 0 5.27183e+07 0 6.44335e+07 5.27183e+07 2.91411e+07 5.32508e+06 0.00486129 0.013772 -0.012658 0.00163309 0.0693041
60 28 1 -1 1.9688e-24 -1.11074e-26 2.27323e-26 2.25762e+07 9.41974e+07 4.26024e+07 7.78491e+06 0 7.70706e+07 0 9.41974e+07 7.70706e+07 4.26024e+07 7.78491e+06 0.00739228 0.0176594 -0.0386815 -0.00181391 0.0798839
55 28 2 -0.714286 3.18459e-24 -7.44271e-27 5.5982e-26 8.89522e+06 3.71145e+07 1.67857e+07 3.06732e+06 0 3.03664e+07 0 3.71145e+07 3.03664e+07 1.67857e+07 3.06732e+06 0.00321646 0.000129446 -0.0250805 0.0167583 0.0940916
49 29 0 -0.428571 3.05569e-24 -3.13377e-27 4.64074e-26 1.14162e+07 4.76332e+07 2.15429e+07 3.93663e+06 0 3.89727e+07 0 4.76332e+07 3.89727e+07 2.15429e+07 3.93663e+06 0.00181543 -0.00295339 -0.0186394 0.0107758 0.0997303
53 29 1 -0.589993 0.357112 -0.00495915 0.00497695 1.22846e+07 5.12563e+07 2.31815e+07 4.23606e+06 0 4.1937e+07 0 5.12563e+07 4.1937e+07 2.31815e+07 4.23606e+06 0.00075707 -0.0118381 -0.0086156 0.0106323 0.0700761
55 29 2 -0.714286 3.18459e-24 -7.44271e-27 5.5982e-26 8.89522e+06 3.71145e+07 1.67857e+07 3.06732e+06 0 3.03664e+07 0 3.71145e+07 3.03664e+07 1.67857e+07 3.06732e+06 0.00321646 0.000129446 -0.0250805 0.0167583 0.0940916
61 30 0 -1.17106 0.435522 -0.0110667 0.00348442 2.59211e+06 1.08154e+07 4.89144e+06 893832 0 8.84894e+06 0 1.08154e+07 8.84894e+06 4.89144e+06 893832 0.0190296 -0.012327 -0.0222731 0.0333273 0.0567872
63 30 1 -1.43412 0.436542 -0.0129472 0.00190036 1.3915e+07 5.80593e+07 2.62583e+07 4.79829e+06 0 4.75031e+07 0 5.80593e+07 4.75031e+07 2.62583e+07 4.79829e+06 0.00219534 0.0115064 -0.0210114 0.012694 0.0549126
64 30 2 -1.42227 0.215967 -0.00836215 7.65717e-05 1.99797e+07 8.33637e+07 3.77027e+07 6.88956e+06 0 6.82067e+07 0 8.33637e+07 6.82067e+07 3.77027e+07 6.88956e+06 0.00234527 0.00711988 -0.020318 0.00484369 0.0579932
56 31 0 -0.870483 0.531276 -0.0074188 0.00683716 2.29227e+06 9.56432e+06 4.32562e+06 790439 0 7.82535e+06 0 9.56432e+06 7.82535e+06 4.32562e+06 790439 0.0145391 0.00142434 -0.0104714 0.0391561 0.0578655
61 31 1 -1.17106 0.435522 -0.0110667 0.00348442 2.59211e+06 1.08154e+07 4.89144e+06 893832 0 8.84894e+06 0 1.08154e+07 8.84894e+06 4.89144e+06 893832 0.0190296 -0.012327 -0.0222731 0.0333273 0.0567872
58 31 2 -0.909406 0.25165 -0.00538094 0.00179926 1.54427e+07 6.44335e+07 2.91411e+07 5.32508e+06 0 5.27183e+07 0 6.44335e+07 5.27183e+07 2.91411e+07 5.32508e+06 0.00486129 0.013772 -0.012658 0.00163309 0.0693041
57 32 0 -1.0823 0.760541 -0.010974 0.0118896 4.47317e+06 1.86639e+07 8.44108e+06 1.54247e+06 0 1.52705e+07 0 1.86639e+07 1.52705e+07 8.44108e+06 1.54247e+06 0.01478 0.00906056 0.00654522 0.0146063 0.049715
59 32 1 -1.44245 0.657278 -0.0143912 0.00407786 1.84167e+07 7.6842e+07 3.47531e+07 6.35058e+06 0 6.28707e+07 0 7.6842e+07 6.28707e+07 3.47531e+07 6.35058e+06 -5.71204e-05 0.011987 -0.00415969 0.00186831 0.0513602
61 32 2 -1.17106 0.435522 -0.0110667 0.00348442 2.59211e+06 1.08154e+07 4.89144e+06 893832 0 8.84894e+06 0 1.08154e+07 8.84894e+06 4.89144e+06 893832 0.0190296 -0.012327 -0.0222731 0.0333273 0.0567872
60 33 0 -1 1.9688e-24 -1.11074e-26 2.27323e-26 2.25762e+07 9.41974e+07 4.26024e+07 7.78491e+06 0 7.70706e+07 0 9.41974e+07 7.70706e+07 4.26024e+07 7.78491e+06 0.00739228 0.0176594 -0.0386815 -0.00181391 0.0798839
58 33 1 -0.909406 0.25165 -0.00538094 0.00179926 1.54427e+07 6.44335e+07 2.91411e+07 5.32508e+06 0 5.27183e+07 0 6.44335e+07 5.27183e+07 2.91411e+07 5.32508e+06 0.00486129 0.013772 -0.012658 0.00163309 0.0693041
62 33 2 -1.21269 0.10493 -0.00509657 -0.00159114 8.89794e+06 3.71259e+07 1.67908e+07 3.06825e+06 0 3.03757e+07 0 3.71259e+07 3.03757e+07 1.67908e+07 3.06825e+06 0.0100513 0.00209301 -0.0231023 0.0115248 0.0636821
57 34 0 -1.0823 0.760541 -0.010974 0.0118896 4.47317e+06 1.86639e+07 8.44108e+06 1.54247e+06 0 1.52705e+07 0 1.86639e+07 1.52705e+07 8.44108e+06 1.54247e+06 0.01478 0.00906056 0.00654522 0.0146063 0.049715
52 34 1 -1.24294 1.09628 -0.0112281 0.0150786 2.19423e+06 9.15524e+06 4.14061e+06 756632 0 7.49065e+06 0 9.15524e+06 7.49065e+06 4.14061e+06 756632 0.0197111 0.00756621 -0.00404291 0.023643 0.0443927
54 34 2 -1.34222 0.876565 -0.0135302 0.00806495 7.58419e+06 3.16444e+07 1.43117e+07 2.61524e+06 0 2.58908e+07 0 3.16444e+07 2.58908e+07 1.43117e+07 2.61524e+06 0.0105669 0.0209363 0.00720917 0.019448 0.0478151
59 35 0 -1.44245 0.657278 -0.0143912 0.00407786 1.84167e+07 7.6842e+07 3.47531e+07 6.35058e+06 0 6.28707e+07 0 7.6842e+07 6.28707e+07 3.47531e+07 6.35058e+06 -5.71204e-05 0.011987 -0.00415969 0.00186831 0.0513602
57 35 1 -1.0823 0.760541 -0.010974 0.0118896 4.47317e+06 1.86639e+07 8.44108e+06 1.54247e+06 0 1.52705e+07 0 1.86639e+07 1.52705e+07 8.44108e+06 1.54247e+06 0.01478 0.00906056 0.00654522 0.0146063 0.049715
54 35 2 -1.34222 0.876565 -0.0135302 0.00806495 7.58419e+06 3.16444e+07 1.43117e+07 2.61524e+06 0 2.58908e+07 0 3.16444e+07 2.58908e+07 1.43117e+07 2.61524e+06 0.0105669 0.0209363 0.00720917 0.019448 0.0478151
46 36 0 -0.231746 0.357987 -0.000841652 0.00352486 2.28373e+06 9.52866e+06 4.3095e+06 787493 0 7.79618e+06 0 9.52866e+06 7.79618e+06 4.3095e+06 787493 0.0185884 0.00635224 0.000544743 0.0155701 0.0730828
49 36 1 -0.428571 3.05569e-24 -3.13377e-27 4.64074e-26 1.14162e+07 4.76332e+07 2.15429e+07 3.93663e+06 0 3.89727e+07 0 4.76332e+07 3.89727e+07 2.15429e+07 3.93663e+06 0.00181543 -0.00295339 -0.0186394 0.0107758 0.0997303
48 36 2 -0.142857 3.08567e-24 -5.85003e-28 3.95093e-26 1.37723e+07 5.74639e+07 2.5989e+07 4.74909e+06 0 4.70159e+07 0 5.74639e+07 4.70159e+07 2.5989e+07 4.74909e+06 1.07776e-25 6.51542e-25 0.000377799 0.007459 0.101954
50 37 0 -0.686704 0.767836 -0.00715481 0.0118412 1.02269e+07 4.26709e+07 1.92986e+07 3.52652e+06 0 3.49125e+07 0 4.26709e+07 3.49125e+07 1.92986e+07 3.52652e+06 0.00444547 -0.00975236 -0.00204538 0.00962034 0.0514231
56 37 1 -0.870483 0.531276 -0.0074188 0.00683716 2.29227e+06 9.56432e+06 4.32562e+06 790439 0 7.82535e+06 0 9.56432e+06 7.82535e+06 4.32562e+06 790439 0.0145391 0.00142434 -0.0104714 0.0391561 0.0578655
53 37 2 -0.589993 0.357112 -0.00495915 0.00497695 1.22846e+07 5.12563e+07 2.31815e+07 4.23606e+06 0 4.1937e+07 0 5.12563e+07 4.1937e+07 2.31815e+07 4.23606e+06 0.00075707 -0.0118381 -0.0086156 0.0106323 0.0700761
42 38 0 -0.33312 0.969001 -0.00419914 0.0136414 5.06179e+06 2.11199e+07 9.55182e+06 1.74544e+06 0 1.72799e+07 0 2.11199e+07 1.72799e+07 9.55182e+06 1.74544e+06 0.0195089 -0.0115216 -0.0148268 0.00627792 0.0467627
50 38 1 -0.686704 0.767836 -0.00715481 0.0118412 1.02269e+07 4.26709e+07 1.92986e+07 3.52652e+06 0 3.49125e+07 0 4.26709e+07 3.49125e+07 1.92986e+07 3.52652e+06 0.00444547 -0.00975236 -0.00204538 0.00962034 0.0514231
47 38 2 -0.395063 0.636 -0.00415013 0.00894472 1.32665e+06 5.53532e+06 2.50344e+06 457465 0 4.5289e+06 0 5.53532e+06 4.5289e+06 2.50344e+06 457465 0.0208868 0.000182632 -0.000710659 0.0259685 0.0578456
51 39 0 -0.939769 1.02905 -0.00824149 0.014947 1.84579e+07 7.70139e+07 3.48309e+07 6.36479e+06 0 6.30114e+07 0 7.70139e+07 6.30114e+07 3.48309e+07 6.36479e+06 0.00150829 0.00307526 0.00356697 0.00305606 0.0443511
57 39 1 -1.0823 0.760541 -0.010974 0.0118896 4.47317e+06 1.86639e+07 8.44108e+06 1.54247e+06 0 1.52705e+07 0 1.86639e+07 1.52705e+07 8.44108e+06 1.54247e+06 0.01478 0.00906056 0.00654522 0.0146063 0.049715
50 39 2 -0.686704 0.767836 -0.00715481 0.0118412 1.02269e+07 4.26709e+07 1.92986e+07 3.52652e+06 0 3.49125e+07 0 4.26709e+07 3.49125e+07 1.92986e+07 3.52652e+06 0.00444547 -0.00975236 -0.00204538 0.00962034 0.0514231
58 40 0 -0.909406 0.25165 -0.00538094 0.00179926 1.54427e+07 6.44335e+07 2.91411e+07 5.32508e+06 0 5.27183e+07 0 6.44335e+07 5.27183e+07 2.91411e+07 5.32508e+06 0.00486129 0.013772 -0.012658 0.00163309 0.0693041
55 40 1 -0.714286 3.18459e-24 -7.44271e-27 5.5982e-26 8.89522e+06 3.71145e+07 1.67857e+07 3.06732e+06 0 3.03664e+07 0 3.71145e+07 3.03664e+07 1.67857e+07 3.06732e+06 0.00321646 0.000129446 -0.0250805 0.0167583 0.0940916
53 40 2 -0.589993 0.357112 -0.00495915 0.00497695 1.22846e+07 5.12563e+07 2.31815e+07 4.23606e+06 0 4.1937e+07 0 5.12563e+07 4.1937e+07 2.31815e+07 4.23606e+06 0.00075707 -0.0118381 -0.0086156 0.0106323 0.0700761
46 41 0 -0.231746 0.357987 -0.000841652 0.00352486 2.28373e+06 9.52866e+06 4.3095e+06 787493 0 7.79618e+06 0 9.52866e+06 7.79618e+06 4.3095e+06 787493 0.0185884 0.00635224 0.000544743 0.0155701 0.0730828
53 41 1 -0.589993 0.357112 -0.00495915 0.00497695 1.22846e+07 5.12563e+07 2.31815e+07 4.23606e+06 0 4.1937e+07 0 5.12563e+07 4.1937e+07 2.31815e+07 4.23606e+06 0.00075707 -0.0118381 -0.0086156 0.0106323 0.0700761
49 41 2 -0.428571 3.05569e-24 -3.13377e-27 4.64074e-26 1.14162e+07 4.76332e+07 2.15429e+07 3.93663e+06 0 3.89727e+07 0 4.76332e+07 3.89727e+07 2.15429e+07 3.93663e+06 0.00181543 -0.00295339 -0.0186394 0.0107758 0.0997303
38 42 0 0.12096 0.525338 0.00401777 0.00578321 1.14593e+07 4.78129e+07 2.16242e+07 3.95148e+06 0 3.91197e+07 0 4.78129e+07 3.91197e+07 2.16242e+07 3.95148e+06 0.00329479 -0.00323532 0.00104059 0.0113868 0.0638281
46 42 1 -0.231746 0.357987 -0.000841652 0.00352486 2.28373e+06 9.52866e+06 4.3095e+06 787493 0 7.79618e+06 0 9.52866e+06 7.79618e+06 4.3095e+06 787493 0.0185884 0.00635224 0.000544743 0.0155701 0.0730828
41 42 2 0.025536 0.24941 0.00187984 0.00252027 6.88866e+06 2.87423e+07 1.29992e+07 2.3754e+06 0 2.35165e+07 0 2.87423e+07 2.35165e+07 1.29992e+07 2.3754e+06 0.00837343 -0.000522761 0.00904303 0.0131038 0.0809345
47 43 0 -0.395063 0.636 -0.00415013 0.00894472 1.32665e+06 5.53532e+06 2.50344e+06 457465 0 4.5289e+06 0 5.53532e+06 4.5289e+06 2.50344e+06 457465 0.0208868 0.000182632 -0.000710659 0.0259685 0.0578456
53 43 1 -0.589993 0.357112 -0.00495915 0.00497695 1.22846e+07 5.12563e+07 2.31815e+07 4.23606e+06 0 4.1937e+07 0 5.12563e+07 4.1937e+07 2.31815e+07 4.23606e+06 0.00075707 -0.0118381 -0.0086156 0.0106323 0.0700761
46 43 2 -0.231746 0.357987 -0.000841652 0.00352486 2.28373e+06 9.52866e+06 4.3095e+06 787493 0 7.79618e+06 0 9.52866e+06 7.79618e+06 4.3095e+06 787493 0.0185884 0.00635224 0.000544743 0.0155701 0.0730828
39 44 0 -0.0881269 0.734975 0.00201597 0.00901178 7.6563e+06 3.19453e+07 1.44478e+07 2.6401e+06 0 2.6137e+07 0 3.19453e+07 2.6137e+07 1.44478e+07 2.6401e+06 0.0103504 -0.00693449 -0.00652885 0.00927164 0.0546162
47 44 1 -0.395063 0.636 -0.00415013 0.00894472 1.32665e+06 5.53532e+06 2.50344e+06 457465 0 4.5289e+06 0 5.53532e+06 4.5289e+06 2.50344e+06 457465 0.0208868 0.000182632 -0.000710659 0.0259685 0.0578456
46 44 2 -0.231746 0.357987 -0.000841652 0.00352486 2.28373e+06 9.52866e+06 4.3095e+06 787493 0 7.79618e+06 0 9.52866e+06 7.79618e+06 4.3095e+06 787493 0.0185884 0.00635224 0.000544743 0.0155701 0.0730828
38 45 0 0.12096 0.525338 0.00401777 0.00578321 1.14593e+07 4.78129e+07 2.16242e+07 3.95148e+06 0 3.91197e+07 0 4.78129e+07 3.91197e+07 2.16242e+07 3.95148e+06 0.00329479 -0.00323532 0.00104059 0.0113868 0.0638281
39 45 1 -0.0881269 0.734975 0.00201597 0.00901178 7.6563e+06 3.19453e+07 1.44478e+07 2.6401e+06 0 2.6137e+07 0 3.19453e+07 2.6137e+07 1.44478e+07 2.6401e+06 0.0103504 -0.00693449 -0.00652885 0.00927164 0.0546162
46 45 2 -0.231746 0.357987 -0.000841652 0.00352486 2.28373e+06 9.52866e+06 4.3095e+06 787493 0 7.79618e+06 0 9.52866e+06 7.79618e+06 4.3095e+06 787493 0.0185884 0.00635224 0.000544743 0.0155701 0.0730828
32 46 0 0.314216 0.283253 0.00331966 0.00298418 1.33439e+07 5.56761e+07 2.51805e+07 4.60133e+06 0 4.55532e+07 0 5.56761e+07 4.55532e+07 2.51805e+07 4.60133e+06 0.00408543 0.00280499 0.0101582 0.0112026 0.0774472
38 46 1 0.12096 0.525338 0.00401777 0.00578321 1.14593e+07 4.78129e+07 2.16242e+07 3.95148e+06 0 3.91197e+07 0 4.78129e+07 3.91197e+07 2.16242e+07 3.95148e+06 0.00329479 -0.00323532 0.00104059 0.0113868 0.0638281
41 46 2 0.025536 0.24941 0.00187984 0.00252027 6.88866e+06 2.87423e+07 1.29992e+07 2.3754e+06 0 2.35165e+07 0 2.87423e+07 2.35165e+07 1.29992e+07 2.3754e+06 0.00837343 -0.000522761 0.00904303 0.0131038 0.0809345
40 47 0 0.142857 3.19004e-24 3.05245e-27 5.65481e-26 2.01199e+07 8.39486e+07 3.79672e+07 6.9379e+06 0 6.86852e+07 0 8.39486e+07 6.86852e+07 3.79672e+07 6.9379e+06 1.87243e-26 7.73645e-25 0.0108098 0.00817125 0.101895
32 47 1 0.314216 0.283253 0.00331966 0.00298418 1.33439e+07 5.56761e+07 2.51805e+07 4.60133e+06 0 4.55532e+07 0 5.56761e+07 4.55532e+07 2.51805e+07 4.60133e+06 0.00408543 0.00280499 0.0101582 0.0112026 0.0774472
41 47 2 0.025536 0.24941 0.00187984 0.00252027 6.88866e+06 2.87423e+07 1.29992e+07 2.3754e+06 0 2.35165e+07 0 2.87423e+07 2.35165e+07 1.29992e+07 2.3754e+06 0.00837343 -0.000522761 0.00904303 0.0131038 0.0809345
23 48 0 0.61546 0.292649 0.00423891 0.00292533 1.96404e+07 8.19478e+07 3.70623e+07 6.77255e+06 0 6.70482e+07 0 8.19478e+07 6.70482e+07 3.70623e+07 6.77255e+06 0.00271224 0.000511683 0.00963999 0.0073358 0.0736517
29 48 1 0.466761 0.575244 0.00516636 0.00536419 1.94609e+07 8.11988e+07 3.67235e+07 6.71065e+06 0 6.64354e+07 0 8.11988e+07 6.64354e+07 3.67235e+07 6.71065e+06 0.00255913 -0.00555037 -0.00123578 0.00663564 0.0599897
32 48 2 0.314216 0.283253 0.00331966 0.00298418 1.33439e+07 5.56761e+07 2.51805e+07 4.60133e+06 0 4.55532e+07 0 5.56761e+07 4.55532e+07 2.51805e+07 4.60133e+06 0.00408543 0.00280499 0.0101582 0.0112026 0.0774472
29 49 0 0.466761 0.575244 0.00516636 0.00536419 1.94609e+07 8.11988e+07 3.67235e+07 6.71065e+06 0 6.64354e+07 0 8.11988e+07 6.64354e+07 3.67235e+07 6.71065e+06 0.00255913 -0.00555037 -0.00123578 0.00663564 0.0599897
30 49 1 0.270746 0.836613 0.00391648 0.00847272 1.61177e+07 6.72495e+07 3.04147e+07 5.55781e+06 0 5.50223e+07 0 6.72495e+07 5.50223e+07 3.04147e+07 5.55781e+06 0.00220412 -0.00337204 0.000735993 0.0102614 0.0506809
38 49 2 0.12096 0.525338 0.00401777 0.00578321 1.14593e+07 4.78129e+07 2.16242e+07 3.95148e+06 0 3.91197e+07 0 4.78129e+07 3.91197e+07 2.16242e+07 3.95148e+06 0.00329479 -0.00323532 0.00104059 0.0113868 0.0638281
33 50 0 0.0309148 1.07386 0.00271351 0.012294 5.32401e+06 2.2214e+07 1.00467e+07 1.83587e+06 0 1.81751e+07 0 2.2214e+07 1.81751e+07 1.00467e+07 1.83587e+06 0.0105765 -0.00463226 0.00558474 0.015255 0.0442552
42 50 1 -0.33312 0.969001 -0.00419914 0.0136414 5.06179e+06 2.11199e+07 9.55182e+06 1.74544e+06 0 1.72799e+07 0 2.11199e+07 1.72799e+07 9.55182e+06 1.74544e+06 0.0195089 -0.0115216 -0.0148268 0.00627792 0.0467627
39 50 2 -0.0881269 0.734975 0.00201597 0.00901178 7.6563e+06 3.19453e+07 1.44478e+07 2.6401e+06 0 2.6137e+07 0 3.19453e+07 2.6137e+07 1.44478e+07 2.6401e+06 0.0103504 -0.00693449 -0.00652885 0.00927164 0.0546162
42 51 0 -0.33312 0.969001 -0.00419914 0.0136414 5.06179e+06 2.11199e+07 9.55182e+06 1.74544e+06 0 1.72799e+07 0 2.11199e+07 1.72799e+07 9.55182e+06 1.74544e+06 0.0195089 -0.0115216 -0.0148268 0.00627792 0.0467627
35 51 1 -0.433526 1.23148 -0.00561839 0.0169862 3.2831e+06 1.36985e+07 6.19536e+06 1.1321e+06 0 1.12078e+07 0 1.36985e+07 1.12078e+07 6.19536e+06 1.1321e+06 0.0116408 0.00715154 0.012033 0.0193422 0.0409002
43 51 2 -0.64554 1.09661 -0.00688982 0.0151958 2.31913e+07 9.67636e+07 4.3763e+07 7.99699e+06 0 7.91702e+07 0 9.67636e+07 7.91702e+07 4.3763e+07 7.99699e+06 0.00217345 0.000507272 0.00283754 0.00537611 0.0432344
13 52 0 0.683501 1.3884 0.00649226 0.0138061 4.45857e+06 1.8603e+07 8.41352e+06 1.53744e+06 0 1.52206e+07 0 1.8603e+07 1.52206e+07 8.41352e+06 1.53744e+06 0.0110073 0.00814477 0.00228037 0.0149806 0.0394858
24 52 1 0.427509 1.16224 0.0049177 0.0108037 2.1718e+07 9.06165e+07 4.09829e+07 7.48897e+06 0 7.41408e+07 0 9.06165e+07 7.41408e+07 4.09829e+07 7.48897e+06 0.00225397 0.000426186 0.00326726 0.00547366 0.0423674
14 52 2 0.840247 1.13834 0.00765441 0.0114852 5.93656e+06 2.47698e+07 1.12026e+07 2.04709e+06 0 2.02662e+07 0 2.47698e+07 2.02662e+07 1.12026e+07 2.04709e+06 0.0123829 0.00511587 0.00120392 0.00973504 0.0432106
8 53 0 0.443686 1.87792 0.00470059 0.016745 1.90737e+07 7.95833e+07 3.59929e+07 6.57713e+06 0 6.51136e+07 0 7.95833e+07 6.51136e+07 3.59929e+07 6.57713e+06 0.000279129 0.00685084 0.00744031 0.00474301 0.0356867
15 53 1 0.43845 1.52687 0.00422343 0.0140266 1.14196e+07 4.76473e+07 2.15493e+07 3.93779e+06 0 3.89842e+07 0 4.76473e+07 3.89842e+07 2.15493e+07 3.93779e+06 0.00557983 0.000134481 -0.00294453 0.0112028 0.0374307
7 53 2 0.73061 1.71139 0.0064776 0.0219023 2.91185e+06 1.21494e+07 5.49479e+06 1.00409e+06 0 9.94045e+06 0 1.21494e+07 9.94045e+06 5.49479e+06 1.00409e+06 0.0145837 0.040874 -0.00317404 0.0155464 0.0373737
25 54 0 0.131899 1.39115 0.00314124 0.0151338 1.23624e+07 5.15811e+07 2.33284e+07 4.2629e+06 0 4.22027e+07 0 5.15811e+07 4.22027e+07 2.33284e+07 4.2629e+06 0.00243156 -0.0163274 -0.0070287 0.00931567 0.0385242
24 54 1 0.427509 1.16224 0.0049177 0.0108037 2.1718e+07 9.06165e+07 4.09829e+07 7.48897e+06 0 7.41408e+07 0 9.06165e+07 7.41408e+07 4.09829e+07 7.48897e+06 0.00225397 0.000426186 0.00326726 0.00547366 0.0423674
15 54 2 0.43845 1.52687 0.00422343 0.0140266 1.14196e+07 4.76473e+07 2.15493e+07 3.93779e+06 0 3.89842e+07 0 4.76473e+07 3.89842e+07 2.15493e+07 3.93779e+06 0.00557983 0.000134481 -0.00294453 0.0112028 0.0374307
18 55 0 -0.103178 1.97768 0.000503448 0.0250934 2.14807e+06 8.96263e+06 4.0535e+06 740714 0 7.33306e+06 0 8.96263e+06 7.33306e+06 4.0535e+06 740714 0.0237189 -0.00773881 -0.00179421 0.0210297 0.0346341
26 55 1 -0.0833716 1.68458 0.000884094 0.0211965 1.40434e+07 5.85947e+07 2.65005e+07 4.84254e+06 0 4.79411e+07 0 5.85947e+07 4.79411e+07 2.65005e+07 4.84254e+06 0.0066758 -0.015183 -0.00118991 0.0044722 0.0355728
16 55 2 0.115645 1.98039 0.00442224 0.0218954 4.10637e+06 1.71335e+07 7.7489e+06 1.41599e+06 0 1.40183e+07 0 1.71335e+07 1.40183e+07 7.7489e+06 1.41599e+06 0.0119474 -0.0220673 0.0139349 0.0254339 0.0348066
33 56 0 0.0309148 1.07386 0.00271351 0.012294 5.32401e+06 2.2214e+07 1.00467e+07 1.83587e+06 0 1.81751e+07 0 2.2214e+07 1.81751e+07 1.00467e+07 1.83587e+06 0.0105765 -0.00463226 0.00558474 0.015255 0.0442552
24 56 1 0.427509 1.16224 0.0049177 0.0108037 2.1718e+07 9.06165e+07 4.09829e+07 7.48897e+06 0 7.41408e+07 0 9.06165e+07 7.41408e+07 4.09829e+07 7.48897e+06 0.00225397 0.000426186 0.00326726 0.00547366 0.0423674
25 56 2 0.131899 1.39115 0.00314124 0.0151338 1.23624e+07 5.15811e+07 2.33284e+07 4.2629e+06 0 4.22027e+07 0 5.15811e+07 4.22027e+07 2.33284e+07 4.2629e+06 0.00243156 -0.0163274 -0.0070287 0.00931567 0.0385242
42 57 0 -0.33312 0.969001 -0.00419914 0.0136414 5.06179e+06 2.11199e+07 9.55182e+06 1.74544e+06 0 1.72799e+07 0 2.11199e+07 1.72799e+07 9.55182e+06 1.74544e+06 0.0195089 -0.0115216 -0.0148268 0.00627792 0.0467627
33 57 1 0.0309148 1.07386 0.00271351 0.012294 5.32401e+06 2.2214e+07 1.00467e+07 1.83587e+06 0 1.81751e+07 0 2.2214e+07 1.81751e+07 1.00467e+07 1.83587e+06 0.0105765 -0.00463226 0.00558474 0.015255 0.0442552
34 57 2 -0.211863 1.35045 -0.000710518 0.019848 1.86301e+06 7.77326e+06 3.51559e+06 642418 0 6.35994e+06 0 7.77326e+06 6.35994e+06 3.51559e+06 642418 0.0211098 -0.01484 -0.00253085 0.0222749 0.0390551
43 58 0 -0.64554 1.09661 -0.00688982 0.0151958 2.31913e+07 9.67636e+07 4.3763e+07 7.99699e+06 0 7.91702e+07 0 9.67636e+07 7.91702e+07 4.3763e+07 7.99699e+06 0.00217345 0.000507272 0.00283754 0.00537611 0.0432344
50 58 1 -0.686704 0.767836 -0.00715481 0.0118412 1.02269e+07 4.26709e+07 1.92986e+07 3.52652e+06 0 3.49125e+07 0 4.26709e+07 3.49125e+07 1.92986e+07 3.52652e+06 0.00444547 -0.00975236 -0.00204538 0.00962034 0.0514231
42 58 2 -0.33312 0.969001 -0.00419914 0.0136414 5.06179e+06 2.11199e+07 9.55182e+06 1.74544e+06 0 1.72799e+07 0 2.11199e+07 1.72799e+07 9.55182e+06 1.74544e+06 0.0195089 -0.0115216 -0.0148268 0.00627792 0.0467627
36 59 0 -0.594424 1.45934 -0.00388285 0.0181309 1.92519e+07 8.03267e+07 3.63291e+07 6.63857e+06 0 6.57219e+07 0 8.03267e+07 6.57219e+07 3.63291e+07 6.63857e+06 0.00251861 0.00548138 0.0130064 0.00270098 0.0378411
43 59 1 -0.64554 1.09661 -0.00688982 0.0151958 2.31913e+07 9.67636e+07 4.3763e+07 7.99699e+06 0 7.91702e+07 0 9.67636e+07 7.91702e+07 4.3763e+07 7.99699e+06 0.00217345 0.000507272 0.00283754 0.00537611 0.0432344
35 59 2 -0.433526 1.23148 -0.00561839 0.0169862 3.2831e+06 1.36985e+07 6.19536e+06 1.1321e+06 0 1.12078e+07 0 1.36985e+07 1.12078e+07 6.19536e+06 1.1321e+06 0.0116408 0.00715154 0.012033 0.0193422 0.0409002
51 60 0 -0.939769 1.02905 -0.00824149 0.014947 1.84579e+07 7.70139e+07 3.48309e+07 6.36479e+06 0 6.30114e+07 0 7.70139e+07 6.30114e+07 3.48309e+07 6.36479e+06 0.00150829 0.00307526 0.00356697 0.00305606 0.0443511
50 60 1 -0.686704 0.767836 -0.00715481 0.0118412 1.02269e+07 4.26709e+07 1.92986e+07 3.52652e+06 0 3.49125e+07 0 4.26709e+07 3.49125e+07 1.92986e+07 3.52652e+06 0.00444547 -0.00975236 -0.00204538 0.00962034 0.0514231
43 60 2 -0.64554 1.09661 -0.00688982 0.0151958 2.31913e+07 9.67636e+07 4.3763e+07 7.99699e+06 0 7.91702e+07 0 9.67636e+07 7.91702e+07 4.3763e+07 7.99699e+06 0.00217345 0.000507272 0.00283754 0.00537611 0.0432344
47 61 0 -0.395063 0.636 -0.00415013 0.00894472 1.32665e+06 5.53532e+06 2.50344e+06 457465 0 4.5289e+06 0 5.53532e+06 4.5289e+06 2.50344e+06 457465 0.0208868 0.000182632 -0.000710659 0.0259685 0.0578456
39 61 1 -0.0881269 0.734975 0.00201597 0.00901178 7.6563e+06 3.19453e+07 1.44478e+07 2.6401e+06 0 2.6137e+07 0 3.19453e+07 2.6137e+07 1.44478e+07 2.6401e+06 0.0103504 -0.00693449 -0.00652885 0.00927164 0.0546162
42 61 2 -0.33312 0.969001 -0.00419914 0.0136414 5.06179e+06 2.11199e+07 9.55182e+06 1.74544e+06 0 1.72799e+07 0 2.11199e+07 1.72799e+07 9.55182e+06 1.74544e+06 0.0195089 -0.0115216 -0.0148268 0.00627792 0.0467627
21 62 0 0.644959 0.865404 0.00562585 0.00773602 6.31505e+06 2.6349e+07 1.19168e+07 2.1776e+06 0 2.15583e+07 0 2.6349e+07 2.15583e+07 1.19168e+07 2.1776e+06 0.00697343 -0.00241195 -0.00127896 0.0137409 0.0489953
20 62 1 0.81595 0.571333 0.0067227 0.00535778 1.35313e+07 5.6458e+07 2.55341e+07 4.66595e+06 0 4.61929e+07 0 5.6458e+07 4.61929e+07 2.55341e+07 4.66595e+06 0.00637291 0.00565725 0.00284225 0.00618465 0.0574363
10 62 2 1.04055 0.845179 0.00883614 0.0079762 1.08168e+07 4.51322e+07 2.04118e+07 3.72993e+06 0 3.69263e+07 0 4.51322e+07 3.69263e+07 2.04118e+07 3.72993e+06 0.00582874 0.00124787 0.00288386 0.00974973 0.048596
39 63 0 -0.0881269 0.734975 0.00201597 0.00901178 7.6563e+06 3.19453e+07 1.44478e+07 2.6401e+06 0 2.6137e+07 0 3.19453e+07 2.6137e+07 1.44478e+07 2.6401e+06 0.0103504 -0.00693449 -0.00652885 0.00927164 0.0546162
38 63 1 0.12096 0.525338 0.00401777 0.00578321 1.14593e+07 4.78129e+07 2.16242e+07 3.95148e+06 0 3.91197e+07 0 4.78129e+07 3.91197e+07 2.16242e+07 3.95148e+06 0.00329479 -0.00323532 0.00104059 0.0113868 0.0638281
30 63 2 0.270746 0.836613 0.00391648 0.00847272 1.61177e+07 6.72495e+07 3.04147e+07 5.55781e+06 0 5.50223e+07 0 6.72495e+07 5.50223e+07 3.04147e+07 5.55781e+06 0.00220412 -0.00337204 0.000735993 0.0102614 0.0506809
32 64 0 0.314216 0.283253 0.00331966 0.00298418 1.33439e+07 5.56761e+07 2.51805e+07 4.60133e+06 0 4.55532e+07 0 5.56761e+07 4.55532e+07 2.51805e+07 4.60133e+06 0.00408543 0.00280499 0.0101582 0.0112026 0.0774472
31 64 1 0.428571 3.14689e-24 6.91302e-27 5.90844e-26 1.44721e+07 6.03834e+07 2.73094e+07 4.99037e+06 0 4.94046e+07 0 6.03834e+07 4.94046e+07 2.73094e+07 4.99037e+06 1.21877e-26 -7.52994e-25 0.0149307 0.0110006 0.0997407
23 64 2 0.61546 0.292649 0.00423891 0.00292533 1.96404e+07 8.19478e+07 3.70623e+07 6.77255e+06 0 6.70482e+07 0 8.19478e+07 6.70482e+07 3.70623e+07 6.77255e+06 0.00271224 0.000511683 0.00963999 0.0073358 0.0736517
57 65 0 -1.0823 0.760541 -0.010974 0.0118896 4.47317e+06 1.86639e+07 8.44108e+06 1.54247e+06 0 1.52705e+07 0 1.86639e+07 1.52705e+07 8.44108e+06 1.54247e+06 0.01478 0.00906056 0.00654522 0.0146063 0.049715
51 65 1 -0.939769 1.02905 -0.00824149 0.014947 1.84579e+07 7.70139e+07 3.48309e+07 6.36479e+06 0 6.30114e+07 0 7.70139e+07 6.30114e+07 3.48309e+07 6.36479e+06 0.00150829 0.00307526 0.00356697 0.00305606 0.0443511
52 65 2 -1.24294 1.09628 -0.0112281 0.0150786 2.19423e+06 9.15524e+06 4.14061e+06 756632 0 7.49065e+06 0 9.15524e+06 7.49065e+06 4.14061e+06 756632 0.0197111 0.00756621 -0.00404291 0.023643 0.0443927
46 66 0 -0.231746 0.357987 -0.000841652 0.00352486 2.28373e+06 9.52866e+06 4.3095e+06 787493 0 7.79618e+06 0 9.52866e+06 7.79618e+06 4.3095e+06 787493 0.0185884 0.00635224 0.000544743 0.0155701 0.0730828
48 66 1 -0.142857 3.08567e-24 -5.85003e-28 3.95093e-26 1.37723e+07 5.74639e+07 2.5989e+07 4.74909e+06 0 4.70159e+07 0 5.74639e+07 4.70159e+07 2.5989e+07 4.74909e+06 1.07776e-25 6.51542e-25 0.000377799 0.007459 0.101954
41 66 2 0.025536 0.24941 0.00187984 0.00252027 6.88866e+06 2.87423e+07 1.29992e+07 2.3754e+06 0 2.35165e+07 0 2.87423e+07 2.35165e+07 1.29992e+07 2.3754e+06 0.00837343 -0.000522761 0.00904303 0.0131038 0.0809345
36 67 0 -0.594424 1.45934 -0.00388285 0.0181309 1.92519e+07 8.03267e+07 3.63291e+07 6.63857e+06 0 6.57219e+07 0 8.03267e+07 6.57219e+07 3.63291e+07 6.63857e+06 0.00251861 0.00548138 0.0130064 0.00270098 0.0378411
35 67 1 -0.433526 1.23148 -0.00561839 0.0169862 3.2831e+06 1.36985e+07 6.19536e+06 1.1321e+06 0 1.12078e+07 0 1.36985e+07 1.12078e+07 6.19536e+06 1.1321e+06 0.0116408 0.00715154 0.012033 0.0193422 0.0409002
34 67 2 -0.211863 1.35045 -0.000710518 0.019848 1.86301e+06 7.77326e+06 3.51559e+06 642418 0 6.35994e+06 0 7.77326e+06 6.35994e+06 3.51559e+06 642418 0.0211098 -0.01484 -0.00253085 0.0222749 0.0390551
37 68 0 -0.932775 1.60066 -0.00534815 0.0234168 2.54675e+06 1.06261e+07 4.80584e+06 878191 0 8.69409e+06 0 1.06261e+07 8.69409e+06 4.80584e+06 878191 0.0140173 -0.0254046 0.00584711 0.0244059 0.03781
36 68 1 -0.594424 1.45934 -0.00388285 0.0181309 1.92519e+07 8.03267e+07 3.63291e+07 6.63857e+06 0 6.57219e+07 0 8.03267e+07 6.57219e+07 3.63291e+07 6.63857e+06 0.00251861 0.00548138 0.0130064 0.00270098 0.0378411
28 68 2 -0.658083 1.81618 -0.00211128 0.0211332 9.819e+06 4.09689e+07 1.85289e+07 3.38586e+06 0 3.352e+07 0 4.09689e+07 3.352e+07 1.85289e+07 3.38586e+06 0.00508015 0.0025645 -7.77111e-05 0.0123172 0.0358632
44 69 0 -0.850496 1.31167 -0.00671375 0.0171611 8.77765e+06 3.6624e+07 1.65638e+07 3.02678e+06 0 2.99651e+07 0 3.6624e+07 2.99651e+07 1.65638e+07 3.02678e+06 0.00662393 -0.00531302 0.00948076 0.0101423 0.0399482
43 69 1 -0.64554 1.09661 -0.00688982 0.0151958 2.31913e+07 9.67636e+07 4.3763e+07 7.99699e+06 0 7.91702e+07 0 9.67636e+07 7.91702e+07 4.3763e+07 7.99699e+06 0.00217345 0.000507272 0.00283754 0.00537611 0.0432344
36 69 2 -0.594424 1.45934 -0.00388285 0.0181309 1.92519e+07 8.03267e+07 3.63291e+07 6.63857e+06 0 6.57219e+07 0 8.03267e+07 6.57219e+07 3.63291e+07 6.63857e+06 0.00251861 0.00548138 0.0130064 0.00270098 0.0378411
45 70 0 -1.1446 1.31642 -0.0102115 0.0199689 2.19627e+06 9.16376e+06 4.14447e+06 757336 0 7.49763e+06 0 9.16376e+06 7.49763e+06 4.14447e+06 757336 0.0184059 -0.0173181 -0.00308282 0.0217429 0.0410966
44 70 1 -0.850496 1.31167 -0.00671375 0.0171611 8.77765e+06 3.6624e+07 1.65638e+07 3.02678e+06 0 2.99651e+07 0 3.6624e+07 2.99651e+07 1.65638e+07 3.02678e+06 0.00662393 -0.00531302 0.00948076 0.0101423 0.0399482
37 70 2 -0.932775 1.60066 -0.00534815 0.0234168 2.54675e+06 1.06261e+07 4.80584e+06 878191 0 8.69409e+06 0 1.06261e+07 8.69409e+06 4.80584e+06 878191 0.0140173 -0.0254046 0.00584711 0.0244059 0.03781
51 71 0 -0.939769 1.02905 -0.00824149 0.014947 1.84579e+07 7.70139e+07 3.48309e+07 6.36479e+06 0 6.30114e+07 0 7.70139e+07 6.30114e+07 3.48309e+07 6.36479e+06 0.00150829 0.00307526 0.00356697 0.00305606 0.0443511
43 71 1 -0.64554 1.09661 -0.00688982 0.0151958 2.31913e+07 9.67636e+07 4.3763e+07 7.99699e+06 0 7.91702e+07 0 9.67636e+07 7.91702e+07 4.3763e+07 7.99699e+06 0.00217345 0.000507272 0.00283754 0.00537611 0.0432344
44 71 2 -0.850496 1.31167 -0.00671375 0.0171611 8.77765e+06 3.6624e+07 1.65638e+07 3.02678e+06 0 2.99651e+07 0 3.6624e+07 2.99651e+07 1.65638e+07 3.02678e+06 0.00662393 -0.00531302 0.00948076 0.0101423 0.0399482
52 72 0 -1.24294 1.09628 -0.0112281 0.0150786 2.19423e+06 9.15524e+06 4.14061e+06 756632 0 7.49065e+06 0 9.15524e+06 7.49065e+06 4.14061e+06 756632 0.0197111 0.00756621 -0.00404291 0.023643 0.0443927
51 72 1 -0.939769 1.02905 -0.00824149 0.014947 1.84579e+07 7.70139e+07 3.48309e+07 6.36479e+06 0 6.30114e+07 0 7.70139e+07 6.30114e+07 3.48309e+07 6.36479e+06 0.00150829 0.00307526 0.00356697 0.00305606 0.0443511
45 72 2 -1.1446 1.31642 -0.0102115 0.0199689 2.19627e+06 9.16376e+06 4.14447e+06 757336 0 7.49763e+06 0 9.16376e+06 7.49763e+06 4.14447e+06 757336 0.0184059 -0.0173181 -0.00308282 0.0217429 0.0410966
56 73 0 -0.870483 0.531276 -0.0074188 0.00683716 2.29227e+06 9.56432e+06 4.32562e+06 790439 0 7.82535e+06 0 9.56432e+06 7.82535e+06 4.32562e+06 790439 0.0145391 0.00142434 -0.0104714 0.0391561 0.0578655
58 73 1 -0.909406 0.25165 -0.00538094 0.00179926 1.54427e+07 6.44335e+07 2.91411e+07 5.32508e+06 0 5.27183e+07 0 6.44335e+07 5.27183e+07 2.91411e+07 5.32508e+06 0.00486129 0.013772 -0.012658 0.00163309 0.0693041
53 73 2 -0.589993 0.357112 -0.00495915 0.00497695 1.22846e+07 5.12563e+07 2.31815e+07 4.23606e+06 0 4.1937e+07 0 5.12563e+07 4.1937e+07 2.31815e+07 4.23606e+06 0.00075707 -0.0118381 -0.0086156 0.0106323 0.0700761
47 74 0 -0.395063 0.636 -0.00415013 0.00894472 1.32665e+06 5.53532e+06 2.50344e+06 457465 0 4.5289e+06 0 5.53532e+06 4.5289e+06 2.50344e+06 457465 0.0208868 0.000182632 -0.000710659 0.0259685 0.0578456
50 74 1 -0.686704 0.767836 -0.00715481 0.0118412 1.02269e+07 4.26709e+07 1.92986e+07 3.52652e+06 0 3.49125e+07 0 4.26709e+07 3.49125e+07 1.92986e+07 3.52652e+06 0.00444547 -0.00975236 -0.00204538 0.00962034 0.0514231
53 74 2 -0.589993 0.357112 -0.00495915 0.00497695 1.22846e+07 5.12563e+07 2.31815e+07 4.23606e+06 0 4.1937e+07 0 5.12563e+07 4.1937e+07 2.31815e+07 4.23606e+06 0.00075707 -0.0118381 -0.0086156 0.0106323 0.0700761
57 75 0 -1.0823 0.760541 -0.010974 0.0118896 4.47317e+06 1.86639e+07 8.44108e+06 1.54247e+06 0 1.52705e+07 0 1.86639e+07 1.52705e+07 8.44108e+06 1.54247e+06 0.01478 0.00906056 0.00654522 0.0146063 0.049715
61 75 1 -1.17106 0.435522 -0.0110667 0.00348442 2.59211e+06 1.08154e+07 4.89144e+06 893832 0 8.84894e+06 0 1.08154e+07 8.84894e+06 4.89144e+06 893832 0.0190296 -0.012327 -0.0222731 0.0333273 0.0567872
56 75 2 -0.870483 0.531276 -0.0074188 0.00683716 2.29227e+06 9.56432e+06 4.32562e+06 790439 0 7.82535e+06 0 9.56432e+06 7.82535e+06 4.32562e+06 790439 0.0145391 0.00142434 -0.0104714 0.0391561 0.0578655
27 76 0 -0.375051 1.6525 -0.000986677 0.0215739 1.46507e+07 6.11287e+07 2.76465e+07 5.05196e+06 0 5.00144e+07 0 6.11287e+07 5.00144e+07 2.76465e+07 5.05196e+06 0.00714638 0.0104772 0.00747777 0.00484858 0.0359272
34 76 1 -0.211863 1.35045 -0.000710518 0.019848 1.86301e+06 7.77326e+06 3.51559e+06 642418 0 6.35994e+06 0 7.77326e+06 6.35994e+06 3.51559e+06 642418 0.0211098 -0.01484 -0.00253085 0.0222749 0.0390551
26 76 2 -0.0833716 1.68458 0.000884094 0.0211965 1.40434e+07 5.85947e+07 2.65005e+07 4.84254e+06 0 4.79411e+07 0 5.85947e+07 4.79411e+07 2.65005e+07 4.84254e+06 0.0066758 -0.015183 -0.00118991 0.0044722 0.0355728
36 77 0 -0.594424 1.45934 -0.00388285 0.0181309 1.92519e+07 8.03267e+07 3.63291e+07 6.63857e+06 0 6.57219e+07 0 8.03267e+07 6.57219e+07 3.63291e+07 6.63857e+06 0.00251861 0.00548138 0.0130064 0.00270098 0.0378411
27 77 1 -0.375051 1.6525 -0.000986677 0.0215739 1.46507e+07 6.11287e+07 2.76465e+07 5.05196e+06 0 5.00144e+07 0 6.11287e+07 5.00144e+07 2.76465e+07 5.05196e+06 0.00714638 0.0104772 0.00747777 0.00484858 0.0359272
28 77 2 -0.658083 1.81618 -0.00211128 0.0211332 9.819e+06 4.09689e+07 1.85289e+07 3.38586e+06 0 3.352e+07 0 4.09689e+07 3.352e+07 1.85289e+07 3.38586e+06 0.00508015 0.0025645 -7.77111e-05 0.0123172 0.0358632
45 78 0 -1.1446 1.31642 -0.0102115 0.0199689 2.19627e+06 9.16376e+06 4.14447e+06 757336 0 7.49763e+06 0 9.16376e+06 7.49763e+06 4.14447e+06 757336 0.0184059 -0.0173181 -0.00308282 0.0217429 0.0410966
51 78 1 -0.939769 1.02905 -0.00824149 0.014947 1.84579e+07 7.70139e+07 3.48309e+07 6.36479e+06 0 6.30114e+07 0 7.70139e+07 6.30114e+07 3.48309e+07 6.36479e+06 0.00150829 0.00307526 0.00356697 0.00305606 0.0443511
44 78 2 -0.850496 1.31167 -0.00671375 0.0171611 8.77765e+06 3.6624e+07 1.65638e+07 3.02678e+06 0 2.99651e+07 0 3.6624e+07 2.99651e+07 1.65638e+07 3.02678e+06 0.00662393 -0.00531302 0.00948076 0.0101423 0.0399482
50 79 0 -0.686704 0.767836 -0.00715481 0.0118412 1.02269e+07 4.26709e+07 1.92986e+07 3.52652e+06 0 3.49125e+07 0 4.26709e+07 3.49125e+07 1.92986e+07 3.52652e+06 0.00444547 -0.00975236 -0.00204538 0.00962034 0.0514231
57 79 1 -1.0823 0.760541 -0.010974 0.0118896 4.47317e+06 1.86639e+07 8.44108e+06 1.54247e+06 0 1.52705e+07 0 1.86639e+07 1.52705e+07 8.44108e+06 1.54247e+06 0.01478 0.00906056 0.00654522 0.0146063 0.049715
56 79 2 -0.870483 0.531276 -0.0074188 0.00683716 2.29227e+06 9.56432e+06 4.32562e+06 790439 0 7.82535e+06 0 9.56432e+06 7.82535e+06 4.32562e+06 790439 0.0145391 0.00142434 -0.0104714 0.0391561 0.0578655
44 80 0 -0.850496 1.31167 -0.00671375 0.0171611 8.77765e+06 3.6624e+07 1.65638e+07 3.02678e+06 0 2.99651e+07 0 3.6624e+07 2.99651e+07 1.65638e+07 3.02678e+06 0.00662393 -0.00531302 0.00948076 0.0101423 0.0399482
36 80 1 -0.594424 1.45934 -0.00388285 0.0181309 1.92519e+07 8.03267e+07 3.63291e+07 6.63857e+06 0 6.57219e+07 0 8.03267e+07 6.57219e+07 3.63291e+07 6.63857e+06 0.00251861 0.00548138 0.0130064 0.00270098 0.0378411
37 80 2 -0.932775 1.60066 -0.00534815 0.0234168 2.54675e+06 1.06261e+07 4.80584e+06 878191 0 8.69409e+06 0 1.06261e+07 8.69409e+06 4.80584e+06 878191 0.0140173 -0.0254046 0.00584711 0.0244059 0.03781
25 81 0 0.131899 1.39115 0.00314124 0.0151338 1.23624e+07 5.15811e+07 2.33284e+07 4.2629e+06 0 4.22027e+07 0 5.15811e+07 4.22027e+07 2.33284e+07 4.2629e+06 0.00243156 -0.0163274 -0.0070287 0.00931567 0.0385242
34 81 1 -0.211863 1.35045 -0.000710518 0.019848 1.86301e+06 7.77326e+06 3.51559e+06 642418 0 6.35994e+06 0 7.77326e+06 6.35994e+06 3.51559e+06 642418 0.0211098 -0.01484 -0.00253085 0.0222749 0.0390551
33 81 2 0.0309148 1.07386 0.00271351 0.012294 5.32401e+06 2.2214e+07 1.00467e+07 1.83587e+06 0 1.81751e+07 0 2.2214e+07 1.81751e+07 1.00467e+07 1.83587e+06 0.0105765 -0.00463226 0.00558474 0.015255 0.0442552
40 82 0 0.142857 3.19004e-24 3.05245e-27 5.65481e-26 2.01199e+07 8.39486e+07 3.79672e+07 6.9379e+06 0 6.86852e+07 0 8.39486e+07 6.86852e+07 3.79672e+07 6.9379e+06 1.87243e-26 7.73645e-25 0.0108098 0.00817125 0.101895
41 82 1 0.025536 0.24941 0.00187984 0.00252027 6.88866e+06 2.87423e+07 1.29992e+07 2.3754e+06 0 2.35165e+07 0 2.87423e+07 2.35165e+07 1.29992e+07 2.3754e+06 0.00837343 -0.000522761 0.00904303 0.0131038 0.0809345
48 82 2 -0.142857 3.08567e-24 -5.85003e-28 3.95093e-26 1.37723e+07 5.74639e+07 2.5989e+07 4.74909e+06 0 4.70159e+07 0 5.74639e+07 4.70159e+07 2.5989e+07 4.74909e+06 1.07776e-25 6.51542e-25 0.000377799 0.007459 0.101954
40 83 0 0.142857 3.19004e-24 3.05245e-27 5.65481e-26 2.01199e+07 8.39486e+07 3.79672e+07 6.9379e+06 0 6.86852e+07 0 8.39486e+07 6.86852e+07 3.79672e+07 6.9379e+06 1.87243e-26 7.73645e-25 0.0108098 0.00817125 0.101895
31 83 1 0.428571 3.14689e-24 6.91302e-27 5.90844e-26 1.44721e+07 6.03834e+07 2.73094e+07 4.99037e+06 0 4.94046e+07 0 6.03834e+07 4.94046e+07 2.73094e+07 4.99037e+06 1.21877e-26 -7.52994e-25 0.0149307 0.0110006 0.0997407
32 83 2 0.314216 0.283253 0.00331966 0.00298418 1.33439e+07 5.56761e+07 2.51805e+07 4.60133e+06 0 4.55532e+07 0 5.56761e+07 4.55532e+07 2.51805e+07 4.60133e+06 0.00408543 0.00280499 0.0101582 0.0112026 0.0774472
0 84 0 1.43086 0.21868 0.0123714 0.00139452 3.30607e+06 1.37943e+07 6.23871e+06 1.14002e+06 0 1.12862e+07 0 1.37943e+07 1.12862e+07 6.23871e+06 1.14002e+06 0.015009 0.000329694 -0.0128813 0.0219924 0.0586521
1 84 1 1.42795 0.490337 0.0099623 0.00501751 9.40787e+06 3.92535e+07 1.77531e+07 3.24409e+06 0 3.21165e+07 0 3.92535e+07 3.21165e+07 1.77531e+07 3.24409e+06 0.00827569 0.00122777 0.000224929 0.00807339 0.0548156
9 84 2 1.16065 0.480115 0.00848505 0.00494655 1.85493e+07 7.73954e+07 3.50034e+07 6.39631e+06 0 6.33235e+07 0 7.73954e+07 6.33235e+07 3.50034e+07 6.39631e+06 0.00428151 -0.00380487 0.00124391 0.00494801 0.0564766
9 85 0 1.16065 0.480115 0.00848505 0.00494655 1.85493e+07 7.73954e+07 3.50034e+07 6.39631e+06 0 6.33235e+07 0 7.73954e+07 6.33235e+07 3.50034e+07 6.39631e+06 0.00428151 -0.00380487 0.00124391 0.00494801 0.0564766
4 85 1 1.21888 0.102539 0.00910598 -0.00214284 396349 1.65373e+06 747928 136672 0 1.35305e+06 0 1.65373e+06 1.35305e+06 747928 136672 0.0341416 -0.000276439 0.0360279 0.0535393 0.0643068
0 85 2 1.43086 0.21868 0.0123714 0.00139452 3.30607e+06 1.37943e+07 6.23871e+06 1.14002e+06 0 1.12862e+07 0 1.37943e+07 1.12862e+07 6.23871e+06 1.14002e+06 0.015009 0.000329694 -0.0128813 0.0219924 0.0586521
9 86 0 1.16065 0.480115 0.00848505 0.00494655 1.85493e+07 7.73954e+07 3.50034e+07 6.39631e+06 0 6.33235e+07 0 7.73954e+07 6.33235e+07 3.50034e+07 6.39631e+06 0.00428151 -0.00380487 0.00124391 0.00494801 0.0564766
12 86 1 0.923395 0.26671 0.00606446 0.0033171 5.54199e+06 2.31235e+07 1.0458e+07 1.91103e+06 0 1.89192e+07 0 2.31235e+07 1.89192e+07 1.0458e+07 1.91103e+06 0.0119888 0.00286142 0.00946982 0.0105861 0.0688559
4 86 2 1.21888 0.102539 0.00910598 -0.00214284 396349 1.65373e+06 747928 136672 0 1.35305e+06 0 1.65373e+06 1.35305e+06 747928 136672 0.0341416 -0.000276439 0.0360279 0.0535393 0.0643068
9 87 0 1.16065 0.480115 0.00848505 0.00494655 1.85493e+07 7.73954e+07 3.50034e+07 6.39631e+06 0 6.33235e+07 0 7.73954e+07 6.33235e+07 3.50034e+07 6.39631e+06 0.00428151 -0.00380487 0.00124391 0.00494801 0.0564766
1 87 1 1.42795 0.490337 0.0099623 0.00501751 9.40787e+06 3.92535e+07 1.77531e+07 3.24409e+06 0 3.21165e+07 0 3.92535e+07 3.21165e+07 1.77531e+07 3.24409e+06 0.00827569 0.00122777 0.000224929 0.00807339 0.0548156
3 87 2 1.41465 0.761683 0.0105865 0.00712017 1.20178e+07 5.01432e+07 2.26781e+07 4.14407e+06 0 4.10262e+07 0 5.01432e+07 4.10262e+07 2.26781e+07 4.14407e+06 0.00519672 0.00129654 0.0022853 0.00872909 0.0503305
2 88 0 1.31651 0.980394 0.0105046 0.00863397 1.78571e+07 7.45072e+07 3.36972e+07 6.15762e+06 0 6.09605e+07 0 7.45072e+07 6.09605e+07 3.36972e+07 6.15762e+06 0.00378453 -0.00176595 0.00273798 0.00568616 0.0469976
10 88 1 1.04055 0.845179 0.00883614 0.0079762 1.08168e+07 4.51322e+07 2.04118e+07 3.72993e+06 0 3.69263e+07 0 4.51322e+07 3.69263e+07 2.04118e+07 3.72993e+06 0.00582874 0.00124787 0.00288386 0.00974973 0.048596
3 88 2 1.41465 0.761683 0.0105865 0.00712017 1.20178e+07 5.01432e+07 2.26781e+07 4.14407e+06 0 4.10262e+07 0 5.01432e+07 4.10262e+07 2.26781e+07 4.14407e+06 0.00519672 0.00129654 0.0022853 0.00872909 0.0503305
12 89 0 0.923395 0.26671 0.00606446 0.0033171 5.54199e+06 2.31235e+07 1.0458e+07 1.91103e+06 0 1.89192e+07 0 2.31235e+07 1.89192e+07 1.0458e+07 1.91103e+06 0.0119888 0.00286142 0.00946982 0.0105861 0.0688559
11 89 1 1 1.92501e-24 6.73846e-27 3.1292e-26 1.00206e+07 4.18102e+07 1.89094e+07 3.45539e+06 0 3.42084e+07 0 4.18102e+07 3.42084e+07 1.89094e+07 3.45539e+06 0.00861778 -0.0437781 0.0503065 -0.00129521 0.0805296
4 89 2 1.21888 0.102539 0.00910598 -0.00214284 396349 1.65373e+06 747928 136672 0 1.35305e+06 0 1.65373e+06 1.35305e+06 747928 136672 0.0341416 -0.000276439 0.0360279 0.0535393 0.0643068
20 90 0 0.81595 0.571333 0.0067227 0.00535778 1.35313e+07 5.6458e+07 2.55341e+07 4.66595e+06 0 4.61929e+07 0 5.6458e+07 4.61929e+07 2.55341e+07 4.66595e+06 0.00637291 0.00565725 0.00284225 0.00618465 0.0574363
12 90 1 0.923395 0.26671 0.00606446 0.0033171 5.54199e+06 2.31235e+07 1.0458e+07 1.91103e+06 0 1.89192e+07 0 2.31235e+07 1.89192e+07 1.0458e+07 1.91103e+06 0.0119888 0.00286142 0.00946982 0.0105861 0.0688559
9 90 2 1.16065 0.480115 0.00848505 0.00494655 1.85493e+07 7.73954e+07 3.50034e+07 6.39631e+06 0 6.33235e+07 0 7.73954e+07 6.33235e+07 3.50034e+07 6.39631e+06 0.00428151 -0.00380487 0.00124391 0.00494801 0.0564766
20 91 0 0.81595 0.571333 0.0067227 0.00535778 1.35313e+07 5.6458e+07 2.55341e+07 4.66595e+06 0 4.61929e+07 0 5.6458e+07 4.61929e+07 2.55341e+07 4.66595e+06 0.00637291 0.00565725 0.00284225 0.00618465 0.0574363
29 91 1 0.466761 0.575244 0.00516636 0.00536419 1.94609e+07 8.11988e+07 3.67235e+07 6.71065e+06 0 6.64354e+07 0 8.11988e+07 6.64354e+07 3.67235e+07 6.71065e+06 0.00255913 -0.00555037 -0.00123578 0.00663564 0.0599897
23 91 2 0.61546 0.292649 0.00423891 0.00292533 1.96404e+07 8.19478e+07 3.70623e+07 6.77255e+06 0 6.70482e+07 0 8.19478e+07 6.70482e+07 3.70623e+07 6.77255e+06 0.00271224 0.000511683 0.00963999 0.0073358 0.0736517
10 92 0 1.04055 0.845179 0.00883614 0.0079762 1.08168e+07 4.51322e+07 2.04118e+07 3.72993e+06 0 3.69263e+07 0 4.51322e+07 3.69263e+07 2.04118e+07 3.72993e+06 0.00582874 0.00124787 0.00288386 0.00974973 0.048596
20 92 1 0.81595 0.571333 0.0067227 0.00535778 1.35313e+07 5.6458e+07 2.55341e+07 4.66595e+06 0 4.61929e+07 0 5.6458e+07 4.61929e+07 2.55341e+07 4.66595e+06 0.00637291 0.00565725 0.00284225 0.00618465 0.0574363
9 92 2 1.16065 0.480115 0.00848505 0.00494655 1.85493e+07 7.73954e+07 3.50034e+07 6.39631e+06 0 6.33235e+07 0 7.73954e+07 6.33235e+07 3.50034e+07 6.39631e+06 0.00428151 -0.00380487 0.00124391 0.00494801 0.0564766
5 93 0 1.2142 1.19718 0.0106214 0.0103398 1.53798e+07 6.41707e+07 2.90223e+07 5.30336e+06 0 5.25033e+07 0 6.41707e+07 5.25033e+07 2.90223e+07 5.30336e+06 0.00321949 -0.00706182 0.00670376 0.00568585 0.0439349
10 93 1 1.04055 0.845179 0.00883614 0.0079762 1.08168e+07 4.51322e+07 2.04118e+07 3.72993e+06 0 3.69263e+07 0 4.51322e+07 3.69263e+07 2.04118e+07 3.72993e+06 0.00582874 0.00124787 0.00288386 0.00974973 0.048596
2 93 2 1.31651 0.980394 0.0105046 0.00863397 1.78571e+07 7.45072e+07 3.36972e+07 6.15762e+06 0 6.09605e+07 0 7.45072e+07 6.09605e+07 3.36972e+07 6.15762e+06 0.00378453 -0.00176595 0.00273798 0.00568616 0.0469976
14 94 0 0.840247 1.13834 0.00765441 0.0114852 5.93656e+06 2.47698e+07 1.12026e+07 2.04709e+06 0 2.02662e+07 0 2.47698e+07 2.02662e+07 1.12026e+07 2.04709e+06 0.0123829 0.00511587 0.00120392 0.00973504 0.0432106
21 94 1 0.644959 0.865404 0.00562585 0.00773602 6.31505e+06 2.6349e+07 1.19168e+07 2.1776e+06 0 2.15583e+07 0 2.6349e+07 2.15583e+07 1.19168e+07 2.1776e+06 0.00697343 -0.00241195 -0.00127896 0.0137409 0.0489953
10 94 2 1.04055 0.845179 0.00883614 0.0079762 1.08168e+07 4.51322e+07 2.04118e+07 3.72993e+06 0 3.69263e+07 0 4.51322e+07 3.69263e+07 2.04118e+07 3.72993e+06 0.00582874 0.00124787 0.00288386 0.00974973 0.048596
6 95 0 0.987118 1.46812 0.0107621 0.0152661 7.25663e+06 3.02777e+07 1.36936e+07 2.50229e+06 0 2.47726e+07 0 3.02777e+07 2.47726e+07 1.36936e+07 2.50229e+06 0.00926916 -0.0126755 0.00480139 0.0141358 0.0401901
14 95 1 0.840247 1.13834 0.00765441 0.0114852 5.93656e+06 2.47698e+07 1.12026e+07 2.04709e+06 0 2.02662e+07 0 2.47698e+07 2.02662e+07 1.12026e+07 2.04709e+06 0.0123829 0.00511587 0.00120392 0.00973504 0.0432106
5 95 2 1.2142 1.19718 0.0106214 0.0103398 1.53798e+07 6.41707e+07 2.90223e+07 5.30336e+06 0 5.25033e+07 0 6.41707e+07 5.25033e+07 2.90223e+07 5.30336e+06 0.00321949 -0.00706182 0.00670376 0.00568585 0.0439349
21 96 0 0.644959 0.865404 0.00562585 0.00773602 6.31505e+06 2.6349e+07 1.19168e+07 2.1776e+06 0 2.15583e+07 0 2.6349e+07 2.15583e+07 1.19168e+07 2.1776e+06 0.00697343 -0.00241195 -0.00127896 0.0137409 0.0489953
29 96 1 0.466761 0.575244 0.00516636 0.00536419 1.94609e+07 8.11988e+07 3.67235e+07 6.71065e+06 0 6.64354e+07 0 8.11988e+07 6.64354e+07 3.67235e+07 6.71065e+06 0.00255913 -0.00555037 -0.00123578 0.00663564 0.0599897
20 96 2 0.81595 0.571333 0.0067227 0.00535778 1.35313e+07 5.6458e+07 2.55341e+07 4.66595e+06 0 4.61929e+07 0 5.6458e+07 4.61929e+07 2.55341e+07 4.66595e+06 0.00637291 0.00565725 0.00284225 0.00618465 0.0574363
24 97 0 0.427509 1.16224 0.0049177 0.0108037 2.1718e+07 9.06165e+07 4.09829e+07 7.48897e+06 0 7.41408e+07 0 9.06165e+07 7.41408e+07 4.09829e+07 7.48897e+06 0.00225397 0.000426186 0.00326726 0.00547366 0.0423674
21 97 1 0.644959 0.865404 0.00562585 0.00773602 6.31505e+06 2.6349e+07 1.19168e+07 2.1776e+06 0 2.15583e+07 0 2.6349e+07 2.15583e+07 1.19168e+07 2.1776e+06 0.00697343 -0.00241195 -0.00127896 0.0137409 0.0489953
14 97 2 0.840247 1.13834 0.00765441 0.0114852 5.93656e+06 2.47698e+07 1.12026e+07 2.04709e+06 0 2.02662e+07 0 2.47698e+07 2.02662e+07 1.12026e+07 2.04709e+06 0.0123829 0.00511587 0.00120392 0.00973504 0.0432106
24 98 0 0.427509 1.16224 0.0049177 0.0108037 2.1718e+07 9.06165e+07 4.09829e+07 7.48897e+06 0 7.41408e+07 0 9.06165e+07 7.41408e+07 4.09829e+07 7.48897e+06 0.00225397 0.000426186 0.00326726 0.00547366 0.0423674
30 98 1 0.270746 0.836613 0.00391648 0.00847272 1.61177e+07 6.72495e+07 3.04147e+07 5.55781e+06 0 5.50223e+07 0 6.72495e+07 5.50223e+07 3.04147e+07 5.55781e+06 0.00220412 -0.00337204 0.000735993 0.0102614 0.0506809
21 98 2 0.644959 0.865404 0.00562585 0.00773602 6.31505e+06 2.6349e+07 1.19168e+07 2.1776e+06 0 2.15583e+07 0 2.6349e+07 2.15583e+07 1.19168e+07 2.1776e+06 0.00697343 -0.00241195 -0.00127896 0.0137409 0.0489953
