Index_Vertex nbTriangle nbInTr x y ux uy Elast AR BR IR GR ER FR A1 A2 B12 C3 Defxx Defxy Defyx Defyy Density 
34 0 0 -0.377419 1.73163 -0.00205731 0.016576 9.94338e+06 4.14879e+07 1.87636e+07 3.42875e+06 0 3.39446e+07 0 4.14879e+07 3.39446e+07 1.87636e+07 3.42875e+06 0.00846831 0.008652 0.00224599 0.00870383 0.0323211
33 0 1 -0.0758402 1.76813 -0.000147091 0.0174529 1.82195e+07 7.60191e+07 3.4381e+07 6.28257e+06 0 6.21975e+07 0 7.60191e+07 6.21975e+07 3.4381e+07 6.28257e+06 0.00341526 -0.00652654 -0.00185047 0.00514543 0.0320664
26 0 2 -0.329473 2.05103 -0.00212327 0.0216069 3.14507e+06 1.31225e+07 5.93489e+06 1.08451e+06 0 1.07366e+07 0 1.31225e+07 1.07366e+07 5.93489e+06 1.08451e+06 0.0129247 -0.00857175 -0.000220652 0.0159342 0.0312792
35 1 0 -0.672214 1.89307 -0.00411215 0.0169654 1.40769e+07 5.87346e+07 2.65637e+07 4.8541e+06 0 4.80556e+07 0 5.87346e+07 4.80556e+07 2.65637e+07 4.8541e+06 0.00455546 -0.00548206 -0.00398404 0.00710021 0.0323775
34 1 1 -0.377419 1.73163 -0.00205731 0.016576 9.94338e+06 4.14879e+07 1.87636e+07 3.42875e+06 0 3.39446e+07 0 4.14879e+07 3.39446e+07 1.87636e+07 3.42875e+06 0.00846831 0.008652 0.00224599 0.00870383 0.0323211
26 1 2 -0.329473 2.05103 -0.00212327 0.0216069 3.14507e+06 1.31225e+07 5.93489e+06 1.08451e+06 0 1.07366e+07 0 1.31225e+07 1.07366e+07 5.93489e+06 1.08451e+06 0.0129247 -0.00857175 -0.000220652 0.0159342 0.0312792
42 2 0 -0.603248 1.53627 -0.00379046 0.0142807 1.73453e+07 7.23718e+07 3.27314e+07 5.98114e+06 0 5.92133e+07 0 7.23718e+07 5.92133e+07 3.27314e+07 5.98114e+06 0.0038761 -0.000473895 0.00381059 0.00679743 0.0341249
41 2 1 -0.206842 1.42789 -0.00200532 0.0145948 5.4434e+06 2.27121e+07 1.02719e+07 1.87703e+06 0 1.85826e+07 0 2.27121e+07 1.85826e+07 1.02719e+07 1.87703e+06 0.0107188 0.00319113 0.00733144 0.0129388 0.0350972
34 2 2 -0.377419 1.73163 -0.00205731 0.016576 9.94338e+06 4.14879e+07 1.87636e+07 3.42875e+06 0 3.39446e+07 0 4.14879e+07 3.39446e+07 1.87636e+07 3.42875e+06 0.00846831 0.008652 0.00224599 0.00870383 0.0323211
67 3 0 -1.46303 0.215938 -0.010851 -0.00243656 5.32232e+06 2.22069e+07 1.00435e+07 1.83528e+06 0 1.81693e+07 0 2.22069e+07 1.81693e+07 1.00435e+07 1.83528e+06 0.00961231 -0.0121991 -0.0270208 0.0218807 0.0535922
65 3 1 -1.23682 0.096594 -0.00530084 -0.00459299 9.98763e+06 4.16725e+07 1.88471e+07 3.44401e+06 0 3.40957e+07 0 4.16725e+07 3.40957e+07 1.88471e+07 3.44401e+06 0.00783443 0.0242063 -0.0256014 0.00736147 0.0591892
64 3 2 -1.20867 0.45286 -0.0115148 0.00199869 2.15432e+06 8.98873e+06 4.0653e+06 742870 0 7.35441e+06 0 8.98873e+06 7.35441e+06 4.0653e+06 742870 0.0189205 0.0134412 -0.0113964 0.0266679 0.0524171
63 4 0 -1.49714 0.680123 -0.0156502 0.00583157 3.25658e+06 1.35878e+07 6.1453e+06 1.12296e+06 0 1.11173e+07 0 1.35878e+07 1.11173e+07 6.1453e+06 1.12296e+06 0.0137465 0.0125848 0.0331452 0.0291029 0.0472738
66 4 1 -1.482 0.447889 -0.0143656 0.00106418 1.47819e+07 6.16762e+07 2.78941e+07 5.09721e+06 0 5.04624e+07 0 6.16762e+07 5.04624e+07 2.78941e+07 5.09721e+06 -0.00067977 0.000198041 -0.00255331 0.00732258 0.050629
64 4 2 -1.20867 0.45286 -0.0115148 0.00199869 2.15432e+06 8.98873e+06 4.0653e+06 742870 0 7.35441e+06 0 8.98873e+06 7.35441e+06 4.0653e+06 742870 0.0189205 0.0134412 -0.0113964 0.0266679 0.0524171
64 5 0 -1.20867 0.45286 -0.0115148 0.00199869 2.15432e+06 8.98873e+06 4.0653e+06 742870 0 7.35441e+06 0 8.98873e+06 7.35441e+06 4.0653e+06 742870 0.0189205 0.0134412 -0.0113964 0.0266679 0.0524171
66 5 1 -1.482 0.447889 -0.0143656 0.00106418 1.47819e+07 6.16762e+07 2.78941e+07 5.09721e+06 0 5.04624e+07 0 6.16762e+07 5.04624e+07 2.78941e+07 5.09721e+06 -0.00067977 0.000198041 -0.00255331 0.00732258 0.050629
67 5 2 -1.46303 0.215938 -0.010851 -0.00243656 5.32232e+06 2.22069e+07 1.00435e+07 1.83528e+06 0 1.81693e+07 0 2.22069e+07 1.81693e+07 1.00435e+07 1.83528e+06 0.00961231 -0.0121991 -0.0270208 0.0218807 0.0535922
61 6 0 -0.935375 0.261425 -0.00570834 0.00224574 9.32143e+06 3.88928e+07 1.759e+07 3.21428e+06 0 3.18214e+07 0 3.88928e+07 3.18214e+07 1.759e+07 3.21428e+06 0.00737075 -0.000294008 -0.0131515 0.0101837 0.0649828
62 6 1 -1 2.07423e-24 -1.06783e-26 2.40615e-26 1.18988e+07 4.96469e+07 2.24537e+07 4.10305e+06 0 4.06202e+07 0 4.96469e+07 4.06202e+07 2.24537e+07 4.10305e+06 0.0111105 0.0258708 -0.0379744 0.00172458 0.0764511
55 6 2 -0.714286 3.42657e-24 -9.81688e-27 5.8839e-26 1.99252e+07 8.31362e+07 3.75997e+07 6.87076e+06 0 6.80205e+07 0 8.31362e+07 6.80205e+07 3.75997e+07 6.87076e+06 0.000867968 0.000477096 -0.0222903 0.0084375 0.0913766
54 7 0 -0.607826 0.327277 -0.00496111 0.00304066 1.68391e+07 7.02598e+07 3.17762e+07 5.8066e+06 0 5.74853e+07 0 7.02598e+07 5.74853e+07 3.17762e+07 5.8066e+06 0.00209055 0.00136906 -0.0112151 0.00861144 0.068678
53 7 1 -0.638218 0.600739 -0.0062801 0.00634029 9.99843e+06 4.17176e+07 1.88675e+07 3.44773e+06 0 3.41326e+07 0 4.17176e+07 3.41326e+07 1.88675e+07 3.44773e+06 0.00325239 -0.000109228 0.00177667 0.0150724 0.0546671
59 7 2 -0.894883 0.562705 -0.00751245 0.00611979 7.14661e+06 2.98186e+07 1.3486e+07 2.46435e+06 0 2.43971e+07 0 2.98186e+07 2.43971e+07 1.3486e+07 2.46435e+06 0.00727466 -0.000600051 8.86358e-05 0.0155381 0.0533871
48 8 0 -0.428571 3.26569e-24 -9.15288e-28 4.99977e-26 1.67105e+07 6.9723e+07 3.15334e+07 5.76223e+06 0 5.70461e+07 0 6.9723e+07 5.70461e+07 3.15334e+07 5.76223e+06 5.66348e-18 -4.76363e-18 -0.0195679 0.00579466 0.0969613
54 8 1 -0.607826 0.327277 -0.00496111 0.00304066 1.68391e+07 7.02598e+07 3.17762e+07 5.8066e+06 0 5.74853e+07 0 7.02598e+07 5.74853e+07 3.17762e+07 5.8066e+06 0.00209055 0.00136906 -0.0112151 0.00861144 0.068678
55 8 2 -0.714286 3.42657e-24 -9.81688e-27 5.8839e-26 1.99252e+07 8.31362e+07 3.75997e+07 6.87076e+06 0 6.80205e+07 0 8.31362e+07 6.80205e+07 3.75997e+07 6.87076e+06 0.000867968 0.000477096 -0.0222903 0.0084375 0.0913766
47 9 0 -0.298081 0.306214 -0.00192432 0.00262732 532042 2.2199e+06 1.00399e+06 183463 0 1.81628e+06 0 2.2199e+06 1.81628e+06 1.00399e+06 183463 0.0209639 0.00154419 -0.0047129 0.00976945 0.0731072
38 9 1 0.0171628 0.286204 0.00118917 0.00191878 2.23709e+07 9.33408e+07 4.22149e+07 7.71411e+06 0 7.63697e+07 0 9.33408e+07 7.63697e+07 4.22149e+07 7.71411e+06 0.00203865 -0.00202899 0.0055356 0.00535627 0.0753222
39 9 2 -0.118847 0.546569 0.000155446 0.0057129 4.05211e+06 1.69071e+07 7.64651e+06 1.39728e+06 0 1.3833e+07 0 1.69071e+07 1.3833e+07 7.64651e+06 1.39728e+06 0.00935132 -0.0151389 -0.00870023 0.0201084 0.0599061
48 10 0 -0.428571 3.26569e-24 -9.15288e-28 4.99977e-26 1.67105e+07 6.9723e+07 3.15334e+07 5.76223e+06 0 5.70461e+07 0 6.9723e+07 5.70461e+07 3.15334e+07 5.76223e+06 5.66348e-18 -4.76363e-18 -0.0195679 0.00579466 0.0969613
47 10 1 -0.298081 0.306214 -0.00192432 0.00262732 532042 2.2199e+06 1.00399e+06 183463 0 1.81628e+06 0 2.2199e+06 1.81628e+06 1.00399e+06 183463 0.0209639 0.00154419 -0.0047129 0.00976945 0.0731072
54 10 2 -0.607826 0.327277 -0.00496111 0.00304066 1.68391e+07 7.02598e+07 3.17762e+07 5.8066e+06 0 5.74853e+07 0 7.02598e+07 5.74853e+07 3.17762e+07 5.8066e+06 0.00209055 0.00136906 -0.0112151 0.00861144 0.068678
48 11 0 -0.428571 3.26569e-24 -9.15288e-28 4.99977e-26 1.67105e+07 6.9723e+07 3.15334e+07 5.76223e+06 0 5.70461e+07 0 6.9723e+07 5.70461e+07 3.15334e+07 5.76223e+06 5.66348e-18 -4.76363e-18 -0.0195679 0.00579466 0.0969613
40 11 1 -0.142857 3.24421e-24 8.00442e-28 3.85876e-26 1.06766e+07 4.45472e+07 2.01472e+07 3.68159e+06 0 3.64477e+07 0 4.45472e+07 3.64477e+07 2.01472e+07 3.68159e+06 0.00152751 0.00252077 0.00354559 0.00945119 0.099053
47 11 2 -0.298081 0.306214 -0.00192432 0.00262732 532042 2.2199e+06 1.00399e+06 183463 0 1.81628e+06 0 2.2199e+06 1.81628e+06 1.00399e+06 183463 0.0209639 0.00154419 -0.0047129 0.00976945 0.0731072
59 12 0 -0.894883 0.562705 -0.00751245 0.00611979 7.14661e+06 2.98186e+07 1.3486e+07 2.46435e+06 0 2.43971e+07 0 2.98186e+07 2.43971e+07 1.3486e+07 2.46435e+06 0.00727466 -0.000600051 8.86358e-05 0.0155381 0.0533871
64 12 1 -1.20867 0.45286 -0.0115148 0.00199869 2.15432e+06 8.98873e+06 4.0653e+06 742870 0 7.35441e+06 0 8.98873e+06 7.35441e+06 4.0653e+06 742870 0.0189205 0.0134412 -0.0113964 0.0266679 0.0524171
61 12 2 -0.935375 0.261425 -0.00570834 0.00224574 9.32143e+06 3.88928e+07 1.759e+07 3.21428e+06 0 3.18214e+07 0 3.88928e+07 3.18214e+07 1.759e+07 3.21428e+06 0.00737075 -0.000294008 -0.0131515 0.0101837 0.0649828
63 13 0 -1.49714 0.680123 -0.0156502 0.00583157 3.25658e+06 1.35878e+07 6.1453e+06 1.12296e+06 0 1.11173e+07 0 1.35878e+07 1.11173e+07 6.1453e+06 1.12296e+06 0.0137465 0.0125848 0.0331452 0.0291029 0.0472738
64 13 1 -1.20867 0.45286 -0.0115148 0.00199869 2.15432e+06 8.98873e+06 4.0653e+06 742870 0 7.35441e+06 0 8.98873e+06 7.35441e+06 4.0653e+06 742870 0.0189205 0.0134412 -0.0113964 0.0266679 0.0524171
60 13 2 -1.11692 0.804433 -0.0085189 0.00992205 6.74814e+06 2.81561e+07 1.27341e+07 2.32695e+06 0 2.30368e+07 0 2.81561e+07 2.30368e+07 1.27341e+07 2.32695e+06 0.00942233 -0.00303477 0.00692124 0.0125821 0.045493
65 14 0 -1.23682 0.096594 -0.00530084 -0.00459299 9.98763e+06 4.16725e+07 1.88471e+07 3.44401e+06 0 3.40957e+07 0 4.16725e+07 3.40957e+07 1.88471e+07 3.44401e+06 0.00783443 0.0242063 -0.0256014 0.00736147 0.0591892
62 14 1 -1 2.07423e-24 -1.06783e-26 2.40615e-26 1.18988e+07 4.96469e+07 2.24537e+07 4.10305e+06 0 4.06202e+07 0 4.96469e+07 4.06202e+07 2.24537e+07 4.10305e+06 0.0111105 0.0258708 -0.0379744 0.00172458 0.0764511
61 14 2 -0.935375 0.261425 -0.00570834 0.00224574 9.32143e+06 3.88928e+07 1.759e+07 3.21428e+06 0 3.18214e+07 0 3.88928e+07 3.18214e+07 1.759e+07 3.21428e+06 0.00737075 -0.000294008 -0.0131515 0.0101837 0.0649828
54 15 0 -0.607826 0.327277 -0.00496111 0.00304066 1.68391e+07 7.02598e+07 3.17762e+07 5.8066e+06 0 5.74853e+07 0 7.02598e+07 5.74853e+07 3.17762e+07 5.8066e+06 0.00209055 0.00136906 -0.0112151 0.00861144 0.068678
61 15 1 -0.935375 0.261425 -0.00570834 0.00224574 9.32143e+06 3.88928e+07 1.759e+07 3.21428e+06 0 3.18214e+07 0 3.88928e+07 3.18214e+07 1.759e+07 3.21428e+06 0.00737075 -0.000294008 -0.0131515 0.0101837 0.0649828
55 15 2 -0.714286 3.42657e-24 -9.81688e-27 5.8839e-26 1.99252e+07 8.31362e+07 3.75997e+07 6.87076e+06 0 6.80205e+07 0 8.31362e+07 6.80205e+07 3.75997e+07 6.87076e+06 0.000867968 0.000477096 -0.0222903 0.0084375 0.0913766
46 16 0 -0.387949 0.667329 -0.00450224 0.00939128 4.88291e+06 2.03735e+07 9.21427e+06 1.68376e+06 0 1.66692e+07 0 2.03735e+07 1.66692e+07 9.21427e+06 1.68376e+06 0.0108952 0.00445021 0.00221808 0.0119245 0.0535908
45 16 1 -0.333132 1.03961 -0.00354544 0.0120558 2.41748e+07 1.00867e+08 4.5619e+07 8.33615e+06 0 8.25279e+07 0 1.00867e+08 8.25279e+07 4.5619e+07 8.33615e+06 0.00355652 -0.000251168 0.00115601 0.00126574 0.0419498
52 16 2 -0.712694 0.868846 -0.00548565 0.00922629 1.60788e+07 6.70873e+07 3.03414e+07 5.54441e+06 0 5.48896e+07 0 6.70873e+07 5.48896e+07 3.03414e+07 5.54441e+06 0.0040307 -0.00203304 0.00187657 0.00835536 0.0454319
54 17 0 -0.607826 0.327277 -0.00496111 0.00304066 1.68391e+07 7.02598e+07 3.17762e+07 5.8066e+06 0 5.74853e+07 0 7.02598e+07 5.74853e+07 3.17762e+07 5.8066e+06 0.00209055 0.00136906 -0.0112151 0.00861144 0.068678
46 17 1 -0.387949 0.667329 -0.00450224 0.00939128 4.88291e+06 2.03735e+07 9.21427e+06 1.68376e+06 0 1.66692e+07 0 2.03735e+07 1.66692e+07 9.21427e+06 1.68376e+06 0.0108952 0.00445021 0.00221808 0.0119245 0.0535908
53 17 2 -0.638218 0.600739 -0.0062801 0.00634029 9.99843e+06 4.17176e+07 1.88675e+07 3.44773e+06 0 3.41326e+07 0 4.17176e+07 3.41326e+07 1.88675e+07 3.44773e+06 0.00325239 -0.000109228 0.00177667 0.0150724 0.0546671
39 18 0 -0.118847 0.546569 0.000155446 0.0057129 4.05211e+06 1.69071e+07 7.64651e+06 1.39728e+06 0 1.3833e+07 0 1.69071e+07 1.3833e+07 7.64651e+06 1.39728e+06 0.00935132 -0.0151389 -0.00870023 0.0201084 0.0599061
37 18 1 -0.0547187 0.838991 -0.00138956 0.00930417 7.51761e+06 3.13666e+07 1.41861e+07 2.59228e+06 0 2.56636e+07 0 3.13666e+07 2.56636e+07 1.41861e+07 2.59228e+06 0.00872867 -0.0133118 -0.00790567 0.0123419 0.0483597
46 18 2 -0.387949 0.667329 -0.00450224 0.00939128 4.88291e+06 2.03735e+07 9.21427e+06 1.68376e+06 0 1.66692e+07 0 2.03735e+07 1.66692e+07 9.21427e+06 1.68376e+06 0.0108952 0.00445021 0.00221808 0.0119245 0.0535908
60 19 0 -1.11692 0.804433 -0.0085189 0.00992205 6.74814e+06 2.81561e+07 1.27341e+07 2.32695e+06 0 2.30368e+07 0 2.81561e+07 2.30368e+07 1.27341e+07 2.32695e+06 0.00942233 -0.00303477 0.00692124 0.0125821 0.045493
64 19 1 -1.20867 0.45286 -0.0115148 0.00199869 2.15432e+06 8.98873e+06 4.0653e+06 742870 0 7.35441e+06 0 8.98873e+06 7.35441e+06 4.0653e+06 742870 0.0189205 0.0134412 -0.0113964 0.0266679 0.0524171
59 19 2 -0.894883 0.562705 -0.00751245 0.00611979 7.14661e+06 2.98186e+07 1.3486e+07 2.46435e+06 0 2.43971e+07 0 2.98186e+07 2.43971e+07 1.3486e+07 2.46435e+06 0.00727466 -0.000600051 8.86358e-05 0.0155381 0.0533871
46 20 0 -0.387949 0.667329 -0.00450224 0.00939128 4.88291e+06 2.03735e+07 9.21427e+06 1.68376e+06 0 1.66692e+07 0 2.03735e+07 1.66692e+07 9.21427e+06 1.68376e+06 0.0108952 0.00445021 0.00221808 0.0119245 0.0535908
52 20 1 -0.712694 0.868846 -0.00548565 0.00922629 1.60788e+07 6.70873e+07 3.03414e+07 5.54441e+06 0 5.48896e+07 0 6.70873e+07 5.48896e+07 3.03414e+07 5.54441e+06 0.0040307 -0.00203304 0.00187657 0.00835536 0.0454319
53 20 2 -0.638218 0.600739 -0.0062801 0.00634029 9.99843e+06 4.17176e+07 1.88675e+07 3.44773e+06 0 3.41326e+07 0 4.17176e+07 3.41326e+07 1.88675e+07 3.44773e+06 0.00325239 -0.000109228 0.00177667 0.0150724 0.0546671
36 21 0 0.0525139 1.15494 -0.000630725 0.0116592 9.48078e+06 3.95578e+07 1.78907e+07 3.26924e+06 0 3.23654e+07 0 3.95578e+07 3.23654e+07 1.78907e+07 3.26924e+06 0.00820384 -0.00349288 0.00446208 0.00981753 0.0400694
45 21 1 -0.333132 1.03961 -0.00354544 0.0120558 2.41748e+07 1.00867e+08 4.5619e+07 8.33615e+06 0 8.25279e+07 0 1.00867e+08 8.25279e+07 4.5619e+07 8.33615e+06 0.00355652 -0.000251168 0.00115601 0.00126574 0.0419498
37 21 2 -0.0547187 0.838991 -0.00138956 0.00930417 7.51761e+06 3.13666e+07 1.41861e+07 2.59228e+06 0 2.56636e+07 0 3.13666e+07 2.56636e+07 1.41861e+07 2.59228e+06 0.00872867 -0.0133118 -0.00790567 0.0123419 0.0483597
44 22 0 -0.434262 1.30673 -0.00344638 0.0128956 3.2104e+07 1.33951e+08 6.05817e+07 1.10703e+07 0 1.09596e+08 0 1.33951e+08 1.09596e+08 6.05817e+07 1.10703e+07 0.00161677 -0.000361075 0.00168893 0.00319948 0.0366894
50 22 1 -0.658525 1.18074 -0.00445306 0.0117175 1.51346e+07 6.31477e+07 2.85596e+07 5.21882e+06 0 5.16663e+07 0 6.31477e+07 5.16663e+07 2.85596e+07 5.21882e+06 0.00435199 0.00464324 0.00319365 0.00717715 0.0387946
45 22 2 -0.333132 1.03961 -0.00354544 0.0120558 2.41748e+07 1.00867e+08 4.5619e+07 8.33615e+06 0 8.25279e+07 0 1.00867e+08 8.25279e+07 4.5619e+07 8.33615e+06 0.00355652 -0.000251168 0.00115601 0.00126574 0.0419498
45 23 0 -0.333132 1.03961 -0.00354544 0.0120558 2.41748e+07 1.00867e+08 4.5619e+07 8.33615e+06 0 8.25279e+07 0 1.00867e+08 8.25279e+07 4.5619e+07 8.33615e+06 0.00355652 -0.000251168 0.00115601 0.00126574 0.0419498
50 23 1 -0.658525 1.18074 -0.00445306 0.0117175 1.51346e+07 6.31477e+07 2.85596e+07 5.21882e+06 0 5.16663e+07 0 6.31477e+07 5.16663e+07 2.85596e+07 5.21882e+06 0.00435199 0.00464324 0.00319365 0.00717715 0.0387946
52 23 2 -0.712694 0.868846 -0.00548565 0.00922629 1.60788e+07 6.70873e+07 3.03414e+07 5.54441e+06 0 5.48896e+07 0 6.70873e+07 5.48896e+07 3.03414e+07 5.54441e+06 0.0040307 -0.00203304 0.00187657 0.00835536 0.0454319
42 24 0 -0.603248 1.53627 -0.00379046 0.0142807 1.73453e+07 7.23718e+07 3.27314e+07 5.98114e+06 0 5.92133e+07 0 7.23718e+07 5.92133e+07 3.27314e+07 5.98114e+06 0.0038761 -0.000473895 0.00381059 0.00679743 0.0341249
44 24 1 -0.434262 1.30673 -0.00344638 0.0128956 3.2104e+07 1.33951e+08 6.05817e+07 1.10703e+07 0 1.09596e+08 0 1.33951e+08 1.09596e+08 6.05817e+07 1.10703e+07 0.00161677 -0.000361075 0.00168893 0.00319948 0.0366894
41 24 2 -0.206842 1.42789 -0.00200532 0.0145948 5.4434e+06 2.27121e+07 1.02719e+07 1.87703e+06 0 1.85826e+07 0 2.27121e+07 1.85826e+07 1.02719e+07 1.87703e+06 0.0107188 0.00319113 0.00733144 0.0129388 0.0350972
42 25 0 -0.603248 1.53627 -0.00379046 0.0142807 1.73453e+07 7.23718e+07 3.27314e+07 5.98114e+06 0 5.92133e+07 0 7.23718e+07 5.92133e+07 3.27314e+07 5.98114e+06 0.0038761 -0.000473895 0.00381059 0.00679743 0.0341249
50 25 1 -0.658525 1.18074 -0.00445306 0.0117175 1.51346e+07 6.31477e+07 2.85596e+07 5.21882e+06 0 5.16663e+07 0 6.31477e+07 5.16663e+07 2.85596e+07 5.21882e+06 0.00435199 0.00464324 0.00319365 0.00717715 0.0387946
44 25 2 -0.434262 1.30673 -0.00344638 0.0128956 3.2104e+07 1.33951e+08 6.05817e+07 1.10703e+07 0 1.09596e+08 0 1.33951e+08 1.09596e+08 6.05817e+07 1.10703e+07 0.00161677 -0.000361075 0.00168893 0.00319948 0.0366894
49 26 0 -0.873777 1.38602 -0.00527367 0.013324 7.48443e+06 3.12281e+07 1.41235e+07 2.58084e+06 0 2.55503e+07 0 3.12281e+07 2.55503e+07 1.41235e+07 2.58084e+06 0.00775401 -0.00263292 -0.000412356 0.0135141 0.0363385
56 26 1 -0.97014 1.09996 -0.00602493 0.0115257 2.44997e+07 1.02223e+08 4.62321e+07 8.44818e+06 0 8.3637e+07 0 1.02223e+08 8.3637e+07 4.62321e+07 8.44818e+06 0.00229201 -0.0052404 0.00353819 0.00285144 0.0403209
50 26 2 -0.658525 1.18074 -0.00445306 0.0117175 1.51346e+07 6.31477e+07 2.85596e+07 5.21882e+06 0 5.16663e+07 0 6.31477e+07 5.16663e+07 2.85596e+07 5.21882e+06 0.00435199 0.00464324 0.00319365 0.00717715 0.0387946
54 27 0 -0.607826 0.327277 -0.00496111 0.00304066 1.68391e+07 7.02598e+07 3.17762e+07 5.8066e+06 0 5.74853e+07 0 7.02598e+07 5.74853e+07 3.17762e+07 5.8066e+06 0.00209055 0.00136906 -0.0112151 0.00861144 0.068678
47 27 1 -0.298081 0.306214 -0.00192432 0.00262732 532042 2.2199e+06 1.00399e+06 183463 0 1.81628e+06 0 2.2199e+06 1.81628e+06 1.00399e+06 183463 0.0209639 0.00154419 -0.0047129 0.00976945 0.0731072
46 27 2 -0.387949 0.667329 -0.00450224 0.00939128 4.88291e+06 2.03735e+07 9.21427e+06 1.68376e+06 0 1.66692e+07 0 2.03735e+07 1.66692e+07 9.21427e+06 1.68376e+06 0.0108952 0.00445021 0.00221808 0.0119245 0.0535908
58 28 0 -1.38513 0.910855 -0.00972976 0.0108216 1.35315e+07 5.64589e+07 2.55345e+07 4.66602e+06 0 4.61936e+07 0 5.64589e+07 4.61936e+07 2.55345e+07 4.66602e+06 0.00385483 0.00416645 0.00952888 0.00914442 0.0441257
63 28 1 -1.49714 0.680123 -0.0156502 0.00583157 3.25658e+06 1.35878e+07 6.1453e+06 1.12296e+06 0 1.11173e+07 0 1.35878e+07 1.11173e+07 6.1453e+06 1.12296e+06 0.0137465 0.0125848 0.0331452 0.0291029 0.0472738
60 28 2 -1.11692 0.804433 -0.0085189 0.00992205 6.74814e+06 2.81561e+07 1.27341e+07 2.32695e+06 0 2.30368e+07 0 2.81561e+07 2.30368e+07 1.27341e+07 2.32695e+06 0.00942233 -0.00303477 0.00692124 0.0125821 0.045493
60 29 0 -1.11692 0.804433 -0.0085189 0.00992205 6.74814e+06 2.81561e+07 1.27341e+07 2.32695e+06 0 2.30368e+07 0 2.81561e+07 2.30368e+07 1.27341e+07 2.32695e+06 0.00942233 -0.00303477 0.00692124 0.0125821 0.045493
56 29 1 -0.97014 1.09996 -0.00602493 0.0115257 2.44997e+07 1.02223e+08 4.62321e+07 8.44818e+06 0 8.3637e+07 0 1.02223e+08 8.3637e+07 4.62321e+07 8.44818e+06 0.00229201 -0.0052404 0.00353819 0.00285144 0.0403209
57 29 2 -1.2789 1.14431 -0.00748313 0.0133188 9.84401e+06 4.10733e+07 1.85761e+07 3.39449e+06 0 3.36054e+07 0 4.10733e+07 3.36054e+07 1.85761e+07 3.39449e+06 0.00760126 -0.00480507 -0.000421301 0.0080783 0.0405853
47 30 0 -0.298081 0.306214 -0.00192432 0.00262732 532042 2.2199e+06 1.00399e+06 183463 0 1.81628e+06 0 2.2199e+06 1.81628e+06 1.00399e+06 183463 0.0209639 0.00154419 -0.0047129 0.00976945 0.0731072
39 30 1 -0.118847 0.546569 0.000155446 0.0057129 4.05211e+06 1.69071e+07 7.64651e+06 1.39728e+06 0 1.3833e+07 0 1.69071e+07 1.3833e+07 7.64651e+06 1.39728e+06 0.00935132 -0.0151389 -0.00870023 0.0201084 0.0599061
46 30 2 -0.387949 0.667329 -0.00450224 0.00939128 4.88291e+06 2.03735e+07 9.21427e+06 1.68376e+06 0 1.66692e+07 0 2.03735e+07 1.66692e+07 9.21427e+06 1.68376e+06 0.0108952 0.00445021 0.00221808 0.0119245 0.0535908
20 31 0 0.428571 3.35997e-24 8.68657e-27 5.74996e-26 2.12904e+07 8.88323e+07 4.01759e+07 7.34151e+06 0 7.2681e+07 0 8.88323e+07 7.2681e+07 4.01759e+07 7.34151e+06 -1.52752e-25 7.13868e-25 0.0125447 0.00913428 0.0975034
29 31 1 0.320163 0.303341 0.00210846 0.00210244 1.61895e+07 6.75492e+07 3.05503e+07 5.58258e+06 0 5.52675e+07 0 6.75492e+07 5.52675e+07 3.05503e+07 5.58258e+06 0.00314523 0.00181293 0.00464542 0.00818885 0.0739194
31 31 2 0.142857 3.39572e-24 9.55525e-28 5.48106e-26 2.61023e+07 1.0891e+08 4.92562e+07 9.00079e+06 0 8.91078e+07 0 1.0891e+08 8.91078e+07 4.92562e+07 9.00079e+06 0.000236637 -0.000857266 0.00764477 0.00612257 0.099196
18 32 0 0.627212 0.305281 0.00296542 0.00239891 2.2702e+07 9.4722e+07 4.28396e+07 7.82827e+06 0 7.74998e+07 0 9.4722e+07 7.74998e+07 4.28396e+07 7.82827e+06 0.00238617 2.95633e-05 0.00334916 0.00583292 0.0704764
29 32 1 0.320163 0.303341 0.00210846 0.00210244 1.61895e+07 6.75492e+07 3.05503e+07 5.58258e+06 0 5.52675e+07 0 6.75492e+07 5.52675e+07 3.05503e+07 5.58258e+06 0.00314523 0.00181293 0.00464542 0.00818885 0.0739194
20 32 2 0.428571 3.35997e-24 8.68657e-27 5.74996e-26 2.12904e+07 8.88323e+07 4.01759e+07 7.34151e+06 0 7.2681e+07 0 8.88323e+07 7.2681e+07 4.01759e+07 7.34151e+06 -1.52752e-25 7.13868e-25 0.0125447 0.00913428 0.0975034
27 33 0 0.306613 0.902591 0.001212 0.00821282 7.74719e+06 3.23245e+07 1.46193e+07 2.67144e+06 0 2.64473e+07 0 3.23245e+07 2.64473e+07 1.46193e+07 2.67144e+06 0.00627732 -0.00348154 -0.00431846 0.0159769 0.0465776
19 33 1 0.498682 0.609149 0.00276957 0.00461395 1.9822e+07 8.27056e+07 3.7405e+07 6.83518e+06 0 6.76683e+07 0 8.27056e+07 6.76683e+07 3.7405e+07 6.83518e+06 0.00146126 -0.00156974 -0.00301082 0.00809452 0.0563069
16 33 2 0.678139 0.904198 0.00352816 0.00772207 8.13269e+06 3.3933e+07 1.53468e+07 2.80438e+06 0 2.77633e+07 0 3.3933e+07 2.77633e+07 1.53468e+07 2.80438e+06 0.00681491 0.000429195 -0.00622726 0.0123376 0.0455386
30 34 0 0.175268 0.591899 0.00171942 0.00443321 1.08891e+07 4.54337e+07 2.05481e+07 3.75485e+06 0 3.7173e+07 0 4.54337e+07 3.7173e+07 2.05481e+07 3.75485e+06 0.00499682 0.000563911 -0.00371406 0.00958681 0.0583365
29 34 1 0.320163 0.303341 0.00210846 0.00210244 1.61895e+07 6.75492e+07 3.05503e+07 5.58258e+06 0 5.52675e+07 0 6.75492e+07 5.52675e+07 3.05503e+07 5.58258e+06 0.00314523 0.00181293 0.00464542 0.00818885 0.0739194
19 34 2 0.498682 0.609149 0.00276957 0.00461395 1.9822e+07 8.27056e+07 3.7405e+07 6.83518e+06 0 6.76683e+07 0 8.27056e+07 6.76683e+07 3.7405e+07 6.83518e+06 0.00146126 -0.00156974 -0.00301082 0.00809452 0.0563069
41 35 0 -0.206842 1.42789 -0.00200532 0.0145948 5.4434e+06 2.27121e+07 1.02719e+07 1.87703e+06 0 1.85826e+07 0 2.27121e+07 1.85826e+07 1.02719e+07 1.87703e+06 0.0107188 0.00319113 0.00733144 0.0129388 0.0350972
44 35 1 -0.434262 1.30673 -0.00344638 0.0128956 3.2104e+07 1.33951e+08 6.05817e+07 1.10703e+07 0 1.09596e+08 0 1.33951e+08 1.09596e+08 6.05817e+07 1.10703e+07 0.00161677 -0.000361075 0.00168893 0.00319948 0.0366894
45 35 2 -0.333132 1.03961 -0.00354544 0.0120558 2.41748e+07 1.00867e+08 4.5619e+07 8.33615e+06 0 8.25279e+07 0 1.00867e+08 8.25279e+07 4.5619e+07 8.33615e+06 0.00355652 -0.000251168 0.00115601 0.00126574 0.0419498
38 36 0 0.0171628 0.286204 0.00118917 0.00191878 2.23709e+07 9.33408e+07 4.22149e+07 7.71411e+06 0 7.63697e+07 0 9.33408e+07 7.63697e+07 4.22149e+07 7.71411e+06 0.00203865 -0.00202899 0.0055356 0.00535627 0.0753222
40 36 1 -0.142857 3.24421e-24 8.00442e-28 3.85876e-26 1.06766e+07 4.45472e+07 2.01472e+07 3.68159e+06 0 3.64477e+07 0 4.45472e+07 3.64477e+07 2.01472e+07 3.68159e+06 0.00152751 0.00252077 0.00354559 0.00945119 0.099053
31 36 2 0.142857 3.39572e-24 9.55525e-28 5.48106e-26 2.61023e+07 1.0891e+08 4.92562e+07 9.00079e+06 0 8.91078e+07 0 1.0891e+08 8.91078e+07 4.92562e+07 9.00079e+06 0.000236637 -0.000857266 0.00764477 0.00612257 0.099196
61 37 0 -0.935375 0.261425 -0.00570834 0.00224574 9.32143e+06 3.88928e+07 1.759e+07 3.21428e+06 0 3.18214e+07 0 3.88928e+07 3.18214e+07 1.759e+07 3.21428e+06 0.00737075 -0.000294008 -0.0131515 0.0101837 0.0649828
64 37 1 -1.20867 0.45286 -0.0115148 0.00199869 2.15432e+06 8.98873e+06 4.0653e+06 742870 0 7.35441e+06 0 8.98873e+06 7.35441e+06 4.0653e+06 742870 0.0189205 0.0134412 -0.0113964 0.0266679 0.0524171
65 37 2 -1.23682 0.096594 -0.00530084 -0.00459299 9.98763e+06 4.16725e+07 1.88471e+07 3.44401e+06 0 3.40957e+07 0 4.16725e+07 3.40957e+07 1.88471e+07 3.44401e+06 0.00783443 0.0242063 -0.0256014 0.00736147 0.0591892
52 38 0 -0.712694 0.868846 -0.00548565 0.00922629 1.60788e+07 6.70873e+07 3.03414e+07 5.54441e+06 0 5.48896e+07 0 6.70873e+07 5.48896e+07 3.03414e+07 5.54441e+06 0.0040307 -0.00203304 0.00187657 0.00835536 0.0454319
56 38 1 -0.97014 1.09996 -0.00602493 0.0115257 2.44997e+07 1.02223e+08 4.62321e+07 8.44818e+06 0 8.3637e+07 0 1.02223e+08 8.3637e+07 4.62321e+07 8.44818e+06 0.00229201 -0.0052404 0.00353819 0.00285144 0.0403209
60 38 2 -1.11692 0.804433 -0.0085189 0.00992205 6.74814e+06 2.81561e+07 1.27341e+07 2.32695e+06 0 2.30368e+07 0 2.81561e+07 2.30368e+07 1.27341e+07 2.32695e+06 0.00942233 -0.00303477 0.00692124 0.0125821 0.045493
53 39 0 -0.638218 0.600739 -0.0062801 0.00634029 9.99843e+06 4.17176e+07 1.88675e+07 3.44773e+06 0 3.41326e+07 0 4.17176e+07 3.41326e+07 1.88675e+07 3.44773e+06 0.00325239 -0.000109228 0.00177667 0.0150724 0.0546671
52 39 1 -0.712694 0.868846 -0.00548565 0.00922629 1.60788e+07 6.70873e+07 3.03414e+07 5.54441e+06 0 5.48896e+07 0 6.70873e+07 5.48896e+07 3.03414e+07 5.54441e+06 0.0040307 -0.00203304 0.00187657 0.00835536 0.0454319
59 39 2 -0.894883 0.562705 -0.00751245 0.00611979 7.14661e+06 2.98186e+07 1.3486e+07 2.46435e+06 0 2.43971e+07 0 2.98186e+07 2.43971e+07 1.3486e+07 2.46435e+06 0.00727466 -0.000600051 8.86358e-05 0.0155381 0.0533871
61 40 0 -0.935375 0.261425 -0.00570834 0.00224574 9.32143e+06 3.88928e+07 1.759e+07 3.21428e+06 0 3.18214e+07 0 3.88928e+07 3.18214e+07 1.759e+07 3.21428e+06 0.00737075 -0.000294008 -0.0131515 0.0101837 0.0649828
54 40 1 -0.607826 0.327277 -0.00496111 0.00304066 1.68391e+07 7.02598e+07 3.17762e+07 5.8066e+06 0 5.74853e+07 0 7.02598e+07 5.74853e+07 3.17762e+07 5.8066e+06 0.00209055 0.00136906 -0.0112151 0.00861144 0.068678
59 40 2 -0.894883 0.562705 -0.00751245 0.00611979 7.14661e+06 2.98186e+07 1.3486e+07 2.46435e+06 0 2.43971e+07 0 2.98186e+07 2.43971e+07 1.3486e+07 2.46435e+06 0.00727466 -0.000600051 8.86358e-05 0.0155381 0.0533871
46 41 0 -0.387949 0.667329 -0.00450224 0.00939128 4.88291e+06 2.03735e+07 9.21427e+06 1.68376e+06 0 1.66692e+07 0 2.03735e+07 1.66692e+07 9.21427e+06 1.68376e+06 0.0108952 0.00445021 0.00221808 0.0119245 0.0535908
37 41 1 -0.0547187 0.838991 -0.00138956 0.00930417 7.51761e+06 3.13666e+07 1.41861e+07 2.59228e+06 0 2.56636e+07 0 3.13666e+07 2.56636e+07 1.41861e+07 2.59228e+06 0.00872867 -0.0133118 -0.00790567 0.0123419 0.0483597
45 41 2 -0.333132 1.03961 -0.00354544 0.0120558 2.41748e+07 1.00867e+08 4.5619e+07 8.33615e+06 0 8.25279e+07 0 1.00867e+08 8.25279e+07 4.5619e+07 8.33615e+06 0.00355652 -0.000251168 0.00115601 0.00126574 0.0419498
45 42 0 -0.333132 1.03961 -0.00354544 0.0120558 2.41748e+07 1.00867e+08 4.5619e+07 8.33615e+06 0 8.25279e+07 0 1.00867e+08 8.25279e+07 4.5619e+07 8.33615e+06 0.00355652 -0.000251168 0.00115601 0.00126574 0.0419498
36 42 1 0.0525139 1.15494 -0.000630725 0.0116592 9.48078e+06 3.95578e+07 1.78907e+07 3.26924e+06 0 3.23654e+07 0 3.95578e+07 3.23654e+07 1.78907e+07 3.26924e+06 0.00820384 -0.00349288 0.00446208 0.00981753 0.0400694
41 42 2 -0.206842 1.42789 -0.00200532 0.0145948 5.4434e+06 2.27121e+07 1.02719e+07 1.87703e+06 0 1.85826e+07 0 2.27121e+07 1.85826e+07 1.02719e+07 1.87703e+06 0.0107188 0.00319113 0.00733144 0.0129388 0.0350972
57 43 0 -1.2789 1.14431 -0.00748313 0.0133188 9.84401e+06 4.10733e+07 1.85761e+07 3.39449e+06 0 3.36054e+07 0 4.10733e+07 3.36054e+07 1.85761e+07 3.39449e+06 0.00760126 -0.00480507 -0.000421301 0.0080783 0.0405853
58 43 1 -1.38513 0.910855 -0.00972976 0.0108216 1.35315e+07 5.64589e+07 2.55345e+07 4.66602e+06 0 4.61936e+07 0 5.64589e+07 4.61936e+07 2.55345e+07 4.66602e+06 0.00385483 0.00416645 0.00952888 0.00914442 0.0441257
60 43 2 -1.11692 0.804433 -0.0085189 0.00992205 6.74814e+06 2.81561e+07 1.27341e+07 2.32695e+06 0 2.30368e+07 0 2.81561e+07 2.30368e+07 1.27341e+07 2.32695e+06 0.00942233 -0.00303477 0.00692124 0.0125821 0.045493
47 44 0 -0.298081 0.306214 -0.00192432 0.00262732 532042 2.2199e+06 1.00399e+06 183463 0 1.81628e+06 0 2.2199e+06 1.81628e+06 1.00399e+06 183463 0.0209639 0.00154419 -0.0047129 0.00976945 0.0731072
40 44 1 -0.142857 3.24421e-24 8.00442e-28 3.85876e-26 1.06766e+07 4.45472e+07 2.01472e+07 3.68159e+06 0 3.64477e+07 0 4.45472e+07 3.64477e+07 2.01472e+07 3.68159e+06 0.00152751 0.00252077 0.00354559 0.00945119 0.099053
38 44 2 0.0171628 0.286204 0.00118917 0.00191878 2.23709e+07 9.33408e+07 4.22149e+07 7.71411e+06 0 7.63697e+07 0 9.33408e+07 7.63697e+07 4.22149e+07 7.71411e+06 0.00203865 -0.00202899 0.0055356 0.00535627 0.0753222
56 45 0 -0.97014 1.09996 -0.00602493 0.0115257 2.44997e+07 1.02223e+08 4.62321e+07 8.44818e+06 0 8.3637e+07 0 1.02223e+08 8.3637e+07 4.62321e+07 8.44818e+06 0.00229201 -0.0052404 0.00353819 0.00285144 0.0403209
49 45 1 -0.873777 1.38602 -0.00527367 0.013324 7.48443e+06 3.12281e+07 1.41235e+07 2.58084e+06 0 2.55503e+07 0 3.12281e+07 2.55503e+07 1.41235e+07 2.58084e+06 0.00775401 -0.00263292 -0.000412356 0.0135141 0.0363385
51 45 2 -1.17981 1.38088 -0.00773285 0.0149531 7.20033e+06 3.00428e+07 1.35874e+07 2.48287e+06 0 2.45804e+07 0 3.00428e+07 2.45804e+07 1.35874e+07 2.48287e+06 0.00782107 -0.00848604 -0.00814964 0.0113054 0.0376087
38 46 0 0.0171628 0.286204 0.00118917 0.00191878 2.23709e+07 9.33408e+07 4.22149e+07 7.71411e+06 0 7.63697e+07 0 9.33408e+07 7.63697e+07 4.22149e+07 7.71411e+06 0.00203865 -0.00202899 0.0055356 0.00535627 0.0753222
30 46 1 0.175268 0.591899 0.00171942 0.00443321 1.08891e+07 4.54337e+07 2.05481e+07 3.75485e+06 0 3.7173e+07 0 4.54337e+07 3.7173e+07 2.05481e+07 3.75485e+06 0.00499682 0.000563911 -0.00371406 0.00958681 0.0583365
39 46 2 -0.118847 0.546569 0.000155446 0.0057129 4.05211e+06 1.69071e+07 7.64651e+06 1.39728e+06 0 1.3833e+07 0 1.69071e+07 1.3833e+07 7.64651e+06 1.39728e+06 0.00935132 -0.0151389 -0.00870023 0.0201084 0.0599061
34 47 0 -0.377419 1.73163 -0.00205731 0.016576 9.94338e+06 4.14879e+07 1.87636e+07 3.42875e+06 0 3.39446e+07 0 4.14879e+07 3.39446e+07 1.87636e+07 3.42875e+06 0.00846831 0.008652 0.00224599 0.00870383 0.0323211
35 47 1 -0.672214 1.89307 -0.00411215 0.0169654 1.40769e+07 5.87346e+07 2.65637e+07 4.8541e+06 0 4.80556e+07 0 5.87346e+07 4.80556e+07 2.65637e+07 4.8541e+06 0.00455546 -0.00548206 -0.00398404 0.00710021 0.0323775
42 47 2 -0.603248 1.53627 -0.00379046 0.0142807 1.73453e+07 7.23718e+07 3.27314e+07 5.98114e+06 0 5.92133e+07 0 7.23718e+07 5.92133e+07 3.27314e+07 5.98114e+06 0.0038761 -0.000473895 0.00381059 0.00679743 0.0341249
42 48 0 -0.603248 1.53627 -0.00379046 0.0142807 1.73453e+07 7.23718e+07 3.27314e+07 5.98114e+06 0 5.92133e+07 0 7.23718e+07 5.92133e+07 3.27314e+07 5.98114e+06 0.0038761 -0.000473895 0.00381059 0.00679743 0.0341249
43 48 1 -0.951726 1.67412 -0.00545871 0.0172008 8.78601e+06 3.66589e+07 1.65796e+07 3.02966e+06 0 2.99936e+07 0 3.66589e+07 2.99936e+07 1.65796e+07 3.02966e+06 0.00943143 -0.00600252 0.00377752 0.0110623 0.0344434
49 48 2 -0.873777 1.38602 -0.00527367 0.013324 7.48443e+06 3.12281e+07 1.41235e+07 2.58084e+06 0 2.55503e+07 0 3.12281e+07 2.55503e+07 1.41235e+07 2.58084e+06 0.00775401 -0.00263292 -0.000412356 0.0135141 0.0363385
9 49 0 0.844691 0.591645 0.00461942 0.00458255 4.47009e+06 1.86511e+07 8.43527e+06 1.54141e+06 0 1.526e+07 0 1.86511e+07 1.526e+07 8.43527e+06 1.54141e+06 0.00875948 -0.00122754 0.000142531 0.0122102 0.0538701
2 49 1 1.19303 0.490815 0.00748263 0.00345436 7.31341e+06 3.05146e+07 1.38007e+07 2.52186e+06 0 2.49665e+07 0 3.05146e+07 2.49665e+07 1.38007e+07 2.52186e+06 0.00828872 0.00462751 0.00846116 0.0131743 0.0528818
7 49 2 1.07852 0.871992 0.00701733 0.00855526 1.07116e+07 4.46932e+07 2.02133e+07 3.69365e+06 0 3.65672e+07 0 4.46932e+07 3.65672e+07 2.02133e+07 3.69365e+06 0.00421643 0.00114308 -0.00293 0.00940755 0.0451283
33 50 0 -0.0758402 1.76813 -0.000147091 0.0174529 1.82195e+07 7.60191e+07 3.4381e+07 6.28257e+06 0 6.21975e+07 0 7.60191e+07 6.21975e+07 3.4381e+07 6.28257e+06 0.00341526 -0.00652654 -0.00185047 0.00514543 0.0320664
25 50 1 -0.103847 2.06377 -0.000259534 0.0194369 1.52573e+07 6.36596e+07 2.87911e+07 5.26112e+06 0 5.20851e+07 0 6.36596e+07 5.20851e+07 2.87911e+07 5.26112e+06 0.00199888 0.00614802 -0.000241718 0.00816502 0.0311872
26 50 2 -0.329473 2.05103 -0.00212327 0.0216069 3.14507e+06 1.31225e+07 5.93489e+06 1.08451e+06 0 1.07366e+07 0 1.31225e+07 1.07366e+07 5.93489e+06 1.08451e+06 0.0129247 -0.00857175 -0.000220652 0.0159342 0.0312792
36 51 0 0.0525139 1.15494 -0.000630725 0.0116592 9.48078e+06 3.95578e+07 1.78907e+07 3.26924e+06 0 3.23654e+07 0 3.95578e+07 3.23654e+07 1.78907e+07 3.26924e+06 0.00820384 -0.00349288 0.00446208 0.00981753 0.0400694
32 51 1 0.152048 1.47066 0.000768562 0.0138529 1.4794e+07 6.17267e+07 2.79169e+07 5.10138e+06 0 5.05037e+07 0 6.17267e+07 5.05037e+07 2.79169e+07 5.10138e+06 0.00372653 -0.00966099 0.00116546 0.00665713 0.0349671
41 51 2 -0.206842 1.42789 -0.00200532 0.0145948 5.4434e+06 2.27121e+07 1.02719e+07 1.87703e+06 0 1.85826e+07 0 2.27121e+07 1.85826e+07 1.02719e+07 1.87703e+06 0.0107188 0.00319113 0.00733144 0.0129388 0.0350972
24 52 0 0.121958 2.07276 0.00164556 0.0203963 774534 3.23168e+06 1.46158e+06 267081 0 2.6441e+06 0 3.23168e+06 2.6441e+06 1.46158e+06 267081 0.0150409 -0.0126892 0.00619729 0.0241992 0.0313884
25 52 1 -0.103847 2.06377 -0.000259534 0.0194369 1.52573e+07 6.36596e+07 2.87911e+07 5.26112e+06 0 5.20851e+07 0 6.36596e+07 5.20851e+07 2.87911e+07 5.26112e+06 0.00199888 0.00614802 -0.000241718 0.00816502 0.0311872
33 52 2 -0.0758402 1.76813 -0.000147091 0.0174529 1.82195e+07 7.60191e+07 3.4381e+07 6.28257e+06 0 6.21975e+07 0 7.60191e+07 6.21975e+07 3.4381e+07 6.28257e+06 0.00341526 -0.00652654 -0.00185047 0.00514543 0.0320664
23 53 0 0.224196 1.7766 0.00128818 0.0154207 1.77084e+07 7.38866e+07 3.34165e+07 6.10633e+06 0 6.04527e+07 0 7.38866e+07 6.04527e+07 3.34165e+07 6.10633e+06 0.0034151 -0.004779 0.00258739 0.00337162 0.0323727
24 53 1 0.121958 2.07276 0.00164556 0.0203963 774534 3.23168e+06 1.46158e+06 267081 0 2.6441e+06 0 3.23168e+06 2.6441e+06 1.46158e+06 267081 0.0150409 -0.0126892 0.00619729 0.0241992 0.0313884
33 53 2 -0.0758402 1.76813 -0.000147091 0.0174529 1.82195e+07 7.60191e+07 3.4381e+07 6.28257e+06 0 6.21975e+07 0 7.60191e+07 6.21975e+07 3.4381e+07 6.28257e+06 0.00341526 -0.00652654 -0.00185047 0.00514543 0.0320664
2 54 0 1.19303 0.490815 0.00748263 0.00345436 7.31341e+06 3.05146e+07 1.38007e+07 2.52186e+06 0 2.49665e+07 0 3.05146e+07 2.49665e+07 1.38007e+07 2.52186e+06 0.00828872 0.00462751 0.00846116 0.0131743 0.0528818
1 54 1 1.4644 0.217141 0.00735542 0.000459679 4.13157e+06 1.72386e+07 7.79646e+06 1.42468e+06 0 1.41043e+07 0 1.72386e+07 1.41043e+07 7.79646e+06 1.42468e+06 0.0133905 0.00501569 0.0139647 0.0182726 0.0548934
0 54 2 1.46628 0.500515 0.0087782 0.00331712 2.56921e+07 1.07198e+08 4.84822e+07 8.85935e+06 0 8.77076e+07 0 1.07198e+08 8.77076e+07 4.84822e+07 8.85935e+06 0.000578939 -0.00442114 0.00856601 0.00455517 0.051143
8 55 0 0.939787 0.273921 0.00424001 0.00205709 1.71797e+07 7.1681e+07 3.2419e+07 5.92405e+06 0 5.86481e+07 0 7.1681e+07 5.86481e+07 3.2419e+07 5.92405e+06 0.00973628 -0.00381173 0.000874566 0.00368162 0.0652929
18 55 1 0.627212 0.305281 0.00296542 0.00239891 2.2702e+07 9.4722e+07 4.28396e+07 7.82827e+06 0 7.74998e+07 0 9.4722e+07 7.74998e+07 4.28396e+07 7.82827e+06 0.00238617 2.95633e-05 0.00334916 0.00583292 0.0704764
11 55 2 0.714286 3.32024e-24 4.66519e-27 4.41386e-26 7.37902e+06 3.07883e+07 1.39245e+07 2.54449e+06 0 2.51904e+07 0 3.07883e+07 2.51904e+07 1.39245e+07 2.54449e+06 6.61586e-26 6.03521e-25 0.0220681 0.0144759 0.0921896
16 56 0 0.678139 0.904198 0.00352816 0.00772207 8.13269e+06 3.3933e+07 1.53468e+07 2.80438e+06 0 2.77633e+07 0 3.3933e+07 2.77633e+07 1.53468e+07 2.80438e+06 0.00681491 0.000429195 -0.00622726 0.0123376 0.0455386
9 56 1 0.844691 0.591645 0.00461942 0.00458255 4.47009e+06 1.86511e+07 8.43527e+06 1.54141e+06 0 1.526e+07 0 1.86511e+07 1.526e+07 8.43527e+06 1.54141e+06 0.00875948 -0.00122754 0.000142531 0.0122102 0.0538701
7 56 2 1.07852 0.871992 0.00701733 0.00855526 1.07116e+07 4.46932e+07 2.02133e+07 3.69365e+06 0 3.65672e+07 0 4.46932e+07 3.65672e+07 2.02133e+07 3.69365e+06 0.00421643 0.00114308 -0.00293 0.00940755 0.0451283
19 57 0 0.498682 0.609149 0.00276957 0.00461395 1.9822e+07 8.27056e+07 3.7405e+07 6.83518e+06 0 6.76683e+07 0 8.27056e+07 6.76683e+07 3.7405e+07 6.83518e+06 0.00146126 -0.00156974 -0.00301082 0.00809452 0.0563069
18 57 1 0.627212 0.305281 0.00296542 0.00239891 2.2702e+07 9.4722e+07 4.28396e+07 7.82827e+06 0 7.74998e+07 0 9.4722e+07 7.74998e+07 4.28396e+07 7.82827e+06 0.00238617 2.95633e-05 0.00334916 0.00583292 0.0704764
9 57 2 0.844691 0.591645 0.00461942 0.00458255 4.47009e+06 1.86511e+07 8.43527e+06 1.54141e+06 0 1.526e+07 0 1.86511e+07 1.526e+07 8.43527e+06 1.54141e+06 0.00875948 -0.00122754 0.000142531 0.0122102 0.0538701
3 58 0 1.45705 0.783744 0.00976127 0.00575123 1.05584e+07 4.40541e+07 1.99242e+07 3.64083e+06 0 3.60443e+07 0 4.40541e+07 3.60443e+07 1.99242e+07 3.64083e+06 0.0047952 -0.0100932 -0.00144893 0.0121599 0.0466694
7 58 1 1.07852 0.871992 0.00701733 0.00855526 1.07116e+07 4.46932e+07 2.02133e+07 3.69365e+06 0 3.65672e+07 0 4.46932e+07 3.65672e+07 2.02133e+07 3.69365e+06 0.00421643 0.00114308 -0.00293 0.00940755 0.0451283
2 58 2 1.19303 0.490815 0.00748263 0.00345436 7.31341e+06 3.05146e+07 1.38007e+07 2.52186e+06 0 2.49665e+07 0 3.05146e+07 2.49665e+07 1.38007e+07 2.52186e+06 0.00828872 0.00462751 0.00846116 0.0131743 0.0528818
7 59 0 1.07852 0.871992 0.00701733 0.00855526 1.07116e+07 4.46932e+07 2.02133e+07 3.69365e+06 0 3.65672e+07 0 4.46932e+07 3.65672e+07 2.02133e+07 3.69365e+06 0.00421643 0.00114308 -0.00293 0.00940755 0.0451283
3 59 1 1.45705 0.783744 0.00976127 0.00575123 1.05584e+07 4.40541e+07 1.99242e+07 3.64083e+06 0 3.60443e+07 0 4.40541e+07 3.60443e+07 1.99242e+07 3.64083e+06 0.0047952 -0.0100932 -0.00144893 0.0121599 0.0466694
5 59 2 1.35634 1.01369 0.00798998 0.00869076 1.35692e+07 5.66163e+07 2.56057e+07 4.67903e+06 0 4.63224e+07 0 5.66163e+07 4.63224e+07 2.56057e+07 4.67903e+06 0.00519009 -0.00577116 -0.00279114 0.00650948 0.0433951
10 60 0 1.25098 1.24155 0.0077477 0.0100228 3.4777e+07 1.45104e+08 6.56258e+07 1.19921e+07 0 1.18721e+08 0 1.45104e+08 1.18721e+08 6.56258e+07 1.19921e+07 -0.000351764 -0.00880975 0.0106823 0.000363298 0.0404036
7 60 1 1.07852 0.871992 0.00701733 0.00855526 1.07116e+07 4.46932e+07 2.02133e+07 3.69365e+06 0 3.65672e+07 0 4.46932e+07 3.65672e+07 2.02133e+07 3.69365e+06 0.00421643 0.00114308 -0.00293 0.00940755 0.0451283
5 60 2 1.35634 1.01369 0.00798998 0.00869076 1.35692e+07 5.66163e+07 2.56057e+07 4.67903e+06 0 4.63224e+07 0 5.66163e+07 4.63224e+07 2.56057e+07 4.67903e+06 0.00519009 -0.00577116 -0.00279114 0.00650948 0.0433951
16 61 0 0.678139 0.904198 0.00352816 0.00772207 8.13269e+06 3.3933e+07 1.53468e+07 2.80438e+06 0 2.77633e+07 0 3.3933e+07 2.77633e+07 1.53468e+07 2.80438e+06 0.00681491 0.000429195 -0.00622726 0.0123376 0.0455386
19 61 1 0.498682 0.609149 0.00276957 0.00461395 1.9822e+07 8.27056e+07 3.7405e+07 6.83518e+06 0 6.76683e+07 0 8.27056e+07 6.76683e+07 3.7405e+07 6.83518e+06 0.00146126 -0.00156974 -0.00301082 0.00809452 0.0563069
9 61 2 0.844691 0.591645 0.00461942 0.00458255 4.47009e+06 1.86511e+07 8.43527e+06 1.54141e+06 0 1.526e+07 0 1.86511e+07 1.526e+07 8.43527e+06 1.54141e+06 0.00875948 -0.00122754 0.000142531 0.0122102 0.0538701
16 62 0 0.678139 0.904198 0.00352816 0.00772207 8.13269e+06 3.3933e+07 1.53468e+07 2.80438e+06 0 2.77633e+07 0 3.3933e+07 2.77633e+07 1.53468e+07 2.80438e+06 0.00681491 0.000429195 -0.00622726 0.0123376 0.0455386
7 62 1 1.07852 0.871992 0.00701733 0.00855526 1.07116e+07 4.46932e+07 2.02133e+07 3.69365e+06 0 3.65672e+07 0 4.46932e+07 3.65672e+07 2.02133e+07 3.69365e+06 0.00421643 0.00114308 -0.00293 0.00940755 0.0451283
17 62 2 0.877533 1.16876 0.00541309 0.0111399 5.63447e+06 2.35093e+07 1.06325e+07 1.94292e+06 0 1.92349e+07 0 2.35093e+07 1.92349e+07 1.06325e+07 1.94292e+06 0.0164772 0.00747546 0.00292196 0.00754256 0.0400677
17 63 0 0.877533 1.16876 0.00541309 0.0111399 5.63447e+06 2.35093e+07 1.06325e+07 1.94292e+06 0 1.92349e+07 0 2.35093e+07 1.92349e+07 1.06325e+07 1.94292e+06 0.0164772 0.00747546 0.00292196 0.00754256 0.0400677
7 63 1 1.07852 0.871992 0.00701733 0.00855526 1.07116e+07 4.46932e+07 2.02133e+07 3.69365e+06 0 3.65672e+07 0 4.46932e+07 3.65672e+07 2.02133e+07 3.69365e+06 0.00421643 0.00114308 -0.00293 0.00940755 0.0451283
10 63 2 1.25098 1.24155 0.0077477 0.0100228 3.4777e+07 1.45104e+08 6.56258e+07 1.19921e+07 0 1.18721e+08 0 1.45104e+08 1.18721e+08 6.56258e+07 1.19921e+07 -0.000351764 -0.00880975 0.0106823 0.000363298 0.0404036
13 64 0 1.09811 1.43142 0.00874834 0.0128344 8.99336e+06 3.7524e+07 1.69709e+07 3.10116e+06 0 3.07015e+07 0 3.7524e+07 3.07015e+07 1.69709e+07 3.10116e+06 0.00195864 -0.0253009 0.00696674 0.0199598 0.038007
17 64 1 0.877533 1.16876 0.00541309 0.0111399 5.63447e+06 2.35093e+07 1.06325e+07 1.94292e+06 0 1.92349e+07 0 2.35093e+07 1.92349e+07 1.06325e+07 1.94292e+06 0.0164772 0.00747546 0.00292196 0.00754256 0.0400677
10 64 2 1.25098 1.24155 0.0077477 0.0100228 3.4777e+07 1.45104e+08 6.56258e+07 1.19921e+07 0 1.18721e+08 0 1.45104e+08 1.18721e+08 6.56258e+07 1.19921e+07 -0.000351764 -0.00880975 0.0106823 0.000363298 0.0404036
28 65 0 0.460478 1.22611 0.00179636 0.0109504 2.10398e+07 8.77867e+07 3.9703e+07 7.2551e+06 0 7.18255e+07 0 8.77867e+07 7.18255e+07 3.9703e+07 7.2551e+06 0.00211996 -0.00125965 -0.00180116 0.007128 0.0389085
27 65 1 0.306613 0.902591 0.001212 0.00821282 7.74719e+06 3.23245e+07 1.46193e+07 2.67144e+06 0 2.64473e+07 0 3.23245e+07 2.64473e+07 1.46193e+07 2.67144e+06 0.00627732 -0.00348154 -0.00431846 0.0159769 0.0465776
16 65 2 0.678139 0.904198 0.00352816 0.00772207 8.13269e+06 3.3933e+07 1.53468e+07 2.80438e+06 0 2.77633e+07 0 3.3933e+07 2.77633e+07 1.53468e+07 2.80438e+06 0.00681491 0.000429195 -0.00622726 0.0123376 0.0455386
30 66 0 0.175268 0.591899 0.00171942 0.00443321 1.08891e+07 4.54337e+07 2.05481e+07 3.75485e+06 0 3.7173e+07 0 4.54337e+07 3.7173e+07 2.05481e+07 3.75485e+06 0.00499682 0.000563911 -0.00371406 0.00958681 0.0583365
37 66 1 -0.0547187 0.838991 -0.00138956 0.00930417 7.51761e+06 3.13666e+07 1.41861e+07 2.59228e+06 0 2.56636e+07 0 3.13666e+07 2.56636e+07 1.41861e+07 2.59228e+06 0.00872867 -0.0133118 -0.00790567 0.0123419 0.0483597
39 66 2 -0.118847 0.546569 0.000155446 0.0057129 4.05211e+06 1.69071e+07 7.64651e+06 1.39728e+06 0 1.3833e+07 0 1.69071e+07 1.3833e+07 7.64651e+06 1.39728e+06 0.00935132 -0.0151389 -0.00870023 0.0201084 0.0599061
30 67 0 0.175268 0.591899 0.00171942 0.00443321 1.08891e+07 4.54337e+07 2.05481e+07 3.75485e+06 0 3.7173e+07 0 4.54337e+07 3.7173e+07 2.05481e+07 3.75485e+06 0.00499682 0.000563911 -0.00371406 0.00958681 0.0583365
27 67 1 0.306613 0.902591 0.001212 0.00821282 7.74719e+06 3.23245e+07 1.46193e+07 2.67144e+06 0 2.64473e+07 0 3.23245e+07 2.64473e+07 1.46193e+07 2.67144e+06 0.00627732 -0.00348154 -0.00431846 0.0159769 0.0465776
37 67 2 -0.0547187 0.838991 -0.00138956 0.00930417 7.51761e+06 3.13666e+07 1.41861e+07 2.59228e+06 0 2.56636e+07 0 3.13666e+07 2.56636e+07 1.41861e+07 2.59228e+06 0.00872867 -0.0133118 -0.00790567 0.0123419 0.0483597
31 68 0 0.142857 3.39572e-24 9.55525e-28 5.48106e-26 2.61023e+07 1.0891e+08 4.92562e+07 9.00079e+06 0 8.91078e+07 0 1.0891e+08 8.91078e+07 4.92562e+07 9.00079e+06 0.000236637 -0.000857266 0.00764477 0.00612257 0.099196
29 68 1 0.320163 0.303341 0.00210846 0.00210244 1.61895e+07 6.75492e+07 3.05503e+07 5.58258e+06 0 5.52675e+07 0 6.75492e+07 5.52675e+07 3.05503e+07 5.58258e+06 0.00314523 0.00181293 0.00464542 0.00818885 0.0739194
38 68 2 0.0171628 0.286204 0.00118917 0.00191878 2.23709e+07 9.33408e+07 4.22149e+07 7.71411e+06 0 7.63697e+07 0 9.33408e+07 7.63697e+07 4.22149e+07 7.71411e+06 0.00203865 -0.00202899 0.0055356 0.00535627 0.0753222
2 69 0 1.19303 0.490815 0.00748263 0.00345436 7.31341e+06 3.05146e+07 1.38007e+07 2.52186e+06 0 2.49665e+07 0 3.05146e+07 2.49665e+07 1.38007e+07 2.52186e+06 0.00828872 0.00462751 0.00846116 0.0131743 0.0528818
8 69 1 0.939787 0.273921 0.00424001 0.00205709 1.71797e+07 7.1681e+07 3.2419e+07 5.92405e+06 0 5.86481e+07 0 7.1681e+07 5.86481e+07 3.2419e+07 5.92405e+06 0.00973628 -0.00381173 0.000874566 0.00368162 0.0652929
4 69 2 1.23644 0.0994937 0.00417331 -0.000328851 1.7219e+07 7.18449e+07 3.24931e+07 5.93759e+06 0 5.87822e+07 0 7.18449e+07 5.87822e+07 3.24931e+07 5.93759e+06 0.00234977 -0.0103785 0.00963254 0.00552336 0.0605097
3 70 0 1.45705 0.783744 0.00976127 0.00575123 1.05584e+07 4.40541e+07 1.99242e+07 3.64083e+06 0 3.60443e+07 0 4.40541e+07 3.60443e+07 1.99242e+07 3.64083e+06 0.0047952 -0.0100932 -0.00144893 0.0121599 0.0466694
2 70 1 1.19303 0.490815 0.00748263 0.00345436 7.31341e+06 3.05146e+07 1.38007e+07 2.52186e+06 0 2.49665e+07 0 3.05146e+07 2.49665e+07 1.38007e+07 2.52186e+06 0.00828872 0.00462751 0.00846116 0.0131743 0.0528818
0 70 2 1.46628 0.500515 0.0087782 0.00331712 2.56921e+07 1.07198e+08 4.84822e+07 8.85935e+06 0 8.77076e+07 0 1.07198e+08 8.77076e+07 4.84822e+07 8.85935e+06 0.000578939 -0.00442114 0.00856601 0.00455517 0.051143
9 71 0 0.844691 0.591645 0.00461942 0.00458255 4.47009e+06 1.86511e+07 8.43527e+06 1.54141e+06 0 1.526e+07 0 1.86511e+07 1.526e+07 8.43527e+06 1.54141e+06 0.00875948 -0.00122754 0.000142531 0.0122102 0.0538701
8 71 1 0.939787 0.273921 0.00424001 0.00205709 1.71797e+07 7.1681e+07 3.2419e+07 5.92405e+06 0 5.86481e+07 0 7.1681e+07 5.86481e+07 3.2419e+07 5.92405e+06 0.00973628 -0.00381173 0.000874566 0.00368162 0.0652929
2 71 2 1.19303 0.490815 0.00748263 0.00345436 7.31341e+06 3.05146e+07 1.38007e+07 2.52186e+06 0 2.49665e+07 0 3.05146e+07 2.49665e+07 1.38007e+07 2.52186e+06 0.00828872 0.00462751 0.00846116 0.0131743 0.0528818
38 72 0 0.0171628 0.286204 0.00118917 0.00191878 2.23709e+07 9.33408e+07 4.22149e+07 7.71411e+06 0 7.63697e+07 0 9.33408e+07 7.63697e+07 4.22149e+07 7.71411e+06 0.00203865 -0.00202899 0.0055356 0.00535627 0.0753222
29 72 1 0.320163 0.303341 0.00210846 0.00210244 1.61895e+07 6.75492e+07 3.05503e+07 5.58258e+06 0 5.52675e+07 0 6.75492e+07 5.52675e+07 3.05503e+07 5.58258e+06 0.00314523 0.00181293 0.00464542 0.00818885 0.0739194
30 72 2 0.175268 0.591899 0.00171942 0.00443321 1.08891e+07 4.54337e+07 2.05481e+07 3.75485e+06 0 3.7173e+07 0 4.54337e+07 3.7173e+07 2.05481e+07 3.75485e+06 0.00499682 0.000563911 -0.00371406 0.00958681 0.0583365
20 73 0 0.428571 3.35997e-24 8.68657e-27 5.74996e-26 2.12904e+07 8.88323e+07 4.01759e+07 7.34151e+06 0 7.2681e+07 0 8.88323e+07 7.2681e+07 4.01759e+07 7.34151e+06 -1.52752e-25 7.13868e-25 0.0125447 0.00913428 0.0975034
11 73 1 0.714286 3.32024e-24 4.66519e-27 4.41386e-26 7.37902e+06 3.07883e+07 1.39245e+07 2.54449e+06 0 2.51904e+07 0 3.07883e+07 2.51904e+07 1.39245e+07 2.54449e+06 6.61586e-26 6.03521e-25 0.0220681 0.0144759 0.0921896
18 73 2 0.627212 0.305281 0.00296542 0.00239891 2.2702e+07 9.4722e+07 4.28396e+07 7.82827e+06 0 7.74998e+07 0 9.4722e+07 7.74998e+07 4.28396e+07 7.82827e+06 0.00238617 2.95633e-05 0.00334916 0.00583292 0.0704764
28 74 0 0.460478 1.22611 0.00179636 0.0109504 2.10398e+07 8.77867e+07 3.9703e+07 7.2551e+06 0 7.18255e+07 0 8.77867e+07 7.18255e+07 3.9703e+07 7.2551e+06 0.00211996 -0.00125965 -0.00180116 0.007128 0.0389085
36 74 1 0.0525139 1.15494 -0.000630725 0.0116592 9.48078e+06 3.95578e+07 1.78907e+07 3.26924e+06 0 3.23654e+07 0 3.95578e+07 3.23654e+07 1.78907e+07 3.26924e+06 0.00820384 -0.00349288 0.00446208 0.00981753 0.0400694
27 74 2 0.306613 0.902591 0.001212 0.00821282 7.74719e+06 3.23245e+07 1.46193e+07 2.67144e+06 0 2.64473e+07 0 3.23245e+07 2.64473e+07 1.46193e+07 2.67144e+06 0.00627732 -0.00348154 -0.00431846 0.0159769 0.0465776
21 75 0 0.736371 1.43848 0.00386646 0.0143271 1.09203e+06 4.55639e+06 2.0607e+06 376561 0 3.72796e+06 0 4.55639e+06 3.72796e+06 2.0607e+06 376561 0.01459 0.0162253 0.00189798 0.0146826 0.0363957
13 75 1 1.09811 1.43142 0.00874834 0.0128344 8.99336e+06 3.7524e+07 1.69709e+07 3.10116e+06 0 3.07015e+07 0 3.7524e+07 3.07015e+07 1.69709e+07 3.10116e+06 0.00195864 -0.0253009 0.00696674 0.0199598 0.038007
12 75 2 0.934232 1.61187 0.00617352 0.0172212 1.7336e+07 7.23328e+07 3.27137e+07 5.97792e+06 0 5.91814e+07 0 7.23328e+07 5.91814e+07 3.27137e+07 5.97792e+06 -0.000308977 -0.00957096 -0.00798075 0.00530172 0.0358426
14 76 0 0.759319 1.78166 0.0039293 0.0194407 7.22306e+06 3.01376e+07 1.36302e+07 2.49071e+06 0 2.4658e+07 0 3.01376e+07 2.4658e+07 1.36302e+07 2.49071e+06 0.00730928 0.0308018 0.00250608 0.0110486 0.034127
21 76 1 0.736371 1.43848 0.00386646 0.0143271 1.09203e+06 4.55639e+06 2.0607e+06 376561 0 3.72796e+06 0 4.55639e+06 3.72796e+06 2.0607e+06 376561 0.01459 0.0162253 0.00189798 0.0146826 0.0363957
12 76 2 0.934232 1.61187 0.00617352 0.0172212 1.7336e+07 7.23328e+07 3.27137e+07 5.97792e+06 0 5.91814e+07 0 7.23328e+07 5.91814e+07 3.27137e+07 5.97792e+06 -0.000308977 -0.00957096 -0.00798075 0.00530172 0.0358426
28 77 0 0.460478 1.22611 0.00179636 0.0109504 2.10398e+07 8.77867e+07 3.9703e+07 7.2551e+06 0 7.18255e+07 0 8.77867e+07 7.18255e+07 3.9703e+07 7.2551e+06 0.00211996 -0.00125965 -0.00180116 0.007128 0.0389085
17 77 1 0.877533 1.16876 0.00541309 0.0111399 5.63447e+06 2.35093e+07 1.06325e+07 1.94292e+06 0 1.92349e+07 0 2.35093e+07 1.92349e+07 1.06325e+07 1.94292e+06 0.0164772 0.00747546 0.00292196 0.00754256 0.0400677
21 77 2 0.736371 1.43848 0.00386646 0.0143271 1.09203e+06 4.55639e+06 2.0607e+06 376561 0 3.72796e+06 0 4.55639e+06 3.72796e+06 2.0607e+06 376561 0.01459 0.0162253 0.00189798 0.0146826 0.0363957
37 78 0 -0.0547187 0.838991 -0.00138956 0.00930417 7.51761e+06 3.13666e+07 1.41861e+07 2.59228e+06 0 2.56636e+07 0 3.13666e+07 2.56636e+07 1.41861e+07 2.59228e+06 0.00872867 -0.0133118 -0.00790567 0.0123419 0.0483597
27 78 1 0.306613 0.902591 0.001212 0.00821282 7.74719e+06 3.23245e+07 1.46193e+07 2.67144e+06 0 2.64473e+07 0 3.23245e+07 2.64473e+07 1.46193e+07 2.67144e+06 0.00627732 -0.00348154 -0.00431846 0.0159769 0.0465776
36 78 2 0.0525139 1.15494 -0.000630725 0.0116592 9.48078e+06 3.95578e+07 1.78907e+07 3.26924e+06 0 3.23654e+07 0 3.95578e+07 3.23654e+07 1.78907e+07 3.26924e+06 0.00820384 -0.00349288 0.00446208 0.00981753 0.0400694
17 79 0 0.877533 1.16876 0.00541309 0.0111399 5.63447e+06 2.35093e+07 1.06325e+07 1.94292e+06 0 1.92349e+07 0 2.35093e+07 1.92349e+07 1.06325e+07 1.94292e+06 0.0164772 0.00747546 0.00292196 0.00754256 0.0400677
13 79 1 1.09811 1.43142 0.00874834 0.0128344 8.99336e+06 3.7524e+07 1.69709e+07 3.10116e+06 0 3.07015e+07 0 3.7524e+07 3.07015e+07 1.69709e+07 3.10116e+06 0.00195864 -0.0253009 0.00696674 0.0199598 0.038007
21 79 2 0.736371 1.43848 0.00386646 0.0143271 1.09203e+06 4.55639e+06 2.0607e+06 376561 0 3.72796e+06 0 4.55639e+06 3.72796e+06 2.0607e+06 376561 0.01459 0.0162253 0.00189798 0.0146826 0.0363957
22 80 0 0.46955 1.59875 0.00231667 0.0134463 2.13113e+07 8.89196e+07 4.02154e+07 7.34873e+06 0 7.27524e+07 0 8.89196e+07 7.27524e+07 4.02154e+07 7.34873e+06 0.00283843 -0.000729096 -0.00303328 0.00494539 0.0341697
21 80 1 0.736371 1.43848 0.00386646 0.0143271 1.09203e+06 4.55639e+06 2.0607e+06 376561 0 3.72796e+06 0 4.55639e+06 3.72796e+06 2.0607e+06 376561 0.01459 0.0162253 0.00189798 0.0146826 0.0363957
14 80 2 0.759319 1.78166 0.0039293 0.0194407 7.22306e+06 3.01376e+07 1.36302e+07 2.49071e+06 0 2.4658e+07 0 3.01376e+07 2.4658e+07 1.36302e+07 2.49071e+06 0.00730928 0.0308018 0.00250608 0.0110486 0.034127
15 81 0 0.465245 1.96574 0.00341962 0.0160445 1.1521e+07 4.80705e+07 2.17407e+07 3.97277e+06 0 3.93304e+07 0 4.80705e+07 3.93304e+07 2.17407e+07 3.97277e+06 0.00149539 -0.00158643 0.0136926 0.011337 0.032332
22 81 1 0.46955 1.59875 0.00231667 0.0134463 2.13113e+07 8.89196e+07 4.02154e+07 7.34873e+06 0 7.27524e+07 0 8.89196e+07 7.27524e+07 4.02154e+07 7.34873e+06 0.00283843 -0.000729096 -0.00303328 0.00494539 0.0341697
14 81 2 0.759319 1.78166 0.0039293 0.0194407 7.22306e+06 3.01376e+07 1.36302e+07 2.49071e+06 0 2.4658e+07 0 3.01376e+07 2.4658e+07 1.36302e+07 2.49071e+06 0.00730928 0.0308018 0.00250608 0.0110486 0.034127
32 82 0 0.152048 1.47066 0.000768562 0.0138529 1.4794e+07 6.17267e+07 2.79169e+07 5.10138e+06 0 5.05037e+07 0 6.17267e+07 5.05037e+07 2.79169e+07 5.10138e+06 0.00372653 -0.00966099 0.00116546 0.00665713 0.0349671
36 82 1 0.0525139 1.15494 -0.000630725 0.0116592 9.48078e+06 3.95578e+07 1.78907e+07 3.26924e+06 0 3.23654e+07 0 3.95578e+07 3.23654e+07 1.78907e+07 3.26924e+06 0.00820384 -0.00349288 0.00446208 0.00981753 0.0400694
28 82 2 0.460478 1.22611 0.00179636 0.0109504 2.10398e+07 8.77867e+07 3.9703e+07 7.2551e+06 0 7.18255e+07 0 8.77867e+07 7.18255e+07 3.9703e+07 7.2551e+06 0.00211996 -0.00125965 -0.00180116 0.007128 0.0389085
22 83 0 0.46955 1.59875 0.00231667 0.0134463 2.13113e+07 8.89196e+07 4.02154e+07 7.34873e+06 0 7.27524e+07 0 8.89196e+07 7.27524e+07 4.02154e+07 7.34873e+06 0.00283843 -0.000729096 -0.00303328 0.00494539 0.0341697
28 83 1 0.460478 1.22611 0.00179636 0.0109504 2.10398e+07 8.77867e+07 3.9703e+07 7.2551e+06 0 7.18255e+07 0 8.77867e+07 7.18255e+07 3.9703e+07 7.2551e+06 0.00211996 -0.00125965 -0.00180116 0.007128 0.0389085
21 83 2 0.736371 1.43848 0.00386646 0.0143271 1.09203e+06 4.55639e+06 2.0607e+06 376561 0 3.72796e+06 0 4.55639e+06 3.72796e+06 2.0607e+06 376561 0.01459 0.0162253 0.00189798 0.0146826 0.0363957
52 84 0 -0.712694 0.868846 -0.00548565 0.00922629 1.60788e+07 6.70873e+07 3.03414e+07 5.54441e+06 0 5.48896e+07 0 6.70873e+07 5.48896e+07 3.03414e+07 5.54441e+06 0.0040307 -0.00203304 0.00187657 0.00835536 0.0454319
60 84 1 -1.11692 0.804433 -0.0085189 0.00992205 6.74814e+06 2.81561e+07 1.27341e+07 2.32695e+06 0 2.30368e+07 0 2.81561e+07 2.30368e+07 1.27341e+07 2.32695e+06 0.00942233 -0.00303477 0.00692124 0.0125821 0.045493
59 84 2 -0.894883 0.562705 -0.00751245 0.00611979 7.14661e+06 2.98186e+07 1.3486e+07 2.46435e+06 0 2.43971e+07 0 2.98186e+07 2.43971e+07 1.3486e+07 2.46435e+06 0.00727466 -0.000600051 8.86358e-05 0.0155381 0.0533871
50 85 0 -0.658525 1.18074 -0.00445306 0.0117175 1.51346e+07 6.31477e+07 2.85596e+07 5.21882e+06 0 5.16663e+07 0 6.31477e+07 5.16663e+07 2.85596e+07 5.21882e+06 0.00435199 0.00464324 0.00319365 0.00717715 0.0387946
56 85 1 -0.97014 1.09996 -0.00602493 0.0115257 2.44997e+07 1.02223e+08 4.62321e+07 8.44818e+06 0 8.3637e+07 0 1.02223e+08 8.3637e+07 4.62321e+07 8.44818e+06 0.00229201 -0.0052404 0.00353819 0.00285144 0.0403209
52 85 2 -0.712694 0.868846 -0.00548565 0.00922629 1.60788e+07 6.70873e+07 3.03414e+07 5.54441e+06 0 5.48896e+07 0 6.70873e+07 5.48896e+07 3.03414e+07 5.54441e+06 0.0040307 -0.00203304 0.00187657 0.00835536 0.0454319
42 86 0 -0.603248 1.53627 -0.00379046 0.0142807 1.73453e+07 7.23718e+07 3.27314e+07 5.98114e+06 0 5.92133e+07 0 7.23718e+07 5.92133e+07 3.27314e+07 5.98114e+06 0.0038761 -0.000473895 0.00381059 0.00679743 0.0341249
49 86 1 -0.873777 1.38602 -0.00527367 0.013324 7.48443e+06 3.12281e+07 1.41235e+07 2.58084e+06 0 2.55503e+07 0 3.12281e+07 2.55503e+07 1.41235e+07 2.58084e+06 0.00775401 -0.00263292 -0.000412356 0.0135141 0.0363385
50 86 2 -0.658525 1.18074 -0.00445306 0.0117175 1.51346e+07 6.31477e+07 2.85596e+07 5.21882e+06 0 5.16663e+07 0 6.31477e+07 5.16663e+07 2.85596e+07 5.21882e+06 0.00435199 0.00464324 0.00319365 0.00717715 0.0387946
33 87 0 -0.0758402 1.76813 -0.000147091 0.0174529 1.82195e+07 7.60191e+07 3.4381e+07 6.28257e+06 0 6.21975e+07 0 7.60191e+07 6.21975e+07 3.4381e+07 6.28257e+06 0.00341526 -0.00652654 -0.00185047 0.00514543 0.0320664
34 87 1 -0.377419 1.73163 -0.00205731 0.016576 9.94338e+06 4.14879e+07 1.87636e+07 3.42875e+06 0 3.39446e+07 0 4.14879e+07 3.39446e+07 1.87636e+07 3.42875e+06 0.00846831 0.008652 0.00224599 0.00870383 0.0323211
41 87 2 -0.206842 1.42789 -0.00200532 0.0145948 5.4434e+06 2.27121e+07 1.02719e+07 1.87703e+06 0 1.85826e+07 0 2.27121e+07 1.85826e+07 1.02719e+07 1.87703e+06 0.0107188 0.00319113 0.00733144 0.0129388 0.0350972
35 88 0 -0.672214 1.89307 -0.00411215 0.0169654 1.40769e+07 5.87346e+07 2.65637e+07 4.8541e+06 0 4.80556e+07 0 5.87346e+07 4.80556e+07 2.65637e+07 4.8541e+06 0.00455546 -0.00548206 -0.00398404 0.00710021 0.0323775
43 88 1 -0.951726 1.67412 -0.00545871 0.0172008 8.78601e+06 3.66589e+07 1.65796e+07 3.02966e+06 0 2.99936e+07 0 3.66589e+07 2.99936e+07 1.65796e+07 3.02966e+06 0.00943143 -0.00600252 0.00377752 0.0110623 0.0344434
42 88 2 -0.603248 1.53627 -0.00379046 0.0142807 1.73453e+07 7.23718e+07 3.27314e+07 5.98114e+06 0 5.92133e+07 0 7.23718e+07 5.92133e+07 3.27314e+07 5.98114e+06 0.0038761 -0.000473895 0.00381059 0.00679743 0.0341249
43 89 0 -0.951726 1.67412 -0.00545871 0.0172008 8.78601e+06 3.66589e+07 1.65796e+07 3.02966e+06 0 2.99936e+07 0 3.66589e+07 2.99936e+07 1.65796e+07 3.02966e+06 0.00943143 -0.00600252 0.00377752 0.0110623 0.0344434
51 89 1 -1.17981 1.38088 -0.00773285 0.0149531 7.20033e+06 3.00428e+07 1.35874e+07 2.48287e+06 0 2.45804e+07 0 3.00428e+07 2.45804e+07 1.35874e+07 2.48287e+06 0.00782107 -0.00848604 -0.00814964 0.0113054 0.0376087
49 89 2 -0.873777 1.38602 -0.00527367 0.013324 7.48443e+06 3.12281e+07 1.41235e+07 2.58084e+06 0 2.55503e+07 0 3.12281e+07 2.55503e+07 1.41235e+07 2.58084e+06 0.00775401 -0.00263292 -0.000412356 0.0135141 0.0363385
51 90 0 -1.17981 1.38088 -0.00773285 0.0149531 7.20033e+06 3.00428e+07 1.35874e+07 2.48287e+06 0 2.45804e+07 0 3.00428e+07 2.45804e+07 1.35874e+07 2.48287e+06 0.00782107 -0.00848604 -0.00814964 0.0113054 0.0376087
57 90 1 -1.2789 1.14431 -0.00748313 0.0133188 9.84401e+06 4.10733e+07 1.85761e+07 3.39449e+06 0 3.36054e+07 0 4.10733e+07 3.36054e+07 1.85761e+07 3.39449e+06 0.00760126 -0.00480507 -0.000421301 0.0080783 0.0405853
56 90 2 -0.97014 1.09996 -0.00602493 0.0115257 2.44997e+07 1.02223e+08 4.62321e+07 8.44818e+06 0 8.3637e+07 0 1.02223e+08 8.3637e+07 4.62321e+07 8.44818e+06 0.00229201 -0.0052404 0.00353819 0.00285144 0.0403209
19 91 0 0.498682 0.609149 0.00276957 0.00461395 1.9822e+07 8.27056e+07 3.7405e+07 6.83518e+06 0 6.76683e+07 0 8.27056e+07 6.76683e+07 3.7405e+07 6.83518e+06 0.00146126 -0.00156974 -0.00301082 0.00809452 0.0563069
27 91 1 0.306613 0.902591 0.001212 0.00821282 7.74719e+06 3.23245e+07 1.46193e+07 2.67144e+06 0 2.64473e+07 0 3.23245e+07 2.64473e+07 1.46193e+07 2.67144e+06 0.00627732 -0.00348154 -0.00431846 0.0159769 0.0465776
30 91 2 0.175268 0.591899 0.00171942 0.00443321 1.08891e+07 4.54337e+07 2.05481e+07 3.75485e+06 0 3.7173e+07 0 4.54337e+07 3.7173e+07 2.05481e+07 3.75485e+06 0.00499682 0.000563911 -0.00371406 0.00958681 0.0583365
8 92 0 0.939787 0.273921 0.00424001 0.00205709 1.71797e+07 7.1681e+07 3.2419e+07 5.92405e+06 0 5.86481e+07 0 7.1681e+07 5.86481e+07 3.2419e+07 5.92405e+06 0.00973628 -0.00381173 0.000874566 0.00368162 0.0652929
6 92 1 1 2.07246e-24 1.56659e-26 3.76899e-26 9.2994e+06 3.8801e+07 1.75484e+07 3.20669e+06 0 3.17462e+07 0 3.8801e+07 3.17462e+07 1.75484e+07 3.20669e+06 2.47951e-25 -5.39585e-25 0.0322235 0.0105001 0.0774422
4 92 2 1.23644 0.0994937 0.00417331 -0.000328851 1.7219e+07 7.18449e+07 3.24931e+07 5.93759e+06 0 5.87822e+07 0 7.18449e+07 5.87822e+07 3.24931e+07 5.93759e+06 0.00234977 -0.0103785 0.00963254 0.00552336 0.0605097
1 93 0 1.4644 0.217141 0.00735542 0.000459679 4.13157e+06 1.72386e+07 7.79646e+06 1.42468e+06 0 1.41043e+07 0 1.72386e+07 1.41043e+07 7.79646e+06 1.42468e+06 0.0133905 0.00501569 0.0139647 0.0182726 0.0548934
2 93 1 1.19303 0.490815 0.00748263 0.00345436 7.31341e+06 3.05146e+07 1.38007e+07 2.52186e+06 0 2.49665e+07 0 3.05146e+07 2.49665e+07 1.38007e+07 2.52186e+06 0.00828872 0.00462751 0.00846116 0.0131743 0.0528818
4 93 2 1.23644 0.0994937 0.00417331 -0.000328851 1.7219e+07 7.18449e+07 3.24931e+07 5.93759e+06 0 5.87822e+07 0 7.18449e+07 5.87822e+07 3.24931e+07 5.93759e+06 0.00234977 -0.0103785 0.00963254 0.00552336 0.0605097
9 94 0 0.844691 0.591645 0.00461942 0.00458255 4.47009e+06 1.86511e+07 8.43527e+06 1.54141e+06 0 1.526e+07 0 1.86511e+07 1.526e+07 8.43527e+06 1.54141e+06 0.00875948 -0.00122754 0.000142531 0.0122102 0.0538701
18 94 1 0.627212 0.305281 0.00296542 0.00239891 2.2702e+07 9.4722e+07 4.28396e+07 7.82827e+06 0 7.74998e+07 0 9.4722e+07 7.74998e+07 4.28396e+07 7.82827e+06 0.00238617 2.95633e-05 0.00334916 0.00583292 0.0704764
8 94 2 0.939787 0.273921 0.00424001 0.00205709 1.71797e+07 7.1681e+07 3.2419e+07 5.92405e+06 0 5.86481e+07 0 7.1681e+07 5.86481e+07 3.2419e+07 5.92405e+06 0.00973628 -0.00381173 0.000874566 0.00368162 0.0652929
29 95 0 0.320163 0.303341 0.00210846 0.00210244 1.61895e+07 6.75492e+07 3.05503e+07 5.58258e+06 0 5.52675e+07 0 6.75492e+07 5.52675e+07 3.05503e+07 5.58258e+06 0.00314523 0.00181293 0.00464542 0.00818885 0.0739194
18 95 1 0.627212 0.305281 0.00296542 0.00239891 2.2702e+07 9.4722e+07 4.28396e+07 7.82827e+06 0 7.74998e+07 0 9.4722e+07 7.74998e+07 4.28396e+07 7.82827e+06 0.00238617 2.95633e-05 0.00334916 0.00583292 0.0704764
19 95 2 0.498682 0.609149 0.00276957 0.00461395 1.9822e+07 8.27056e+07 3.7405e+07 6.83518e+06 0 6.76683e+07 0 8.27056e+07 6.76683e+07 3.7405e+07 6.83518e+06 0.00146126 -0.00156974 -0.00301082 0.00809452 0.0563069
11 96 0 0.714286 3.32024e-24 4.66519e-27 4.41386e-26 7.37902e+06 3.07883e+07 1.39245e+07 2.54449e+06 0 2.51904e+07 0 3.07883e+07 2.51904e+07 1.39245e+07 2.54449e+06 6.61586e-26 6.03521e-25 0.0220681 0.0144759 0.0921896
6 96 1 1 2.07246e-24 1.56659e-26 3.76899e-26 9.2994e+06 3.8801e+07 1.75484e+07 3.20669e+06 0 3.17462e+07 0 3.8801e+07 3.17462e+07 1.75484e+07 3.20669e+06 2.47951e-25 -5.39585e-25 0.0322235 0.0105001 0.0774422
8 96 2 0.939787 0.273921 0.00424001 0.00205709 1.71797e+07 7.1681e+07 3.2419e+07 5.92405e+06 0 5.86481e+07 0 7.1681e+07 5.86481e+07 3.2419e+07 5.92405e+06 0.00973628 -0.00381173 0.000874566 0.00368162 0.0652929
17 97 0 0.877533 1.16876 0.00541309 0.0111399 5.63447e+06 2.35093e+07 1.06325e+07 1.94292e+06 0 1.92349e+07 0 2.35093e+07 1.92349e+07 1.06325e+07 1.94292e+06 0.0164772 0.00747546 0.00292196 0.00754256 0.0400677
28 97 1 0.460478 1.22611 0.00179636 0.0109504 2.10398e+07 8.77867e+07 3.9703e+07 7.2551e+06 0 7.18255e+07 0 8.77867e+07 7.18255e+07 3.9703e+07 7.2551e+06 0.00211996 -0.00125965 -0.00180116 0.007128 0.0389085
16 97 2 0.678139 0.904198 0.00352816 0.00772207 8.13269e+06 3.3933e+07 1.53468e+07 2.80438e+06 0 2.77633e+07 0 3.3933e+07 2.77633e+07 1.53468e+07 2.80438e+06 0.00681491 0.000429195 -0.00622726 0.0123376 0.0455386
32 98 0 0.152048 1.47066 0.000768562 0.0138529 1.4794e+07 6.17267e+07 2.79169e+07 5.10138e+06 0 5.05037e+07 0 6.17267e+07 5.05037e+07 2.79169e+07 5.10138e+06 0.00372653 -0.00966099 0.00116546 0.00665713 0.0349671
22 98 1 0.46955 1.59875 0.00231667 0.0134463 2.13113e+07 8.89196e+07 4.02154e+07 7.34873e+06 0 7.27524e+07 0 8.89196e+07 7.27524e+07 4.02154e+07 7.34873e+06 0.00283843 -0.000729096 -0.00303328 0.00494539 0.0341697
23 98 2 0.224196 1.7766 0.00128818 0.0154207 1.77084e+07 7.38866e+07 3.34165e+07 6.10633e+06 0 6.04527e+07 0 7.38866e+07 6.04527e+07 3.34165e+07 6.10633e+06 0.0034151 -0.004779 0.00258739 0.00337162 0.0323727
33 99 0 -0.0758402 1.76813 -0.000147091 0.0174529 1.82195e+07 7.60191e+07 3.4381e+07 6.28257e+06 0 6.21975e+07 0 7.60191e+07 6.21975e+07 3.4381e+07 6.28257e+06 0.00341526 -0.00652654 -0.00185047 0.00514543 0.0320664
32 99 1 0.152048 1.47066 0.000768562 0.0138529 1.4794e+07 6.17267e+07 2.79169e+07 5.10138e+06 0 5.05037e+07 0 6.17267e+07 5.05037e+07 2.79169e+07 5.10138e+06 0.00372653 -0.00966099 0.00116546 0.00665713 0.0349671
23 99 2 0.224196 1.7766 0.00128818 0.0154207 1.77084e+07 7.38866e+07 3.34165e+07 6.10633e+06 0 6.04527e+07 0 7.38866e+07 6.04527e+07 3.34165e+07 6.10633e+06 0.0034151 -0.004779 0.00258739 0.00337162 0.0323727
32 100 0 0.152048 1.47066 0.000768562 0.0138529 1.4794e+07 6.17267e+07 2.79169e+07 5.10138e+06 0 5.05037e+07 0 6.17267e+07 5.05037e+07 2.79169e+07 5.10138e+06 0.00372653 -0.00966099 0.00116546 0.00665713 0.0349671
28 100 1 0.460478 1.22611 0.00179636 0.0109504 2.10398e+07 8.77867e+07 3.9703e+07 7.2551e+06 0 7.18255e+07 0 8.77867e+07 7.18255e+07 3.9703e+07 7.2551e+06 0.00211996 -0.00125965 -0.00180116 0.007128 0.0389085
22 100 2 0.46955 1.59875 0.00231667 0.0134463 2.13113e+07 8.89196e+07 4.02154e+07 7.34873e+06 0 7.27524e+07 0 8.89196e+07 7.27524e+07 4.02154e+07 7.34873e+06 0.00283843 -0.000729096 -0.00303328 0.00494539 0.0341697
23 101 0 0.224196 1.7766 0.00128818 0.0154207 1.77084e+07 7.38866e+07 3.34165e+07 6.10633e+06 0 6.04527e+07 0 7.38866e+07 6.04527e+07 3.34165e+07 6.10633e+06 0.0034151 -0.004779 0.00258739 0.00337162 0.0323727
22 101 1 0.46955 1.59875 0.00231667 0.0134463 2.13113e+07 8.89196e+07 4.02154e+07 7.34873e+06 0 7.27524e+07 0 8.89196e+07 7.27524e+07 4.02154e+07 7.34873e+06 0.00283843 -0.000729096 -0.00303328 0.00494539 0.0341697
15 101 2 0.465245 1.96574 0.00341962 0.0160445 1.1521e+07 4.80705e+07 2.17407e+07 3.97277e+06 0 3.93304e+07 0 4.80705e+07 3.93304e+07 2.17407e+07 3.97277e+06 0.00149539 -0.00158643 0.0136926 0.011337 0.032332
24 102 0 0.121958 2.07276 0.00164556 0.0203963 774534 3.23168e+06 1.46158e+06 267081 0 2.6441e+06 0 3.23168e+06 2.6441e+06 1.46158e+06 267081 0.0150409 -0.0126892 0.00619729 0.0241992 0.0313884
23 102 1 0.224196 1.7766 0.00128818 0.0154207 1.77084e+07 7.38866e+07 3.34165e+07 6.10633e+06 0 6.04527e+07 0 7.38866e+07 6.04527e+07 3.34165e+07 6.10633e+06 0.0034151 -0.004779 0.00258739 0.00337162 0.0323727
15 102 2 0.465245 1.96574 0.00341962 0.0160445 1.1521e+07 4.80705e+07 2.17407e+07 3.97277e+06 0 3.93304e+07 0 4.80705e+07 3.93304e+07 2.17407e+07 3.97277e+06 0.00149539 -0.00158643 0.0136926 0.011337 0.032332
33 103 0 -0.0758402 1.76813 -0.000147091 0.0174529 1.82195e+07 7.60191e+07 3.4381e+07 6.28257e+06 0 6.21975e+07 0 7.60191e+07 6.21975e+07 3.4381e+07 6.28257e+06 0.00341526 -0.00652654 -0.00185047 0.00514543 0.0320664
41 103 1 -0.206842 1.42789 -0.00200532 0.0145948 5.4434e+06 2.27121e+07 1.02719e+07 1.87703e+06 0 1.85826e+07 0 2.27121e+07 1.85826e+07 1.02719e+07 1.87703e+06 0.0107188 0.00319113 0.00733144 0.0129388 0.0350972
32 103 2 0.152048 1.47066 0.000768562 0.0138529 1.4794e+07 6.17267e+07 2.79169e+07 5.10138e+06 0 5.05037e+07 0 6.17267e+07 5.05037e+07 2.79169e+07 5.10138e+06 0.00372653 -0.00966099 0.00116546 0.00665713 0.0349671
