Index_Vertex nbTriangle nbInTr x y ux uy Elast AR BR IR GR ER FR A1 A2 B12 C3 Defxx Defxy Defyx Defyy Density 
3 0 0 -0.939674 0.18339 -0.00268117 0.000900279 2.38503e+07 9.95134e+07 4.50066e+07 8.22425e+06 0 8.14201e+07 0 9.95134e+07 8.14201e+07 4.50066e+07 8.22425e+06 0.00356461 -0.00026523 -0.00360757 0.0042101 0.094845
0 0 1 -1.09285 0.119806 -0.0026403 0.000668324 3.34973e+07 1.39765e+08 6.3211e+07 1.15508e+07 0 1.14353e+08 0 1.39765e+08 1.14353e+08 6.3211e+07 1.15508e+07 0.00119678 -0.000374613 -0.0091486 0.00462737 0.0940864
2 0 2 -1 1.06286e-24 -3.67444e-27 2.45812e-26 2.04649e+07 8.53879e+07 3.86181e+07 7.05685e+06 0 6.98628e+07 0 8.53879e+07 6.98628e+07 3.86181e+07 7.05685e+06 7.91788e-26 7.02974e-25 -0.0289719 0.00670097 0.105865
9 1 0 -0.946959 0.376383 -0.003408 0.00212338 7.30525e+06 3.04805e+07 1.37853e+07 2.51905e+06 0 2.49386e+07 0 3.04805e+07 2.49386e+07 1.37853e+07 2.51905e+06 0.00878264 0.00520016 -0.000875105 0.0094017 0.0849796
3 1 1 -0.939674 0.18339 -0.00268117 0.000900279 2.38503e+07 9.95134e+07 4.50066e+07 8.22425e+06 0 8.14201e+07 0 9.95134e+07 8.14201e+07 4.50066e+07 8.22425e+06 0.00356461 -0.00026523 -0.00360757 0.0042101 0.094845
11 1 2 -0.743647 0.209242 -0.00190292 0.00154335 1.1964e+07 4.99188e+07 2.25766e+07 4.12552e+06 0 4.08426e+07 0 4.99188e+07 4.08426e+07 2.25766e+07 4.12552e+06 0.00577912 0.00277237 -0.00270056 0.00552347 0.0963967
9 2 0 -0.946959 0.376383 -0.003408 0.00212338 7.30525e+06 3.04805e+07 1.37853e+07 2.51905e+06 0 2.49386e+07 0 3.04805e+07 2.49386e+07 1.37853e+07 2.51905e+06 0.00878264 0.00520016 -0.000875105 0.0094017 0.0849796
1 2 1 -1.18464 0.240424 -0.00346227 0.00115162 4.10603e+07 1.71321e+08 7.74826e+07 1.41587e+07 0 1.40171e+08 0 1.71321e+08 1.40171e+08 7.74826e+07 1.41587e+07 0.000968491 7.69764e-05 -0.00579223 0.00302252 0.0881203
3 2 2 -0.939674 0.18339 -0.00268117 0.000900279 2.38503e+07 9.95134e+07 4.50066e+07 8.22425e+06 0 8.14201e+07 0 9.95134e+07 8.14201e+07 4.50066e+07 8.22425e+06 0.00356461 -0.00026523 -0.00360757 0.0042101 0.094845
11 3 0 -0.743647 0.209242 -0.00190292 0.00154335 1.1964e+07 4.99188e+07 2.25766e+07 4.12552e+06 0 4.08426e+07 0 4.99188e+07 4.08426e+07 2.25766e+07 4.12552e+06 0.00577912 0.00277237 -0.00270056 0.00552347 0.0963967
3 3 1 -0.939674 0.18339 -0.00268117 0.000900279 2.38503e+07 9.95134e+07 4.50066e+07 8.22425e+06 0 8.14201e+07 0 9.95134e+07 8.14201e+07 4.50066e+07 8.22425e+06 0.00356461 -0.00026523 -0.00360757 0.0042101 0.094845
10 3 2 -0.8 2.4239e-24 -3.41888e-27 3.23351e-26 1.64812e+07 6.87665e+07 3.11008e+07 5.68318e+06 0 5.62635e+07 0 6.87665e+07 5.62635e+07 3.11008e+07 5.68318e+06 7.29354e-18 -4.34707e-18 -0.0197248 0.00749117 0.112725
3 4 0 -0.939674 0.18339 -0.00268117 0.000900279 2.38503e+07 9.95134e+07 4.50066e+07 8.22425e+06 0 8.14201e+07 0 9.95134e+07 8.14201e+07 4.50066e+07 8.22425e+06 0.00356461 -0.00026523 -0.00360757 0.0042101 0.094845
2 4 1 -1 1.06286e-24 -3.67444e-27 2.45812e-26 2.04649e+07 8.53879e+07 3.86181e+07 7.05685e+06 0 6.98628e+07 0 8.53879e+07 6.98628e+07 3.86181e+07 7.05685e+06 7.91788e-26 7.02974e-25 -0.0289719 0.00670097 0.105865
10 4 2 -0.8 2.4239e-24 -3.41888e-27 3.23351e-26 1.64812e+07 6.87665e+07 3.11008e+07 5.68318e+06 0 5.62635e+07 0 6.87665e+07 5.62635e+07 3.11008e+07 5.68318e+06 7.29354e-18 -4.34707e-18 -0.0197248 0.00749117 0.112725
9 5 0 -0.946959 0.376383 -0.003408 0.00212338 7.30525e+06 3.04805e+07 1.37853e+07 2.51905e+06 0 2.49386e+07 0 3.04805e+07 2.49386e+07 1.37853e+07 2.51905e+06 0.00878264 0.00520016 -0.000875105 0.0094017 0.0849796
14 5 1 -0.883511 0.594861 -0.00318788 0.00412649 1.2101e+07 5.04904e+07 2.28351e+07 4.17276e+06 0 4.13103e+07 0 5.04904e+07 4.13103e+07 2.28351e+07 4.17276e+06 0.00536945 0.0050892 -0.000590702 0.0067398 0.0769654
5 5 2 -1.16002 0.522719 -0.0040136 0.00220458 3.62594e+07 1.51289e+08 6.84232e+07 1.25033e+07 0 1.23782e+08 0 1.51289e+08 1.23782e+08 6.84232e+07 1.25033e+07 0.00088225 0.00606479 -0.000479627 0.00378991 0.0800527
0 6 0 -1.09285 0.119806 -0.0026403 0.000668324 3.34973e+07 1.39765e+08 6.3211e+07 1.15508e+07 0 1.14353e+08 0 1.39765e+08 1.14353e+08 6.3211e+07 1.15508e+07 0.00119678 -0.000374613 -0.0091486 0.00462737 0.0940864
3 6 1 -0.939674 0.18339 -0.00268117 0.000900279 2.38503e+07 9.95134e+07 4.50066e+07 8.22425e+06 0 8.14201e+07 0 9.95134e+07 8.14201e+07 4.50066e+07 8.22425e+06 0.00356461 -0.00026523 -0.00360757 0.0042101 0.094845
1 6 2 -1.18464 0.240424 -0.00346227 0.00115162 4.10603e+07 1.71321e+08 7.74826e+07 1.41587e+07 0 1.40171e+08 0 1.71321e+08 1.40171e+08 7.74826e+07 1.41587e+07 0.000968491 7.69764e-05 -0.00579223 0.00302252 0.0881203
11 7 0 -0.743647 0.209242 -0.00190292 0.00154335 1.1964e+07 4.99188e+07 2.25766e+07 4.12552e+06 0 4.08426e+07 0 4.99188e+07 4.08426e+07 2.25766e+07 4.12552e+06 0.00577912 0.00277237 -0.00270056 0.00552347 0.0963967
18 7 1 -0.69411 0.422711 -0.00188327 0.0029906 1.54011e+07 6.42597e+07 2.90625e+07 5.31072e+06 0 5.25761e+07 0 6.42597e+07 5.25761e+07 2.90625e+07 5.31072e+06 0.00375436 -0.00319472 -0.00180114 0.00625358 0.0842457
9 7 2 -0.946959 0.376383 -0.003408 0.00212338 7.30525e+06 3.04805e+07 1.37853e+07 2.51905e+06 0 2.49386e+07 0 3.04805e+07 2.49386e+07 1.37853e+07 2.51905e+06 0.00878264 0.00520016 -0.000875105 0.0094017 0.0849796
19 8 0 -0.6 2.45007e-24 -7.04409e-28 3.23957e-26 1.04529e+07 4.36139e+07 1.97251e+07 3.60446e+06 0 3.56841e+07 0 4.36139e+07 3.56841e+07 1.97251e+07 3.60446e+06 2.4049e-26 7.58721e-25 -0.00937557 0.0117133 0.115626
11 8 1 -0.743647 0.209242 -0.00190292 0.00154335 1.1964e+07 4.99188e+07 2.25766e+07 4.12552e+06 0 4.08426e+07 0 4.99188e+07 4.08426e+07 2.25766e+07 4.12552e+06 0.00577912 0.00277237 -0.00270056 0.00552347 0.0963967
10 8 2 -0.8 2.4239e-24 -3.41888e-27 3.23351e-26 1.64812e+07 6.87665e+07 3.11008e+07 5.68318e+06 0 5.62635e+07 0 6.87665e+07 5.62635e+07 3.11008e+07 5.68318e+06 7.29354e-18 -4.34707e-18 -0.0197248 0.00749117 0.112725
20 9 0 -0.527995 0.225473 -0.00111401 0.00166236 2.62524e+07 1.09536e+08 4.95394e+07 9.05254e+06 0 8.96201e+07 0 1.09536e+08 8.96201e+07 4.95394e+07 9.05254e+06 0.00317998 -0.00188067 -0.00152156 0.00363287 0.0971798
27 9 1 -0.4 2.37947e-24 -4.97903e-27 3.25687e-26 1.5591e+07 6.5052e+07 2.94209e+07 5.3762e+06 0 5.32244e+07 0 6.5052e+07 5.32244e+07 2.94209e+07 5.3762e+06 -1.23431e-18 1.59935e-18 -0.00497333 0.00683048 0.117127
28 9 2 -0.308602 0.237569 -0.000572177 0.00125332 1.64373e+07 6.85831e+07 3.10179e+07 5.66803e+06 0 5.61135e+07 0 6.85831e+07 5.61135e+07 3.10179e+07 5.66803e+06 0.00336371 -0.00527392 -0.00113769 0.00574975 0.0972745
9 10 0 -0.946959 0.376383 -0.003408 0.00212338 7.30525e+06 3.04805e+07 1.37853e+07 2.51905e+06 0 2.49386e+07 0 3.04805e+07 2.49386e+07 1.37853e+07 2.51905e+06 0.00878264 0.00520016 -0.000875105 0.0094017 0.0849796
5 10 1 -1.16002 0.522719 -0.0040136 0.00220458 3.62594e+07 1.51289e+08 6.84232e+07 1.25033e+07 0 1.23782e+08 0 1.51289e+08 1.23782e+08 6.84232e+07 1.25033e+07 0.00088225 0.00606479 -0.000479627 0.00378991 0.0800527
1 10 2 -1.18464 0.240424 -0.00346227 0.00115162 4.10603e+07 1.71321e+08 7.74826e+07 1.41587e+07 0 1.40171e+08 0 1.71321e+08 1.40171e+08 7.74826e+07 1.41587e+07 0.000968491 7.69764e-05 -0.00579223 0.00302252 0.0881203
36 11 0 -0.0959871 0.243334 -0.000181615 0.00108188 3.64065e+07 1.51903e+08 6.87007e+07 1.2554e+07 0 1.24284e+08 0 1.51903e+08 1.24284e+08 6.87007e+07 1.2554e+07 0.00177659 0.00281056 -0.000216918 0.00219041 0.0972597
28 11 1 -0.308602 0.237569 -0.000572177 0.00125332 1.64373e+07 6.85831e+07 3.10179e+07 5.66803e+06 0 5.61135e+07 0 6.85831e+07 5.61135e+07 3.10179e+07 5.66803e+06 0.00336371 -0.00527392 -0.00113769 0.00574975 0.0972745
35 11 2 -0.2 2.37043e-24 -1.36802e-27 4.03184e-26 5.16017e+07 2.15304e+08 9.73747e+07 1.77937e+07 0 1.76157e+08 0 2.15304e+08 1.76157e+08 9.73747e+07 1.77937e+07 1.23431e-18 -1.59935e-18 -0.00214156 0.00239057 0.117877
44 12 0 2.49704e-17 2.44938e-24 1.03493e-27 3.20564e-26 1.29829e+07 5.41701e+07 2.44993e+07 4.47687e+06 0 4.4321e+07 0 5.41701e+07 4.4321e+07 2.44993e+07 4.47687e+06 0.000729577 0.00264343 -0.00075814 0.00842755 0.118115
36 12 1 -0.0959871 0.243334 -0.000181615 0.00108188 3.64065e+07 1.51903e+08 6.87007e+07 1.2554e+07 0 1.24284e+08 0 1.51903e+08 1.24284e+08 6.87007e+07 1.2554e+07 0.00177659 0.00281056 -0.000216918 0.00219041 0.0972597
35 12 2 -0.2 2.37043e-24 -1.36802e-27 4.03184e-26 5.16017e+07 2.15304e+08 9.73747e+07 1.77937e+07 0 1.76157e+08 0 2.15304e+08 1.76157e+08 9.73747e+07 1.77937e+07 1.23431e-18 -1.59935e-18 -0.00214156 0.00239057 0.117877
43 13 0 0.0831363 0.463726 0.000468228 0.00266988 1.62938e+07 6.79844e+07 3.07471e+07 5.61854e+06 0 5.56236e+07 0 6.79844e+07 5.56236e+07 3.07471e+07 5.61854e+06 0.0030732 0.00375295 0.0021724 0.00688574 0.0834381
37 13 1 -0.063463 0.713967 1.39243e-05 0.00385171 1.39325e+07 5.8132e+07 2.62912e+07 4.80429e+06 0 4.75625e+07 0 5.8132e+07 4.75625e+07 2.62912e+07 4.80429e+06 0.00422013 0.000711959 -0.000171186 0.00573186 0.0723308
34 13 2 -0.189169 0.47679 -0.000590499 0.00224809 1.47809e+07 6.16719e+07 2.78922e+07 5.09685e+06 0 5.04588e+07 0 6.16719e+07 5.04588e+07 2.78922e+07 5.09685e+06 0.00387286 -0.0016066 -0.00192207 0.00740597 0.082647
68 14 0 1.0102 0.389273 0.00271078 0.00135704 4.28865e+07 1.7894e+08 8.09287e+07 1.47884e+07 0 1.46405e+08 0 1.7894e+08 1.46405e+08 8.09287e+07 1.47884e+07 0.00162019 -0.00453306 0.00241207 0.00209238 0.0849515
69 14 1 0.930286 0.203975 0.00203053 0.000941757 1.12084e+07 4.6766e+07 2.11507e+07 3.86496e+06 0 3.82631e+07 0 4.6766e+07 3.82631e+07 2.11507e+07 3.86496e+06 0.0038527 0.000155693 0.00689094 0.00699388 0.0945559
71 14 2 1.18246 0.235002 0.0026092 0.000261692 6.08723e+07 2.53985e+08 1.14869e+08 2.09905e+07 0 2.07806e+08 0 2.53985e+08 2.07806e+08 1.14869e+08 2.09905e+07 0.000375659 -0.00367135 0.00169396 0.00226228 0.0892332
67 15 0 1.1529 0.525289 0.00354765 0.00113924 2.22349e+07 9.27732e+07 4.19582e+07 7.6672e+06 0 7.59053e+07 0 9.27732e+07 7.59053e+07 4.19582e+07 7.6672e+06 0.00285305 -0.00528354 0.0052004 0.00500412 0.0807973
68 15 1 1.0102 0.389273 0.00271078 0.00135704 4.28865e+07 1.7894e+08 8.09287e+07 1.47884e+07 0 1.46405e+08 0 1.7894e+08 1.46405e+08 8.09287e+07 1.47884e+07 0.00162019 -0.00453306 0.00241207 0.00209238 0.0849515
71 15 2 1.18246 0.235002 0.0026092 0.000261692 6.08723e+07 2.53985e+08 1.14869e+08 2.09905e+07 0 2.07806e+08 0 2.53985e+08 2.07806e+08 1.14869e+08 2.09905e+07 0.000375659 -0.00367135 0.00169396 0.00226228 0.0892332
62 16 0 0.928369 0.598489 0.00320503 0.00239713 1.94636e+07 8.12102e+07 3.67287e+07 6.71159e+06 0 6.64447e+07 0 8.12102e+07 6.64447e+07 3.67287e+07 6.71159e+06 0.00360794 -3.95697e-05 0.00525267 0.00468331 0.0776652
67 16 1 1.1529 0.525289 0.00354765 0.00113924 2.22349e+07 9.27732e+07 4.19582e+07 7.6672e+06 0 7.59053e+07 0 9.27732e+07 7.59053e+07 4.19582e+07 7.6672e+06 0.00285305 -0.00528354 0.0052004 0.00500412 0.0807973
61 16 2 1.04587 0.791344 0.00465693 0.00326094 1.52754e+07 6.37352e+07 2.88253e+07 5.26737e+06 0 5.2147e+07 0 6.37352e+07 5.2147e+07 2.88253e+07 5.26737e+06 0.00393887 -0.00717879 0.00520619 0.00867276 0.0736921
63 17 0 0.800304 0.415782 0.00233847 0.00206288 4.09015e+07 1.70658e+08 7.7183e+07 1.4104e+07 0 1.39629e+08 0 1.70658e+08 1.39629e+08 7.7183e+07 1.4104e+07 0.00153733 -0.0032048 0.00221647 0.00297343 0.0847172
69 17 1 0.930286 0.203975 0.00203053 0.000941757 1.12084e+07 4.6766e+07 2.11507e+07 3.86496e+06 0 3.82631e+07 0 4.6766e+07 3.82631e+07 2.11507e+07 3.86496e+06 0.0038527 0.000155693 0.00689094 0.00699388 0.0945559
68 17 2 1.0102 0.389273 0.00271078 0.00135704 4.28865e+07 1.7894e+08 8.09287e+07 1.47884e+07 0 1.46405e+08 0 1.7894e+08 1.46405e+08 8.09287e+07 1.47884e+07 0.00162019 -0.00453306 0.00241207 0.00209238 0.0849515
57 18 0 0.575327 0.421224 0.00176416 0.00215325 2.1805e+07 9.09794e+07 4.1147e+07 7.51896e+06 0 7.44377e+07 0 9.09794e+07 7.44377e+07 4.1147e+07 7.51896e+06 0.00345879 0.00491103 0.00321399 0.00444922 0.0851211
65 18 1 0.719099 0.213133 0.0014029 0.00117321 1.16673e+07 4.86809e+07 2.20168e+07 4.02322e+06 0 3.98298e+07 0 4.86809e+07 3.98298e+07 2.20168e+07 4.02322e+06 0.00385592 0.000433811 0.00331467 0.00669608 0.0968365
63 18 2 0.800304 0.415782 0.00233847 0.00206288 4.09015e+07 1.70658e+08 7.7183e+07 1.4104e+07 0 1.39629e+08 0 1.70658e+08 1.39629e+08 7.7183e+07 1.4104e+07 0.00153733 -0.0032048 0.00221647 0.00297343 0.0847172
58 19 0 0.416902 0.257529 0.000870622 0.00138869 4.85677e+07 2.02645e+08 9.16495e+07 1.67475e+07 0 1.658e+08 0 2.02645e+08 1.658e+08 9.16495e+07 1.67475e+07 0.00112882 -0.00258032 0.00216397 0.00186676 0.0956582
64 19 1 0.546277 0.179929 0.000856148 0.000973649 2.37772e+07 9.92081e+07 4.48686e+07 8.19902e+06 0 8.11703e+07 0 9.92081e+07 8.11703e+07 4.48686e+07 8.19902e+06 0.00191906 -0.00251911 0.00316127 0.00391674 0.100714
57 19 2 0.575327 0.421224 0.00176416 0.00215325 2.1805e+07 9.09794e+07 4.1147e+07 7.51896e+06 0 7.44377e+07 0 9.09794e+07 7.44377e+07 4.1147e+07 7.51896e+06 0.00345879 0.00491103 0.00321399 0.00444922 0.0851211
51 20 0 0.248838 0.233697 0.000492874 0.00154976 2.20785e+07 9.21207e+07 4.16631e+07 7.61328e+06 0 7.53714e+07 0 9.21207e+07 7.53714e+07 4.16631e+07 7.61328e+06 0.0029361 0.000634876 0.0022941 0.00428853 0.0978332
58 20 1 0.416902 0.257529 0.000870622 0.00138869 4.85677e+07 2.02645e+08 9.16495e+07 1.67475e+07 0 1.658e+08 0 2.02645e+08 1.658e+08 9.16495e+07 1.67475e+07 0.00112882 -0.00258032 0.00216397 0.00186676 0.0956582
50 20 2 0.3421 0.452692 0.00118022 0.00206233 3.52722e+07 1.4717e+08 6.65602e+07 1.21628e+07 0 1.20412e+08 0 1.4717e+08 1.20412e+08 6.65602e+07 1.21628e+07 0.00214148 -0.00508044 0.00184775 0.00172399 0.0838299
43 21 0 0.0831363 0.463726 0.000468228 0.00266988 1.62938e+07 6.79844e+07 3.07471e+07 5.61854e+06 0 5.56236e+07 0 6.79844e+07 5.56236e+07 3.07471e+07 5.61854e+06 0.0030732 0.00375295 0.0021724 0.00688574 0.0834381
51 21 1 0.248838 0.233697 0.000492874 0.00154976 2.20785e+07 9.21207e+07 4.16631e+07 7.61328e+06 0 7.53714e+07 0 9.21207e+07 7.53714e+07 4.16631e+07 7.61328e+06 0.0029361 0.000634876 0.0022941 0.00428853 0.0978332
50 21 2 0.3421 0.452692 0.00118022 0.00206233 3.52722e+07 1.4717e+08 6.65602e+07 1.21628e+07 0 1.20412e+08 0 1.4717e+08 1.20412e+08 6.65602e+07 1.21628e+07 0.00214148 -0.00508044 0.00184775 0.00172399 0.0838299
45 22 0 0.0811744 0.204519 0.000103312 0.00130119 3.34076e+07 1.39391e+08 6.30417e+07 1.15199e+07 0 1.14047e+08 0 1.39391e+08 1.14047e+08 6.30417e+07 1.15199e+07 0.00152576 0.000942491 0.00060843 0.00363929 0.10021
52 22 1 0.2 2.40083e-24 -1.31573e-27 3.30884e-26 1.41299e+07 5.89556e+07 2.66637e+07 4.87236e+06 0 4.82364e+07 0 5.89556e+07 4.82364e+07 2.66637e+07 4.87236e+06 -4.1337e-26 -7.08955e-25 0.00113882 0.00984069 0.11794
51 22 2 0.248838 0.233697 0.000492874 0.00154976 2.20785e+07 9.21207e+07 4.16631e+07 7.61328e+06 0 7.53714e+07 0 9.21207e+07 7.53714e+07 4.16631e+07 7.61328e+06 0.0029361 0.000634876 0.0022941 0.00428853 0.0978332
51 23 0 0.248838 0.233697 0.000492874 0.00154976 2.20785e+07 9.21207e+07 4.16631e+07 7.61328e+06 0 7.53714e+07 0 9.21207e+07 7.53714e+07 4.16631e+07 7.61328e+06 0.0029361 0.000634876 0.0022941 0.00428853 0.0978332
52 23 1 0.2 2.40083e-24 -1.31573e-27 3.30884e-26 1.41299e+07 5.89556e+07 2.66637e+07 4.87236e+06 0 4.82364e+07 0 5.89556e+07 4.82364e+07 2.66637e+07 4.87236e+06 -4.1337e-26 -7.08955e-25 0.00113882 0.00984069 0.11794
59 23 2 0.4 2.48837e-24 1.22004e-27 3.59487e-26 1.35237e+07 5.64263e+07 2.55198e+07 4.66333e+06 0 4.6167e+07 0 5.64263e+07 4.6167e+07 2.55198e+07 4.66333e+06 0.000130371 -0.00104263 0.00451474 0.00915574 0.117314
59 24 0 0.4 2.48837e-24 1.22004e-27 3.59487e-26 1.35237e+07 5.64263e+07 2.55198e+07 4.66333e+06 0 4.6167e+07 0 5.64263e+07 4.6167e+07 2.55198e+07 4.66333e+06 0.000130371 -0.00104263 0.00451474 0.00915574 0.117314
66 24 1 0.6 2.34287e-24 -1.3612e-29 3.43238e-26 2.96158e+07 1.23569e+08 5.58864e+07 1.02123e+07 0 1.01102e+08 0 1.23569e+08 1.01102e+08 5.58864e+07 1.02123e+07 0.000319236 -0.001064 0.00751683 0.00466532 0.115991
64 24 2 0.546277 0.179929 0.000856148 0.000973649 2.37772e+07 9.92081e+07 4.48686e+07 8.19902e+06 0 8.11703e+07 0 9.92081e+07 8.11703e+07 4.48686e+07 8.19902e+06 0.00191906 -0.00251911 0.00316127 0.00391674 0.100714
66 25 0 0.6 2.34287e-24 -1.3612e-29 3.43238e-26 2.96158e+07 1.23569e+08 5.58864e+07 1.02123e+07 0 1.01102e+08 0 1.23569e+08 1.01102e+08 5.58864e+07 1.02123e+07 0.000319236 -0.001064 0.00751683 0.00466532 0.115991
70 25 1 0.8 2.50145e-24 7.08683e-27 3.86657e-26 4.86258e+07 2.02887e+08 9.1759e+07 1.67675e+07 0 1.65998e+08 0 2.02887e+08 1.65998e+08 9.1759e+07 1.67675e+07 4.58658e-06 -3.64705e-05 0.0105548 0.00216401 0.113312
65 25 2 0.719099 0.213133 0.0014029 0.00117321 1.16673e+07 4.86809e+07 2.20168e+07 4.02322e+06 0 3.98298e+07 0 4.86809e+07 3.98298e+07 2.20168e+07 4.02322e+06 0.00385592 0.000433811 0.00331467 0.00669608 0.0968365
69 26 0 0.930286 0.203975 0.00203053 0.000941757 1.12084e+07 4.6766e+07 2.11507e+07 3.86496e+06 0 3.82631e+07 0 4.6766e+07 3.82631e+07 2.11507e+07 3.86496e+06 0.0038527 0.000155693 0.00689094 0.00699388 0.0945559
72 26 1 1 1.05272e-24 -4.73802e-27 2.56386e-26 2.61831e+07 1.09247e+08 4.94088e+07 9.02867e+06 0 8.93838e+07 0 1.09247e+08 8.93838e+07 4.94088e+07 9.02867e+06 4.70259e-18 1.03497e-18 0.0165473 0.00382315 0.106582
71 26 2 1.18246 0.235002 0.0026092 0.000261692 6.08723e+07 2.53985e+08 1.14869e+08 2.09905e+07 0 2.07806e+08 0 2.53985e+08 2.07806e+08 1.14869e+08 2.09905e+07 0.000375659 -0.00367135 0.00169396 0.00226228 0.0892332
62 27 0 0.928369 0.598489 0.00320503 0.00239713 1.94636e+07 8.12102e+07 3.67287e+07 6.71159e+06 0 6.64447e+07 0 8.12102e+07 6.64447e+07 3.67287e+07 6.71159e+06 0.00360794 -3.95697e-05 0.00525267 0.00468331 0.0776652
63 27 1 0.800304 0.415782 0.00233847 0.00206288 4.09015e+07 1.70658e+08 7.7183e+07 1.4104e+07 0 1.39629e+08 0 1.70658e+08 1.39629e+08 7.7183e+07 1.4104e+07 0.00153733 -0.0032048 0.00221647 0.00297343 0.0847172
68 27 2 1.0102 0.389273 0.00271078 0.00135704 4.28865e+07 1.7894e+08 8.09287e+07 1.47884e+07 0 1.46405e+08 0 1.7894e+08 1.46405e+08 8.09287e+07 1.47884e+07 0.00162019 -0.00453306 0.00241207 0.00209238 0.0849515
70 28 0 0.8 2.50145e-24 7.08683e-27 3.86657e-26 4.86258e+07 2.02887e+08 9.1759e+07 1.67675e+07 0 1.65998e+08 0 2.02887e+08 1.65998e+08 9.1759e+07 1.67675e+07 4.58658e-06 -3.64705e-05 0.0105548 0.00216401 0.113312
72 28 1 1 1.05272e-24 -4.73802e-27 2.56386e-26 2.61831e+07 1.09247e+08 4.94088e+07 9.02867e+06 0 8.93838e+07 0 1.09247e+08 8.93838e+07 4.94088e+07 9.02867e+06 4.70259e-18 1.03497e-18 0.0165473 0.00382315 0.106582
69 28 2 0.930286 0.203975 0.00203053 0.000941757 1.12084e+07 4.6766e+07 2.11507e+07 3.86496e+06 0 3.82631e+07 0 4.6766e+07 3.82631e+07 2.11507e+07 3.86496e+06 0.0038527 0.000155693 0.00689094 0.00699388 0.0945559
56 29 0 0.832 0.80524 0.00354948 0.003897 7.15248e+06 2.98431e+07 1.3497e+07 2.46637e+06 0 2.44171e+07 0 2.98431e+07 2.44171e+07 1.3497e+07 2.46637e+06 0.00533059 0.00129956 0.00222073 0.00867315 0.0716431
61 29 1 1.04587 0.791344 0.00465693 0.00326094 1.52754e+07 6.37352e+07 2.88253e+07 5.26737e+06 0 5.2147e+07 0 6.37352e+07 5.2147e+07 2.88253e+07 5.26737e+06 0.00393887 -0.00717879 0.00520619 0.00867276 0.0736921
55 29 2 0.89189 1.02208 0.00337274 0.00502067 3.85735e+07 1.60944e+08 7.27899e+07 1.33012e+07 0 1.31682e+08 0 1.60944e+08 1.31682e+08 7.27899e+07 1.33012e+07 0.00282018 0.00177833 -0.00450531 0.000929196 0.0684348
60 30 0 0.699749 0.638171 0.00267558 0.00313364 3.46211e+07 1.44454e+08 6.53316e+07 1.19383e+07 0 1.18189e+08 0 1.44454e+08 1.18189e+08 6.53316e+07 1.19383e+07 0.00144706 -0.0033059 0.00310715 0.00383388 0.075807
62 30 1 0.928369 0.598489 0.00320503 0.00239713 1.94636e+07 8.12102e+07 3.67287e+07 6.71159e+06 0 6.64447e+07 0 8.12102e+07 6.64447e+07 3.67287e+07 6.71159e+06 0.00360794 -3.95697e-05 0.00525267 0.00468331 0.0776652
56 30 2 0.832 0.80524 0.00354948 0.003897 7.15248e+06 2.98431e+07 1.3497e+07 2.46637e+06 0 2.44171e+07 0 2.98431e+07 2.44171e+07 1.3497e+07 2.46637e+06 0.00533059 0.00129956 0.00222073 0.00867315 0.0716431
57 31 0 0.575327 0.421224 0.00176416 0.00215325 2.1805e+07 9.09794e+07 4.1147e+07 7.51896e+06 0 7.44377e+07 0 9.09794e+07 7.44377e+07 4.1147e+07 7.51896e+06 0.00345879 0.00491103 0.00321399 0.00444922 0.0851211
63 31 1 0.800304 0.415782 0.00233847 0.00206288 4.09015e+07 1.70658e+08 7.7183e+07 1.4104e+07 0 1.39629e+08 0 1.70658e+08 1.39629e+08 7.7183e+07 1.4104e+07 0.00153733 -0.0032048 0.00221647 0.00297343 0.0847172
60 31 2 0.699749 0.638171 0.00267558 0.00313364 3.46211e+07 1.44454e+08 6.53316e+07 1.19383e+07 0 1.18189e+08 0 1.44454e+08 1.18189e+08 6.53316e+07 1.19383e+07 0.00144706 -0.0033059 0.00310715 0.00383388 0.075807
58 32 0 0.416902 0.257529 0.000870622 0.00138869 4.85677e+07 2.02645e+08 9.16495e+07 1.67475e+07 0 1.658e+08 0 2.02645e+08 1.658e+08 9.16495e+07 1.67475e+07 0.00112882 -0.00258032 0.00216397 0.00186676 0.0956582
57 32 1 0.575327 0.421224 0.00176416 0.00215325 2.1805e+07 9.09794e+07 4.1147e+07 7.51896e+06 0 7.44377e+07 0 9.09794e+07 7.44377e+07 4.1147e+07 7.51896e+06 0.00345879 0.00491103 0.00321399 0.00444922 0.0851211
50 32 2 0.3421 0.452692 0.00118022 0.00206233 3.52722e+07 1.4717e+08 6.65602e+07 1.21628e+07 0 1.20412e+08 0 1.4717e+08 1.20412e+08 6.65602e+07 1.21628e+07 0.00214148 -0.00508044 0.00184775 0.00172399 0.0838299
64 33 0 0.546277 0.179929 0.000856148 0.000973649 2.37772e+07 9.92081e+07 4.48686e+07 8.19902e+06 0 8.11703e+07 0 9.92081e+07 8.11703e+07 4.48686e+07 8.19902e+06 0.00191906 -0.00251911 0.00316127 0.00391674 0.100714
65 33 1 0.719099 0.213133 0.0014029 0.00117321 1.16673e+07 4.86809e+07 2.20168e+07 4.02322e+06 0 3.98298e+07 0 4.86809e+07 3.98298e+07 2.20168e+07 4.02322e+06 0.00385592 0.000433811 0.00331467 0.00669608 0.0968365
57 33 2 0.575327 0.421224 0.00176416 0.00215325 2.1805e+07 9.09794e+07 4.1147e+07 7.51896e+06 0 7.44377e+07 0 9.09794e+07 7.44377e+07 4.1147e+07 7.51896e+06 0.00345879 0.00491103 0.00321399 0.00444922 0.0851211
65 34 0 0.719099 0.213133 0.0014029 0.00117321 1.16673e+07 4.86809e+07 2.20168e+07 4.02322e+06 0 3.98298e+07 0 4.86809e+07 3.98298e+07 2.20168e+07 4.02322e+06 0.00385592 0.000433811 0.00331467 0.00669608 0.0968365
69 34 1 0.930286 0.203975 0.00203053 0.000941757 1.12084e+07 4.6766e+07 2.11507e+07 3.86496e+06 0 3.82631e+07 0 4.6766e+07 3.82631e+07 2.11507e+07 3.86496e+06 0.0038527 0.000155693 0.00689094 0.00699388 0.0945559
63 34 2 0.800304 0.415782 0.00233847 0.00206288 4.09015e+07 1.70658e+08 7.7183e+07 1.4104e+07 0 1.39629e+08 0 1.70658e+08 1.39629e+08 7.7183e+07 1.4104e+07 0.00153733 -0.0032048 0.00221647 0.00297343 0.0847172
68 35 0 1.0102 0.389273 0.00271078 0.00135704 4.28865e+07 1.7894e+08 8.09287e+07 1.47884e+07 0 1.46405e+08 0 1.7894e+08 1.46405e+08 8.09287e+07 1.47884e+07 0.00162019 -0.00453306 0.00241207 0.00209238 0.0849515
67 35 1 1.1529 0.525289 0.00354765 0.00113924 2.22349e+07 9.27732e+07 4.19582e+07 7.6672e+06 0 7.59053e+07 0 9.27732e+07 7.59053e+07 4.19582e+07 7.6672e+06 0.00285305 -0.00528354 0.0052004 0.00500412 0.0807973
62 35 2 0.928369 0.598489 0.00320503 0.00239713 1.94636e+07 8.12102e+07 3.67287e+07 6.71159e+06 0 6.64447e+07 0 8.12102e+07 6.64447e+07 3.67287e+07 6.71159e+06 0.00360794 -3.95697e-05 0.00525267 0.00468331 0.0776652
69 36 0 0.930286 0.203975 0.00203053 0.000941757 1.12084e+07 4.6766e+07 2.11507e+07 3.86496e+06 0 3.82631e+07 0 4.6766e+07 3.82631e+07 2.11507e+07 3.86496e+06 0.0038527 0.000155693 0.00689094 0.00699388 0.0945559
65 36 1 0.719099 0.213133 0.0014029 0.00117321 1.16673e+07 4.86809e+07 2.20168e+07 4.02322e+06 0 3.98298e+07 0 4.86809e+07 3.98298e+07 2.20168e+07 4.02322e+06 0.00385592 0.000433811 0.00331467 0.00669608 0.0968365
70 36 2 0.8 2.50145e-24 7.08683e-27 3.86657e-26 4.86258e+07 2.02887e+08 9.1759e+07 1.67675e+07 0 1.65998e+08 0 2.02887e+08 1.65998e+08 9.1759e+07 1.67675e+07 4.58658e-06 -3.64705e-05 0.0105548 0.00216401 0.113312
54 37 0 0.629191 0.908546 0.00303948 0.00447269 2.97713e+07 1.24218e+08 5.61797e+07 1.0266e+07 0 1.01633e+08 0 1.24218e+08 1.01633e+08 5.61797e+07 1.0266e+07 0.000207444 -0.00235017 -0.00189422 0.00347307 0.068146
55 37 1 0.89189 1.02208 0.00337274 0.00502067 3.85735e+07 1.60944e+08 7.27899e+07 1.33012e+07 0 1.31682e+08 0 1.60944e+08 1.31682e+08 7.27899e+07 1.33012e+07 0.00282018 0.00177833 -0.00450531 0.000929196 0.0684348
48 37 2 0.689562 1.1988 0.0025406 0.00547525 3.86761e+07 1.61373e+08 7.29835e+07 1.33366e+07 0 1.32032e+08 0 1.61373e+08 1.32032e+08 7.29835e+07 1.33366e+07 0.00190595 -0.00177894 -0.00300675 0.00291334 0.0646928
54 38 0 0.629191 0.908546 0.00303948 0.00447269 2.97713e+07 1.24218e+08 5.61797e+07 1.0266e+07 0 1.01633e+08 0 1.24218e+08 1.01633e+08 5.61797e+07 1.0266e+07 0.000207444 -0.00235017 -0.00189422 0.00347307 0.068146
56 38 1 0.832 0.80524 0.00354948 0.003897 7.15248e+06 2.98431e+07 1.3497e+07 2.46637e+06 0 2.44171e+07 0 2.98431e+07 2.44171e+07 1.3497e+07 2.46637e+06 0.00533059 0.00129956 0.00222073 0.00867315 0.0716431
55 38 2 0.89189 1.02208 0.00337274 0.00502067 3.85735e+07 1.60944e+08 7.27899e+07 1.33012e+07 0 1.31682e+08 0 1.60944e+08 1.31682e+08 7.27899e+07 1.33012e+07 0.00282018 0.00177833 -0.00450531 0.000929196 0.0684348
57 39 0 0.575327 0.421224 0.00176416 0.00215325 2.1805e+07 9.09794e+07 4.1147e+07 7.51896e+06 0 7.44377e+07 0 9.09794e+07 7.44377e+07 4.1147e+07 7.51896e+06 0.00345879 0.00491103 0.00321399 0.00444922 0.0851211
60 39 1 0.699749 0.638171 0.00267558 0.00313364 3.46211e+07 1.44454e+08 6.53316e+07 1.19383e+07 0 1.18189e+08 0 1.44454e+08 1.18189e+08 6.53316e+07 1.19383e+07 0.00144706 -0.0033059 0.00310715 0.00383388 0.075807
53 39 2 0.489165 0.668685 0.00209298 0.00301765 1.24302e+07 5.18639e+07 2.34563e+07 4.28627e+06 0 4.24341e+07 0 5.18639e+07 4.24341e+07 2.34563e+07 4.28627e+06 0.00516353 0.00466605 0.00244576 0.00587155 0.0743227
63 40 0 0.800304 0.415782 0.00233847 0.00206288 4.09015e+07 1.70658e+08 7.7183e+07 1.4104e+07 0 1.39629e+08 0 1.70658e+08 1.39629e+08 7.7183e+07 1.4104e+07 0.00153733 -0.0032048 0.00221647 0.00297343 0.0847172
62 40 1 0.928369 0.598489 0.00320503 0.00239713 1.94636e+07 8.12102e+07 3.67287e+07 6.71159e+06 0 6.64447e+07 0 8.12102e+07 6.64447e+07 3.67287e+07 6.71159e+06 0.00360794 -3.95697e-05 0.00525267 0.00468331 0.0776652
60 40 2 0.699749 0.638171 0.00267558 0.00313364 3.46211e+07 1.44454e+08 6.53316e+07 1.19383e+07 0 1.18189e+08 0 1.44454e+08 1.18189e+08 6.53316e+07 1.19383e+07 0.00144706 -0.0033059 0.00310715 0.00383388 0.075807
62 41 0 0.928369 0.598489 0.00320503 0.00239713 1.94636e+07 8.12102e+07 3.67287e+07 6.71159e+06 0 6.64447e+07 0 8.12102e+07 6.64447e+07 3.67287e+07 6.71159e+06 0.00360794 -3.95697e-05 0.00525267 0.00468331 0.0776652
61 41 1 1.04587 0.791344 0.00465693 0.00326094 1.52754e+07 6.37352e+07 2.88253e+07 5.26737e+06 0 5.2147e+07 0 6.37352e+07 5.2147e+07 2.88253e+07 5.26737e+06 0.00393887 -0.00717879 0.00520619 0.00867276 0.0736921
56 41 2 0.832 0.80524 0.00354948 0.003897 7.15248e+06 2.98431e+07 1.3497e+07 2.46637e+06 0 2.44171e+07 0 2.98431e+07 2.44171e+07 1.3497e+07 2.46637e+06 0.00533059 0.00129956 0.00222073 0.00867315 0.0716431
47 42 0 0.477687 1.10046 0.00218699 0.00594645 1.70301e+07 7.10565e+07 3.21365e+07 5.87244e+06 0 5.81372e+07 0 7.10565e+07 5.81372e+07 3.21365e+07 5.87244e+06 0.00313703 -0.00610162 -0.00434976 0.00521354 0.0640685
48 42 1 0.689562 1.1988 0.0025406 0.00547525 3.86761e+07 1.61373e+08 7.29835e+07 1.33366e+07 0 1.32032e+08 0 1.61373e+08 1.32032e+08 7.29835e+07 1.33366e+07 0.00190595 -0.00177894 -0.00300675 0.00291334 0.0646928
41 42 2 0.54511 1.2842 0.00215511 0.00621048 4.63484e+07 1.93385e+08 8.74616e+07 1.59822e+07 0 1.58224e+08 0 1.93385e+08 1.58224e+08 8.74616e+07 1.59822e+07 0.00145397 -0.00710939 -0.00100288 0.00248415 0.0629523
46 43 0 0.353715 0.882733 0.00138383 0.00451801 1.74412e+06 7.2772e+06 3.29124e+06 601421 0 5.95407e+06 0 7.2772e+06 5.95407e+06 3.29124e+06 601421 0.0116821 0.000664596 0.00328949 0.011004 0.0676076
53 43 1 0.489165 0.668685 0.00209298 0.00301765 1.24302e+07 5.18639e+07 2.34563e+07 4.28627e+06 0 4.24341e+07 0 5.18639e+07 4.24341e+07 2.34563e+07 4.28627e+06 0.00516353 0.00466605 0.00244576 0.00587155 0.0743227
54 43 2 0.629191 0.908546 0.00303948 0.00447269 2.97713e+07 1.24218e+08 5.61797e+07 1.0266e+07 0 1.01633e+08 0 1.24218e+08 1.01633e+08 5.61797e+07 1.0266e+07 0.000207444 -0.00235017 -0.00189422 0.00347307 0.068146
39 44 0 0.272709 1.14522 0.00117354 0.0061369 1.90453e+07 7.94647e+07 3.59393e+07 6.56733e+06 0 6.50166e+07 0 7.94647e+07 6.50166e+07 3.59393e+07 6.56733e+06 0.00396576 0.00564299 0.00189671 0.00471948 0.0626009
46 44 1 0.353715 0.882733 0.00138383 0.00451801 1.74412e+06 7.2772e+06 3.29124e+06 601421 0 5.95407e+06 0 7.2772e+06 5.95407e+06 3.29124e+06 601421 0.0116821 0.000664596 0.00328949 0.011004 0.0676076
47 44 2 0.477687 1.10046 0.00218699 0.00594645 1.70301e+07 7.10565e+07 3.21365e+07 5.87244e+06 0 5.81372e+07 0 7.10565e+07 5.81372e+07 3.21365e+07 5.87244e+06 0.00313703 -0.00610162 -0.00434976 0.00521354 0.0640685
38 45 0 0.118536 0.946088 0.000498611 0.00484807 3.04183e+07 1.26918e+08 5.74006e+07 1.04891e+07 0 1.03842e+08 0 1.26918e+08 1.03842e+08 5.74006e+07 1.04891e+07 0.000858451 -0.00295373 0.00106771 0.00538029 0.065673
42 45 1 0.141465 0.72975 0.000483687 0.00394433 5.04275e+07 2.10404e+08 9.51589e+07 1.73888e+07 0 1.72149e+08 0 2.10404e+08 1.72149e+08 9.51589e+07 1.73888e+07 0.000480559 -0.000413911 -0.00133532 0.00213491 0.0718093
46 45 2 0.353715 0.882733 0.00138383 0.00451801 1.74412e+06 7.2772e+06 3.29124e+06 601421 0 5.95407e+06 0 7.2772e+06 5.95407e+06 3.29124e+06 601421 0.0116821 0.000664596 0.00328949 0.011004 0.0676076
60 46 0 0.699749 0.638171 0.00267558 0.00313364 3.46211e+07 1.44454e+08 6.53316e+07 1.19383e+07 0 1.18189e+08 0 1.44454e+08 1.18189e+08 6.53316e+07 1.19383e+07 0.00144706 -0.0033059 0.00310715 0.00383388 0.075807
56 46 1 0.832 0.80524 0.00354948 0.003897 7.15248e+06 2.98431e+07 1.3497e+07 2.46637e+06 0 2.44171e+07 0 2.98431e+07 2.44171e+07 1.3497e+07 2.46637e+06 0.00533059 0.00129956 0.00222073 0.00867315 0.0716431
54 46 2 0.629191 0.908546 0.00303948 0.00447269 2.97713e+07 1.24218e+08 5.61797e+07 1.0266e+07 0 1.01633e+08 0 1.24218e+08 1.01633e+08 5.61797e+07 1.0266e+07 0.000207444 -0.00235017 -0.00189422 0.00347307 0.068146
64 47 0 0.546277 0.179929 0.000856148 0.000973649 2.37772e+07 9.92081e+07 4.48686e+07 8.19902e+06 0 8.11703e+07 0 9.92081e+07 8.11703e+07 4.48686e+07 8.19902e+06 0.00191906 -0.00251911 0.00316127 0.00391674 0.100714
66 47 1 0.6 2.34287e-24 -1.3612e-29 3.43238e-26 2.96158e+07 1.23569e+08 5.58864e+07 1.02123e+07 0 1.01102e+08 0 1.23569e+08 1.01102e+08 5.58864e+07 1.02123e+07 0.000319236 -0.001064 0.00751683 0.00466532 0.115991
65 47 2 0.719099 0.213133 0.0014029 0.00117321 1.16673e+07 4.86809e+07 2.20168e+07 4.02322e+06 0 3.98298e+07 0 4.86809e+07 3.98298e+07 2.20168e+07 4.02322e+06 0.00385592 0.000433811 0.00331467 0.00669608 0.0968365
39 48 0 0.272709 1.14522 0.00117354 0.0061369 1.90453e+07 7.94647e+07 3.59393e+07 6.56733e+06 0 6.50166e+07 0 7.94647e+07 6.50166e+07 3.59393e+07 6.56733e+06 0.00396576 0.00564299 0.00189671 0.00471948 0.0626009
47 48 1 0.477687 1.10046 0.00218699 0.00594645 1.70301e+07 7.10565e+07 3.21365e+07 5.87244e+06 0 5.81372e+07 0 7.10565e+07 5.81372e+07 3.21365e+07 5.87244e+06 0.00313703 -0.00610162 -0.00434976 0.00521354 0.0640685
40 48 2 0.393991 1.35715 0.00170942 0.00722333 2.71976e+07 1.1348e+08 5.13232e+07 9.3785e+06 0 9.28471e+07 0 1.1348e+08 9.28471e+07 5.13232e+07 9.3785e+06 0.0039236 -0.00379647 -7.60381e-05 0.00269173 0.0616139
33 49 0 0.236877 1.4161 0.00130063 0.00681914 3.98784e+07 1.66389e+08 7.52523e+07 1.37512e+07 0 1.36137e+08 0 1.66389e+08 1.36137e+08 7.52523e+07 1.37512e+07 0.00183831 0.00542266 0.000339282 0.00240106 0.0607452
39 49 1 0.272709 1.14522 0.00117354 0.0061369 1.90453e+07 7.94647e+07 3.59393e+07 6.56733e+06 0 6.50166e+07 0 7.94647e+07 6.50166e+07 3.59393e+07 6.56733e+06 0.00396576 0.00564299 0.00189671 0.00471948 0.0626009
40 49 2 0.393991 1.35715 0.00170942 0.00722333 2.71976e+07 1.1348e+08 5.13232e+07 9.3785e+06 0 9.28471e+07 0 1.1348e+08 9.28471e+07 5.13232e+07 9.3785e+06 0.0039236 -0.00379647 -7.60381e-05 0.00269173 0.0616139
38 50 0 0.118536 0.946088 0.000498611 0.00484807 3.04183e+07 1.26918e+08 5.74006e+07 1.04891e+07 0 1.03842e+08 0 1.26918e+08 1.03842e+08 5.74006e+07 1.04891e+07 0.000858451 -0.00295373 0.00106771 0.00538029 0.065673
46 50 1 0.353715 0.882733 0.00138383 0.00451801 1.74412e+06 7.2772e+06 3.29124e+06 601421 0 5.95407e+06 0 7.2772e+06 5.95407e+06 3.29124e+06 601421 0.0116821 0.000664596 0.00328949 0.011004 0.0676076
39 50 2 0.272709 1.14522 0.00117354 0.0061369 1.90453e+07 7.94647e+07 3.59393e+07 6.56733e+06 0 6.50166e+07 0 7.94647e+07 6.50166e+07 3.59393e+07 6.56733e+06 0.00396576 0.00564299 0.00189671 0.00471948 0.0626009
59 51 0 0.4 2.48837e-24 1.22004e-27 3.59487e-26 1.35237e+07 5.64263e+07 2.55198e+07 4.66333e+06 0 4.6167e+07 0 5.64263e+07 4.6167e+07 2.55198e+07 4.66333e+06 0.000130371 -0.00104263 0.00451474 0.00915574 0.117314
64 51 1 0.546277 0.179929 0.000856148 0.000973649 2.37772e+07 9.92081e+07 4.48686e+07 8.19902e+06 0 8.11703e+07 0 9.92081e+07 8.11703e+07 4.48686e+07 8.19902e+06 0.00191906 -0.00251911 0.00316127 0.00391674 0.100714
58 51 2 0.416902 0.257529 0.000870622 0.00138869 4.85677e+07 2.02645e+08 9.16495e+07 1.67475e+07 0 1.658e+08 0 2.02645e+08 1.658e+08 9.16495e+07 1.67475e+07 0.00112882 -0.00258032 0.00216397 0.00186676 0.0956582
47 52 0 0.477687 1.10046 0.00218699 0.00594645 1.70301e+07 7.10565e+07 3.21365e+07 5.87244e+06 0 5.81372e+07 0 7.10565e+07 5.81372e+07 3.21365e+07 5.87244e+06 0.00313703 -0.00610162 -0.00434976 0.00521354 0.0640685
41 52 1 0.54511 1.2842 0.00215511 0.00621048 4.63484e+07 1.93385e+08 8.74616e+07 1.59822e+07 0 1.58224e+08 0 1.93385e+08 1.58224e+08 8.74616e+07 1.59822e+07 0.00145397 -0.00710939 -0.00100288 0.00248415 0.0629523
40 52 2 0.393991 1.35715 0.00170942 0.00722333 2.71976e+07 1.1348e+08 5.13232e+07 9.3785e+06 0 9.28471e+07 0 1.1348e+08 9.28471e+07 5.13232e+07 9.3785e+06 0.0039236 -0.00379647 -7.60381e-05 0.00269173 0.0616139
42 53 0 0.141465 0.72975 0.000483687 0.00394433 5.04275e+07 2.10404e+08 9.51589e+07 1.73888e+07 0 1.72149e+08 0 2.10404e+08 1.72149e+08 9.51589e+07 1.73888e+07 0.000480559 -0.000413911 -0.00133532 0.00213491 0.0718093
49 53 1 0.282521 0.637727 0.00100797 0.00305646 1.80488e+07 7.53072e+07 3.4059e+07 6.22374e+06 0 6.1615e+07 0 7.53072e+07 6.1615e+07 3.4059e+07 6.22374e+06 0.00374115 -0.00766361 -0.00181546 0.00491797 0.0752917
46 53 2 0.353715 0.882733 0.00138383 0.00451801 1.74412e+06 7.2772e+06 3.29124e+06 601421 0 5.95407e+06 0 7.2772e+06 5.95407e+06 3.29124e+06 601421 0.0116821 0.000664596 0.00328949 0.011004 0.0676076
54 54 0 0.629191 0.908546 0.00303948 0.00447269 2.97713e+07 1.24218e+08 5.61797e+07 1.0266e+07 0 1.01633e+08 0 1.24218e+08 1.01633e+08 5.61797e+07 1.0266e+07 0.000207444 -0.00235017 -0.00189422 0.00347307 0.068146
48 54 1 0.689562 1.1988 0.0025406 0.00547525 3.86761e+07 1.61373e+08 7.29835e+07 1.33366e+07 0 1.32032e+08 0 1.61373e+08 1.32032e+08 7.29835e+07 1.33366e+07 0.00190595 -0.00177894 -0.00300675 0.00291334 0.0646928
47 54 2 0.477687 1.10046 0.00218699 0.00594645 1.70301e+07 7.10565e+07 3.21365e+07 5.87244e+06 0 5.81372e+07 0 7.10565e+07 5.81372e+07 3.21365e+07 5.87244e+06 0.00313703 -0.00610162 -0.00434976 0.00521354 0.0640685
25 55 0 -0.0119135 1.45173 0.000909932 0.00706929 1.63421e+07 6.8186e+07 3.08383e+07 5.63521e+06 0 5.57885e+07 0 6.8186e+07 5.57885e+07 3.08383e+07 5.63521e+06 0.00286534 -0.00493399 0.00116806 0.00708603 0.0601953
32 55 1 0.0685179 1.20364 0.000708466 0.00590825 4.40864e+07 1.83947e+08 8.3193e+07 1.52022e+07 0 1.50502e+08 0 1.83947e+08 1.50502e+08 8.3193e+07 1.52022e+07 0.00148328 -0.00134526 0.00122715 0.00247399 0.061487
33 55 2 0.236877 1.4161 0.00130063 0.00681914 3.98784e+07 1.66389e+08 7.52523e+07 1.37512e+07 0 1.36137e+08 0 1.66389e+08 1.36137e+08 7.52523e+07 1.37512e+07 0.00183831 0.00542266 0.000339282 0.00240106 0.0607452
58 56 0 0.416902 0.257529 0.000870622 0.00138869 4.85677e+07 2.02645e+08 9.16495e+07 1.67475e+07 0 1.658e+08 0 2.02645e+08 1.658e+08 9.16495e+07 1.67475e+07 0.00112882 -0.00258032 0.00216397 0.00186676 0.0956582
51 56 1 0.248838 0.233697 0.000492874 0.00154976 2.20785e+07 9.21207e+07 4.16631e+07 7.61328e+06 0 7.53714e+07 0 9.21207e+07 7.53714e+07 4.16631e+07 7.61328e+06 0.0029361 0.000634876 0.0022941 0.00428853 0.0978332
59 56 2 0.4 2.48837e-24 1.22004e-27 3.59487e-26 1.35237e+07 5.64263e+07 2.55198e+07 4.66333e+06 0 4.6167e+07 0 5.64263e+07 4.6167e+07 2.55198e+07 4.66333e+06 0.000130371 -0.00104263 0.00451474 0.00915574 0.117314
32 57 0 0.0685179 1.20364 0.000708466 0.00590825 4.40864e+07 1.83947e+08 8.3193e+07 1.52022e+07 0 1.50502e+08 0 1.83947e+08 1.50502e+08 8.3193e+07 1.52022e+07 0.00148328 -0.00134526 0.00122715 0.00247399 0.061487
39 57 1 0.272709 1.14522 0.00117354 0.0061369 1.90453e+07 7.94647e+07 3.59393e+07 6.56733e+06 0 6.50166e+07 0 7.94647e+07 6.50166e+07 3.59393e+07 6.56733e+06 0.00396576 0.00564299 0.00189671 0.00471948 0.0626009
33 57 2 0.236877 1.4161 0.00130063 0.00681914 3.98784e+07 1.66389e+08 7.52523e+07 1.37512e+07 0 1.36137e+08 0 1.66389e+08 1.36137e+08 7.52523e+07 1.37512e+07 0.00183831 0.00542266 0.000339282 0.00240106 0.0607452
24 58 0 -0.145567 1.21134 0.000186117 0.00638274 3.46826e+07 1.4471e+08 6.54477e+07 1.19595e+07 0 1.18399e+08 0 1.4471e+08 1.18399e+08 6.54477e+07 1.19595e+07 0.00258575 -0.00152149 0.0017199 0.00227806 0.0614524
32 58 1 0.0685179 1.20364 0.000708466 0.00590825 4.40864e+07 1.83947e+08 8.3193e+07 1.52022e+07 0 1.50502e+08 0 1.83947e+08 1.50502e+08 8.3193e+07 1.52022e+07 0.00148328 -0.00134526 0.00122715 0.00247399 0.061487
25 58 2 -0.0119135 1.45173 0.000909932 0.00706929 1.63421e+07 6.8186e+07 3.08383e+07 5.63521e+06 0 5.57885e+07 0 6.8186e+07 5.57885e+07 3.08383e+07 5.63521e+06 0.00286534 -0.00493399 0.00116806 0.00708603 0.0601953
24 59 0 -0.145567 1.21134 0.000186117 0.00638274 3.46826e+07 1.4471e+08 6.54477e+07 1.19595e+07 0 1.18399e+08 0 1.4471e+08 1.18399e+08 6.54477e+07 1.19595e+07 0.00258575 -0.00152149 0.0017199 0.00227806 0.0614524
30 59 1 -0.0811299 0.990381 0.00010477 0.00546172 1.70939e+07 7.13228e+07 3.2257e+07 5.89445e+06 0 5.8355e+07 0 7.13228e+07 5.8355e+07 3.2257e+07 5.89445e+06 0.00344681 0.00126707 0.000775598 0.00598408 0.064681
32 59 2 0.0685179 1.20364 0.000708466 0.00590825 4.40864e+07 1.83947e+08 8.3193e+07 1.52022e+07 0 1.50502e+08 0 1.83947e+08 1.50502e+08 8.3193e+07 1.52022e+07 0.00148328 -0.00134526 0.00122715 0.00247399 0.061487
17 60 0 -0.256114 1.41863 -0.000124915 0.0076998 7.94243e+06 3.31391e+07 1.49877e+07 2.73877e+06 0 2.71138e+07 0 3.31391e+07 2.71138e+07 1.49877e+07 2.73877e+06 0.00559042 -0.00242967 -0.00102311 0.00914311 0.0606429
16 60 1 -0.337428 1.20575 -0.000356542 0.00677483 3.65917e+07 1.52676e+08 6.90501e+07 1.26178e+07 0 1.24916e+08 0 1.52676e+08 1.24916e+08 6.90501e+07 1.26178e+07 0.00243096 -0.00344067 0.00107696 0.00256535 0.0619842
24 60 2 -0.145567 1.21134 0.000186117 0.00638274 3.46826e+07 1.4471e+08 6.54477e+07 1.19595e+07 0 1.18399e+08 0 1.4471e+08 1.18399e+08 6.54477e+07 1.19595e+07 0.00258575 -0.00152149 0.0017199 0.00227806 0.0614524
49 61 0 0.282521 0.637727 0.00100797 0.00305646 1.80488e+07 7.53072e+07 3.4059e+07 6.22374e+06 0 6.1615e+07 0 7.53072e+07 6.1615e+07 3.4059e+07 6.22374e+06 0.00374115 -0.00766361 -0.00181546 0.00491797 0.0752917
50 61 1 0.3421 0.452692 0.00118022 0.00206233 3.52722e+07 1.4717e+08 6.65602e+07 1.21628e+07 0 1.20412e+08 0 1.4717e+08 1.20412e+08 6.65602e+07 1.21628e+07 0.00214148 -0.00508044 0.00184775 0.00172399 0.0838299
53 61 2 0.489165 0.668685 0.00209298 0.00301765 1.24302e+07 5.18639e+07 2.34563e+07 4.28627e+06 0 4.24341e+07 0 5.18639e+07 4.24341e+07 2.34563e+07 4.28627e+06 0.00516353 0.00466605 0.00244576 0.00587155 0.0743227
46 62 0 0.353715 0.882733 0.00138383 0.00451801 1.74412e+06 7.2772e+06 3.29124e+06 601421 0 5.95407e+06 0 7.2772e+06 5.95407e+06 3.29124e+06 601421 0.0116821 0.000664596 0.00328949 0.011004 0.0676076
49 62 1 0.282521 0.637727 0.00100797 0.00305646 1.80488e+07 7.53072e+07 3.4059e+07 6.22374e+06 0 6.1615e+07 0 7.53072e+07 6.1615e+07 3.4059e+07 6.22374e+06 0.00374115 -0.00766361 -0.00181546 0.00491797 0.0752917
53 62 2 0.489165 0.668685 0.00209298 0.00301765 1.24302e+07 5.18639e+07 2.34563e+07 4.28627e+06 0 4.24341e+07 0 5.18639e+07 4.24341e+07 2.34563e+07 4.28627e+06 0.00516353 0.00466605 0.00244576 0.00587155 0.0743227
42 63 0 0.141465 0.72975 0.000483687 0.00394433 5.04275e+07 2.10404e+08 9.51589e+07 1.73888e+07 0 1.72149e+08 0 2.10404e+08 1.72149e+08 9.51589e+07 1.73888e+07 0.000480559 -0.000413911 -0.00133532 0.00213491 0.0718093
43 63 1 0.0831363 0.463726 0.000468228 0.00266988 1.62938e+07 6.79844e+07 3.07471e+07 5.61854e+06 0 5.56236e+07 0 6.79844e+07 5.56236e+07 3.07471e+07 5.61854e+06 0.0030732 0.00375295 0.0021724 0.00688574 0.0834381
49 63 2 0.282521 0.637727 0.00100797 0.00305646 1.80488e+07 7.53072e+07 3.4059e+07 6.22374e+06 0 6.1615e+07 0 7.53072e+07 6.1615e+07 3.4059e+07 6.22374e+06 0.00374115 -0.00766361 -0.00181546 0.00491797 0.0752917
8 64 0 -0.485517 1.33905 -0.000576683 0.00750728 4.35892e+07 1.81872e+08 8.22547e+07 1.50307e+07 0 1.48804e+08 0 1.81872e+08 1.48804e+08 8.22547e+07 1.50307e+07 0.00178293 -0.00240603 0.00030153 0.00192879 0.0619036
16 64 1 -0.337428 1.20575 -0.000356542 0.00677483 3.65917e+07 1.52676e+08 6.90501e+07 1.26178e+07 0 1.24916e+08 0 1.52676e+08 1.24916e+08 6.90501e+07 1.26178e+07 0.00243096 -0.00344067 0.00107696 0.00256535 0.0619842
17 64 2 -0.256114 1.41863 -0.000124915 0.0076998 7.94243e+06 3.31391e+07 1.49877e+07 2.73877e+06 0 2.71138e+07 0 3.31391e+07 2.71138e+07 1.49877e+07 2.73877e+06 0.00559042 -0.00242967 -0.00102311 0.00914311 0.0606429
32 65 0 0.0685179 1.20364 0.000708466 0.00590825 4.40864e+07 1.83947e+08 8.3193e+07 1.52022e+07 0 1.50502e+08 0 1.83947e+08 1.50502e+08 8.3193e+07 1.52022e+07 0.00148328 -0.00134526 0.00122715 0.00247399 0.061487
30 65 1 -0.0811299 0.990381 0.00010477 0.00546172 1.70939e+07 7.13228e+07 3.2257e+07 5.89445e+06 0 5.8355e+07 0 7.13228e+07 5.8355e+07 3.2257e+07 5.89445e+06 0.00344681 0.00126707 0.000775598 0.00598408 0.064681
38 65 2 0.118536 0.946088 0.000498611 0.00484807 3.04183e+07 1.26918e+08 5.74006e+07 1.04891e+07 0 1.03842e+08 0 1.26918e+08 1.03842e+08 5.74006e+07 1.04891e+07 0.000858451 -0.00295373 0.00106771 0.00538029 0.065673
17 66 0 -0.256114 1.41863 -0.000124915 0.0076998 7.94243e+06 3.31391e+07 1.49877e+07 2.73877e+06 0 2.71138e+07 0 3.31391e+07 2.71138e+07 1.49877e+07 2.73877e+06 0.00559042 -0.00242967 -0.00102311 0.00914311 0.0606429
24 66 1 -0.145567 1.21134 0.000186117 0.00638274 3.46826e+07 1.4471e+08 6.54477e+07 1.19595e+07 0 1.18399e+08 0 1.4471e+08 1.18399e+08 6.54477e+07 1.19595e+07 0.00258575 -0.00152149 0.0017199 0.00227806 0.0614524
25 66 2 -0.0119135 1.45173 0.000909932 0.00706929 1.63421e+07 6.8186e+07 3.08383e+07 5.63521e+06 0 5.57885e+07 0 6.8186e+07 5.57885e+07 3.08383e+07 5.63521e+06 0.00286534 -0.00493399 0.00116806 0.00708603 0.0601953
16 67 0 -0.337428 1.20575 -0.000356542 0.00677483 3.65917e+07 1.52676e+08 6.90501e+07 1.26178e+07 0 1.24916e+08 0 1.52676e+08 1.24916e+08 6.90501e+07 1.26178e+07 0.00243096 -0.00344067 0.00107696 0.00256535 0.0619842
23 67 1 -0.315927 0.98392 -0.000726741 0.00565718 1.3572e+07 5.66281e+07 2.5611e+07 4.68e+06 0 4.6332e+07 0 5.66281e+07 4.6332e+07 2.5611e+07 4.68e+06 0.00356791 -0.00330911 0.00169827 0.0077211 0.065106
24 67 2 -0.145567 1.21134 0.000186117 0.00638274 3.46826e+07 1.4471e+08 6.54477e+07 1.19595e+07 0 1.18399e+08 0 1.4471e+08 1.18399e+08 6.54477e+07 1.19595e+07 0.00258575 -0.00152149 0.0017199 0.00227806 0.0614524
7 68 0 -0.706992 1.20279 -0.00147605 0.00731694 2.75373e+07 1.14897e+08 5.19642e+07 9.49563e+06 0 9.40067e+07 0 1.14897e+08 9.40067e+07 5.19642e+07 9.49563e+06 0.00317617 0.00253361 0.00660351 0.00351317 0.0643556
15 68 1 -0.511237 1.09663 -0.00127642 0.00676621 1.56361e+07 6.52403e+07 2.9506e+07 5.39176e+06 0 5.33784e+07 0 6.52403e+07 5.33784e+07 2.9506e+07 5.39176e+06 0.00475373 -0.00152085 0.0044539 0.00570508 0.0639965
8 68 2 -0.485517 1.33905 -0.000576683 0.00750728 4.35892e+07 1.81872e+08 8.22547e+07 1.50307e+07 0 1.48804e+08 0 1.81872e+08 1.48804e+08 8.22547e+07 1.50307e+07 0.00178293 -0.00240603 0.00030153 0.00192879 0.0619036
12 69 0 -0.788639 0.806922 -0.00309065 0.00522541 2.05176e+07 8.56077e+07 3.87175e+07 7.07502e+06 0 7.00427e+07 0 8.56077e+07 7.00427e+07 3.87175e+07 7.07502e+06 0.00351824 -0.00332738 -0.00358179 0.00510358 0.0707658
4 69 1 -0.900519 1.02847 -0.0031099 0.00610735 2.90602e+07 1.21251e+08 5.48379e+07 1.00208e+07 0 9.92055e+07 0 1.21251e+08 9.92055e+07 5.48379e+07 1.00208e+07 0.00224992 0.00324468 0.00518443 0.003992 0.067794
6 69 2 -1.05075 0.791296 -0.00382774 0.00408886 2.76946e+07 1.15553e+08 5.22609e+07 9.54985e+06 0 9.45435e+07 0 1.15553e+08 9.45435e+07 5.22609e+07 9.54985e+06 0.00227094 0.00839625 0.000580785 0.00435822 0.0729619
12 70 0 -0.788639 0.806922 -0.00309065 0.00522541 2.05176e+07 8.56077e+07 3.87175e+07 7.07502e+06 0 7.00427e+07 0 8.56077e+07 7.00427e+07 3.87175e+07 7.07502e+06 0.00351824 -0.00332738 -0.00358179 0.00510358 0.0707658
22 70 1 -0.531193 0.856811 -0.00195319 0.00476663 8.44911e+06 3.52532e+07 1.59438e+07 2.91349e+06 0 2.88435e+07 0 3.52532e+07 2.88435e+07 1.59438e+07 2.91349e+06 0.00660005 -0.00232212 0.000245334 0.0112906 0.0684975
13 70 2 -0.692523 0.993452 -0.00259912 0.00623228 1.3756e+07 5.73957e+07 2.59582e+07 4.74344e+06 0 4.69601e+07 0 5.73957e+07 4.69601e+07 2.59582e+07 4.74344e+06 0.00415996 -8.40805e-05 0.00371598 0.00764675 0.0665639
18 71 0 -0.69411 0.422711 -0.00188327 0.0029906 1.54011e+07 6.42597e+07 2.90625e+07 5.31072e+06 0 5.25761e+07 0 6.42597e+07 5.25761e+07 2.90625e+07 5.31072e+06 0.00375436 -0.00319472 -0.00180114 0.00625358 0.0842457
21 71 1 -0.612157 0.63817 -0.00205785 0.00372095 2.68516e+07 1.12036e+08 5.06702e+07 9.25918e+06 0 9.16659e+07 0 1.12036e+08 9.16659e+07 5.06702e+07 9.25918e+06 0.00256056 -0.00546608 -0.00230146 0.00353064 0.0752172
14 71 2 -0.883511 0.594861 -0.00318788 0.00412649 1.2101e+07 5.04904e+07 2.28351e+07 4.17276e+06 0 4.13103e+07 0 5.04904e+07 4.13103e+07 2.28351e+07 4.17276e+06 0.00536945 0.0050892 -0.000590702 0.0067398 0.0769654
9 72 0 -0.946959 0.376383 -0.003408 0.00212338 7.30525e+06 3.04805e+07 1.37853e+07 2.51905e+06 0 2.49386e+07 0 3.04805e+07 2.49386e+07 1.37853e+07 2.51905e+06 0.00878264 0.00520016 -0.000875105 0.0094017 0.0849796
18 72 1 -0.69411 0.422711 -0.00188327 0.0029906 1.54011e+07 6.42597e+07 2.90625e+07 5.31072e+06 0 5.25761e+07 0 6.42597e+07 5.25761e+07 2.90625e+07 5.31072e+06 0.00375436 -0.00319472 -0.00180114 0.00625358 0.0842457
14 72 2 -0.883511 0.594861 -0.00318788 0.00412649 1.2101e+07 5.04904e+07 2.28351e+07 4.17276e+06 0 4.13103e+07 0 5.04904e+07 4.13103e+07 2.28351e+07 4.17276e+06 0.00536945 0.0050892 -0.000590702 0.0067398 0.0769654
11 73 0 -0.743647 0.209242 -0.00190292 0.00154335 1.1964e+07 4.99188e+07 2.25766e+07 4.12552e+06 0 4.08426e+07 0 4.99188e+07 4.08426e+07 2.25766e+07 4.12552e+06 0.00577912 0.00277237 -0.00270056 0.00552347 0.0963967
20 73 1 -0.527995 0.225473 -0.00111401 0.00166236 2.62524e+07 1.09536e+08 4.95394e+07 9.05254e+06 0 8.96201e+07 0 1.09536e+08 8.96201e+07 4.95394e+07 9.05254e+06 0.00317998 -0.00188067 -0.00152156 0.00363287 0.0971798
18 73 2 -0.69411 0.422711 -0.00188327 0.0029906 1.54011e+07 6.42597e+07 2.90625e+07 5.31072e+06 0 5.25761e+07 0 6.42597e+07 5.25761e+07 2.90625e+07 5.31072e+06 0.00375436 -0.00319472 -0.00180114 0.00625358 0.0842457
26 74 0 -0.441896 0.454926 -0.00126916 0.0025693 3.63643e+07 1.51727e+08 6.86211e+07 1.25394e+07 0 1.2414e+08 0 1.51727e+08 1.2414e+08 6.86211e+07 1.25394e+07 0.00144824 2.0922e-06 -0.00235955 0.0026345 0.0834048
29 74 1 -0.345266 0.694712 -0.00119938 0.00367637 1.77279e+07 7.39681e+07 3.34533e+07 6.11306e+06 0 6.05193e+07 0 7.39681e+07 6.05193e+07 3.34533e+07 6.11306e+06 0.00364277 0.00201061 0.000889988 0.00578824 0.0730371
21 74 2 -0.612157 0.63817 -0.00205785 0.00372095 2.68516e+07 1.12036e+08 5.06702e+07 9.25918e+06 0 9.16659e+07 0 1.12036e+08 9.16659e+07 5.06702e+07 9.25918e+06 0.00256056 -0.00546608 -0.00230146 0.00353064 0.0752172
15 75 0 -0.511237 1.09663 -0.00127642 0.00676621 1.56361e+07 6.52403e+07 2.9506e+07 5.39176e+06 0 5.33784e+07 0 6.52403e+07 5.33784e+07 2.9506e+07 5.39176e+06 0.00475373 -0.00152085 0.0044539 0.00570508 0.0639965
7 75 1 -0.706992 1.20279 -0.00147605 0.00731694 2.75373e+07 1.14897e+08 5.19642e+07 9.49563e+06 0 9.40067e+07 0 1.14897e+08 9.40067e+07 5.19642e+07 9.49563e+06 0.00317617 0.00253361 0.00660351 0.00351317 0.0643556
13 75 2 -0.692523 0.993452 -0.00259912 0.00623228 1.3756e+07 5.73957e+07 2.59582e+07 4.74344e+06 0 4.69601e+07 0 5.73957e+07 4.69601e+07 2.59582e+07 4.74344e+06 0.00415996 -8.40805e-05 0.00371598 0.00764675 0.0665639
30 76 0 -0.0811299 0.990381 0.00010477 0.00546172 1.70939e+07 7.13228e+07 3.2257e+07 5.89445e+06 0 5.8355e+07 0 7.13228e+07 5.8355e+07 3.2257e+07 5.89445e+06 0.00344681 0.00126707 0.000775598 0.00598408 0.064681
37 76 1 -0.063463 0.713967 1.39243e-05 0.00385171 1.39325e+07 5.8132e+07 2.62912e+07 4.80429e+06 0 4.75625e+07 0 5.8132e+07 4.75625e+07 2.62912e+07 4.80429e+06 0.00422013 0.000711959 -0.000171186 0.00573186 0.0723308
38 76 2 0.118536 0.946088 0.000498611 0.00484807 3.04183e+07 1.26918e+08 5.74006e+07 1.04891e+07 0 1.03842e+08 0 1.26918e+08 1.03842e+08 5.74006e+07 1.04891e+07 0.000858451 -0.00295373 0.00106771 0.00538029 0.065673
39 77 0 0.272709 1.14522 0.00117354 0.0061369 1.90453e+07 7.94647e+07 3.59393e+07 6.56733e+06 0 6.50166e+07 0 7.94647e+07 6.50166e+07 3.59393e+07 6.56733e+06 0.00396576 0.00564299 0.00189671 0.00471948 0.0626009
32 77 1 0.0685179 1.20364 0.000708466 0.00590825 4.40864e+07 1.83947e+08 8.3193e+07 1.52022e+07 0 1.50502e+08 0 1.83947e+08 1.50502e+08 8.3193e+07 1.52022e+07 0.00148328 -0.00134526 0.00122715 0.00247399 0.061487
38 77 2 0.118536 0.946088 0.000498611 0.00484807 3.04183e+07 1.26918e+08 5.74006e+07 1.04891e+07 0 1.03842e+08 0 1.26918e+08 1.03842e+08 5.74006e+07 1.04891e+07 0.000858451 -0.00295373 0.00106771 0.00538029 0.065673
21 78 0 -0.612157 0.63817 -0.00205785 0.00372095 2.68516e+07 1.12036e+08 5.06702e+07 9.25918e+06 0 9.16659e+07 0 1.12036e+08 9.16659e+07 5.06702e+07 9.25918e+06 0.00256056 -0.00546608 -0.00230146 0.00353064 0.0752172
29 78 1 -0.345266 0.694712 -0.00119938 0.00367637 1.77279e+07 7.39681e+07 3.34533e+07 6.11306e+06 0 6.05193e+07 0 7.39681e+07 6.05193e+07 3.34533e+07 6.11306e+06 0.00364277 0.00201061 0.000889988 0.00578824 0.0730371
22 78 2 -0.531193 0.856811 -0.00195319 0.00476663 8.44911e+06 3.52532e+07 1.59438e+07 2.91349e+06 0 2.88435e+07 0 3.52532e+07 2.88435e+07 1.59438e+07 2.91349e+06 0.00660005 -0.00232212 0.000245334 0.0112906 0.0684975
20 79 0 -0.527995 0.225473 -0.00111401 0.00166236 2.62524e+07 1.09536e+08 4.95394e+07 9.05254e+06 0 8.96201e+07 0 1.09536e+08 8.96201e+07 4.95394e+07 9.05254e+06 0.00317998 -0.00188067 -0.00152156 0.00363287 0.0971798
26 79 1 -0.441896 0.454926 -0.00126916 0.0025693 3.63643e+07 1.51727e+08 6.86211e+07 1.25394e+07 0 1.2414e+08 0 1.51727e+08 1.2414e+08 6.86211e+07 1.25394e+07 0.00144824 2.0922e-06 -0.00235955 0.0026345 0.0834048
18 79 2 -0.69411 0.422711 -0.00188327 0.0029906 1.54011e+07 6.42597e+07 2.90625e+07 5.31072e+06 0 5.25761e+07 0 6.42597e+07 5.25761e+07 2.90625e+07 5.31072e+06 0.00375436 -0.00319472 -0.00180114 0.00625358 0.0842457
19 80 0 -0.6 2.45007e-24 -7.04409e-28 3.23957e-26 1.04529e+07 4.36139e+07 1.97251e+07 3.60446e+06 0 3.56841e+07 0 4.36139e+07 3.56841e+07 1.97251e+07 3.60446e+06 2.4049e-26 7.58721e-25 -0.00937557 0.0117133 0.115626
20 80 1 -0.527995 0.225473 -0.00111401 0.00166236 2.62524e+07 1.09536e+08 4.95394e+07 9.05254e+06 0 8.96201e+07 0 1.09536e+08 8.96201e+07 4.95394e+07 9.05254e+06 0.00317998 -0.00188067 -0.00152156 0.00363287 0.0971798
11 80 2 -0.743647 0.209242 -0.00190292 0.00154335 1.1964e+07 4.99188e+07 2.25766e+07 4.12552e+06 0 4.08426e+07 0 4.99188e+07 4.08426e+07 2.25766e+07 4.12552e+06 0.00577912 0.00277237 -0.00270056 0.00552347 0.0963967
28 81 0 -0.308602 0.237569 -0.000572177 0.00125332 1.64373e+07 6.85831e+07 3.10179e+07 5.66803e+06 0 5.61135e+07 0 6.85831e+07 5.61135e+07 3.10179e+07 5.66803e+06 0.00336371 -0.00527392 -0.00113769 0.00574975 0.0972745
26 81 1 -0.441896 0.454926 -0.00126916 0.0025693 3.63643e+07 1.51727e+08 6.86211e+07 1.25394e+07 0 1.2414e+08 0 1.51727e+08 1.2414e+08 6.86211e+07 1.25394e+07 0.00144824 2.0922e-06 -0.00235955 0.0026345 0.0834048
20 81 2 -0.527995 0.225473 -0.00111401 0.00166236 2.62524e+07 1.09536e+08 4.95394e+07 9.05254e+06 0 8.96201e+07 0 1.09536e+08 8.96201e+07 4.95394e+07 9.05254e+06 0.00317998 -0.00188067 -0.00152156 0.00363287 0.0971798
28 82 0 -0.308602 0.237569 -0.000572177 0.00125332 1.64373e+07 6.85831e+07 3.10179e+07 5.66803e+06 0 5.61135e+07 0 6.85831e+07 5.61135e+07 3.10179e+07 5.66803e+06 0.00336371 -0.00527392 -0.00113769 0.00574975 0.0972745
34 82 1 -0.189169 0.47679 -0.000590499 0.00224809 1.47809e+07 6.16719e+07 2.78922e+07 5.09685e+06 0 5.04588e+07 0 6.16719e+07 5.04588e+07 2.78922e+07 5.09685e+06 0.00387286 -0.0016066 -0.00192207 0.00740597 0.082647
26 82 2 -0.441896 0.454926 -0.00126916 0.0025693 3.63643e+07 1.51727e+08 6.86211e+07 1.25394e+07 0 1.2414e+08 0 1.51727e+08 1.2414e+08 6.86211e+07 1.25394e+07 0.00144824 2.0922e-06 -0.00235955 0.0026345 0.0834048
30 83 0 -0.0811299 0.990381 0.00010477 0.00546172 1.70939e+07 7.13228e+07 3.2257e+07 5.89445e+06 0 5.8355e+07 0 7.13228e+07 5.8355e+07 3.2257e+07 5.89445e+06 0.00344681 0.00126707 0.000775598 0.00598408 0.064681
31 83 1 -0.206221 0.834001 -0.000527311 0.00458688 2.86405e+07 1.195e+08 5.40459e+07 9.87603e+06 0 9.77727e+07 0 1.195e+08 9.77727e+07 5.40459e+07 9.87603e+06 0.00188479 0.000444093 0.00122532 0.00375273 0.0685224
37 83 2 -0.063463 0.713967 1.39243e-05 0.00385171 1.39325e+07 5.8132e+07 2.62912e+07 4.80429e+06 0 4.75625e+07 0 5.8132e+07 4.75625e+07 2.62912e+07 4.80429e+06 0.00422013 0.000711959 -0.000171186 0.00573186 0.0723308
13 84 0 -0.692523 0.993452 -0.00259912 0.00623228 1.3756e+07 5.73957e+07 2.59582e+07 4.74344e+06 0 4.69601e+07 0 5.73957e+07 4.69601e+07 2.59582e+07 4.74344e+06 0.00415996 -8.40805e-05 0.00371598 0.00764675 0.0665639
7 84 1 -0.706992 1.20279 -0.00147605 0.00731694 2.75373e+07 1.14897e+08 5.19642e+07 9.49563e+06 0 9.40067e+07 0 1.14897e+08 9.40067e+07 5.19642e+07 9.49563e+06 0.00317617 0.00253361 0.00660351 0.00351317 0.0643556
4 84 2 -0.900519 1.02847 -0.0031099 0.00610735 2.90602e+07 1.21251e+08 5.48379e+07 1.00208e+07 0 9.92055e+07 0 1.21251e+08 9.92055e+07 5.48379e+07 1.00208e+07 0.00224992 0.00324468 0.00518443 0.003992 0.067794
22 85 0 -0.531193 0.856811 -0.00195319 0.00476663 8.44911e+06 3.52532e+07 1.59438e+07 2.91349e+06 0 2.88435e+07 0 3.52532e+07 2.88435e+07 1.59438e+07 2.91349e+06 0.00660005 -0.00232212 0.000245334 0.0112906 0.0684975
23 85 1 -0.315927 0.98392 -0.000726741 0.00565718 1.3572e+07 5.66281e+07 2.5611e+07 4.68e+06 0 4.6332e+07 0 5.66281e+07 4.6332e+07 2.5611e+07 4.68e+06 0.00356791 -0.00330911 0.00169827 0.0077211 0.065106
15 85 2 -0.511237 1.09663 -0.00127642 0.00676621 1.56361e+07 6.52403e+07 2.9506e+07 5.39176e+06 0 5.33784e+07 0 6.52403e+07 5.33784e+07 2.9506e+07 5.39176e+06 0.00475373 -0.00152085 0.0044539 0.00570508 0.0639965
12 86 0 -0.788639 0.806922 -0.00309065 0.00522541 2.05176e+07 8.56077e+07 3.87175e+07 7.07502e+06 0 7.00427e+07 0 8.56077e+07 7.00427e+07 3.87175e+07 7.07502e+06 0.00351824 -0.00332738 -0.00358179 0.00510358 0.0707658
21 86 1 -0.612157 0.63817 -0.00205785 0.00372095 2.68516e+07 1.12036e+08 5.06702e+07 9.25918e+06 0 9.16659e+07 0 1.12036e+08 9.16659e+07 5.06702e+07 9.25918e+06 0.00256056 -0.00546608 -0.00230146 0.00353064 0.0752172
22 86 2 -0.531193 0.856811 -0.00195319 0.00476663 8.44911e+06 3.52532e+07 1.59438e+07 2.91349e+06 0 2.88435e+07 0 3.52532e+07 2.88435e+07 1.59438e+07 2.91349e+06 0.00660005 -0.00232212 0.000245334 0.0112906 0.0684975
29 87 0 -0.345266 0.694712 -0.00119938 0.00367637 1.77279e+07 7.39681e+07 3.34533e+07 6.11306e+06 0 6.05193e+07 0 7.39681e+07 6.05193e+07 3.34533e+07 6.11306e+06 0.00364277 0.00201061 0.000889988 0.00578824 0.0730371
23 87 1 -0.315927 0.98392 -0.000726741 0.00565718 1.3572e+07 5.66281e+07 2.5611e+07 4.68e+06 0 4.6332e+07 0 5.66281e+07 4.6332e+07 2.5611e+07 4.68e+06 0.00356791 -0.00330911 0.00169827 0.0077211 0.065106
22 87 2 -0.531193 0.856811 -0.00195319 0.00476663 8.44911e+06 3.52532e+07 1.59438e+07 2.91349e+06 0 2.88435e+07 0 3.52532e+07 2.88435e+07 1.59438e+07 2.91349e+06 0.00660005 -0.00232212 0.000245334 0.0112906 0.0684975
30 88 0 -0.0811299 0.990381 0.00010477 0.00546172 1.70939e+07 7.13228e+07 3.2257e+07 5.89445e+06 0 5.8355e+07 0 7.13228e+07 5.8355e+07 3.2257e+07 5.89445e+06 0.00344681 0.00126707 0.000775598 0.00598408 0.064681
23 88 1 -0.315927 0.98392 -0.000726741 0.00565718 1.3572e+07 5.66281e+07 2.5611e+07 4.68e+06 0 4.6332e+07 0 5.66281e+07 4.6332e+07 2.5611e+07 4.68e+06 0.00356791 -0.00330911 0.00169827 0.0077211 0.065106
31 88 2 -0.206221 0.834001 -0.000527311 0.00458688 2.86405e+07 1.195e+08 5.40459e+07 9.87603e+06 0 9.77727e+07 0 1.195e+08 9.77727e+07 5.40459e+07 9.87603e+06 0.00188479 0.000444093 0.00122532 0.00375273 0.0685224
16 89 0 -0.337428 1.20575 -0.000356542 0.00677483 3.65917e+07 1.52676e+08 6.90501e+07 1.26178e+07 0 1.24916e+08 0 1.52676e+08 1.24916e+08 6.90501e+07 1.26178e+07 0.00243096 -0.00344067 0.00107696 0.00256535 0.0619842
15 89 1 -0.511237 1.09663 -0.00127642 0.00676621 1.56361e+07 6.52403e+07 2.9506e+07 5.39176e+06 0 5.33784e+07 0 6.52403e+07 5.33784e+07 2.9506e+07 5.39176e+06 0.00475373 -0.00152085 0.0044539 0.00570508 0.0639965
23 89 2 -0.315927 0.98392 -0.000726741 0.00565718 1.3572e+07 5.66281e+07 2.5611e+07 4.68e+06 0 4.6332e+07 0 5.66281e+07 4.6332e+07 2.5611e+07 4.68e+06 0.00356791 -0.00330911 0.00169827 0.0077211 0.065106
16 90 0 -0.337428 1.20575 -0.000356542 0.00677483 3.65917e+07 1.52676e+08 6.90501e+07 1.26178e+07 0 1.24916e+08 0 1.52676e+08 1.24916e+08 6.90501e+07 1.26178e+07 0.00243096 -0.00344067 0.00107696 0.00256535 0.0619842
8 90 1 -0.485517 1.33905 -0.000576683 0.00750728 4.35892e+07 1.81872e+08 8.22547e+07 1.50307e+07 0 1.48804e+08 0 1.81872e+08 1.48804e+08 8.22547e+07 1.50307e+07 0.00178293 -0.00240603 0.00030153 0.00192879 0.0619036
15 90 2 -0.511237 1.09663 -0.00127642 0.00676621 1.56361e+07 6.52403e+07 2.9506e+07 5.39176e+06 0 5.33784e+07 0 6.52403e+07 5.33784e+07 2.9506e+07 5.39176e+06 0.00475373 -0.00152085 0.0044539 0.00570508 0.0639965
53 91 0 0.489165 0.668685 0.00209298 0.00301765 1.24302e+07 5.18639e+07 2.34563e+07 4.28627e+06 0 4.24341e+07 0 5.18639e+07 4.24341e+07 2.34563e+07 4.28627e+06 0.00516353 0.00466605 0.00244576 0.00587155 0.0743227
60 91 1 0.699749 0.638171 0.00267558 0.00313364 3.46211e+07 1.44454e+08 6.53316e+07 1.19383e+07 0 1.18189e+08 0 1.44454e+08 1.18189e+08 6.53316e+07 1.19383e+07 0.00144706 -0.0033059 0.00310715 0.00383388 0.075807
54 91 2 0.629191 0.908546 0.00303948 0.00447269 2.97713e+07 1.24218e+08 5.61797e+07 1.0266e+07 0 1.01633e+08 0 1.24218e+08 1.01633e+08 5.61797e+07 1.0266e+07 0.000207444 -0.00235017 -0.00189422 0.00347307 0.068146
47 92 0 0.477687 1.10046 0.00218699 0.00594645 1.70301e+07 7.10565e+07 3.21365e+07 5.87244e+06 0 5.81372e+07 0 7.10565e+07 5.81372e+07 3.21365e+07 5.87244e+06 0.00313703 -0.00610162 -0.00434976 0.00521354 0.0640685
46 92 1 0.353715 0.882733 0.00138383 0.00451801 1.74412e+06 7.2772e+06 3.29124e+06 601421 0 5.95407e+06 0 7.2772e+06 5.95407e+06 3.29124e+06 601421 0.0116821 0.000664596 0.00328949 0.011004 0.0676076
54 92 2 0.629191 0.908546 0.00303948 0.00447269 2.97713e+07 1.24218e+08 5.61797e+07 1.0266e+07 0 1.01633e+08 0 1.24218e+08 1.01633e+08 5.61797e+07 1.0266e+07 0.000207444 -0.00235017 -0.00189422 0.00347307 0.068146
50 93 0 0.3421 0.452692 0.00118022 0.00206233 3.52722e+07 1.4717e+08 6.65602e+07 1.21628e+07 0 1.20412e+08 0 1.4717e+08 1.20412e+08 6.65602e+07 1.21628e+07 0.00214148 -0.00508044 0.00184775 0.00172399 0.0838299
57 93 1 0.575327 0.421224 0.00176416 0.00215325 2.1805e+07 9.09794e+07 4.1147e+07 7.51896e+06 0 7.44377e+07 0 9.09794e+07 7.44377e+07 4.1147e+07 7.51896e+06 0.00345879 0.00491103 0.00321399 0.00444922 0.0851211
53 93 2 0.489165 0.668685 0.00209298 0.00301765 1.24302e+07 5.18639e+07 2.34563e+07 4.28627e+06 0 4.24341e+07 0 5.18639e+07 4.24341e+07 2.34563e+07 4.28627e+06 0.00516353 0.00466605 0.00244576 0.00587155 0.0743227
45 94 0 0.0811744 0.204519 0.000103312 0.00130119 3.34076e+07 1.39391e+08 6.30417e+07 1.15199e+07 0 1.14047e+08 0 1.39391e+08 1.14047e+08 6.30417e+07 1.15199e+07 0.00152576 0.000942491 0.00060843 0.00363929 0.10021
44 94 1 2.49704e-17 2.44938e-24 1.03493e-27 3.20564e-26 1.29829e+07 5.41701e+07 2.44993e+07 4.47687e+06 0 4.4321e+07 0 5.41701e+07 4.4321e+07 2.44993e+07 4.47687e+06 0.000729577 0.00264343 -0.00075814 0.00842755 0.118115
52 94 2 0.2 2.40083e-24 -1.31573e-27 3.30884e-26 1.41299e+07 5.89556e+07 2.66637e+07 4.87236e+06 0 4.82364e+07 0 5.89556e+07 4.82364e+07 2.66637e+07 4.87236e+06 -4.1337e-26 -7.08955e-25 0.00113882 0.00984069 0.11794
49 95 0 0.282521 0.637727 0.00100797 0.00305646 1.80488e+07 7.53072e+07 3.4059e+07 6.22374e+06 0 6.1615e+07 0 7.53072e+07 6.1615e+07 3.4059e+07 6.22374e+06 0.00374115 -0.00766361 -0.00181546 0.00491797 0.0752917
43 95 1 0.0831363 0.463726 0.000468228 0.00266988 1.62938e+07 6.79844e+07 3.07471e+07 5.61854e+06 0 5.56236e+07 0 6.79844e+07 5.56236e+07 3.07471e+07 5.61854e+06 0.0030732 0.00375295 0.0021724 0.00688574 0.0834381
50 95 2 0.3421 0.452692 0.00118022 0.00206233 3.52722e+07 1.4717e+08 6.65602e+07 1.21628e+07 0 1.20412e+08 0 1.4717e+08 1.20412e+08 6.65602e+07 1.21628e+07 0.00214148 -0.00508044 0.00184775 0.00172399 0.0838299
29 96 0 -0.345266 0.694712 -0.00119938 0.00367637 1.77279e+07 7.39681e+07 3.34533e+07 6.11306e+06 0 6.05193e+07 0 7.39681e+07 6.05193e+07 3.34533e+07 6.11306e+06 0.00364277 0.00201061 0.000889988 0.00578824 0.0730371
37 96 1 -0.063463 0.713967 1.39243e-05 0.00385171 1.39325e+07 5.8132e+07 2.62912e+07 4.80429e+06 0 4.75625e+07 0 5.8132e+07 4.75625e+07 2.62912e+07 4.80429e+06 0.00422013 0.000711959 -0.000171186 0.00573186 0.0723308
31 96 2 -0.206221 0.834001 -0.000527311 0.00458688 2.86405e+07 1.195e+08 5.40459e+07 9.87603e+06 0 9.77727e+07 0 1.195e+08 9.77727e+07 5.40459e+07 9.87603e+06 0.00188479 0.000444093 0.00122532 0.00375273 0.0685224
51 97 0 0.248838 0.233697 0.000492874 0.00154976 2.20785e+07 9.21207e+07 4.16631e+07 7.61328e+06 0 7.53714e+07 0 9.21207e+07 7.53714e+07 4.16631e+07 7.61328e+06 0.0029361 0.000634876 0.0022941 0.00428853 0.0978332
43 97 1 0.0831363 0.463726 0.000468228 0.00266988 1.62938e+07 6.79844e+07 3.07471e+07 5.61854e+06 0 5.56236e+07 0 6.79844e+07 5.56236e+07 3.07471e+07 5.61854e+06 0.0030732 0.00375295 0.0021724 0.00688574 0.0834381
45 97 2 0.0811744 0.204519 0.000103312 0.00130119 3.34076e+07 1.39391e+08 6.30417e+07 1.15199e+07 0 1.14047e+08 0 1.39391e+08 1.14047e+08 6.30417e+07 1.15199e+07 0.00152576 0.000942491 0.00060843 0.00363929 0.10021
42 98 0 0.141465 0.72975 0.000483687 0.00394433 5.04275e+07 2.10404e+08 9.51589e+07 1.73888e+07 0 1.72149e+08 0 2.10404e+08 1.72149e+08 9.51589e+07 1.73888e+07 0.000480559 -0.000413911 -0.00133532 0.00213491 0.0718093
38 98 1 0.118536 0.946088 0.000498611 0.00484807 3.04183e+07 1.26918e+08 5.74006e+07 1.04891e+07 0 1.03842e+08 0 1.26918e+08 1.03842e+08 5.74006e+07 1.04891e+07 0.000858451 -0.00295373 0.00106771 0.00538029 0.065673
37 98 2 -0.063463 0.713967 1.39243e-05 0.00385171 1.39325e+07 5.8132e+07 2.62912e+07 4.80429e+06 0 4.75625e+07 0 5.8132e+07 4.75625e+07 2.62912e+07 4.80429e+06 0.00422013 0.000711959 -0.000171186 0.00573186 0.0723308
34 99 0 -0.189169 0.47679 -0.000590499 0.00224809 1.47809e+07 6.16719e+07 2.78922e+07 5.09685e+06 0 5.04588e+07 0 6.16719e+07 5.04588e+07 2.78922e+07 5.09685e+06 0.00387286 -0.0016066 -0.00192207 0.00740597 0.082647
28 99 1 -0.308602 0.237569 -0.000572177 0.00125332 1.64373e+07 6.85831e+07 3.10179e+07 5.66803e+06 0 5.61135e+07 0 6.85831e+07 5.61135e+07 3.10179e+07 5.66803e+06 0.00336371 -0.00527392 -0.00113769 0.00574975 0.0972745
36 99 2 -0.0959871 0.243334 -0.000181615 0.00108188 3.64065e+07 1.51903e+08 6.87007e+07 1.2554e+07 0 1.24284e+08 0 1.51903e+08 1.24284e+08 6.87007e+07 1.2554e+07 0.00177659 0.00281056 -0.000216918 0.00219041 0.0972597
29 100 0 -0.345266 0.694712 -0.00119938 0.00367637 1.77279e+07 7.39681e+07 3.34533e+07 6.11306e+06 0 6.05193e+07 0 7.39681e+07 6.05193e+07 3.34533e+07 6.11306e+06 0.00364277 0.00201061 0.000889988 0.00578824 0.0730371
31 100 1 -0.206221 0.834001 -0.000527311 0.00458688 2.86405e+07 1.195e+08 5.40459e+07 9.87603e+06 0 9.77727e+07 0 1.195e+08 9.77727e+07 5.40459e+07 9.87603e+06 0.00188479 0.000444093 0.00122532 0.00375273 0.0685224
23 100 2 -0.315927 0.98392 -0.000726741 0.00565718 1.3572e+07 5.66281e+07 2.5611e+07 4.68e+06 0 4.6332e+07 0 5.66281e+07 4.6332e+07 2.5611e+07 4.68e+06 0.00356791 -0.00330911 0.00169827 0.0077211 0.065106
18 101 0 -0.69411 0.422711 -0.00188327 0.0029906 1.54011e+07 6.42597e+07 2.90625e+07 5.31072e+06 0 5.25761e+07 0 6.42597e+07 5.25761e+07 2.90625e+07 5.31072e+06 0.00375436 -0.00319472 -0.00180114 0.00625358 0.0842457
26 101 1 -0.441896 0.454926 -0.00126916 0.0025693 3.63643e+07 1.51727e+08 6.86211e+07 1.25394e+07 0 1.2414e+08 0 1.51727e+08 1.2414e+08 6.86211e+07 1.25394e+07 0.00144824 2.0922e-06 -0.00235955 0.0026345 0.0834048
21 101 2 -0.612157 0.63817 -0.00205785 0.00372095 2.68516e+07 1.12036e+08 5.06702e+07 9.25918e+06 0 9.16659e+07 0 1.12036e+08 9.16659e+07 5.06702e+07 9.25918e+06 0.00256056 -0.00546608 -0.00230146 0.00353064 0.0752172
34 102 0 -0.189169 0.47679 -0.000590499 0.00224809 1.47809e+07 6.16719e+07 2.78922e+07 5.09685e+06 0 5.04588e+07 0 6.16719e+07 5.04588e+07 2.78922e+07 5.09685e+06 0.00387286 -0.0016066 -0.00192207 0.00740597 0.082647
37 102 1 -0.063463 0.713967 1.39243e-05 0.00385171 1.39325e+07 5.8132e+07 2.62912e+07 4.80429e+06 0 4.75625e+07 0 5.8132e+07 4.75625e+07 2.62912e+07 4.80429e+06 0.00422013 0.000711959 -0.000171186 0.00573186 0.0723308
29 102 2 -0.345266 0.694712 -0.00119938 0.00367637 1.77279e+07 7.39681e+07 3.34533e+07 6.11306e+06 0 6.05193e+07 0 7.39681e+07 6.05193e+07 3.34533e+07 6.11306e+06 0.00364277 0.00201061 0.000889988 0.00578824 0.0730371
26 103 0 -0.441896 0.454926 -0.00126916 0.0025693 3.63643e+07 1.51727e+08 6.86211e+07 1.25394e+07 0 1.2414e+08 0 1.51727e+08 1.2414e+08 6.86211e+07 1.25394e+07 0.00144824 2.0922e-06 -0.00235955 0.0026345 0.0834048
34 103 1 -0.189169 0.47679 -0.000590499 0.00224809 1.47809e+07 6.16719e+07 2.78922e+07 5.09685e+06 0 5.04588e+07 0 6.16719e+07 5.04588e+07 2.78922e+07 5.09685e+06 0.00387286 -0.0016066 -0.00192207 0.00740597 0.082647
29 103 2 -0.345266 0.694712 -0.00119938 0.00367637 1.77279e+07 7.39681e+07 3.34533e+07 6.11306e+06 0 6.05193e+07 0 7.39681e+07 6.05193e+07 3.34533e+07 6.11306e+06 0.00364277 0.00201061 0.000889988 0.00578824 0.0730371
19 104 0 -0.6 2.45007e-24 -7.04409e-28 3.23957e-26 1.04529e+07 4.36139e+07 1.97251e+07 3.60446e+06 0 3.56841e+07 0 4.36139e+07 3.56841e+07 1.97251e+07 3.60446e+06 2.4049e-26 7.58721e-25 -0.00937557 0.0117133 0.115626
27 104 1 -0.4 2.37947e-24 -4.97903e-27 3.25687e-26 1.5591e+07 6.5052e+07 2.94209e+07 5.3762e+06 0 5.32244e+07 0 6.5052e+07 5.32244e+07 2.94209e+07 5.3762e+06 -1.23431e-18 1.59935e-18 -0.00497333 0.00683048 0.117127
20 104 2 -0.527995 0.225473 -0.00111401 0.00166236 2.62524e+07 1.09536e+08 4.95394e+07 9.05254e+06 0 8.96201e+07 0 1.09536e+08 8.96201e+07 4.95394e+07 9.05254e+06 0.00317998 -0.00188067 -0.00152156 0.00363287 0.0971798
27 105 0 -0.4 2.37947e-24 -4.97903e-27 3.25687e-26 1.5591e+07 6.5052e+07 2.94209e+07 5.3762e+06 0 5.32244e+07 0 6.5052e+07 5.32244e+07 2.94209e+07 5.3762e+06 -1.23431e-18 1.59935e-18 -0.00497333 0.00683048 0.117127
35 105 1 -0.2 2.37043e-24 -1.36802e-27 4.03184e-26 5.16017e+07 2.15304e+08 9.73747e+07 1.77937e+07 0 1.76157e+08 0 2.15304e+08 1.76157e+08 9.73747e+07 1.77937e+07 1.23431e-18 -1.59935e-18 -0.00214156 0.00239057 0.117877
28 105 2 -0.308602 0.237569 -0.000572177 0.00125332 1.64373e+07 6.85831e+07 3.10179e+07 5.66803e+06 0 5.61135e+07 0 6.85831e+07 5.61135e+07 3.10179e+07 5.66803e+06 0.00336371 -0.00527392 -0.00113769 0.00574975 0.0972745
36 106 0 -0.0959871 0.243334 -0.000181615 0.00108188 3.64065e+07 1.51903e+08 6.87007e+07 1.2554e+07 0 1.24284e+08 0 1.51903e+08 1.24284e+08 6.87007e+07 1.2554e+07 0.00177659 0.00281056 -0.000216918 0.00219041 0.0972597
43 106 1 0.0831363 0.463726 0.000468228 0.00266988 1.62938e+07 6.79844e+07 3.07471e+07 5.61854e+06 0 5.56236e+07 0 6.79844e+07 5.56236e+07 3.07471e+07 5.61854e+06 0.0030732 0.00375295 0.0021724 0.00688574 0.0834381
34 106 2 -0.189169 0.47679 -0.000590499 0.00224809 1.47809e+07 6.16719e+07 2.78922e+07 5.09685e+06 0 5.04588e+07 0 6.16719e+07 5.04588e+07 2.78922e+07 5.09685e+06 0.00387286 -0.0016066 -0.00192207 0.00740597 0.082647
42 107 0 0.141465 0.72975 0.000483687 0.00394433 5.04275e+07 2.10404e+08 9.51589e+07 1.73888e+07 0 1.72149e+08 0 2.10404e+08 1.72149e+08 9.51589e+07 1.73888e+07 0.000480559 -0.000413911 -0.00133532 0.00213491 0.0718093
37 107 1 -0.063463 0.713967 1.39243e-05 0.00385171 1.39325e+07 5.8132e+07 2.62912e+07 4.80429e+06 0 4.75625e+07 0 5.8132e+07 4.75625e+07 2.62912e+07 4.80429e+06 0.00422013 0.000711959 -0.000171186 0.00573186 0.0723308
43 107 2 0.0831363 0.463726 0.000468228 0.00266988 1.62938e+07 6.79844e+07 3.07471e+07 5.61854e+06 0 5.56236e+07 0 6.79844e+07 5.56236e+07 3.07471e+07 5.61854e+06 0.0030732 0.00375295 0.0021724 0.00688574 0.0834381
30 108 0 -0.0811299 0.990381 0.00010477 0.00546172 1.70939e+07 7.13228e+07 3.2257e+07 5.89445e+06 0 5.8355e+07 0 7.13228e+07 5.8355e+07 3.2257e+07 5.89445e+06 0.00344681 0.00126707 0.000775598 0.00598408 0.064681
24 108 1 -0.145567 1.21134 0.000186117 0.00638274 3.46826e+07 1.4471e+08 6.54477e+07 1.19595e+07 0 1.18399e+08 0 1.4471e+08 1.18399e+08 6.54477e+07 1.19595e+07 0.00258575 -0.00152149 0.0017199 0.00227806 0.0614524
23 108 2 -0.315927 0.98392 -0.000726741 0.00565718 1.3572e+07 5.66281e+07 2.5611e+07 4.68e+06 0 4.6332e+07 0 5.66281e+07 4.6332e+07 2.5611e+07 4.68e+06 0.00356791 -0.00330911 0.00169827 0.0077211 0.065106
36 109 0 -0.0959871 0.243334 -0.000181615 0.00108188 3.64065e+07 1.51903e+08 6.87007e+07 1.2554e+07 0 1.24284e+08 0 1.51903e+08 1.24284e+08 6.87007e+07 1.2554e+07 0.00177659 0.00281056 -0.000216918 0.00219041 0.0972597
44 109 1 2.49704e-17 2.44938e-24 1.03493e-27 3.20564e-26 1.29829e+07 5.41701e+07 2.44993e+07 4.47687e+06 0 4.4321e+07 0 5.41701e+07 4.4321e+07 2.44993e+07 4.47687e+06 0.000729577 0.00264343 -0.00075814 0.00842755 0.118115
45 109 2 0.0811744 0.204519 0.000103312 0.00130119 3.34076e+07 1.39391e+08 6.30417e+07 1.15199e+07 0 1.14047e+08 0 1.39391e+08 1.14047e+08 6.30417e+07 1.15199e+07 0.00152576 0.000942491 0.00060843 0.00363929 0.10021
13 110 0 -0.692523 0.993452 -0.00259912 0.00623228 1.3756e+07 5.73957e+07 2.59582e+07 4.74344e+06 0 4.69601e+07 0 5.73957e+07 4.69601e+07 2.59582e+07 4.74344e+06 0.00415996 -8.40805e-05 0.00371598 0.00764675 0.0665639
22 110 1 -0.531193 0.856811 -0.00195319 0.00476663 8.44911e+06 3.52532e+07 1.59438e+07 2.91349e+06 0 2.88435e+07 0 3.52532e+07 2.88435e+07 1.59438e+07 2.91349e+06 0.00660005 -0.00232212 0.000245334 0.0112906 0.0684975
15 110 2 -0.511237 1.09663 -0.00127642 0.00676621 1.56361e+07 6.52403e+07 2.9506e+07 5.39176e+06 0 5.33784e+07 0 6.52403e+07 5.33784e+07 2.9506e+07 5.39176e+06 0.00475373 -0.00152085 0.0044539 0.00570508 0.0639965
12 111 0 -0.788639 0.806922 -0.00309065 0.00522541 2.05176e+07 8.56077e+07 3.87175e+07 7.07502e+06 0 7.00427e+07 0 8.56077e+07 7.00427e+07 3.87175e+07 7.07502e+06 0.00351824 -0.00332738 -0.00358179 0.00510358 0.0707658
13 111 1 -0.692523 0.993452 -0.00259912 0.00623228 1.3756e+07 5.73957e+07 2.59582e+07 4.74344e+06 0 4.69601e+07 0 5.73957e+07 4.69601e+07 2.59582e+07 4.74344e+06 0.00415996 -8.40805e-05 0.00371598 0.00764675 0.0665639
4 111 2 -0.900519 1.02847 -0.0031099 0.00610735 2.90602e+07 1.21251e+08 5.48379e+07 1.00208e+07 0 9.92055e+07 0 1.21251e+08 9.92055e+07 5.48379e+07 1.00208e+07 0.00224992 0.00324468 0.00518443 0.003992 0.067794
14 112 0 -0.883511 0.594861 -0.00318788 0.00412649 1.2101e+07 5.04904e+07 2.28351e+07 4.17276e+06 0 4.13103e+07 0 5.04904e+07 4.13103e+07 2.28351e+07 4.17276e+06 0.00536945 0.0050892 -0.000590702 0.0067398 0.0769654
12 112 1 -0.788639 0.806922 -0.00309065 0.00522541 2.05176e+07 8.56077e+07 3.87175e+07 7.07502e+06 0 7.00427e+07 0 8.56077e+07 7.00427e+07 3.87175e+07 7.07502e+06 0.00351824 -0.00332738 -0.00358179 0.00510358 0.0707658
6 112 2 -1.05075 0.791296 -0.00382774 0.00408886 2.76946e+07 1.15553e+08 5.22609e+07 9.54985e+06 0 9.45435e+07 0 1.15553e+08 9.45435e+07 5.22609e+07 9.54985e+06 0.00227094 0.00839625 0.000580785 0.00435822 0.0729619
14 113 0 -0.883511 0.594861 -0.00318788 0.00412649 1.2101e+07 5.04904e+07 2.28351e+07 4.17276e+06 0 4.13103e+07 0 5.04904e+07 4.13103e+07 2.28351e+07 4.17276e+06 0.00536945 0.0050892 -0.000590702 0.0067398 0.0769654
21 113 1 -0.612157 0.63817 -0.00205785 0.00372095 2.68516e+07 1.12036e+08 5.06702e+07 9.25918e+06 0 9.16659e+07 0 1.12036e+08 9.16659e+07 5.06702e+07 9.25918e+06 0.00256056 -0.00546608 -0.00230146 0.00353064 0.0752172
12 113 2 -0.788639 0.806922 -0.00309065 0.00522541 2.05176e+07 8.56077e+07 3.87175e+07 7.07502e+06 0 7.00427e+07 0 8.56077e+07 7.00427e+07 3.87175e+07 7.07502e+06 0.00351824 -0.00332738 -0.00358179 0.00510358 0.0707658
5 114 0 -1.16002 0.522719 -0.0040136 0.00220458 3.62594e+07 1.51289e+08 6.84232e+07 1.25033e+07 0 1.23782e+08 0 1.51289e+08 1.23782e+08 6.84232e+07 1.25033e+07 0.00088225 0.00606479 -0.000479627 0.00378991 0.0800527
14 114 1 -0.883511 0.594861 -0.00318788 0.00412649 1.2101e+07 5.04904e+07 2.28351e+07 4.17276e+06 0 4.13103e+07 0 5.04904e+07 4.13103e+07 2.28351e+07 4.17276e+06 0.00536945 0.0050892 -0.000590702 0.0067398 0.0769654
6 114 2 -1.05075 0.791296 -0.00382774 0.00408886 2.76946e+07 1.15553e+08 5.22609e+07 9.54985e+06 0 9.45435e+07 0 1.15553e+08 9.45435e+07 5.22609e+07 9.54985e+06 0.00227094 0.00839625 0.000580785 0.00435822 0.0729619
43 115 0 0.0831363 0.463726 0.000468228 0.00266988 1.62938e+07 6.79844e+07 3.07471e+07 5.61854e+06 0 5.56236e+07 0 6.79844e+07 5.56236e+07 3.07471e+07 5.61854e+06 0.0030732 0.00375295 0.0021724 0.00688574 0.0834381
36 115 1 -0.0959871 0.243334 -0.000181615 0.00108188 3.64065e+07 1.51903e+08 6.87007e+07 1.2554e+07 0 1.24284e+08 0 1.51903e+08 1.24284e+08 6.87007e+07 1.2554e+07 0.00177659 0.00281056 -0.000216918 0.00219041 0.0972597
45 115 2 0.0811744 0.204519 0.000103312 0.00130119 3.34076e+07 1.39391e+08 6.30417e+07 1.15199e+07 0 1.14047e+08 0 1.39391e+08 1.14047e+08 6.30417e+07 1.15199e+07 0.00152576 0.000942491 0.00060843 0.00363929 0.10021
