Index_Vertex nbTriangle nbInTr x y ux uy Elast AR BR IR GR ER FR A1 A2 B12 C3 Defxx Defxy Defyx Defyy Density 
24 0 0 -0.720432 0.219845 -0.00126082 0.000616853 3.31415e+07 1.3828e+08 6.25394e+07 1.14281e+07 0 1.13138e+08 0 1.3828e+08 1.13138e+08 6.25394e+07 1.14281e+07 0.00178649 2.7632e-05 -0.00396825 0.00334981 0.0842925
25 0 1 -0.648016 0.456658 -0.00167187 0.00165778 1.14916e+07 4.79477e+07 2.16852e+07 3.96262e+06 0 3.92299e+07 0 4.79477e+07 3.92299e+07 2.16852e+07 3.96262e+06 0.00514165 0.000828157 -0.00203304 0.00584459 0.0714781
16 0 2 -0.867532 0.409426 -0.00216683 0.00115653 4.20826e+07 1.75586e+08 7.94117e+07 1.45112e+07 0 1.43661e+08 0 1.75586e+08 1.43661e+08 7.94117e+07 1.45112e+07 0.00133165 -0.000134285 -0.00367975 0.00282859 0.0716025
42 1 0 -0.4 3.21989e-24 -1.39746e-27 3.38303e-26 2.56886e+07 1.07183e+08 4.84755e+07 8.85813e+06 0 8.76955e+07 0 1.07183e+08 8.76955e+07 4.84755e+07 8.85813e+06 2.00658e-26 7.64109e-25 -0.00470106 0.00559017 0.106937
33 1 1 -0.511895 0.238442 -0.000920522 0.000916608 3.32896e+07 1.38898e+08 6.28189e+07 1.14792e+07 0 1.13644e+08 0 1.38898e+08 1.13644e+08 6.28189e+07 1.14792e+07 0.00157574 0.00248498 -0.000663017 0.00301508 0.0856783
32 1 2 -0.6 3.3018e-24 -1.31541e-27 3.39851e-26 4.58867e+07 1.91458e+08 8.65903e+07 1.5823e+07 0 1.56648e+08 0 1.91458e+08 1.56648e+08 8.65903e+07 1.5823e+07 0.000189727 0.000348166 -0.0065192 0.00308048 0.10466
43 2 0 -0.301857 0.247273 -0.000600005 0.0011392 3.40373e+07 1.42018e+08 6.42299e+07 1.1737e+07 0 1.16196e+08 0 1.42018e+08 1.16196e+08 6.42299e+07 1.1737e+07 0.00105042 -0.00114117 0.000762843 0.00424437 0.0865776
34 2 1 -0.423808 0.487047 -0.00100341 0.00194854 3.12836e+07 1.30528e+08 5.90337e+07 1.07875e+07 0 1.06796e+08 0 1.30528e+08 1.06796e+08 5.90337e+07 1.07875e+07 0.002264 0.00249518 -0.00369417 0.00321654 0.0713121
33 2 2 -0.511895 0.238442 -0.000920522 0.000916608 3.32896e+07 1.38898e+08 6.28189e+07 1.14792e+07 0 1.13644e+08 0 1.38898e+08 1.13644e+08 6.28189e+07 1.14792e+07 0.00157574 0.00248498 -0.000663017 0.00301508 0.0856783
6 3 0 -1.04997 0.56289 -0.00291285 0.00162781 3.5685e+07 1.48893e+08 6.73393e+07 1.23052e+07 0 1.21821e+08 0 1.48893e+08 1.21821e+08 6.73393e+07 1.23052e+07 0.00175653 0.00236198 -0.00198777 0.00277351 0.0648779
2 3 1 -1.17976 0.780456 -0.00385325 0.00243248 1.29194e+07 5.39052e+07 2.43795e+07 4.45497e+06 0 4.41042e+07 0 5.39052e+07 4.41042e+07 2.43795e+07 4.45497e+06 0.00446173 -8.70216e-05 -0.00138734 0.00556496 0.0602812
1 3 2 -1.25537 0.57881 -0.00342523 0.00138376 2.74539e+07 1.14549e+08 5.18067e+07 9.46685e+06 0 9.37218e+07 0 1.14549e+08 9.37218e+07 5.18067e+07 9.46685e+06 0.00280191 0.000799782 -0.00220504 0.00340692 0.0647376
25 4 0 -0.648016 0.456658 -0.00167187 0.00165778 1.14916e+07 4.79477e+07 2.16852e+07 3.96262e+06 0 3.92299e+07 0 4.79477e+07 3.92299e+07 2.16852e+07 3.96262e+06 0.00514165 0.000828157 -0.00203304 0.00584459 0.0714781
33 4 1 -0.511895 0.238442 -0.000920522 0.000916608 3.32896e+07 1.38898e+08 6.28189e+07 1.14792e+07 0 1.13644e+08 0 1.38898e+08 1.13644e+08 6.28189e+07 1.14792e+07 0.00157574 0.00248498 -0.000663017 0.00301508 0.0856783
34 4 2 -0.423808 0.487047 -0.00100341 0.00194854 3.12836e+07 1.30528e+08 5.90337e+07 1.07875e+07 0 1.06796e+08 0 1.30528e+08 1.06796e+08 5.90337e+07 1.07875e+07 0.002264 0.00249518 -0.00369417 0.00321654 0.0713121
18 5 0 -0.807472 0.911353 -0.00306034 0.00372259 1.38618e+07 5.7837e+07 2.61578e+07 4.77992e+06 0 4.73212e+07 0 5.7837e+07 4.73212e+07 2.61578e+07 4.77992e+06 0.00419827 0.00674716 0.00334886 0.00611196 0.055997
19 5 1 -0.730635 1.1259 -0.0022252 0.00492621 4.55907e+07 1.90223e+08 8.60317e+07 1.57209e+07 0 1.55637e+08 0 1.90223e+08 1.55637e+08 8.60317e+07 1.57209e+07 0.00032242 -0.000232955 0.00283087 0.00213044 0.0520908
13 5 2 -0.975476 1.15886 -0.00315394 0.00477208 3.41226e+06 1.42374e+07 6.43909e+06 1.17664e+06 0 1.16487e+07 0 1.42374e+07 1.16487e+07 6.43909e+06 1.17664e+06 0.00768238 0.00831489 0.0039592 0.0125926 0.0531782
17 6 0 -0.813255 0.641529 -0.00250637 0.00213106 2.32131e+07 9.68546e+07 4.38042e+07 8.00451e+06 0 7.92447e+07 0 9.68546e+07 7.92447e+07 4.38042e+07 8.00451e+06 0.00238648 0.00154791 -0.000291906 0.00508105 0.0631067
26 6 1 -0.589777 0.711519 -0.00205434 0.00274499 3.6572e+07 1.52593e+08 6.9013e+07 1.2611e+07 0 1.24849e+08 0 1.52593e+08 1.24849e+08 6.9013e+07 1.2611e+07 0.00218722 -0.00182209 -0.0024515 0.00107654 0.0613546
18 6 2 -0.807472 0.911353 -0.00306034 0.00372259 1.38618e+07 5.7837e+07 2.61578e+07 4.77992e+06 0 4.73212e+07 0 5.7837e+07 4.73212e+07 2.61578e+07 4.77992e+06 0.00419827 0.00674716 0.00334886 0.00611196 0.055997
6 7 0 -1.04997 0.56289 -0.00291285 0.00162781 3.5685e+07 1.48893e+08 6.73393e+07 1.23052e+07 0 1.21821e+08 0 1.48893e+08 1.21821e+08 6.73393e+07 1.23052e+07 0.00175653 0.00236198 -0.00198777 0.00277351 0.0648779
17 7 1 -0.813255 0.641529 -0.00250637 0.00213106 2.32131e+07 9.68546e+07 4.38042e+07 8.00451e+06 0 7.92447e+07 0 9.68546e+07 7.92447e+07 4.38042e+07 8.00451e+06 0.00238648 0.00154791 -0.000291906 0.00508105 0.0631067
8 7 2 -0.977805 0.777518 -0.00322735 0.00247294 3.21427e+07 1.34112e+08 6.06547e+07 1.10837e+07 0 1.09728e+08 0 1.34112e+08 1.09728e+08 6.06547e+07 1.10837e+07 0.00219236 5.56919e-05 -0.00309777 0.00372293 0.0593221
16 8 0 -0.867532 0.409426 -0.00216683 0.00115653 4.20826e+07 1.75586e+08 7.94117e+07 1.45112e+07 0 1.43661e+08 0 1.75586e+08 1.43661e+08 7.94117e+07 1.45112e+07 0.00133165 -0.000134285 -0.00367975 0.00282859 0.0716025
25 8 1 -0.648016 0.456658 -0.00167187 0.00165778 1.14916e+07 4.79477e+07 2.16852e+07 3.96262e+06 0 3.92299e+07 0 4.79477e+07 3.92299e+07 2.16852e+07 3.96262e+06 0.00514165 0.000828157 -0.00203304 0.00584459 0.0714781
17 8 2 -0.813255 0.641529 -0.00250637 0.00213106 2.32131e+07 9.68546e+07 4.38042e+07 8.00451e+06 0 7.92447e+07 0 9.68546e+07 7.92447e+07 4.38042e+07 8.00451e+06 0.00238648 0.00154791 -0.000291906 0.00508105 0.0631067
27 9 0 -0.535672 0.970965 -0.00188855 0.00427906 4.76877e+06 1.98973e+07 8.99889e+06 1.64441e+06 0 1.62796e+07 0 1.98973e+07 1.62796e+07 8.99889e+06 1.64441e+06 0.0070565 0.00161522 0.000670323 0.0103398 0.0542794
19 9 1 -0.730635 1.1259 -0.0022252 0.00492621 4.55907e+07 1.90223e+08 8.60317e+07 1.57209e+07 0 1.55637e+08 0 1.90223e+08 1.55637e+08 8.60317e+07 1.57209e+07 0.00032242 -0.000232955 0.00283087 0.00213044 0.0520908
18 9 2 -0.807472 0.911353 -0.00306034 0.00372259 1.38618e+07 5.7837e+07 2.61578e+07 4.77992e+06 0 4.73212e+07 0 5.7837e+07 4.73212e+07 2.61578e+07 4.77992e+06 0.00419827 0.00674716 0.00334886 0.00611196 0.055997
43 10 0 -0.301857 0.247273 -0.000600005 0.0011392 3.40373e+07 1.42018e+08 6.42299e+07 1.1737e+07 0 1.16196e+08 0 1.42018e+08 1.16196e+08 6.42299e+07 1.1737e+07 0.00105042 -0.00114117 0.000762843 0.00424437 0.0865776
33 10 1 -0.511895 0.238442 -0.000920522 0.000916608 3.32896e+07 1.38898e+08 6.28189e+07 1.14792e+07 0 1.13644e+08 0 1.38898e+08 1.13644e+08 6.28189e+07 1.14792e+07 0.00157574 0.00248498 -0.000663017 0.00301508 0.0856783
42 10 2 -0.4 3.21989e-24 -1.39746e-27 3.38303e-26 2.56886e+07 1.07183e+08 4.84755e+07 8.85813e+06 0 8.76955e+07 0 1.07183e+08 8.76955e+07 4.84755e+07 8.85813e+06 2.00658e-26 7.64109e-25 -0.00470106 0.00559017 0.106937
8 11 0 -0.977805 0.777518 -0.00322735 0.00247294 3.21427e+07 1.34112e+08 6.06547e+07 1.10837e+07 0 1.09728e+08 0 1.34112e+08 1.09728e+08 6.06547e+07 1.10837e+07 0.00219236 5.56919e-05 -0.00309777 0.00372293 0.0593221
17 11 1 -0.813255 0.641529 -0.00250637 0.00213106 2.32131e+07 9.68546e+07 4.38042e+07 8.00451e+06 0 7.92447e+07 0 9.68546e+07 7.92447e+07 4.38042e+07 8.00451e+06 0.00238648 0.00154791 -0.000291906 0.00508105 0.0631067
18 11 2 -0.807472 0.911353 -0.00306034 0.00372259 1.38618e+07 5.7837e+07 2.61578e+07 4.77992e+06 0 4.73212e+07 0 5.7837e+07 4.73212e+07 2.61578e+07 4.77992e+06 0.00419827 0.00674716 0.00334886 0.00611196 0.055997
26 12 0 -0.589777 0.711519 -0.00205434 0.00274499 3.6572e+07 1.52593e+08 6.9013e+07 1.2611e+07 0 1.24849e+08 0 1.52593e+08 1.24849e+08 6.9013e+07 1.2611e+07 0.00218722 -0.00182209 -0.0024515 0.00107654 0.0613546
34 12 1 -0.423808 0.487047 -0.00100341 0.00194854 3.12836e+07 1.30528e+08 5.90337e+07 1.07875e+07 0 1.06796e+08 0 1.30528e+08 1.06796e+08 5.90337e+07 1.07875e+07 0.002264 0.00249518 -0.00369417 0.00321654 0.0713121
35 12 2 -0.33425 0.736251 -0.00152135 0.00322577 2.6118e+07 1.08975e+08 4.92858e+07 9.0062e+06 0 8.91613e+07 0 1.08975e+08 8.91613e+07 4.92858e+07 9.0062e+06 0.00216685 0.00510696 0.00056669 0.0038639 0.0609661
18 13 0 -0.807472 0.911353 -0.00306034 0.00372259 1.38618e+07 5.7837e+07 2.61578e+07 4.77992e+06 0 4.73212e+07 0 5.7837e+07 4.73212e+07 2.61578e+07 4.77992e+06 0.00419827 0.00674716 0.00334886 0.00611196 0.055997
26 13 1 -0.589777 0.711519 -0.00205434 0.00274499 3.6572e+07 1.52593e+08 6.9013e+07 1.2611e+07 0 1.24849e+08 0 1.52593e+08 1.24849e+08 6.9013e+07 1.2611e+07 0.00218722 -0.00182209 -0.0024515 0.00107654 0.0613546
27 13 2 -0.535672 0.970965 -0.00188855 0.00427906 4.76877e+06 1.98973e+07 8.99889e+06 1.64441e+06 0 1.62796e+07 0 1.98973e+07 1.62796e+07 8.99889e+06 1.64441e+06 0.0070565 0.00161522 0.000670323 0.0103398 0.0542794
25 14 0 -0.648016 0.456658 -0.00167187 0.00165778 1.14916e+07 4.79477e+07 2.16852e+07 3.96262e+06 0 3.92299e+07 0 4.79477e+07 3.92299e+07 2.16852e+07 3.96262e+06 0.00514165 0.000828157 -0.00203304 0.00584459 0.0714781
34 14 1 -0.423808 0.487047 -0.00100341 0.00194854 3.12836e+07 1.30528e+08 5.90337e+07 1.07875e+07 0 1.06796e+08 0 1.30528e+08 1.06796e+08 5.90337e+07 1.07875e+07 0.002264 0.00249518 -0.00369417 0.00321654 0.0713121
26 14 2 -0.589777 0.711519 -0.00205434 0.00274499 3.6572e+07 1.52593e+08 6.9013e+07 1.2611e+07 0 1.24849e+08 0 1.52593e+08 1.24849e+08 6.9013e+07 1.2611e+07 0.00218722 -0.00182209 -0.0024515 0.00107654 0.0613546
17 15 0 -0.813255 0.641529 -0.00250637 0.00213106 2.32131e+07 9.68546e+07 4.38042e+07 8.00451e+06 0 7.92447e+07 0 9.68546e+07 7.92447e+07 4.38042e+07 8.00451e+06 0.00238648 0.00154791 -0.000291906 0.00508105 0.0631067
25 15 1 -0.648016 0.456658 -0.00167187 0.00165778 1.14916e+07 4.79477e+07 2.16852e+07 3.96262e+06 0 3.92299e+07 0 4.79477e+07 3.92299e+07 2.16852e+07 3.96262e+06 0.00514165 0.000828157 -0.00203304 0.00584459 0.0714781
26 15 2 -0.589777 0.711519 -0.00205434 0.00274499 3.6572e+07 1.52593e+08 6.9013e+07 1.2611e+07 0 1.24849e+08 0 1.52593e+08 1.24849e+08 6.9013e+07 1.2611e+07 0.00218722 -0.00182209 -0.0024515 0.00107654 0.0613546
6 16 0 -1.04997 0.56289 -0.00291285 0.00162781 3.5685e+07 1.48893e+08 6.73393e+07 1.23052e+07 0 1.21821e+08 0 1.48893e+08 1.21821e+08 6.73393e+07 1.23052e+07 0.00175653 0.00236198 -0.00198777 0.00277351 0.0648779
16 16 1 -0.867532 0.409426 -0.00216683 0.00115653 4.20826e+07 1.75586e+08 7.94117e+07 1.45112e+07 0 1.43661e+08 0 1.75586e+08 1.43661e+08 7.94117e+07 1.45112e+07 0.00133165 -0.000134285 -0.00367975 0.00282859 0.0716025
17 16 2 -0.813255 0.641529 -0.00250637 0.00213106 2.32131e+07 9.68546e+07 4.38042e+07 8.00451e+06 0 7.92447e+07 0 9.68546e+07 7.92447e+07 4.38042e+07 8.00451e+06 0.00238648 0.00154791 -0.000291906 0.00508105 0.0631067
2 17 0 -1.17976 0.780456 -0.00385325 0.00243248 1.29194e+07 5.39052e+07 2.43795e+07 4.45497e+06 0 4.41042e+07 0 5.39052e+07 4.41042e+07 2.43795e+07 4.45497e+06 0.00446173 -8.70216e-05 -0.00138734 0.00556496 0.0602812
6 17 1 -1.04997 0.56289 -0.00291285 0.00162781 3.5685e+07 1.48893e+08 6.73393e+07 1.23052e+07 0 1.21821e+08 0 1.48893e+08 1.21821e+08 6.73393e+07 1.23052e+07 0.00175653 0.00236198 -0.00198777 0.00277351 0.0648779
8 17 2 -0.977805 0.777518 -0.00322735 0.00247294 3.21427e+07 1.34112e+08 6.06547e+07 1.10837e+07 0 1.09728e+08 0 1.34112e+08 1.09728e+08 6.06547e+07 1.10837e+07 0.00219236 5.56919e-05 -0.00309777 0.00372293 0.0593221
1 18 0 -1.25537 0.57881 -0.00342523 0.00138376 2.74539e+07 1.14549e+08 5.18067e+07 9.46685e+06 0 9.37218e+07 0 1.14549e+08 9.37218e+07 5.18067e+07 9.46685e+06 0.00280191 0.000799782 -0.00220504 0.00340692 0.0647376
3 18 1 -1.26359 0.41813 -0.00321293 0.000827331 2.66788e+07 1.11315e+08 5.0344e+07 9.19958e+06 0 9.10758e+07 0 1.11315e+08 9.10758e+07 5.0344e+07 9.19958e+06 0.00250943 0.000622078 -0.000161491 0.00388243 0.0684817
6 18 2 -1.04997 0.56289 -0.00291285 0.00162781 3.5685e+07 1.48893e+08 6.73393e+07 1.23052e+07 0 1.21821e+08 0 1.48893e+08 1.21821e+08 6.73393e+07 1.23052e+07 0.00175653 0.00236198 -0.00198777 0.00277351 0.0648779
5 19 0 -1.07542 0.334467 -0.00242283 0.000637472 1.58635e+07 6.61889e+07 2.99351e+07 5.47016e+06 0 5.41546e+07 0 6.61889e+07 5.41546e+07 2.99351e+07 5.47016e+06 0.00448368 0.00151622 -0.00299805 0.00546546 0.0720255
15 19 1 -0.929777 0.188315 -0.00142983 0.000486996 5.05948e+07 2.11102e+08 9.54746e+07 1.74465e+07 0 1.7272e+08 0 2.11102e+08 1.7272e+08 9.54746e+07 1.74465e+07 0.00109462 0.000316501 -0.00444048 0.00260221 0.0817801
16 19 2 -0.867532 0.409426 -0.00216683 0.00115653 4.20826e+07 1.75586e+08 7.94117e+07 1.45112e+07 0 1.43661e+08 0 1.75586e+08 1.43661e+08 7.94117e+07 1.45112e+07 0.00133165 -0.000134285 -0.00367975 0.00282859 0.0716025
24 20 0 -0.720432 0.219845 -0.00126082 0.000616853 3.31415e+07 1.3828e+08 6.25394e+07 1.14281e+07 0 1.13138e+08 0 1.3828e+08 1.13138e+08 6.25394e+07 1.14281e+07 0.00178649 2.7632e-05 -0.00396825 0.00334981 0.0842925
23 20 1 -0.8 3.23566e-24 -7.46322e-27 3.9547e-26 6.26269e+07 2.61306e+08 1.1818e+08 2.15955e+07 0 2.13795e+08 0 2.61306e+08 2.13795e+08 1.1818e+08 2.15955e+07 0.000169851 -0.00032577 -0.00862026 0.00258997 0.100564
32 20 2 -0.6 3.3018e-24 -1.31541e-27 3.39851e-26 4.58867e+07 1.91458e+08 8.65903e+07 1.5823e+07 0 1.56648e+08 0 1.91458e+08 1.56648e+08 8.65903e+07 1.5823e+07 0.000189727 0.000348166 -0.0065192 0.00308048 0.10466
43 21 0 -0.301857 0.247273 -0.000600005 0.0011392 3.40373e+07 1.42018e+08 6.42299e+07 1.1737e+07 0 1.16196e+08 0 1.42018e+08 1.16196e+08 6.42299e+07 1.1737e+07 0.00105042 -0.00114117 0.000762843 0.00424437 0.0865776
44 21 1 -0.182514 0.489368 -0.000421497 0.00205846 2.45904e+07 1.02601e+08 4.64031e+07 8.47944e+06 0 8.39464e+07 0 1.02601e+08 8.39464e+07 4.64031e+07 8.47944e+06 0.0036998 -0.000428123 -0.00162981 0.0041235 0.0719927
34 21 2 -0.423808 0.487047 -0.00100341 0.00194854 3.12836e+07 1.30528e+08 5.90337e+07 1.07875e+07 0 1.06796e+08 0 1.30528e+08 1.06796e+08 5.90337e+07 1.07875e+07 0.002264 0.00249518 -0.00369417 0.00321654 0.0713121
52 22 0 -0.2 3.18847e-24 -3.22904e-27 3.54833e-26 3.68164e+07 1.53613e+08 6.94743e+07 1.26953e+07 0 1.25684e+08 0 1.53613e+08 1.25684e+08 6.94743e+07 1.26953e+07 -0.000164453 -0.000634241 -0.00380466 0.00420264 0.108152
43 22 1 -0.301857 0.247273 -0.000600005 0.0011392 3.40373e+07 1.42018e+08 6.42299e+07 1.1737e+07 0 1.16196e+08 0 1.42018e+08 1.16196e+08 6.42299e+07 1.1737e+07 0.00105042 -0.00114117 0.000762843 0.00424437 0.0865776
42 22 2 -0.4 3.21989e-24 -1.39746e-27 3.38303e-26 2.56886e+07 1.07183e+08 4.84755e+07 8.85813e+06 0 8.76955e+07 0 1.07183e+08 8.76955e+07 4.84755e+07 8.85813e+06 2.00658e-26 7.64109e-25 -0.00470106 0.00559017 0.106937
53 23 0 -0.0925111 0.24507 -0.000275122 0.00103838 2.40393e+07 1.00302e+08 4.53632e+07 8.2894e+06 0 8.20651e+07 0 1.00302e+08 8.20651e+07 4.53632e+07 8.2894e+06 0.00208838 0.000266575 0.00256394 0.0041681 0.0874425
59 23 1 2.49704e-17 3.27319e-24 3.212e-27 3.56128e-26 4.68026e+07 1.9528e+08 8.83187e+07 1.61388e+07 0 1.59774e+08 0 1.9528e+08 1.59774e+08 8.83187e+07 1.61388e+07 6.21213e-26 -6.57095e-25 -0.00281052 0.00303999 0.108607
60 23 2 0.0865471 0.202046 0.000148997 0.00142644 2.29764e+06 9.58669e+06 4.33575e+06 792289 0 7.84366e+06 0 9.58669e+06 7.84366e+06 4.33575e+06 792289 0.0049954 0.00732395 0.0030564 0.00727172 0.0908599
22 24 0 -0.53963 1.23879 -0.001561 0.00566431 3.34854e+07 1.39715e+08 6.31884e+07 1.15467e+07 0 1.14312e+08 0 1.39715e+08 1.14312e+08 6.31884e+07 1.15467e+07 0.00236607 0.00221695 0.00102049 0.00269161 0.0499632
11 24 1 -0.76 1.36791 -0.00210584 0.00565237 2.90393e+07 1.21164e+08 5.47984e+07 1.00135e+07 0 9.9134e+07 0 1.21164e+08 9.9134e+07 5.47984e+07 1.00135e+07 0.00203083 0.00132703 -0.00169954 0.00393987 0.0500028
19 24 2 -0.730635 1.1259 -0.0022252 0.00492621 4.55907e+07 1.90223e+08 8.60317e+07 1.57209e+07 0 1.55637e+08 0 1.90223e+08 1.55637e+08 8.60317e+07 1.57209e+07 0.00032242 -0.000232955 0.00283087 0.00213044 0.0520908
2 25 0 -1.17976 0.780456 -0.00385325 0.00243248 1.29194e+07 5.39052e+07 2.43795e+07 4.45497e+06 0 4.41042e+07 0 5.39052e+07 4.41042e+07 2.43795e+07 4.45497e+06 0.00446173 -8.70216e-05 -0.00138734 0.00556496 0.0602812
8 25 1 -0.977805 0.777518 -0.00322735 0.00247294 3.21427e+07 1.34112e+08 6.06547e+07 1.10837e+07 0 1.09728e+08 0 1.34112e+08 1.09728e+08 6.06547e+07 1.10837e+07 0.00219236 5.56919e-05 -0.00309777 0.00372293 0.0593221
7 25 2 -1.08833 0.975439 -0.00366854 0.00312377 4.29882e+07 1.79364e+08 8.11206e+07 1.48235e+07 0 1.46753e+08 0 1.79364e+08 1.46753e+08 8.11206e+07 1.48235e+07 0.000171301 -0.000901284 -0.00318014 0.000819323 0.0562601
18 26 0 -0.807472 0.911353 -0.00306034 0.00372259 1.38618e+07 5.7837e+07 2.61578e+07 4.77992e+06 0 4.73212e+07 0 5.7837e+07 4.73212e+07 2.61578e+07 4.77992e+06 0.00419827 0.00674716 0.00334886 0.00611196 0.055997
7 26 1 -1.08833 0.975439 -0.00366854 0.00312377 4.29882e+07 1.79364e+08 8.11206e+07 1.48235e+07 0 1.46753e+08 0 1.79364e+08 1.46753e+08 8.11206e+07 1.48235e+07 0.000171301 -0.000901284 -0.00318014 0.000819323 0.0562601
8 26 2 -0.977805 0.777518 -0.00322735 0.00247294 3.21427e+07 1.34112e+08 6.06547e+07 1.10837e+07 0 1.09728e+08 0 1.34112e+08 1.09728e+08 6.06547e+07 1.10837e+07 0.00219236 5.56919e-05 -0.00309777 0.00372293 0.0593221
53 27 0 -0.0925111 0.24507 -0.000275122 0.00103838 2.40393e+07 1.00302e+08 4.53632e+07 8.2894e+06 0 8.20651e+07 0 1.00302e+08 8.20651e+07 4.53632e+07 8.2894e+06 0.00208838 0.000266575 0.00256394 0.0041681 0.0874425
54 27 1 0.088577 0.456348 0.000380685 0.00241865 4.18936e+07 1.74797e+08 7.90551e+07 1.44461e+07 0 1.43016e+08 0 1.74797e+08 1.43016e+08 7.90551e+07 1.44461e+07 0.00289452 0.00773427 -0.00129723 0.000411519 0.0740767
44 27 2 -0.182514 0.489368 -0.000421497 0.00205846 2.45904e+07 1.02601e+08 4.64031e+07 8.47944e+06 0 8.39464e+07 0 1.02601e+08 8.39464e+07 4.64031e+07 8.47944e+06 0.0036998 -0.000428123 -0.00162981 0.0041235 0.0719927
68 28 0 0.2 3.17578e-24 5.47948e-27 2.02968e-26 3.08867e+06 1.28872e+07 5.82846e+06 1.06506e+06 0 1.05441e+07 0 1.28872e+07 1.05441e+07 5.82846e+06 1.06506e+06 0.00550728 0.00402891 0.00563248 0.0111297 0.108395
60 28 1 0.0865471 0.202046 0.000148997 0.00142644 2.29764e+06 9.58669e+06 4.33575e+06 792289 0 7.84366e+06 0 9.58669e+06 7.84366e+06 4.33575e+06 792289 0.0049954 0.00732395 0.0030564 0.00727172 0.0908599
59 28 2 2.49704e-17 3.27319e-24 3.212e-27 3.56128e-26 4.68026e+07 1.9528e+08 8.83187e+07 1.61388e+07 0 1.59774e+08 0 1.9528e+08 1.59774e+08 8.83187e+07 1.61388e+07 6.21213e-26 -6.57095e-25 -0.00281052 0.00303999 0.108607
68 29 0 0.2 3.17578e-24 5.47948e-27 2.02968e-26 3.08867e+06 1.28872e+07 5.82846e+06 1.06506e+06 0 1.05441e+07 0 1.28872e+07 1.05441e+07 5.82846e+06 1.06506e+06 0.00550728 0.00402891 0.00563248 0.0111297 0.108395
70 29 1 0.4 3.37031e-24 2.11249e-27 4.87956e-26 4.27722e+07 1.78463e+08 8.0713e+07 1.4749e+07 0 1.46015e+08 0 1.78463e+08 1.46015e+08 8.0713e+07 1.4749e+07 -0.000844555 0.000965277 0.0076741 0.00526664 0.107403
61 29 2 0.259015 0.236966 0.000949452 0.00146281 2.99193e+07 1.24836e+08 5.64591e+07 1.0317e+07 0 1.02138e+08 0 1.24836e+08 1.02138e+08 5.64591e+07 1.0317e+07 0.00210887 -0.00575399 -0.000584701 0.00329717 0.0878543
19 30 0 -0.730635 1.1259 -0.0022252 0.00492621 4.55907e+07 1.90223e+08 8.60317e+07 1.57209e+07 0 1.55637e+08 0 1.90223e+08 1.55637e+08 8.60317e+07 1.57209e+07 0.00032242 -0.000232955 0.00283087 0.00213044 0.0520908
9 30 1 -0.867738 1.26338 -0.00239544 0.00555848 1.62258e+07 6.77006e+07 3.06187e+07 5.59509e+06 0 5.53914e+07 0 6.77006e+07 5.53914e+07 3.06187e+07 5.59509e+06 0.00493076 -0.001294 -6.86918e-05 0.0055447 0.0515905
13 30 2 -0.975476 1.15886 -0.00315394 0.00477208 3.41226e+06 1.42374e+07 6.43909e+06 1.17664e+06 0 1.16487e+07 0 1.42374e+07 1.16487e+07 6.43909e+06 1.17664e+06 0.00768238 0.00831489 0.0039592 0.0125926 0.0531782
7 31 0 -1.08833 0.975439 -0.00366854 0.00312377 4.29882e+07 1.79364e+08 8.11206e+07 1.48235e+07 0 1.46753e+08 0 1.79364e+08 1.46753e+08 8.11206e+07 1.48235e+07 0.000171301 -0.000901284 -0.00318014 0.000819323 0.0562601
18 31 1 -0.807472 0.911353 -0.00306034 0.00372259 1.38618e+07 5.7837e+07 2.61578e+07 4.77992e+06 0 4.73212e+07 0 5.7837e+07 4.73212e+07 2.61578e+07 4.77992e+06 0.00419827 0.00674716 0.00334886 0.00611196 0.055997
13 31 2 -0.975476 1.15886 -0.00315394 0.00477208 3.41226e+06 1.42374e+07 6.43909e+06 1.17664e+06 0 1.16487e+07 0 1.42374e+07 1.16487e+07 6.43909e+06 1.17664e+06 0.00768238 0.00831489 0.0039592 0.0125926 0.0531782
27 32 0 -0.535672 0.970965 -0.00188855 0.00427906 4.76877e+06 1.98973e+07 8.99889e+06 1.64441e+06 0 1.62796e+07 0 1.98973e+07 1.62796e+07 8.99889e+06 1.64441e+06 0.0070565 0.00161522 0.000670323 0.0103398 0.0542794
22 32 1 -0.53963 1.23879 -0.001561 0.00566431 3.34854e+07 1.39715e+08 6.31884e+07 1.15467e+07 0 1.14312e+08 0 1.39715e+08 1.14312e+08 6.31884e+07 1.15467e+07 0.00236607 0.00221695 0.00102049 0.00269161 0.0499632
19 32 2 -0.730635 1.1259 -0.0022252 0.00492621 4.55907e+07 1.90223e+08 8.60317e+07 1.57209e+07 0 1.55637e+08 0 1.90223e+08 1.55637e+08 8.60317e+07 1.57209e+07 0.00032242 -0.000232955 0.00283087 0.00213044 0.0520908
19 33 0 -0.730635 1.1259 -0.0022252 0.00492621 4.55907e+07 1.90223e+08 8.60317e+07 1.57209e+07 0 1.55637e+08 0 1.90223e+08 1.55637e+08 8.60317e+07 1.57209e+07 0.00032242 -0.000232955 0.00283087 0.00213044 0.0520908
11 33 1 -0.76 1.36791 -0.00210584 0.00565237 2.90393e+07 1.21164e+08 5.47984e+07 1.00135e+07 0 9.9134e+07 0 1.21164e+08 9.9134e+07 5.47984e+07 1.00135e+07 0.00203083 0.00132703 -0.00169954 0.00393987 0.0500028
9 33 2 -0.867738 1.26338 -0.00239544 0.00555848 1.62258e+07 6.77006e+07 3.06187e+07 5.59509e+06 0 5.53914e+07 0 6.77006e+07 5.53914e+07 3.06187e+07 5.59509e+06 0.00493076 -0.001294 -6.86918e-05 0.0055447 0.0515905
36 34 0 0.105868 1.38485 0.000150851 0.00689579 1.84345e+07 7.69165e+07 3.47868e+07 6.35674e+06 0 6.29317e+07 0 7.69165e+07 6.29317e+07 3.47868e+07 6.35674e+06 0.00397714 -0.00136871 -0.000699599 0.00451819 0.0478798
46 34 1 0.350867 1.33861 0.000904084 0.00633055 3.51769e+07 1.46772e+08 6.63803e+07 1.213e+07 0 1.20087e+08 0 1.46772e+08 1.20087e+08 6.63803e+07 1.213e+07 0.00199755 0.000382516 -0.00165503 0.00374005 0.0488173
39 34 2 0.267465 1.59881 0.000577335 0.00731722 3.71095e+07 1.54836e+08 7.00274e+07 1.27964e+07 0 1.26684e+08 0 1.54836e+08 1.26684e+08 7.00274e+07 1.27964e+07 0.00179488 -0.00383939 0.00035912 0.00273577 0.0472947
30 35 0 -0.00457766 1.64775 -0.000488669 0.00849512 1.00597e+07 4.19731e+07 1.8983e+07 3.46885e+06 0 3.43416e+07 0 4.19731e+07 3.43416e+07 1.8983e+07 3.46885e+06 0.00532875 0.00957945 -0.00135579 0.00593362 0.0467827
36 35 1 0.105868 1.38485 0.000150851 0.00689579 1.84345e+07 7.69165e+07 3.47868e+07 6.35674e+06 0 6.29317e+07 0 7.69165e+07 6.29317e+07 3.47868e+07 6.35674e+06 0.00397714 -0.00136871 -0.000699599 0.00451819 0.0478798
39 35 2 0.267465 1.59881 0.000577335 0.00731722 3.71095e+07 1.54836e+08 7.00274e+07 1.27964e+07 0 1.26684e+08 0 1.54836e+08 1.26684e+08 7.00274e+07 1.27964e+07 0.00179488 -0.00383939 0.00035912 0.00273577 0.0472947
41 36 0 0.0112315 0.962661 -1.23993e-05 0.00548478 1.1101e+07 4.63178e+07 2.0948e+07 3.82791e+06 0 3.78964e+07 0 4.63178e+07 3.78964e+07 2.0948e+07 3.82791e+06 0.00830485 -0.00358273 0.00472868 0.00353158 0.0545097
38 36 1 -0.177669 0.945371 -0.00076306 0.00496116 3.67681e+07 1.53412e+08 6.9383e+07 1.26786e+07 0 1.25519e+08 0 1.53412e+08 1.25519e+08 6.9383e+07 1.26786e+07 0.00122782 0.00313577 0.00267291 0.00380577 0.0548531
45 36 2 -0.0672242 0.720286 -0.00034594 0.00327919 951027 3.96808e+06 1.79463e+06 327940 0 3.24661e+06 0 3.96808e+06 3.24661e+06 1.79463e+06 327940 0.00796775 -0.00809814 -0.000206843 0.00499495 0.061896
47 37 0 0.184481 1.11982 0.000627969 0.00584507 3.35155e+07 1.3984e+08 6.32452e+07 1.15571e+07 0 1.14415e+08 0 1.3984e+08 1.14415e+08 6.32452e+07 1.15571e+07 0.00284304 -0.0024168 -0.000877898 0.002288 0.0513166
41 37 1 0.0112315 0.962661 -1.23993e-05 0.00548478 1.1101e+07 4.63178e+07 2.0948e+07 3.82791e+06 0 3.78964e+07 0 4.63178e+07 3.78964e+07 2.0948e+07 3.82791e+06 0.00830485 -0.00358273 0.00472868 0.00353158 0.0545097
49 37 2 0.16501 0.859113 0.000941274 0.00438392 7.95293e+06 3.31829e+07 1.50075e+07 2.74239e+06 0 2.71496e+07 0 3.31829e+07 2.71496e+07 1.50075e+07 2.74239e+06 0.00434339 0.00285315 -0.00436474 0.0166476 0.0573547
37 38 0 -0.0550214 1.17362 -0.000218727 0.00614479 2.68228e+07 1.11916e+08 5.06158e+07 9.24924e+06 0 9.15674e+07 0 1.11916e+08 9.15674e+07 5.06158e+07 9.24924e+06 0.00366568 0.0010628 -0.00162255 0.00282575 0.0502475
38 38 1 -0.177669 0.945371 -0.00076306 0.00496116 3.67681e+07 1.53412e+08 6.9383e+07 1.26786e+07 0 1.25519e+08 0 1.53412e+08 1.25519e+08 6.9383e+07 1.26786e+07 0.00122782 0.00313577 0.00267291 0.00380577 0.0548531
41 38 2 0.0112315 0.962661 -1.23993e-05 0.00548478 1.1101e+07 4.63178e+07 2.0948e+07 3.82791e+06 0 3.78964e+07 0 4.63178e+07 3.78964e+07 2.0948e+07 3.82791e+06 0.00830485 -0.00358273 0.00472868 0.00353158 0.0545097
28 39 0 -0.132491 1.39486 -0.000642527 0.00665228 3.30347e+07 1.37834e+08 6.23379e+07 1.13913e+07 0 1.12774e+08 0 1.37834e+08 1.12774e+08 6.23379e+07 1.13913e+07 0.00225714 0.00247009 -0.000912805 0.00346651 0.0477056
37 39 1 -0.0550214 1.17362 -0.000218727 0.00614479 2.68228e+07 1.11916e+08 5.06158e+07 9.24924e+06 0 9.15674e+07 0 1.11916e+08 9.15674e+07 5.06158e+07 9.24924e+06 0.00366568 0.0010628 -0.00162255 0.00282575 0.0502475
36 39 2 0.105868 1.38485 0.000150851 0.00689579 1.84345e+07 7.69165e+07 3.47868e+07 6.35674e+06 0 6.29317e+07 0 7.69165e+07 6.29317e+07 3.47868e+07 6.35674e+06 0.00397714 -0.00136871 -0.000699599 0.00451819 0.0478798
28 40 0 -0.132491 1.39486 -0.000642527 0.00665228 3.30347e+07 1.37834e+08 6.23379e+07 1.13913e+07 0 1.12774e+08 0 1.37834e+08 1.12774e+08 6.23379e+07 1.13913e+07 0.00225714 0.00247009 -0.000912805 0.00346651 0.0477056
20 40 1 -0.354939 1.38982 -0.00111043 0.00627629 3.82895e+07 1.59759e+08 7.22539e+07 1.32033e+07 0 1.30712e+08 0 1.59759e+08 1.30712e+08 7.22539e+07 1.32033e+07 0.00196273 5.93409e-05 -0.000347421 0.00262905 0.0480597
29 40 2 -0.305682 1.16134 -0.000931741 0.00556398 3.13219e+07 1.30688e+08 5.91058e+07 1.08006e+07 0 1.06926e+08 0 1.30688e+08 1.06926e+08 5.91058e+07 1.08006e+07 0.00200317 -0.00115689 -0.00156341 0.0026056 0.0505213
45 41 0 -0.0672242 0.720286 -0.00034594 0.00327919 951027 3.96808e+06 1.79463e+06 327940 0 3.24661e+06 0 3.96808e+06 3.24661e+06 1.79463e+06 327940 0.00796775 -0.00809814 -0.000206843 0.00499495 0.061896
50 41 1 0.105112 0.657928 0.000379466 0.00286464 5.35638e+07 2.23491e+08 1.01077e+08 1.84703e+07 0 1.82856e+08 0 2.23491e+08 1.82856e+08 1.01077e+08 1.84703e+07 0.00027098 0.00572905 -0.000289995 0.00175337 0.0643844
49 41 2 0.16501 0.859113 0.000941274 0.00438392 7.95293e+06 3.31829e+07 1.50075e+07 2.74239e+06 0 2.71496e+07 0 3.31829e+07 2.71496e+07 1.50075e+07 2.74239e+06 0.00434339 0.00285315 -0.00436474 0.0166476 0.0573547
35 42 0 -0.33425 0.736251 -0.00152135 0.00322577 2.6118e+07 1.08975e+08 4.92858e+07 9.0062e+06 0 8.91613e+07 0 1.08975e+08 8.91613e+07 4.92858e+07 9.0062e+06 0.00216685 0.00510696 0.00056669 0.0038639 0.0609661
45 42 1 -0.0672242 0.720286 -0.00034594 0.00327919 951027 3.96808e+06 1.79463e+06 327940 0 3.24661e+06 0 3.96808e+06 3.24661e+06 1.79463e+06 327940 0.00796775 -0.00809814 -0.000206843 0.00499495 0.061896
38 42 2 -0.177669 0.945371 -0.00076306 0.00496116 3.67681e+07 1.53412e+08 6.9383e+07 1.26786e+07 0 1.25519e+08 0 1.53412e+08 1.25519e+08 6.9383e+07 1.26786e+07 0.00122782 0.00313577 0.00267291 0.00380577 0.0548531
27 43 0 -0.535672 0.970965 -0.00188855 0.00427906 4.76877e+06 1.98973e+07 8.99889e+06 1.64441e+06 0 1.62796e+07 0 1.98973e+07 1.62796e+07 8.99889e+06 1.64441e+06 0.0070565 0.00161522 0.000670323 0.0103398 0.0542794
35 43 1 -0.33425 0.736251 -0.00152135 0.00322577 2.6118e+07 1.08975e+08 4.92858e+07 9.0062e+06 0 8.91613e+07 0 1.08975e+08 8.91613e+07 4.92858e+07 9.0062e+06 0.00216685 0.00510696 0.00056669 0.0038639 0.0609661
31 43 2 -0.35474 0.950293 -0.00104584 0.0044555 1.55727e+07 6.49757e+07 2.93864e+07 5.36989e+06 0 5.3162e+07 0 6.49757e+07 5.3162e+07 2.93864e+07 5.36989e+06 0.00251733 0.00238636 0.00159393 0.00761336 0.0546655
34 44 0 -0.423808 0.487047 -0.00100341 0.00194854 3.12836e+07 1.30528e+08 5.90337e+07 1.07875e+07 0 1.06796e+08 0 1.30528e+08 1.06796e+08 5.90337e+07 1.07875e+07 0.002264 0.00249518 -0.00369417 0.00321654 0.0713121
44 44 1 -0.182514 0.489368 -0.000421497 0.00205846 2.45904e+07 1.02601e+08 4.64031e+07 8.47944e+06 0 8.39464e+07 0 1.02601e+08 8.39464e+07 4.64031e+07 8.47944e+06 0.0036998 -0.000428123 -0.00162981 0.0041235 0.0719927
35 44 2 -0.33425 0.736251 -0.00152135 0.00322577 2.6118e+07 1.08975e+08 4.92858e+07 9.0062e+06 0 8.91613e+07 0 1.08975e+08 8.91613e+07 4.92858e+07 9.0062e+06 0.00216685 0.00510696 0.00056669 0.0038639 0.0609661
44 45 0 -0.182514 0.489368 -0.000421497 0.00205846 2.45904e+07 1.02601e+08 4.64031e+07 8.47944e+06 0 8.39464e+07 0 1.02601e+08 8.39464e+07 4.64031e+07 8.47944e+06 0.0036998 -0.000428123 -0.00162981 0.0041235 0.0719927
54 45 1 0.088577 0.456348 0.000380685 0.00241865 4.18936e+07 1.74797e+08 7.90551e+07 1.44461e+07 0 1.43016e+08 0 1.74797e+08 1.43016e+08 7.90551e+07 1.44461e+07 0.00289452 0.00773427 -0.00129723 0.000411519 0.0740767
45 45 2 -0.0672242 0.720286 -0.00034594 0.00327919 951027 3.96808e+06 1.79463e+06 327940 0 3.24661e+06 0 3.96808e+06 3.24661e+06 1.79463e+06 327940 0.00796775 -0.00809814 -0.000206843 0.00499495 0.061896
35 46 0 -0.33425 0.736251 -0.00152135 0.00322577 2.6118e+07 1.08975e+08 4.92858e+07 9.0062e+06 0 8.91613e+07 0 1.08975e+08 8.91613e+07 4.92858e+07 9.0062e+06 0.00216685 0.00510696 0.00056669 0.0038639 0.0609661
44 46 1 -0.182514 0.489368 -0.000421497 0.00205846 2.45904e+07 1.02601e+08 4.64031e+07 8.47944e+06 0 8.39464e+07 0 1.02601e+08 8.39464e+07 4.64031e+07 8.47944e+06 0.0036998 -0.000428123 -0.00162981 0.0041235 0.0719927
45 46 2 -0.0672242 0.720286 -0.00034594 0.00327919 951027 3.96808e+06 1.79463e+06 327940 0 3.24661e+06 0 3.96808e+06 3.24661e+06 1.79463e+06 327940 0.00796775 -0.00809814 -0.000206843 0.00499495 0.061896
53 47 0 -0.0925111 0.24507 -0.000275122 0.00103838 2.40393e+07 1.00302e+08 4.53632e+07 8.2894e+06 0 8.20651e+07 0 1.00302e+08 8.20651e+07 4.53632e+07 8.2894e+06 0.00208838 0.000266575 0.00256394 0.0041681 0.0874425
52 47 1 -0.2 3.18847e-24 -3.22904e-27 3.54833e-26 3.68164e+07 1.53613e+08 6.94743e+07 1.26953e+07 0 1.25684e+08 0 1.53613e+08 1.25684e+08 6.94743e+07 1.26953e+07 -0.000164453 -0.000634241 -0.00380466 0.00420264 0.108152
59 47 2 2.49704e-17 3.27319e-24 3.212e-27 3.56128e-26 4.68026e+07 1.9528e+08 8.83187e+07 1.61388e+07 0 1.59774e+08 0 1.9528e+08 1.59774e+08 8.83187e+07 1.61388e+07 6.21213e-26 -6.57095e-25 -0.00281052 0.00303999 0.108607
56 48 0 0.392408 0.92484 0.00162537 0.00474834 3.13342e+07 1.30739e+08 5.91291e+07 1.08049e+07 0 1.06969e+08 0 1.30739e+08 1.06969e+08 5.91291e+07 1.08049e+07 0.000255907 -0.0106528 -0.00231574 0.00436063 0.0557099
55 48 1 0.557048 1.17024 0.00188678 0.00558162 2.4966e+06 1.04169e+07 4.71121e+06 860898 0 8.52289e+06 0 1.04169e+07 8.52289e+06 4.71121e+06 860898 0.0110882 0.00361846 0.000700762 0.0112524 0.0515061
51 48 2 0.372635 1.13098 0.00107415 0.00561225 4.91008e+07 2.04869e+08 9.26554e+07 1.69313e+07 0 1.6762e+08 0 2.04869e+08 1.6762e+08 9.26554e+07 1.69313e+07 0.00160768 -0.00306917 0.000387986 0.0024507 0.0514541
12 49 0 -0.587105 1.47596 -0.00186222 0.00646515 1.98185e+07 8.26911e+07 3.73984e+07 6.83397e+06 0 6.76563e+07 0 8.26911e+07 6.76563e+07 3.73984e+07 6.83397e+06 0.0034992 0.00103804 -0.00238658 0.00471332 0.0485283
11 49 1 -0.76 1.36791 -0.00210584 0.00565237 2.90393e+07 1.21164e+08 5.47984e+07 1.00135e+07 0 9.9134e+07 0 1.21164e+08 9.9134e+07 5.47984e+07 1.00135e+07 0.00203083 0.00132703 -0.00169954 0.00393987 0.0500028
22 49 2 -0.53963 1.23879 -0.001561 0.00566431 3.34854e+07 1.39715e+08 6.31884e+07 1.15467e+07 0 1.14312e+08 0 1.39715e+08 1.14312e+08 6.31884e+07 1.15467e+07 0.00236607 0.00221695 0.00102049 0.00269161 0.0499632
47 50 0 0.184481 1.11982 0.000627969 0.00584507 3.35155e+07 1.3984e+08 6.32452e+07 1.15571e+07 0 1.14415e+08 0 1.3984e+08 1.14415e+08 6.32452e+07 1.15571e+07 0.00284304 -0.0024168 -0.000877898 0.002288 0.0513166
49 50 1 0.16501 0.859113 0.000941274 0.00438392 7.95293e+06 3.31829e+07 1.50075e+07 2.74239e+06 0 2.71496e+07 0 3.31829e+07 2.71496e+07 1.50075e+07 2.74239e+06 0.00434339 0.00285315 -0.00436474 0.0166476 0.0573547
56 50 2 0.392408 0.92484 0.00162537 0.00474834 3.13342e+07 1.30739e+08 5.91291e+07 1.08049e+07 0 1.06969e+08 0 1.30739e+08 1.06969e+08 5.91291e+07 1.08049e+07 0.000255907 -0.0106528 -0.00231574 0.00436063 0.0557099
46 51 0 0.350867 1.33861 0.000904084 0.00633055 3.51769e+07 1.46772e+08 6.63803e+07 1.213e+07 0 1.20087e+08 0 1.46772e+08 1.20087e+08 6.63803e+07 1.213e+07 0.00199755 0.000382516 -0.00165503 0.00374005 0.0488173
47 51 1 0.184481 1.11982 0.000627969 0.00584507 3.35155e+07 1.3984e+08 6.32452e+07 1.15571e+07 0 1.14415e+08 0 1.3984e+08 1.14415e+08 6.32452e+07 1.15571e+07 0.00284304 -0.0024168 -0.000877898 0.002288 0.0513166
51 51 2 0.372635 1.13098 0.00107415 0.00561225 4.91008e+07 2.04869e+08 9.26554e+07 1.69313e+07 0 1.6762e+08 0 2.04869e+08 1.6762e+08 9.26554e+07 1.69313e+07 0.00160768 -0.00306917 0.000387986 0.0024507 0.0514541
37 52 0 -0.0550214 1.17362 -0.000218727 0.00614479 2.68228e+07 1.11916e+08 5.06158e+07 9.24924e+06 0 9.15674e+07 0 1.11916e+08 9.15674e+07 5.06158e+07 9.24924e+06 0.00366568 0.0010628 -0.00162255 0.00282575 0.0502475
41 52 1 0.0112315 0.962661 -1.23993e-05 0.00548478 1.1101e+07 4.63178e+07 2.0948e+07 3.82791e+06 0 3.78964e+07 0 4.63178e+07 3.78964e+07 2.0948e+07 3.82791e+06 0.00830485 -0.00358273 0.00472868 0.00353158 0.0545097
47 52 2 0.184481 1.11982 0.000627969 0.00584507 3.35155e+07 1.3984e+08 6.32452e+07 1.15571e+07 0 1.14415e+08 0 1.3984e+08 1.14415e+08 6.32452e+07 1.15571e+07 0.00284304 -0.0024168 -0.000877898 0.002288 0.0513166
29 53 0 -0.305682 1.16134 -0.000931741 0.00556398 3.13219e+07 1.30688e+08 5.91058e+07 1.08006e+07 0 1.06926e+08 0 1.30688e+08 1.06926e+08 5.91058e+07 1.08006e+07 0.00200317 -0.00115689 -0.00156341 0.0026056 0.0505213
31 53 1 -0.35474 0.950293 -0.00104584 0.0044555 1.55727e+07 6.49757e+07 2.93864e+07 5.36989e+06 0 5.3162e+07 0 6.49757e+07 5.3162e+07 2.93864e+07 5.36989e+06 0.00251733 0.00238636 0.00159393 0.00761336 0.0546655
38 53 2 -0.177669 0.945371 -0.00076306 0.00496116 3.67681e+07 1.53412e+08 6.9383e+07 1.26786e+07 0 1.25519e+08 0 1.53412e+08 1.25519e+08 6.9383e+07 1.26786e+07 0.00122782 0.00313577 0.00267291 0.00380577 0.0548531
28 54 0 -0.132491 1.39486 -0.000642527 0.00665228 3.30347e+07 1.37834e+08 6.23379e+07 1.13913e+07 0 1.12774e+08 0 1.37834e+08 1.12774e+08 6.23379e+07 1.13913e+07 0.00225714 0.00247009 -0.000912805 0.00346651 0.0477056
29 54 1 -0.305682 1.16134 -0.000931741 0.00556398 3.13219e+07 1.30688e+08 5.91058e+07 1.08006e+07 0 1.06926e+08 0 1.30688e+08 1.06926e+08 5.91058e+07 1.08006e+07 0.00200317 -0.00115689 -0.00156341 0.0026056 0.0505213
37 54 2 -0.0550214 1.17362 -0.000218727 0.00614479 2.68228e+07 1.11916e+08 5.06158e+07 9.24924e+06 0 9.15674e+07 0 1.11916e+08 9.15674e+07 5.06158e+07 9.24924e+06 0.00366568 0.0010628 -0.00162255 0.00282575 0.0502475
20 55 0 -0.354939 1.38982 -0.00111043 0.00627629 3.82895e+07 1.59759e+08 7.22539e+07 1.32033e+07 0 1.30712e+08 0 1.59759e+08 1.30712e+08 7.22539e+07 1.32033e+07 0.00196273 5.93409e-05 -0.000347421 0.00262905 0.0480597
22 55 1 -0.53963 1.23879 -0.001561 0.00566431 3.34854e+07 1.39715e+08 6.31884e+07 1.15467e+07 0 1.14312e+08 0 1.39715e+08 1.14312e+08 6.31884e+07 1.15467e+07 0.00236607 0.00221695 0.00102049 0.00269161 0.0499632
29 55 2 -0.305682 1.16134 -0.000931741 0.00556398 3.13219e+07 1.30688e+08 5.91058e+07 1.08006e+07 0 1.06926e+08 0 1.30688e+08 1.06926e+08 5.91058e+07 1.08006e+07 0.00200317 -0.00115689 -0.00156341 0.0026056 0.0505213
31 56 0 -0.35474 0.950293 -0.00104584 0.0044555 1.55727e+07 6.49757e+07 2.93864e+07 5.36989e+06 0 5.3162e+07 0 6.49757e+07 5.3162e+07 2.93864e+07 5.36989e+06 0.00251733 0.00238636 0.00159393 0.00761336 0.0546655
35 56 1 -0.33425 0.736251 -0.00152135 0.00322577 2.6118e+07 1.08975e+08 4.92858e+07 9.0062e+06 0 8.91613e+07 0 1.08975e+08 8.91613e+07 4.92858e+07 9.0062e+06 0.00216685 0.00510696 0.00056669 0.0038639 0.0609661
38 56 2 -0.177669 0.945371 -0.00076306 0.00496116 3.67681e+07 1.53412e+08 6.9383e+07 1.26786e+07 0 1.25519e+08 0 1.53412e+08 1.25519e+08 6.9383e+07 1.26786e+07 0.00122782 0.00313577 0.00267291 0.00380577 0.0548531
37 57 0 -0.0550214 1.17362 -0.000218727 0.00614479 2.68228e+07 1.11916e+08 5.06158e+07 9.24924e+06 0 9.15674e+07 0 1.11916e+08 9.15674e+07 5.06158e+07 9.24924e+06 0.00366568 0.0010628 -0.00162255 0.00282575 0.0502475
29 57 1 -0.305682 1.16134 -0.000931741 0.00556398 3.13219e+07 1.30688e+08 5.91058e+07 1.08006e+07 0 1.06926e+08 0 1.30688e+08 1.06926e+08 5.91058e+07 1.08006e+07 0.00200317 -0.00115689 -0.00156341 0.0026056 0.0505213
38 57 2 -0.177669 0.945371 -0.00076306 0.00496116 3.67681e+07 1.53412e+08 6.9383e+07 1.26786e+07 0 1.25519e+08 0 1.53412e+08 1.25519e+08 6.9383e+07 1.26786e+07 0.00122782 0.00313577 0.00267291 0.00380577 0.0548531
27 58 0 -0.535672 0.970965 -0.00188855 0.00427906 4.76877e+06 1.98973e+07 8.99889e+06 1.64441e+06 0 1.62796e+07 0 1.98973e+07 1.62796e+07 8.99889e+06 1.64441e+06 0.0070565 0.00161522 0.000670323 0.0103398 0.0542794
26 58 1 -0.589777 0.711519 -0.00205434 0.00274499 3.6572e+07 1.52593e+08 6.9013e+07 1.2611e+07 0 1.24849e+08 0 1.52593e+08 1.24849e+08 6.9013e+07 1.2611e+07 0.00218722 -0.00182209 -0.0024515 0.00107654 0.0613546
35 58 2 -0.33425 0.736251 -0.00152135 0.00322577 2.6118e+07 1.08975e+08 4.92858e+07 9.0062e+06 0 8.91613e+07 0 1.08975e+08 8.91613e+07 4.92858e+07 9.0062e+06 0.00216685 0.00510696 0.00056669 0.0038639 0.0609661
61 59 0 0.259015 0.236966 0.000949452 0.00146281 2.99193e+07 1.24836e+08 5.64591e+07 1.0317e+07 0 1.02138e+08 0 1.24836e+08 1.02138e+08 5.64591e+07 1.0317e+07 0.00210887 -0.00575399 -0.000584701 0.00329717 0.0878543
60 59 1 0.0865471 0.202046 0.000148997 0.00142644 2.29764e+06 9.58669e+06 4.33575e+06 792289 0 7.84366e+06 0 9.58669e+06 7.84366e+06 4.33575e+06 792289 0.0049954 0.00732395 0.0030564 0.00727172 0.0908599
68 59 2 0.2 3.17578e-24 5.47948e-27 2.02968e-26 3.08867e+06 1.28872e+07 5.82846e+06 1.06506e+06 0 1.05441e+07 0 1.28872e+07 1.05441e+07 5.82846e+06 1.06506e+06 0.00550728 0.00402891 0.00563248 0.0111297 0.108395
62 60 0 0.355532 0.467313 0.00109685 0.00173544 3.18158e+07 1.32749e+08 6.00379e+07 1.0971e+07 0 1.08613e+08 0 1.32749e+08 1.08613e+08 6.00379e+07 1.0971e+07 0.00169964 0.00122182 0.00166756 0.00510767 0.0729732
61 60 1 0.259015 0.236966 0.000949452 0.00146281 2.99193e+07 1.24836e+08 5.64591e+07 1.0317e+07 0 1.02138e+08 0 1.24836e+08 1.02138e+08 5.64591e+07 1.0317e+07 0.00210887 -0.00575399 -0.000584701 0.00329717 0.0878543
69 60 2 0.43279 0.268104 0.00111485 0.00111069 6.63415e+07 2.76804e+08 1.25189e+08 2.28764e+07 0 2.26476e+08 0 2.76804e+08 2.26476e+08 1.25189e+08 2.28764e+07 0.000137185 0.00141607 0.00100606 0.00258467 0.0847285
54 61 0 0.088577 0.456348 0.000380685 0.00241865 4.18936e+07 1.74797e+08 7.90551e+07 1.44461e+07 0 1.43016e+08 0 1.74797e+08 1.43016e+08 7.90551e+07 1.44461e+07 0.00289452 0.00773427 -0.00129723 0.000411519 0.0740767
60 61 1 0.0865471 0.202046 0.000148997 0.00142644 2.29764e+06 9.58669e+06 4.33575e+06 792289 0 7.84366e+06 0 9.58669e+06 7.84366e+06 4.33575e+06 792289 0.0049954 0.00732395 0.0030564 0.00727172 0.0908599
61 61 2 0.259015 0.236966 0.000949452 0.00146281 2.99193e+07 1.24836e+08 5.64591e+07 1.0317e+07 0 1.02138e+08 0 1.24836e+08 1.02138e+08 5.64591e+07 1.0317e+07 0.00210887 -0.00575399 -0.000584701 0.00329717 0.0878543
87 62 0 1.25962 0.242783 0.00354796 7.59037e-05 3.38176e+06 1.41101e+07 6.38154e+06 1.16613e+06 0 1.15446e+07 0 1.41101e+07 1.15446e+07 6.38154e+06 1.16613e+06 0.00733071 -0.00402763 -0.003377 0.0087413 0.0739607
88 62 1 1.25552 0.406576 0.00308761 0.000987072 3.36359e+07 1.40343e+08 6.34725e+07 1.15986e+07 0 1.14826e+08 0 1.40343e+08 1.14826e+08 6.34725e+07 1.15986e+07 0.00255601 -0.00307638 0.00429724 0.0021845 0.0703309
83 62 2 1.07157 0.421145 0.00279854 0.00157635 5.41727e+07 2.26031e+08 1.02226e+08 1.86802e+07 0 1.84934e+08 0 2.26031e+08 1.84934e+08 1.02226e+08 1.86802e+07 0.0012093 -0.00503946 0.00186278 0.00177586 0.0704433
82 63 0 0.97146 0.218524 0.00207406 0.00114779 1.49228e+07 6.22642e+07 2.81601e+07 5.14581e+06 0 5.09435e+07 0 6.22642e+07 5.09435e+07 2.81601e+07 5.14581e+06 0.00381839 0.00112759 0.00156803 0.00396692 0.0802899
85 63 1 1 1.53388e-24 5.06168e-27 2.27151e-26 2.1787e+07 9.09045e+07 4.11131e+07 7.51277e+06 0 7.43764e+07 0 9.09045e+07 7.43764e+07 4.11131e+07 7.51277e+06 1.81057e-25 -6.19444e-25 0.0211778 0.00507139 0.0927758
86 63 2 1.13809 0.112534 0.0021197 -0.000260917 3.32261e+07 1.38633e+08 6.26992e+07 1.14573e+07 0 1.13427e+08 0 1.38633e+08 1.13427e+08 6.26992e+07 1.14573e+07 0.00183501 -0.00694633 0.0103752 0.00108313 0.0797193
82 64 0 0.97146 0.218524 0.00207406 0.00114779 1.49228e+07 6.22642e+07 2.81601e+07 5.14581e+06 0 5.09435e+07 0 6.22642e+07 5.09435e+07 2.81601e+07 5.14581e+06 0.00381839 0.00112759 0.00156803 0.00396692 0.0802899
86 64 1 1.13809 0.112534 0.0021197 -0.000260917 3.32261e+07 1.38633e+08 6.26992e+07 1.14573e+07 0 1.13427e+08 0 1.38633e+08 1.13427e+08 6.26992e+07 1.14573e+07 0.00183501 -0.00694633 0.0103752 0.00108313 0.0797193
87 64 2 1.25962 0.242783 0.00354796 7.59037e-05 3.38176e+06 1.41101e+07 6.38154e+06 1.16613e+06 0 1.15446e+07 0 1.41101e+07 1.15446e+07 6.38154e+06 1.16613e+06 0.00733071 -0.00402763 -0.003377 0.0087413 0.0739607
79 65 0 0.996675 0.654124 0.00347039 0.00251267 3.77487e+07 1.57503e+08 7.12336e+07 1.30168e+07 0 1.28866e+08 0 1.57503e+08 1.28866e+08 7.12336e+07 1.30168e+07 0.00124178 -0.00243518 0.00293626 0.00331022 0.0636291
80 65 1 1.19073 0.723294 0.00416701 0.00274732 1.30788e+07 5.45703e+07 2.46803e+07 4.50994e+06 0 4.46484e+07 0 5.45703e+07 4.46484e+07 2.46803e+07 4.50994e+06 0.00515397 0.00201368 0.000577459 0.00647579 0.0627817
74 65 2 1.13449 0.875393 0.00391149 0.003387 2.23922e+07 9.34296e+07 4.22551e+07 7.72145e+06 0 7.64424e+07 0 9.34296e+07 7.64424e+07 4.22551e+07 7.72145e+06 0.00315348 0.00208325 0.00212647 0.00443815 0.0595315
64 66 0 0.759911 1.09441 0.00273977 0.00499283 5.98628e+07 2.49772e+08 1.12964e+08 2.06423e+07 0 2.04359e+08 0 2.49772e+08 2.04359e+08 1.12964e+08 2.06423e+07 0.0016569 -0.0031589 -0.00028748 0.000913317 0.0535844
63 66 1 0.634429 0.902107 0.00235348 0.00419941 1.41509e+07 5.90436e+07 2.67035e+07 4.87964e+06 0 4.83084e+07 0 5.90436e+07 4.83084e+07 2.67035e+07 4.87964e+06 0.0046479 0.00502119 0.000578256 0.00557509 0.0566646
73 66 2 0.884102 0.887452 0.00322392 0.00392191 2.69491e+07 1.12443e+08 5.08543e+07 9.29281e+06 0 9.19988e+07 0 1.12443e+08 9.19988e+07 5.08543e+07 9.29281e+06 0.00213867 -0.00668949 -0.0037494 0.00387286 0.0577987
77 67 0 0.849412 0.442764 0.00242362 0.00170678 3.01145e+07 1.2565e+08 5.68275e+07 1.03843e+07 0 1.02805e+08 0 1.2565e+08 1.02805e+08 5.68275e+07 1.03843e+07 0.0025529 0.0052476 0.00353752 0.00320125 0.0713483
83 67 1 1.07157 0.421145 0.00279854 0.00157635 5.41727e+07 2.26031e+08 1.02226e+08 1.86802e+07 0 1.84934e+08 0 2.26031e+08 1.84934e+08 1.02226e+08 1.86802e+07 0.0012093 -0.00503946 0.00186278 0.00177586 0.0704433
79 67 2 0.996675 0.654124 0.00347039 0.00251267 3.77487e+07 1.57503e+08 7.12336e+07 1.30168e+07 0 1.28866e+08 0 1.57503e+08 1.28866e+08 7.12336e+07 1.30168e+07 0.00124178 -0.00243518 0.00293626 0.00331022 0.0636291
72 68 0 0.746533 0.6676 0.00272087 0.00270776 4.93779e+06 2.06025e+07 9.31783e+06 1.70269e+06 0 1.68566e+07 0 2.06025e+07 1.68566e+07 9.31783e+06 1.70269e+06 0.00768014 0.00164107 0.00218168 0.0103313 0.0632862
65 68 1 0.508295 0.68045 0.00175102 0.00284918 2.99132e+07 1.2481e+08 5.64476e+07 1.03149e+07 0 1.02118e+08 0 1.2481e+08 1.02118e+08 5.64476e+07 1.03149e+07 0.00123478 -0.000498781 0.00236778 0.00482497 0.0631579
71 68 2 0.604905 0.436234 0.00166191 0.00167436 2.35304e+07 9.81786e+07 4.4403e+07 8.11394e+06 0 8.0328e+07 0 9.81786e+07 8.0328e+07 4.4403e+07 8.11394e+06 0.00304702 -0.000527997 5.585e-05 0.00438992 0.073444
79 69 0 0.996675 0.654124 0.00347039 0.00251267 3.77487e+07 1.57503e+08 7.12336e+07 1.30168e+07 0 1.28866e+08 0 1.57503e+08 1.28866e+08 7.12336e+07 1.30168e+07 0.00124178 -0.00243518 0.00293626 0.00331022 0.0636291
72 69 1 0.746533 0.6676 0.00272087 0.00270776 4.93779e+06 2.06025e+07 9.31783e+06 1.70269e+06 0 1.68566e+07 0 2.06025e+07 1.68566e+07 9.31783e+06 1.70269e+06 0.00768014 0.00164107 0.00218168 0.0103313 0.0632862
77 69 2 0.849412 0.442764 0.00242362 0.00170678 3.01145e+07 1.2565e+08 5.68275e+07 1.03843e+07 0 1.02805e+08 0 1.2565e+08 1.02805e+08 5.68275e+07 1.03843e+07 0.0025529 0.0052476 0.00353752 0.00320125 0.0713483
79 70 0 0.996675 0.654124 0.00347039 0.00251267 3.77487e+07 1.57503e+08 7.12336e+07 1.30168e+07 0 1.28866e+08 0 1.57503e+08 1.28866e+08 7.12336e+07 1.30168e+07 0.00124178 -0.00243518 0.00293626 0.00331022 0.0636291
73 70 1 0.884102 0.887452 0.00322392 0.00392191 2.69491e+07 1.12443e+08 5.08543e+07 9.29281e+06 0 9.19988e+07 0 1.12443e+08 9.19988e+07 5.08543e+07 9.29281e+06 0.00213867 -0.00668949 -0.0037494 0.00387286 0.0577987
72 70 2 0.746533 0.6676 0.00272087 0.00270776 4.93779e+06 2.06025e+07 9.31783e+06 1.70269e+06 0 1.68566e+07 0 2.06025e+07 1.68566e+07 9.31783e+06 1.70269e+06 0.00768014 0.00164107 0.00218168 0.0103313 0.0632862
79 71 0 0.996675 0.654124 0.00347039 0.00251267 3.77487e+07 1.57503e+08 7.12336e+07 1.30168e+07 0 1.28866e+08 0 1.57503e+08 1.28866e+08 7.12336e+07 1.30168e+07 0.00124178 -0.00243518 0.00293626 0.00331022 0.0636291
83 71 1 1.07157 0.421145 0.00279854 0.00157635 5.41727e+07 2.26031e+08 1.02226e+08 1.86802e+07 0 1.84934e+08 0 2.26031e+08 1.84934e+08 1.02226e+08 1.86802e+07 0.0012093 -0.00503946 0.00186278 0.00177586 0.0704433
84 71 2 1.24358 0.569985 0.00386676 0.00168088 9.14545e+06 3.81586e+07 1.72579e+07 3.1536e+06 0 3.12207e+07 0 3.81586e+07 3.12207e+07 1.72579e+07 3.1536e+06 0.00569752 -0.000352993 0.00708041 0.00800901 0.0663337
83 72 0 1.07157 0.421145 0.00279854 0.00157635 5.41727e+07 2.26031e+08 1.02226e+08 1.86802e+07 0 1.84934e+08 0 2.26031e+08 1.84934e+08 1.02226e+08 1.86802e+07 0.0012093 -0.00503946 0.00186278 0.00177586 0.0704433
82 72 1 0.97146 0.218524 0.00207406 0.00114779 1.49228e+07 6.22642e+07 2.81601e+07 5.14581e+06 0 5.09435e+07 0 6.22642e+07 5.09435e+07 2.81601e+07 5.14581e+06 0.00381839 0.00112759 0.00156803 0.00396692 0.0802899
87 72 2 1.25962 0.242783 0.00354796 7.59037e-05 3.38176e+06 1.41101e+07 6.38154e+06 1.16613e+06 0 1.15446e+07 0 1.41101e+07 1.15446e+07 6.38154e+06 1.16613e+06 0.00733071 -0.00402763 -0.003377 0.0087413 0.0739607
84 73 0 1.24358 0.569985 0.00386676 0.00168088 9.14545e+06 3.81586e+07 1.72579e+07 3.1536e+06 0 3.12207e+07 0 3.81586e+07 3.12207e+07 1.72579e+07 3.1536e+06 0.00569752 -0.000352993 0.00708041 0.00800901 0.0663337
83 73 1 1.07157 0.421145 0.00279854 0.00157635 5.41727e+07 2.26031e+08 1.02226e+08 1.86802e+07 0 1.84934e+08 0 2.26031e+08 1.84934e+08 1.02226e+08 1.86802e+07 0.0012093 -0.00503946 0.00186278 0.00177586 0.0704433
88 73 2 1.25552 0.406576 0.00308761 0.000987072 3.36359e+07 1.40343e+08 6.34725e+07 1.15986e+07 0 1.14826e+08 0 1.40343e+08 1.14826e+08 6.34725e+07 1.15986e+07 0.00255601 -0.00307638 0.00429724 0.0021845 0.0703309
77 74 0 0.849412 0.442764 0.00242362 0.00170678 3.01145e+07 1.2565e+08 5.68275e+07 1.03843e+07 0 1.02805e+08 0 1.2565e+08 1.02805e+08 5.68275e+07 1.03843e+07 0.0025529 0.0052476 0.00353752 0.00320125 0.0713483
82 74 1 0.97146 0.218524 0.00207406 0.00114779 1.49228e+07 6.22642e+07 2.81601e+07 5.14581e+06 0 5.09435e+07 0 6.22642e+07 5.09435e+07 2.81601e+07 5.14581e+06 0.00381839 0.00112759 0.00156803 0.00396692 0.0802899
83 74 2 1.07157 0.421145 0.00279854 0.00157635 5.41727e+07 2.26031e+08 1.02226e+08 1.86802e+07 0 1.84934e+08 0 2.26031e+08 1.84934e+08 1.02226e+08 1.86802e+07 0.0012093 -0.00503946 0.00186278 0.00177586 0.0704433
80 75 0 1.19073 0.723294 0.00416701 0.00274732 1.30788e+07 5.45703e+07 2.46803e+07 4.50994e+06 0 4.46484e+07 0 5.45703e+07 4.46484e+07 2.46803e+07 4.50994e+06 0.00515397 0.00201368 0.000577459 0.00647579 0.0627817
79 75 1 0.996675 0.654124 0.00347039 0.00251267 3.77487e+07 1.57503e+08 7.12336e+07 1.30168e+07 0 1.28866e+08 0 1.57503e+08 1.28866e+08 7.12336e+07 1.30168e+07 0.00124178 -0.00243518 0.00293626 0.00331022 0.0636291
84 75 2 1.24358 0.569985 0.00386676 0.00168088 9.14545e+06 3.81586e+07 1.72579e+07 3.1536e+06 0 3.12207e+07 0 3.81586e+07 3.12207e+07 1.72579e+07 3.1536e+06 0.00569752 -0.000352993 0.00708041 0.00800901 0.0663337
71 76 0 0.604905 0.436234 0.00166191 0.00167436 2.35304e+07 9.81786e+07 4.4403e+07 8.11394e+06 0 8.0328e+07 0 9.81786e+07 8.0328e+07 4.4403e+07 8.11394e+06 0.00304702 -0.000527997 5.585e-05 0.00438992 0.073444
75 76 1 0.563398 0.186048 0.00115295 0.000784182 9.69939e+06 4.04699e+07 1.83032e+07 3.34462e+06 0 3.31117e+07 0 4.04699e+07 3.31117e+07 1.83032e+07 3.34462e+06 0.00352984 -0.00174662 0.00247565 0.00524822 0.0896068
78 76 2 0.745016 0.224009 0.00159429 0.000793783 5.72496e+07 2.38869e+08 1.08033e+08 1.97412e+07 0 1.95438e+08 0 2.38869e+08 1.95438e+08 1.08033e+08 1.97412e+07 0.000493799 0.00213771 0.00151952 0.001758 0.0844723
58 77 0 0.286035 0.674028 0.00101036 0.00304176 2.3533e+06 9.81896e+06 4.44079e+06 811484 0 8.0337e+06 0 9.81896e+06 8.0337e+06 4.44079e+06 811484 0.00567493 -0.0035175 -0.000456853 0.00844201 0.0636558
62 77 1 0.355532 0.467313 0.00109685 0.00173544 3.18158e+07 1.32749e+08 6.00379e+07 1.0971e+07 0 1.08613e+08 0 1.32749e+08 1.08613e+08 6.00379e+07 1.0971e+07 0.00169964 0.00122182 0.00166756 0.00510767 0.0729732
65 77 2 0.508295 0.68045 0.00175102 0.00284918 2.99132e+07 1.2481e+08 5.64476e+07 1.03149e+07 0 1.02118e+08 0 1.2481e+08 1.02118e+08 5.64476e+07 1.03149e+07 0.00123478 -0.000498781 0.00236778 0.00482497 0.0631579
78 78 0 0.745016 0.224009 0.00159429 0.000793783 5.72496e+07 2.38869e+08 1.08033e+08 1.97412e+07 0 1.95438e+08 0 2.38869e+08 1.95438e+08 1.08033e+08 1.97412e+07 0.000493799 0.00213771 0.00151952 0.001758 0.0844723
76 78 1 0.6 3.16418e-24 6.12793e-27 3.09745e-26 3.6634e+07 1.52852e+08 6.91299e+07 1.26324e+07 0 1.25061e+08 0 1.52852e+08 1.25061e+08 6.91299e+07 1.26324e+07 1.27368e-25 -6.93205e-25 0.0106129 0.00283804 0.105377
81 78 2 0.8 3.33361e-24 3.74056e-27 3.42397e-26 2.13455e+07 8.90623e+07 4.02799e+07 7.36052e+06 0 7.28691e+07 0 8.90623e+07 7.28691e+07 4.02799e+07 7.36052e+06 0.00153632 -0.000194679 0.013213 0.005806 0.101595
69 79 0 0.43279 0.268104 0.00111485 0.00111069 6.63415e+07 2.76804e+08 1.25189e+08 2.28764e+07 0 2.26476e+08 0 2.76804e+08 2.26476e+08 1.25189e+08 2.28764e+07 0.000137185 0.00141607 0.00100606 0.00258467 0.0847285
75 79 1 0.563398 0.186048 0.00115295 0.000784182 9.69939e+06 4.04699e+07 1.83032e+07 3.34462e+06 0 3.31117e+07 0 4.04699e+07 3.31117e+07 1.83032e+07 3.34462e+06 0.00352984 -0.00174662 0.00247565 0.00524822 0.0896068
71 79 2 0.604905 0.436234 0.00166191 0.00167436 2.35304e+07 9.81786e+07 4.4403e+07 8.11394e+06 0 8.0328e+07 0 9.81786e+07 8.0328e+07 4.4403e+07 8.11394e+06 0.00304702 -0.000527997 5.585e-05 0.00438992 0.073444
69 80 0 0.43279 0.268104 0.00111485 0.00111069 6.63415e+07 2.76804e+08 1.25189e+08 2.28764e+07 0 2.26476e+08 0 2.76804e+08 2.26476e+08 1.25189e+08 2.28764e+07 0.000137185 0.00141607 0.00100606 0.00258467 0.0847285
70 80 1 0.4 3.37031e-24 2.11249e-27 4.87956e-26 4.27722e+07 1.78463e+08 8.0713e+07 1.4749e+07 0 1.46015e+08 0 1.78463e+08 1.46015e+08 8.0713e+07 1.4749e+07 -0.000844555 0.000965277 0.0076741 0.00526664 0.107403
75 80 2 0.563398 0.186048 0.00115295 0.000784182 9.69939e+06 4.04699e+07 1.83032e+07 3.34462e+06 0 3.31117e+07 0 4.04699e+07 3.31117e+07 1.83032e+07 3.34462e+06 0.00352984 -0.00174662 0.00247565 0.00524822 0.0896068
81 81 0 0.8 3.33361e-24 3.74056e-27 3.42397e-26 2.13455e+07 8.90623e+07 4.02799e+07 7.36052e+06 0 7.28691e+07 0 8.90623e+07 7.28691e+07 4.02799e+07 7.36052e+06 0.00153632 -0.000194679 0.013213 0.005806 0.101595
85 81 1 1 1.53388e-24 5.06168e-27 2.27151e-26 2.1787e+07 9.09045e+07 4.11131e+07 7.51277e+06 0 7.43764e+07 0 9.09045e+07 7.43764e+07 4.11131e+07 7.51277e+06 1.81057e-25 -6.19444e-25 0.0211778 0.00507139 0.0927758
82 81 2 0.97146 0.218524 0.00207406 0.00114779 1.49228e+07 6.22642e+07 2.81601e+07 5.14581e+06 0 5.09435e+07 0 6.22642e+07 5.09435e+07 2.81601e+07 5.14581e+06 0.00381839 0.00112759 0.00156803 0.00396692 0.0802899
79 82 0 0.996675 0.654124 0.00347039 0.00251267 3.77487e+07 1.57503e+08 7.12336e+07 1.30168e+07 0 1.28866e+08 0 1.57503e+08 1.28866e+08 7.12336e+07 1.30168e+07 0.00124178 -0.00243518 0.00293626 0.00331022 0.0636291
74 82 1 1.13449 0.875393 0.00391149 0.003387 2.23922e+07 9.34296e+07 4.22551e+07 7.72145e+06 0 7.64424e+07 0 9.34296e+07 7.64424e+07 4.22551e+07 7.72145e+06 0.00315348 0.00208325 0.00212647 0.00443815 0.0595315
73 82 2 0.884102 0.887452 0.00322392 0.00392191 2.69491e+07 1.12443e+08 5.08543e+07 9.29281e+06 0 9.19988e+07 0 1.12443e+08 9.19988e+07 5.08543e+07 9.29281e+06 0.00213867 -0.00668949 -0.0037494 0.00387286 0.0577987
73 83 0 0.884102 0.887452 0.00322392 0.00392191 2.69491e+07 1.12443e+08 5.08543e+07 9.29281e+06 0 9.19988e+07 0 1.12443e+08 9.19988e+07 5.08543e+07 9.29281e+06 0.00213867 -0.00668949 -0.0037494 0.00387286 0.0577987
67 83 1 1.0518 1.00861 0.00356247 0.00419809 9.83656e+06 4.10422e+07 1.8562e+07 3.39192e+06 0 3.358e+07 0 4.10422e+07 3.358e+07 1.8562e+07 3.39192e+06 0.00541061 -0.000270211 -0.00205028 0.00886423 0.0568265
66 83 2 0.967601 1.14088 0.00313462 0.00466801 3.56141e+07 1.48597e+08 6.72053e+07 1.22807e+07 0 1.21579e+08 0 1.48597e+08 1.21579e+08 6.72053e+07 1.22807e+07 0.00211954 -0.000871198 0.000403031 0.00311829 0.0545113
71 84 0 0.604905 0.436234 0.00166191 0.00167436 2.35304e+07 9.81786e+07 4.4403e+07 8.11394e+06 0 8.0328e+07 0 9.81786e+07 8.0328e+07 4.4403e+07 8.11394e+06 0.00304702 -0.000527997 5.585e-05 0.00438992 0.073444
77 84 1 0.849412 0.442764 0.00242362 0.00170678 3.01145e+07 1.2565e+08 5.68275e+07 1.03843e+07 0 1.02805e+08 0 1.2565e+08 1.02805e+08 5.68275e+07 1.03843e+07 0.0025529 0.0052476 0.00353752 0.00320125 0.0713483
72 84 2 0.746533 0.6676 0.00272087 0.00270776 4.93779e+06 2.06025e+07 9.31783e+06 1.70269e+06 0 1.68566e+07 0 2.06025e+07 1.68566e+07 9.31783e+06 1.70269e+06 0.00768014 0.00164107 0.00218168 0.0103313 0.0632862
74 85 0 1.13449 0.875393 0.00391149 0.003387 2.23922e+07 9.34296e+07 4.22551e+07 7.72145e+06 0 7.64424e+07 0 9.34296e+07 7.64424e+07 4.22551e+07 7.72145e+06 0.00315348 0.00208325 0.00212647 0.00443815 0.0595315
67 85 1 1.0518 1.00861 0.00356247 0.00419809 9.83656e+06 4.10422e+07 1.8562e+07 3.39192e+06 0 3.358e+07 0 4.10422e+07 3.358e+07 1.8562e+07 3.39192e+06 0.00541061 -0.000270211 -0.00205028 0.00886423 0.0568265
73 85 2 0.884102 0.887452 0.00322392 0.00392191 2.69491e+07 1.12443e+08 5.08543e+07 9.29281e+06 0 9.19988e+07 0 1.12443e+08 9.19988e+07 5.08543e+07 9.29281e+06 0.00213867 -0.00668949 -0.0037494 0.00387286 0.0577987
78 86 0 0.745016 0.224009 0.00159429 0.000793783 5.72496e+07 2.38869e+08 1.08033e+08 1.97412e+07 0 1.95438e+08 0 2.38869e+08 1.95438e+08 1.08033e+08 1.97412e+07 0.000493799 0.00213771 0.00151952 0.001758 0.0844723
75 86 1 0.563398 0.186048 0.00115295 0.000784182 9.69939e+06 4.04699e+07 1.83032e+07 3.34462e+06 0 3.31117e+07 0 4.04699e+07 3.31117e+07 1.83032e+07 3.34462e+06 0.00352984 -0.00174662 0.00247565 0.00524822 0.0896068
76 86 2 0.6 3.16418e-24 6.12793e-27 3.09745e-26 3.6634e+07 1.52852e+08 6.91299e+07 1.26324e+07 0 1.25061e+08 0 1.52852e+08 1.25061e+08 6.91299e+07 1.26324e+07 1.27368e-25 -6.93205e-25 0.0106129 0.00283804 0.105377
77 87 0 0.849412 0.442764 0.00242362 0.00170678 3.01145e+07 1.2565e+08 5.68275e+07 1.03843e+07 0 1.02805e+08 0 1.2565e+08 1.02805e+08 5.68275e+07 1.03843e+07 0.0025529 0.0052476 0.00353752 0.00320125 0.0713483
78 87 1 0.745016 0.224009 0.00159429 0.000793783 5.72496e+07 2.38869e+08 1.08033e+08 1.97412e+07 0 1.95438e+08 0 2.38869e+08 1.95438e+08 1.08033e+08 1.97412e+07 0.000493799 0.00213771 0.00151952 0.001758 0.0844723
82 87 2 0.97146 0.218524 0.00207406 0.00114779 1.49228e+07 6.22642e+07 2.81601e+07 5.14581e+06 0 5.09435e+07 0 6.22642e+07 5.09435e+07 2.81601e+07 5.14581e+06 0.00381839 0.00112759 0.00156803 0.00396692 0.0802899
77 88 0 0.849412 0.442764 0.00242362 0.00170678 3.01145e+07 1.2565e+08 5.68275e+07 1.03843e+07 0 1.02805e+08 0 1.2565e+08 1.02805e+08 5.68275e+07 1.03843e+07 0.0025529 0.0052476 0.00353752 0.00320125 0.0713483
71 88 1 0.604905 0.436234 0.00166191 0.00167436 2.35304e+07 9.81786e+07 4.4403e+07 8.11394e+06 0 8.0328e+07 0 9.81786e+07 8.0328e+07 4.4403e+07 8.11394e+06 0.00304702 -0.000527997 5.585e-05 0.00438992 0.073444
78 88 2 0.745016 0.224009 0.00159429 0.000793783 5.72496e+07 2.38869e+08 1.08033e+08 1.97412e+07 0 1.95438e+08 0 2.38869e+08 1.95438e+08 1.08033e+08 1.97412e+07 0.000493799 0.00213771 0.00151952 0.001758 0.0844723
55 89 0 0.557048 1.17024 0.00188678 0.00558162 2.4966e+06 1.04169e+07 4.71121e+06 860898 0 8.52289e+06 0 1.04169e+07 8.52289e+06 4.71121e+06 860898 0.0110882 0.00361846 0.000700762 0.0112524 0.0515061
64 89 1 0.759911 1.09441 0.00273977 0.00499283 5.98628e+07 2.49772e+08 1.12964e+08 2.06423e+07 0 2.04359e+08 0 2.49772e+08 2.04359e+08 1.12964e+08 2.06423e+07 0.0016569 -0.0031589 -0.00028748 0.000913317 0.0535844
57 89 2 0.749772 1.34589 0.00291246 0.00573653 2.99165e+07 1.24824e+08 5.64539e+07 1.0316e+07 0 1.02129e+08 0 1.24824e+08 1.02129e+08 5.64539e+07 1.0316e+07 0.00186523 -0.0023682 -2.0187e-05 0.00426902 0.0509787
55 90 0 0.557048 1.17024 0.00188678 0.00558162 2.4966e+06 1.04169e+07 4.71121e+06 860898 0 8.52289e+06 0 1.04169e+07 8.52289e+06 4.71121e+06 860898 0.0110882 0.00361846 0.000700762 0.0112524 0.0515061
57 90 1 0.749772 1.34589 0.00291246 0.00573653 2.99165e+07 1.24824e+08 5.64539e+07 1.0316e+07 0 1.02129e+08 0 1.24824e+08 1.02129e+08 5.64539e+07 1.0316e+07 0.00186523 -0.0023682 -2.0187e-05 0.00426902 0.0509787
48 90 2 0.596627 1.44409 0.00186004 0.00855139 5.9498e+06 2.4825e+07 1.12275e+07 2.05165e+06 0 2.03114e+07 0 2.4825e+07 2.03114e+07 1.12275e+07 2.05165e+06 0.0095019 0.0142569 -0.00339723 0.00603326 0.0494019
51 91 0 0.372635 1.13098 0.00107415 0.00561225 4.91008e+07 2.04869e+08 9.26554e+07 1.69313e+07 0 1.6762e+08 0 2.04869e+08 1.6762e+08 9.26554e+07 1.69313e+07 0.00160768 -0.00306917 0.000387986 0.0024507 0.0514541
55 91 1 0.557048 1.17024 0.00188678 0.00558162 2.4966e+06 1.04169e+07 4.71121e+06 860898 0 8.52289e+06 0 1.04169e+07 8.52289e+06 4.71121e+06 860898 0.0110882 0.00361846 0.000700762 0.0112524 0.0515061
46 91 2 0.350867 1.33861 0.000904084 0.00633055 3.51769e+07 1.46772e+08 6.63803e+07 1.213e+07 0 1.20087e+08 0 1.46772e+08 1.20087e+08 6.63803e+07 1.213e+07 0.00199755 0.000382516 -0.00165503 0.00374005 0.0488173
36 92 0 0.105868 1.38485 0.000150851 0.00689579 1.84345e+07 7.69165e+07 3.47868e+07 6.35674e+06 0 6.29317e+07 0 7.69165e+07 6.29317e+07 3.47868e+07 6.35674e+06 0.00397714 -0.00136871 -0.000699599 0.00451819 0.0478798
47 92 1 0.184481 1.11982 0.000627969 0.00584507 3.35155e+07 1.3984e+08 6.32452e+07 1.15571e+07 0 1.14415e+08 0 1.3984e+08 1.14415e+08 6.32452e+07 1.15571e+07 0.00284304 -0.0024168 -0.000877898 0.002288 0.0513166
46 92 2 0.350867 1.33861 0.000904084 0.00633055 3.51769e+07 1.46772e+08 6.63803e+07 1.213e+07 0 1.20087e+08 0 1.46772e+08 1.20087e+08 6.63803e+07 1.213e+07 0.00199755 0.000382516 -0.00165503 0.00374005 0.0488173
63 93 0 0.634429 0.902107 0.00235348 0.00419941 1.41509e+07 5.90436e+07 2.67035e+07 4.87964e+06 0 4.83084e+07 0 5.90436e+07 4.83084e+07 2.67035e+07 4.87964e+06 0.0046479 0.00502119 0.000578256 0.00557509 0.0566646
65 93 1 0.508295 0.68045 0.00175102 0.00284918 2.99132e+07 1.2481e+08 5.64476e+07 1.03149e+07 0 1.02118e+08 0 1.2481e+08 1.02118e+08 5.64476e+07 1.03149e+07 0.00123478 -0.000498781 0.00236778 0.00482497 0.0631579
72 93 2 0.746533 0.6676 0.00272087 0.00270776 4.93779e+06 2.06025e+07 9.31783e+06 1.70269e+06 0 1.68566e+07 0 2.06025e+07 1.68566e+07 9.31783e+06 1.70269e+06 0.00768014 0.00164107 0.00218168 0.0103313 0.0632862
55 94 0 0.557048 1.17024 0.00188678 0.00558162 2.4966e+06 1.04169e+07 4.71121e+06 860898 0 8.52289e+06 0 1.04169e+07 8.52289e+06 4.71121e+06 860898 0.0110882 0.00361846 0.000700762 0.0112524 0.0515061
63 94 1 0.634429 0.902107 0.00235348 0.00419941 1.41509e+07 5.90436e+07 2.67035e+07 4.87964e+06 0 4.83084e+07 0 5.90436e+07 4.83084e+07 2.67035e+07 4.87964e+06 0.0046479 0.00502119 0.000578256 0.00557509 0.0566646
64 94 2 0.759911 1.09441 0.00273977 0.00499283 5.98628e+07 2.49772e+08 1.12964e+08 2.06423e+07 0 2.04359e+08 0 2.49772e+08 2.04359e+08 1.12964e+08 2.06423e+07 0.0016569 -0.0031589 -0.00028748 0.000913317 0.0535844
56 95 0 0.392408 0.92484 0.00162537 0.00474834 3.13342e+07 1.30739e+08 5.91291e+07 1.08049e+07 0 1.06969e+08 0 1.30739e+08 1.06969e+08 5.91291e+07 1.08049e+07 0.000255907 -0.0106528 -0.00231574 0.00436063 0.0557099
65 95 1 0.508295 0.68045 0.00175102 0.00284918 2.99132e+07 1.2481e+08 5.64476e+07 1.03149e+07 0 1.02118e+08 0 1.2481e+08 1.02118e+08 5.64476e+07 1.03149e+07 0.00123478 -0.000498781 0.00236778 0.00482497 0.0631579
63 95 2 0.634429 0.902107 0.00235348 0.00419941 1.41509e+07 5.90436e+07 2.67035e+07 4.87964e+06 0 4.83084e+07 0 5.90436e+07 4.83084e+07 2.67035e+07 4.87964e+06 0.0046479 0.00502119 0.000578256 0.00557509 0.0566646
47 96 0 0.184481 1.11982 0.000627969 0.00584507 3.35155e+07 1.3984e+08 6.32452e+07 1.15571e+07 0 1.14415e+08 0 1.3984e+08 1.14415e+08 6.32452e+07 1.15571e+07 0.00284304 -0.0024168 -0.000877898 0.002288 0.0513166
56 96 1 0.392408 0.92484 0.00162537 0.00474834 3.13342e+07 1.30739e+08 5.91291e+07 1.08049e+07 0 1.06969e+08 0 1.30739e+08 1.06969e+08 5.91291e+07 1.08049e+07 0.000255907 -0.0106528 -0.00231574 0.00436063 0.0557099
51 96 2 0.372635 1.13098 0.00107415 0.00561225 4.91008e+07 2.04869e+08 9.26554e+07 1.69313e+07 0 1.6762e+08 0 2.04869e+08 1.6762e+08 9.26554e+07 1.69313e+07 0.00160768 -0.00306917 0.000387986 0.0024507 0.0514541
49 97 0 0.16501 0.859113 0.000941274 0.00438392 7.95293e+06 3.31829e+07 1.50075e+07 2.74239e+06 0 2.71496e+07 0 3.31829e+07 2.71496e+07 1.50075e+07 2.74239e+06 0.00434339 0.00285315 -0.00436474 0.0166476 0.0573547
58 97 1 0.286035 0.674028 0.00101036 0.00304176 2.3533e+06 9.81896e+06 4.44079e+06 811484 0 8.0337e+06 0 9.81896e+06 8.0337e+06 4.44079e+06 811484 0.00567493 -0.0035175 -0.000456853 0.00844201 0.0636558
56 97 2 0.392408 0.92484 0.00162537 0.00474834 3.13342e+07 1.30739e+08 5.91291e+07 1.08049e+07 0 1.06969e+08 0 1.30739e+08 1.06969e+08 5.91291e+07 1.08049e+07 0.000255907 -0.0106528 -0.00231574 0.00436063 0.0557099
64 98 0 0.759911 1.09441 0.00273977 0.00499283 5.98628e+07 2.49772e+08 1.12964e+08 2.06423e+07 0 2.04359e+08 0 2.49772e+08 2.04359e+08 1.12964e+08 2.06423e+07 0.0016569 -0.0031589 -0.00028748 0.000913317 0.0535844
66 98 1 0.967601 1.14088 0.00313462 0.00466801 3.56141e+07 1.48597e+08 6.72053e+07 1.22807e+07 0 1.21579e+08 0 1.48597e+08 1.21579e+08 6.72053e+07 1.22807e+07 0.00211954 -0.000871198 0.000403031 0.00311829 0.0545113
57 98 2 0.749772 1.34589 0.00291246 0.00573653 2.99165e+07 1.24824e+08 5.64539e+07 1.0316e+07 0 1.02129e+08 0 1.24824e+08 1.02129e+08 5.64539e+07 1.0316e+07 0.00186523 -0.0023682 -2.0187e-05 0.00426902 0.0509787
56 99 0 0.392408 0.92484 0.00162537 0.00474834 3.13342e+07 1.30739e+08 5.91291e+07 1.08049e+07 0 1.06969e+08 0 1.30739e+08 1.06969e+08 5.91291e+07 1.08049e+07 0.000255907 -0.0106528 -0.00231574 0.00436063 0.0557099
63 99 1 0.634429 0.902107 0.00235348 0.00419941 1.41509e+07 5.90436e+07 2.67035e+07 4.87964e+06 0 4.83084e+07 0 5.90436e+07 4.83084e+07 2.67035e+07 4.87964e+06 0.0046479 0.00502119 0.000578256 0.00557509 0.0566646
55 99 2 0.557048 1.17024 0.00188678 0.00558162 2.4966e+06 1.04169e+07 4.71121e+06 860898 0 8.52289e+06 0 1.04169e+07 8.52289e+06 4.71121e+06 860898 0.0110882 0.00361846 0.000700762 0.0112524 0.0515061
73 100 0 0.884102 0.887452 0.00322392 0.00392191 2.69491e+07 1.12443e+08 5.08543e+07 9.29281e+06 0 9.19988e+07 0 1.12443e+08 9.19988e+07 5.08543e+07 9.29281e+06 0.00213867 -0.00668949 -0.0037494 0.00387286 0.0577987
66 100 1 0.967601 1.14088 0.00313462 0.00466801 3.56141e+07 1.48597e+08 6.72053e+07 1.22807e+07 0 1.21579e+08 0 1.48597e+08 1.21579e+08 6.72053e+07 1.22807e+07 0.00211954 -0.000871198 0.000403031 0.00311829 0.0545113
64 100 2 0.759911 1.09441 0.00273977 0.00499283 5.98628e+07 2.49772e+08 1.12964e+08 2.06423e+07 0 2.04359e+08 0 2.49772e+08 2.04359e+08 1.12964e+08 2.06423e+07 0.0016569 -0.0031589 -0.00028748 0.000913317 0.0535844
81 101 0 0.8 3.33361e-24 3.74056e-27 3.42397e-26 2.13455e+07 8.90623e+07 4.02799e+07 7.36052e+06 0 7.28691e+07 0 8.90623e+07 7.28691e+07 4.02799e+07 7.36052e+06 0.00153632 -0.000194679 0.013213 0.005806 0.101595
82 101 1 0.97146 0.218524 0.00207406 0.00114779 1.49228e+07 6.22642e+07 2.81601e+07 5.14581e+06 0 5.09435e+07 0 6.22642e+07 5.09435e+07 2.81601e+07 5.14581e+06 0.00381839 0.00112759 0.00156803 0.00396692 0.0802899
78 101 2 0.745016 0.224009 0.00159429 0.000793783 5.72496e+07 2.38869e+08 1.08033e+08 1.97412e+07 0 1.95438e+08 0 2.38869e+08 1.95438e+08 1.08033e+08 1.97412e+07 0.000493799 0.00213771 0.00151952 0.001758 0.0844723
48 102 0 0.596627 1.44409 0.00186004 0.00855139 5.9498e+06 2.4825e+07 1.12275e+07 2.05165e+06 0 2.03114e+07 0 2.4825e+07 2.03114e+07 1.12275e+07 2.05165e+06 0.0095019 0.0142569 -0.00339723 0.00603326 0.0494019
46 102 1 0.350867 1.33861 0.000904084 0.00633055 3.51769e+07 1.46772e+08 6.63803e+07 1.213e+07 0 1.20087e+08 0 1.46772e+08 1.20087e+08 6.63803e+07 1.213e+07 0.00199755 0.000382516 -0.00165503 0.00374005 0.0488173
55 102 2 0.557048 1.17024 0.00188678 0.00558162 2.4966e+06 1.04169e+07 4.71121e+06 860898 0 8.52289e+06 0 1.04169e+07 8.52289e+06 4.71121e+06 860898 0.0110882 0.00361846 0.000700762 0.0112524 0.0515061
75 103 0 0.563398 0.186048 0.00115295 0.000784182 9.69939e+06 4.04699e+07 1.83032e+07 3.34462e+06 0 3.31117e+07 0 4.04699e+07 3.31117e+07 1.83032e+07 3.34462e+06 0.00352984 -0.00174662 0.00247565 0.00524822 0.0896068
70 103 1 0.4 3.37031e-24 2.11249e-27 4.87956e-26 4.27722e+07 1.78463e+08 8.0713e+07 1.4749e+07 0 1.46015e+08 0 1.78463e+08 1.46015e+08 8.0713e+07 1.4749e+07 -0.000844555 0.000965277 0.0076741 0.00526664 0.107403
76 103 2 0.6 3.16418e-24 6.12793e-27 3.09745e-26 3.6634e+07 1.52852e+08 6.91299e+07 1.26324e+07 0 1.25061e+08 0 1.52852e+08 1.25061e+08 6.91299e+07 1.26324e+07 1.27368e-25 -6.93205e-25 0.0106129 0.00283804 0.105377
58 104 0 0.286035 0.674028 0.00101036 0.00304176 2.3533e+06 9.81896e+06 4.44079e+06 811484 0 8.0337e+06 0 9.81896e+06 8.0337e+06 4.44079e+06 811484 0.00567493 -0.0035175 -0.000456853 0.00844201 0.0636558
50 104 1 0.105112 0.657928 0.000379466 0.00286464 5.35638e+07 2.23491e+08 1.01077e+08 1.84703e+07 0 1.82856e+08 0 2.23491e+08 1.82856e+08 1.01077e+08 1.84703e+07 0.00027098 0.00572905 -0.000289995 0.00175337 0.0643844
54 104 2 0.088577 0.456348 0.000380685 0.00241865 4.18936e+07 1.74797e+08 7.90551e+07 1.44461e+07 0 1.43016e+08 0 1.74797e+08 1.43016e+08 7.90551e+07 1.44461e+07 0.00289452 0.00773427 -0.00129723 0.000411519 0.0740767
56 105 0 0.392408 0.92484 0.00162537 0.00474834 3.13342e+07 1.30739e+08 5.91291e+07 1.08049e+07 0 1.06969e+08 0 1.30739e+08 1.06969e+08 5.91291e+07 1.08049e+07 0.000255907 -0.0106528 -0.00231574 0.00436063 0.0557099
58 105 1 0.286035 0.674028 0.00101036 0.00304176 2.3533e+06 9.81896e+06 4.44079e+06 811484 0 8.0337e+06 0 9.81896e+06 8.0337e+06 4.44079e+06 811484 0.00567493 -0.0035175 -0.000456853 0.00844201 0.0636558
65 105 2 0.508295 0.68045 0.00175102 0.00284918 2.99132e+07 1.2481e+08 5.64476e+07 1.03149e+07 0 1.02118e+08 0 1.2481e+08 1.02118e+08 5.64476e+07 1.03149e+07 0.00123478 -0.000498781 0.00236778 0.00482497 0.0631579
49 106 0 0.16501 0.859113 0.000941274 0.00438392 7.95293e+06 3.31829e+07 1.50075e+07 2.74239e+06 0 2.71496e+07 0 3.31829e+07 2.71496e+07 1.50075e+07 2.74239e+06 0.00434339 0.00285315 -0.00436474 0.0166476 0.0573547
50 106 1 0.105112 0.657928 0.000379466 0.00286464 5.35638e+07 2.23491e+08 1.01077e+08 1.84703e+07 0 1.82856e+08 0 2.23491e+08 1.82856e+08 1.01077e+08 1.84703e+07 0.00027098 0.00572905 -0.000289995 0.00175337 0.0643844
58 106 2 0.286035 0.674028 0.00101036 0.00304176 2.3533e+06 9.81896e+06 4.44079e+06 811484 0 8.0337e+06 0 9.81896e+06 8.0337e+06 4.44079e+06 811484 0.00567493 -0.0035175 -0.000456853 0.00844201 0.0636558
61 107 0 0.259015 0.236966 0.000949452 0.00146281 2.99193e+07 1.24836e+08 5.64591e+07 1.0317e+07 0 1.02138e+08 0 1.24836e+08 1.02138e+08 5.64591e+07 1.0317e+07 0.00210887 -0.00575399 -0.000584701 0.00329717 0.0878543
70 107 1 0.4 3.37031e-24 2.11249e-27 4.87956e-26 4.27722e+07 1.78463e+08 8.0713e+07 1.4749e+07 0 1.46015e+08 0 1.78463e+08 1.46015e+08 8.0713e+07 1.4749e+07 -0.000844555 0.000965277 0.0076741 0.00526664 0.107403
69 107 2 0.43279 0.268104 0.00111485 0.00111069 6.63415e+07 2.76804e+08 1.25189e+08 2.28764e+07 0 2.26476e+08 0 2.76804e+08 2.26476e+08 1.25189e+08 2.28764e+07 0.000137185 0.00141607 0.00100606 0.00258467 0.0847285
46 108 0 0.350867 1.33861 0.000904084 0.00633055 3.51769e+07 1.46772e+08 6.63803e+07 1.213e+07 0 1.20087e+08 0 1.46772e+08 1.20087e+08 6.63803e+07 1.213e+07 0.00199755 0.000382516 -0.00165503 0.00374005 0.0488173
48 108 1 0.596627 1.44409 0.00186004 0.00855139 5.9498e+06 2.4825e+07 1.12275e+07 2.05165e+06 0 2.03114e+07 0 2.4825e+07 2.03114e+07 1.12275e+07 2.05165e+06 0.0095019 0.0142569 -0.00339723 0.00603326 0.0494019
40 108 2 0.43418 1.52599 0.000842267 0.00717666 3.92337e+07 1.63699e+08 7.40357e+07 1.35288e+07 0 1.33936e+08 0 1.63699e+08 1.33936e+08 7.40357e+07 1.35288e+07 0.00132894 0.00467657 -0.000483764 0.00304141 0.0481322
28 109 0 -0.132491 1.39486 -0.000642527 0.00665228 3.30347e+07 1.37834e+08 6.23379e+07 1.13913e+07 0 1.12774e+08 0 1.37834e+08 1.12774e+08 6.23379e+07 1.13913e+07 0.00225714 0.00247009 -0.000912805 0.00346651 0.0477056
36 109 1 0.105868 1.38485 0.000150851 0.00689579 1.84345e+07 7.69165e+07 3.47868e+07 6.35674e+06 0 6.29317e+07 0 7.69165e+07 6.29317e+07 3.47868e+07 6.35674e+06 0.00397714 -0.00136871 -0.000699599 0.00451819 0.0478798
30 109 2 -0.00457766 1.64775 -0.000488669 0.00849512 1.00597e+07 4.19731e+07 1.8983e+07 3.46885e+06 0 3.43416e+07 0 4.19731e+07 3.43416e+07 1.8983e+07 3.46885e+06 0.00532875 0.00957945 -0.00135579 0.00593362 0.0467827
72 110 0 0.746533 0.6676 0.00272087 0.00270776 4.93779e+06 2.06025e+07 9.31783e+06 1.70269e+06 0 1.68566e+07 0 2.06025e+07 1.68566e+07 9.31783e+06 1.70269e+06 0.00768014 0.00164107 0.00218168 0.0103313 0.0632862
73 110 1 0.884102 0.887452 0.00322392 0.00392191 2.69491e+07 1.12443e+08 5.08543e+07 9.29281e+06 0 9.19988e+07 0 1.12443e+08 9.19988e+07 5.08543e+07 9.29281e+06 0.00213867 -0.00668949 -0.0037494 0.00387286 0.0577987
63 110 2 0.634429 0.902107 0.00235348 0.00419941 1.41509e+07 5.90436e+07 2.67035e+07 4.87964e+06 0 4.83084e+07 0 5.90436e+07 4.83084e+07 2.67035e+07 4.87964e+06 0.0046479 0.00502119 0.000578256 0.00557509 0.0566646
40 111 0 0.43418 1.52599 0.000842267 0.00717666 3.92337e+07 1.63699e+08 7.40357e+07 1.35288e+07 0 1.33936e+08 0 1.63699e+08 1.33936e+08 7.40357e+07 1.35288e+07 0.00132894 0.00467657 -0.000483764 0.00304141 0.0481322
39 111 1 0.267465 1.59881 0.000577335 0.00731722 3.71095e+07 1.54836e+08 7.00274e+07 1.27964e+07 0 1.26684e+08 0 1.54836e+08 1.26684e+08 7.00274e+07 1.27964e+07 0.00179488 -0.00383939 0.00035912 0.00273577 0.0472947
46 111 2 0.350867 1.33861 0.000904084 0.00633055 3.51769e+07 1.46772e+08 6.63803e+07 1.213e+07 0 1.20087e+08 0 1.46772e+08 1.20087e+08 6.63803e+07 1.213e+07 0.00199755 0.000382516 -0.00165503 0.00374005 0.0488173
62 112 0 0.355532 0.467313 0.00109685 0.00173544 3.18158e+07 1.32749e+08 6.00379e+07 1.0971e+07 0 1.08613e+08 0 1.32749e+08 1.08613e+08 6.00379e+07 1.0971e+07 0.00169964 0.00122182 0.00166756 0.00510767 0.0729732
54 112 1 0.088577 0.456348 0.000380685 0.00241865 4.18936e+07 1.74797e+08 7.90551e+07 1.44461e+07 0 1.43016e+08 0 1.74797e+08 1.43016e+08 7.90551e+07 1.44461e+07 0.00289452 0.00773427 -0.00129723 0.000411519 0.0740767
61 112 2 0.259015 0.236966 0.000949452 0.00146281 2.99193e+07 1.24836e+08 5.64591e+07 1.0317e+07 0 1.02138e+08 0 1.24836e+08 1.02138e+08 5.64591e+07 1.0317e+07 0.00210887 -0.00575399 -0.000584701 0.00329717 0.0878543
71 113 0 0.604905 0.436234 0.00166191 0.00167436 2.35304e+07 9.81786e+07 4.4403e+07 8.11394e+06 0 8.0328e+07 0 9.81786e+07 8.0328e+07 4.4403e+07 8.11394e+06 0.00304702 -0.000527997 5.585e-05 0.00438992 0.073444
62 113 1 0.355532 0.467313 0.00109685 0.00173544 3.18158e+07 1.32749e+08 6.00379e+07 1.0971e+07 0 1.08613e+08 0 1.32749e+08 1.08613e+08 6.00379e+07 1.0971e+07 0.00169964 0.00122182 0.00166756 0.00510767 0.0729732
69 113 2 0.43279 0.268104 0.00111485 0.00111069 6.63415e+07 2.76804e+08 1.25189e+08 2.28764e+07 0 2.26476e+08 0 2.76804e+08 2.26476e+08 1.25189e+08 2.28764e+07 0.000137185 0.00141607 0.00100606 0.00258467 0.0847285
58 114 0 0.286035 0.674028 0.00101036 0.00304176 2.3533e+06 9.81896e+06 4.44079e+06 811484 0 8.0337e+06 0 9.81896e+06 8.0337e+06 4.44079e+06 811484 0.00567493 -0.0035175 -0.000456853 0.00844201 0.0636558
54 114 1 0.088577 0.456348 0.000380685 0.00241865 4.18936e+07 1.74797e+08 7.90551e+07 1.44461e+07 0 1.43016e+08 0 1.74797e+08 1.43016e+08 7.90551e+07 1.44461e+07 0.00289452 0.00773427 -0.00129723 0.000411519 0.0740767
62 114 2 0.355532 0.467313 0.00109685 0.00173544 3.18158e+07 1.32749e+08 6.00379e+07 1.0971e+07 0 1.08613e+08 0 1.32749e+08 1.08613e+08 6.00379e+07 1.0971e+07 0.00169964 0.00122182 0.00166756 0.00510767 0.0729732
41 115 0 0.0112315 0.962661 -1.23993e-05 0.00548478 1.1101e+07 4.63178e+07 2.0948e+07 3.82791e+06 0 3.78964e+07 0 4.63178e+07 3.78964e+07 2.0948e+07 3.82791e+06 0.00830485 -0.00358273 0.00472868 0.00353158 0.0545097
45 115 1 -0.0672242 0.720286 -0.00034594 0.00327919 951027 3.96808e+06 1.79463e+06 327940 0 3.24661e+06 0 3.96808e+06 3.24661e+06 1.79463e+06 327940 0.00796775 -0.00809814 -0.000206843 0.00499495 0.061896
49 115 2 0.16501 0.859113 0.000941274 0.00438392 7.95293e+06 3.31829e+07 1.50075e+07 2.74239e+06 0 2.71496e+07 0 3.31829e+07 2.71496e+07 1.50075e+07 2.74239e+06 0.00434339 0.00285315 -0.00436474 0.0166476 0.0573547
65 116 0 0.508295 0.68045 0.00175102 0.00284918 2.99132e+07 1.2481e+08 5.64476e+07 1.03149e+07 0 1.02118e+08 0 1.2481e+08 1.02118e+08 5.64476e+07 1.03149e+07 0.00123478 -0.000498781 0.00236778 0.00482497 0.0631579
62 116 1 0.355532 0.467313 0.00109685 0.00173544 3.18158e+07 1.32749e+08 6.00379e+07 1.0971e+07 0 1.08613e+08 0 1.32749e+08 1.08613e+08 6.00379e+07 1.0971e+07 0.00169964 0.00122182 0.00166756 0.00510767 0.0729732
71 116 2 0.604905 0.436234 0.00166191 0.00167436 2.35304e+07 9.81786e+07 4.4403e+07 8.11394e+06 0 8.0328e+07 0 9.81786e+07 8.0328e+07 4.4403e+07 8.11394e+06 0.00304702 -0.000527997 5.585e-05 0.00438992 0.073444
45 117 0 -0.0672242 0.720286 -0.00034594 0.00327919 951027 3.96808e+06 1.79463e+06 327940 0 3.24661e+06 0 3.96808e+06 3.24661e+06 1.79463e+06 327940 0.00796775 -0.00809814 -0.000206843 0.00499495 0.061896
54 117 1 0.088577 0.456348 0.000380685 0.00241865 4.18936e+07 1.74797e+08 7.90551e+07 1.44461e+07 0 1.43016e+08 0 1.74797e+08 1.43016e+08 7.90551e+07 1.44461e+07 0.00289452 0.00773427 -0.00129723 0.000411519 0.0740767
50 117 2 0.105112 0.657928 0.000379466 0.00286464 5.35638e+07 2.23491e+08 1.01077e+08 1.84703e+07 0 1.82856e+08 0 2.23491e+08 1.82856e+08 1.01077e+08 1.84703e+07 0.00027098 0.00572905 -0.000289995 0.00175337 0.0643844
53 118 0 -0.0925111 0.24507 -0.000275122 0.00103838 2.40393e+07 1.00302e+08 4.53632e+07 8.2894e+06 0 8.20651e+07 0 1.00302e+08 8.20651e+07 4.53632e+07 8.2894e+06 0.00208838 0.000266575 0.00256394 0.0041681 0.0874425
43 118 1 -0.301857 0.247273 -0.000600005 0.0011392 3.40373e+07 1.42018e+08 6.42299e+07 1.1737e+07 0 1.16196e+08 0 1.42018e+08 1.16196e+08 6.42299e+07 1.1737e+07 0.00105042 -0.00114117 0.000762843 0.00424437 0.0865776
52 118 2 -0.2 3.18847e-24 -3.22904e-27 3.54833e-26 3.68164e+07 1.53613e+08 6.94743e+07 1.26953e+07 0 1.25684e+08 0 1.53613e+08 1.25684e+08 6.94743e+07 1.26953e+07 -0.000164453 -0.000634241 -0.00380466 0.00420264 0.108152
54 119 0 0.088577 0.456348 0.000380685 0.00241865 4.18936e+07 1.74797e+08 7.90551e+07 1.44461e+07 0 1.43016e+08 0 1.74797e+08 1.43016e+08 7.90551e+07 1.44461e+07 0.00289452 0.00773427 -0.00129723 0.000411519 0.0740767
53 119 1 -0.0925111 0.24507 -0.000275122 0.00103838 2.40393e+07 1.00302e+08 4.53632e+07 8.2894e+06 0 8.20651e+07 0 1.00302e+08 8.20651e+07 4.53632e+07 8.2894e+06 0.00208838 0.000266575 0.00256394 0.0041681 0.0874425
60 119 2 0.0865471 0.202046 0.000148997 0.00142644 2.29764e+06 9.58669e+06 4.33575e+06 792289 0 7.84366e+06 0 9.58669e+06 7.84366e+06 4.33575e+06 792289 0.0049954 0.00732395 0.0030564 0.00727172 0.0908599
44 120 0 -0.182514 0.489368 -0.000421497 0.00205846 2.45904e+07 1.02601e+08 4.64031e+07 8.47944e+06 0 8.39464e+07 0 1.02601e+08 8.39464e+07 4.64031e+07 8.47944e+06 0.0036998 -0.000428123 -0.00162981 0.0041235 0.0719927
43 120 1 -0.301857 0.247273 -0.000600005 0.0011392 3.40373e+07 1.42018e+08 6.42299e+07 1.1737e+07 0 1.16196e+08 0 1.42018e+08 1.16196e+08 6.42299e+07 1.1737e+07 0.00105042 -0.00114117 0.000762843 0.00424437 0.0865776
53 120 2 -0.0925111 0.24507 -0.000275122 0.00103838 2.40393e+07 1.00302e+08 4.53632e+07 8.2894e+06 0 8.20651e+07 0 1.00302e+08 8.20651e+07 4.53632e+07 8.2894e+06 0.00208838 0.000266575 0.00256394 0.0041681 0.0874425
30 121 0 -0.00457766 1.64775 -0.000488669 0.00849512 1.00597e+07 4.19731e+07 1.8983e+07 3.46885e+06 0 3.43416e+07 0 4.19731e+07 3.43416e+07 1.8983e+07 3.46885e+06 0.00532875 0.00957945 -0.00135579 0.00593362 0.0467827
21 121 1 -0.206234 1.6177 -0.00105756 0.00709216 4.71256e+07 1.96627e+08 8.89281e+07 1.62502e+07 0 1.60877e+08 0 1.96627e+08 1.60877e+08 8.89281e+07 1.62502e+07 0.00134196 0.00252291 -0.00162104 0.00213347 0.0469145
28 121 2 -0.132491 1.39486 -0.000642527 0.00665228 3.30347e+07 1.37834e+08 6.23379e+07 1.13913e+07 0 1.12774e+08 0 1.37834e+08 1.12774e+08 6.23379e+07 1.13913e+07 0.00225714 0.00247009 -0.000912805 0.00346651 0.0477056
36 122 0 0.105868 1.38485 0.000150851 0.00689579 1.84345e+07 7.69165e+07 3.47868e+07 6.35674e+06 0 6.29317e+07 0 7.69165e+07 6.29317e+07 3.47868e+07 6.35674e+06 0.00397714 -0.00136871 -0.000699599 0.00451819 0.0478798
37 122 1 -0.0550214 1.17362 -0.000218727 0.00614479 2.68228e+07 1.11916e+08 5.06158e+07 9.24924e+06 0 9.15674e+07 0 1.11916e+08 9.15674e+07 5.06158e+07 9.24924e+06 0.00366568 0.0010628 -0.00162255 0.00282575 0.0502475
47 122 2 0.184481 1.11982 0.000627969 0.00584507 3.35155e+07 1.3984e+08 6.32452e+07 1.15571e+07 0 1.14415e+08 0 1.3984e+08 1.14415e+08 6.32452e+07 1.15571e+07 0.00284304 -0.0024168 -0.000877898 0.002288 0.0513166
10 123 0 -0.4025 1.5625 -0.00139944 0.00704271 1.34239e+07 5.60102e+07 2.53316e+07 4.62894e+06 0 4.58265e+07 0 5.60102e+07 4.58265e+07 2.53316e+07 4.62894e+06 0.00407777 -0.000649649 -0.00143223 0.0067545 0.0474878
20 123 1 -0.354939 1.38982 -0.00111043 0.00627629 3.82895e+07 1.59759e+08 7.22539e+07 1.32033e+07 0 1.30712e+08 0 1.59759e+08 1.30712e+08 7.22539e+07 1.32033e+07 0.00196273 5.93409e-05 -0.000347421 0.00262905 0.0480597
21 123 2 -0.206234 1.6177 -0.00105756 0.00709216 4.71256e+07 1.96627e+08 8.89281e+07 1.62502e+07 0 1.60877e+08 0 1.96627e+08 1.60877e+08 8.89281e+07 1.62502e+07 0.00134196 0.00252291 -0.00162104 0.00213347 0.0469145
29 124 0 -0.305682 1.16134 -0.000931741 0.00556398 3.13219e+07 1.30688e+08 5.91058e+07 1.08006e+07 0 1.06926e+08 0 1.30688e+08 1.06926e+08 5.91058e+07 1.08006e+07 0.00200317 -0.00115689 -0.00156341 0.0026056 0.0505213
22 124 1 -0.53963 1.23879 -0.001561 0.00566431 3.34854e+07 1.39715e+08 6.31884e+07 1.15467e+07 0 1.14312e+08 0 1.39715e+08 1.14312e+08 6.31884e+07 1.15467e+07 0.00236607 0.00221695 0.00102049 0.00269161 0.0499632
27 124 2 -0.535672 0.970965 -0.00188855 0.00427906 4.76877e+06 1.98973e+07 8.99889e+06 1.64441e+06 0 1.62796e+07 0 1.98973e+07 1.62796e+07 8.99889e+06 1.64441e+06 0.0070565 0.00161522 0.000670323 0.0103398 0.0542794
20 125 0 -0.354939 1.38982 -0.00111043 0.00627629 3.82895e+07 1.59759e+08 7.22539e+07 1.32033e+07 0 1.30712e+08 0 1.59759e+08 1.30712e+08 7.22539e+07 1.32033e+07 0.00196273 5.93409e-05 -0.000347421 0.00262905 0.0480597
10 125 1 -0.4025 1.5625 -0.00139944 0.00704271 1.34239e+07 5.60102e+07 2.53316e+07 4.62894e+06 0 4.58265e+07 0 5.60102e+07 4.58265e+07 2.53316e+07 4.62894e+06 0.00407777 -0.000649649 -0.00143223 0.0067545 0.0474878
12 125 2 -0.587105 1.47596 -0.00186222 0.00646515 1.98185e+07 8.26911e+07 3.73984e+07 6.83397e+06 0 6.76563e+07 0 8.26911e+07 6.76563e+07 3.73984e+07 6.83397e+06 0.0034992 0.00103804 -0.00238658 0.00471332 0.0485283
27 126 0 -0.535672 0.970965 -0.00188855 0.00427906 4.76877e+06 1.98973e+07 8.99889e+06 1.64441e+06 0 1.62796e+07 0 1.98973e+07 1.62796e+07 8.99889e+06 1.64441e+06 0.0070565 0.00161522 0.000670323 0.0103398 0.0542794
31 126 1 -0.35474 0.950293 -0.00104584 0.0044555 1.55727e+07 6.49757e+07 2.93864e+07 5.36989e+06 0 5.3162e+07 0 6.49757e+07 5.3162e+07 2.93864e+07 5.36989e+06 0.00251733 0.00238636 0.00159393 0.00761336 0.0546655
29 126 2 -0.305682 1.16134 -0.000931741 0.00556398 3.13219e+07 1.30688e+08 5.91058e+07 1.08006e+07 0 1.06926e+08 0 1.30688e+08 1.06926e+08 5.91058e+07 1.08006e+07 0.00200317 -0.00115689 -0.00156341 0.0026056 0.0505213
28 127 0 -0.132491 1.39486 -0.000642527 0.00665228 3.30347e+07 1.37834e+08 6.23379e+07 1.13913e+07 0 1.12774e+08 0 1.37834e+08 1.12774e+08 6.23379e+07 1.13913e+07 0.00225714 0.00247009 -0.000912805 0.00346651 0.0477056
21 127 1 -0.206234 1.6177 -0.00105756 0.00709216 4.71256e+07 1.96627e+08 8.89281e+07 1.62502e+07 0 1.60877e+08 0 1.96627e+08 1.60877e+08 8.89281e+07 1.62502e+07 0.00134196 0.00252291 -0.00162104 0.00213347 0.0469145
20 127 2 -0.354939 1.38982 -0.00111043 0.00627629 3.82895e+07 1.59759e+08 7.22539e+07 1.32033e+07 0 1.30712e+08 0 1.59759e+08 1.30712e+08 7.22539e+07 1.32033e+07 0.00196273 5.93409e-05 -0.000347421 0.00262905 0.0480597
12 128 0 -0.587105 1.47596 -0.00186222 0.00646515 1.98185e+07 8.26911e+07 3.73984e+07 6.83397e+06 0 6.76563e+07 0 8.26911e+07 6.76563e+07 3.73984e+07 6.83397e+06 0.0034992 0.00103804 -0.00238658 0.00471332 0.0485283
22 128 1 -0.53963 1.23879 -0.001561 0.00566431 3.34854e+07 1.39715e+08 6.31884e+07 1.15467e+07 0 1.14312e+08 0 1.39715e+08 1.14312e+08 6.31884e+07 1.15467e+07 0.00236607 0.00221695 0.00102049 0.00269161 0.0499632
20 128 2 -0.354939 1.38982 -0.00111043 0.00627629 3.82895e+07 1.59759e+08 7.22539e+07 1.32033e+07 0 1.30712e+08 0 1.59759e+08 1.30712e+08 7.22539e+07 1.32033e+07 0.00196273 5.93409e-05 -0.000347421 0.00262905 0.0480597
15 129 0 -0.929777 0.188315 -0.00142983 0.000486996 5.05948e+07 2.11102e+08 9.54746e+07 1.74465e+07 0 1.7272e+08 0 2.11102e+08 1.7272e+08 9.54746e+07 1.74465e+07 0.00109462 0.000316501 -0.00444048 0.00260221 0.0817801
14 129 1 -1 1.58129e-24 -7.05078e-28 1.43703e-26 2.62636e+07 1.09583e+08 4.95606e+07 9.05641e+06 0 8.96585e+07 0 1.09583e+08 8.96585e+07 4.95606e+07 9.05641e+06 0.00410739 0.0111798 -0.0128358 -5.84473e-05 0.0913211
23 129 2 -0.8 3.23566e-24 -7.46322e-27 3.9547e-26 6.26269e+07 2.61306e+08 1.1818e+08 2.15955e+07 0 2.13795e+08 0 2.61306e+08 2.13795e+08 1.1818e+08 2.15955e+07 0.000169851 -0.00032577 -0.00862026 0.00258997 0.100564
5 130 0 -1.07542 0.334467 -0.00242283 0.000637472 1.58635e+07 6.61889e+07 2.99351e+07 5.47016e+06 0 5.41546e+07 0 6.61889e+07 5.41546e+07 2.99351e+07 5.47016e+06 0.00448368 0.00151622 -0.00299805 0.00546546 0.0720255
4 130 1 -1.1507 0.115128 -0.00165526 -0.00173595 8.3881e+06 3.49986e+07 1.58287e+07 2.89245e+06 0 2.86352e+07 0 3.49986e+07 2.86352e+07 1.58287e+07 2.89245e+06 0.0095998 0.0220118 -0.00846194 0.00789415 0.0777188
15 130 2 -0.929777 0.188315 -0.00142983 0.000486996 5.05948e+07 2.11102e+08 9.54746e+07 1.74465e+07 0 1.7272e+08 0 2.11102e+08 1.7272e+08 9.54746e+07 1.74465e+07 0.00109462 0.000316501 -0.00444048 0.00260221 0.0817801
15 131 0 -0.929777 0.188315 -0.00142983 0.000486996 5.05948e+07 2.11102e+08 9.54746e+07 1.74465e+07 0 1.7272e+08 0 2.11102e+08 1.7272e+08 9.54746e+07 1.74465e+07 0.00109462 0.000316501 -0.00444048 0.00260221 0.0817801
4 131 1 -1.1507 0.115128 -0.00165526 -0.00173595 8.3881e+06 3.49986e+07 1.58287e+07 2.89245e+06 0 2.86352e+07 0 3.49986e+07 2.86352e+07 1.58287e+07 2.89245e+06 0.0095998 0.0220118 -0.00846194 0.00789415 0.0777188
14 131 2 -1 1.58129e-24 -7.05078e-28 1.43703e-26 2.62636e+07 1.09583e+08 4.95606e+07 9.05641e+06 0 8.96585e+07 0 1.09583e+08 8.96585e+07 4.95606e+07 9.05641e+06 0.00410739 0.0111798 -0.0128358 -5.84473e-05 0.0913211
33 132 0 -0.511895 0.238442 -0.000920522 0.000916608 3.32896e+07 1.38898e+08 6.28189e+07 1.14792e+07 0 1.13644e+08 0 1.38898e+08 1.13644e+08 6.28189e+07 1.14792e+07 0.00157574 0.00248498 -0.000663017 0.00301508 0.0856783
24 132 1 -0.720432 0.219845 -0.00126082 0.000616853 3.31415e+07 1.3828e+08 6.25394e+07 1.14281e+07 0 1.13138e+08 0 1.3828e+08 1.13138e+08 6.25394e+07 1.14281e+07 0.00178649 2.7632e-05 -0.00396825 0.00334981 0.0842925
32 132 2 -0.6 3.3018e-24 -1.31541e-27 3.39851e-26 4.58867e+07 1.91458e+08 8.65903e+07 1.5823e+07 0 1.56648e+08 0 1.91458e+08 1.56648e+08 8.65903e+07 1.5823e+07 0.000189727 0.000348166 -0.0065192 0.00308048 0.10466
24 133 0 -0.720432 0.219845 -0.00126082 0.000616853 3.31415e+07 1.3828e+08 6.25394e+07 1.14281e+07 0 1.13138e+08 0 1.3828e+08 1.13138e+08 6.25394e+07 1.14281e+07 0.00178649 2.7632e-05 -0.00396825 0.00334981 0.0842925
15 133 1 -0.929777 0.188315 -0.00142983 0.000486996 5.05948e+07 2.11102e+08 9.54746e+07 1.74465e+07 0 1.7272e+08 0 2.11102e+08 1.7272e+08 9.54746e+07 1.74465e+07 0.00109462 0.000316501 -0.00444048 0.00260221 0.0817801
23 133 2 -0.8 3.23566e-24 -7.46322e-27 3.9547e-26 6.26269e+07 2.61306e+08 1.1818e+08 2.15955e+07 0 2.13795e+08 0 2.61306e+08 2.13795e+08 1.1818e+08 2.15955e+07 0.000169851 -0.00032577 -0.00862026 0.00258997 0.100564
25 134 0 -0.648016 0.456658 -0.00167187 0.00165778 1.14916e+07 4.79477e+07 2.16852e+07 3.96262e+06 0 3.92299e+07 0 4.79477e+07 3.92299e+07 2.16852e+07 3.96262e+06 0.00514165 0.000828157 -0.00203304 0.00584459 0.0714781
24 134 1 -0.720432 0.219845 -0.00126082 0.000616853 3.31415e+07 1.3828e+08 6.25394e+07 1.14281e+07 0 1.13138e+08 0 1.3828e+08 1.13138e+08 6.25394e+07 1.14281e+07 0.00178649 2.7632e-05 -0.00396825 0.00334981 0.0842925
33 134 2 -0.511895 0.238442 -0.000920522 0.000916608 3.32896e+07 1.38898e+08 6.28189e+07 1.14792e+07 0 1.13644e+08 0 1.38898e+08 1.13644e+08 6.28189e+07 1.14792e+07 0.00157574 0.00248498 -0.000663017 0.00301508 0.0856783
16 135 0 -0.867532 0.409426 -0.00216683 0.00115653 4.20826e+07 1.75586e+08 7.94117e+07 1.45112e+07 0 1.43661e+08 0 1.75586e+08 1.43661e+08 7.94117e+07 1.45112e+07 0.00133165 -0.000134285 -0.00367975 0.00282859 0.0716025
15 135 1 -0.929777 0.188315 -0.00142983 0.000486996 5.05948e+07 2.11102e+08 9.54746e+07 1.74465e+07 0 1.7272e+08 0 2.11102e+08 1.7272e+08 9.54746e+07 1.74465e+07 0.00109462 0.000316501 -0.00444048 0.00260221 0.0817801
24 135 2 -0.720432 0.219845 -0.00126082 0.000616853 3.31415e+07 1.3828e+08 6.25394e+07 1.14281e+07 0 1.13138e+08 0 1.3828e+08 1.13138e+08 6.25394e+07 1.14281e+07 0.00178649 2.7632e-05 -0.00396825 0.00334981 0.0842925
6 136 0 -1.04997 0.56289 -0.00291285 0.00162781 3.5685e+07 1.48893e+08 6.73393e+07 1.23052e+07 0 1.21821e+08 0 1.48893e+08 1.21821e+08 6.73393e+07 1.23052e+07 0.00175653 0.00236198 -0.00198777 0.00277351 0.0648779
5 136 1 -1.07542 0.334467 -0.00242283 0.000637472 1.58635e+07 6.61889e+07 2.99351e+07 5.47016e+06 0 5.41546e+07 0 6.61889e+07 5.41546e+07 2.99351e+07 5.47016e+06 0.00448368 0.00151622 -0.00299805 0.00546546 0.0720255
16 136 2 -0.867532 0.409426 -0.00216683 0.00115653 4.20826e+07 1.75586e+08 7.94117e+07 1.45112e+07 0 1.43661e+08 0 1.75586e+08 1.43661e+08 7.94117e+07 1.45112e+07 0.00133165 -0.000134285 -0.00367975 0.00282859 0.0716025
3 137 0 -1.26359 0.41813 -0.00321293 0.000827331 2.66788e+07 1.11315e+08 5.0344e+07 9.19958e+06 0 9.10758e+07 0 1.11315e+08 9.10758e+07 5.0344e+07 9.19958e+06 0.00250943 0.000622078 -0.000161491 0.00388243 0.0684817
0 137 1 -1.27361 0.257553 -0.00417974 -0.000565896 1.42652e+06 5.95204e+06 2.69191e+06 491904 0 4.86985e+06 0 5.95204e+06 4.86985e+06 2.69191e+06 491904 0.0182396 -0.00230711 -0.00296355 0.0255409 0.0720053
5 137 2 -1.07542 0.334467 -0.00242283 0.000637472 1.58635e+07 6.61889e+07 2.99351e+07 5.47016e+06 0 5.41546e+07 0 6.61889e+07 5.41546e+07 2.99351e+07 5.47016e+06 0.00448368 0.00151622 -0.00299805 0.00546546 0.0720255
5 138 0 -1.07542 0.334467 -0.00242283 0.000637472 1.58635e+07 6.61889e+07 2.99351e+07 5.47016e+06 0 5.41546e+07 0 6.61889e+07 5.41546e+07 2.99351e+07 5.47016e+06 0.00448368 0.00151622 -0.00299805 0.00546546 0.0720255
0 138 1 -1.27361 0.257553 -0.00417974 -0.000565896 1.42652e+06 5.95204e+06 2.69191e+06 491904 0 4.86985e+06 0 5.95204e+06 4.86985e+06 2.69191e+06 491904 0.0182396 -0.00230711 -0.00296355 0.0255409 0.0720053
4 138 2 -1.1507 0.115128 -0.00165526 -0.00173595 8.3881e+06 3.49986e+07 1.58287e+07 2.89245e+06 0 2.86352e+07 0 3.49986e+07 2.86352e+07 1.58287e+07 2.89245e+06 0.0095998 0.0220118 -0.00846194 0.00789415 0.0777188
6 139 0 -1.04997 0.56289 -0.00291285 0.00162781 3.5685e+07 1.48893e+08 6.73393e+07 1.23052e+07 0 1.21821e+08 0 1.48893e+08 1.21821e+08 6.73393e+07 1.23052e+07 0.00175653 0.00236198 -0.00198777 0.00277351 0.0648779
3 139 1 -1.26359 0.41813 -0.00321293 0.000827331 2.66788e+07 1.11315e+08 5.0344e+07 9.19958e+06 0 9.10758e+07 0 1.11315e+08 9.10758e+07 5.0344e+07 9.19958e+06 0.00250943 0.000622078 -0.000161491 0.00388243 0.0684817
5 139 2 -1.07542 0.334467 -0.00242283 0.000637472 1.58635e+07 6.61889e+07 2.99351e+07 5.47016e+06 0 5.41546e+07 0 6.61889e+07 5.41546e+07 2.99351e+07 5.47016e+06 0.00448368 0.00151622 -0.00299805 0.00546546 0.0720255
