Index_Vertex nbTriangle nbInTr x y ux uy Elast AR BR IR GR ER FR A1 A2 B12 C3 Defxx Defxy Defyx Defyy Density 
2 0 0 -0.867417 0.147252 -0.000659604 0.000212066 9.78327e+07 3.89644e+08 1.85313e+08 3.37354e+07 0 3.52535e+08 0 3.89644e+08 3.52535e+08 1.85313e+08 3.37354e+07 0.000957986 0.000280386 -0.00262773 0.000697797 0.134318
0 0 1 -1 3.1336e-25 5.53759e-27 5.63021e-27 7.44468e+07 2.96504e+08 1.41016e+08 2.56713e+07 0 2.68265e+08 0 2.96504e+08 2.68265e+08 1.41016e+08 2.56713e+07 0.00119043 0.00188471 -0.00863651 -0.00028708 0.146349
1 0 2 -0.8 1.39834e-24 -5.42297e-27 3.3249e-26 5.51942e+07 2.19825e+08 1.04548e+08 1.90325e+07 0 1.98889e+08 0 2.19825e+08 1.98889e+08 1.04548e+08 1.90325e+07 0.00038633 -0.000266701 -0.00571565 0.00218878 0.147039
7 1 0 -0.676774 0.171876 -0.000557674 0.000237508 1.03397e+08 4.11807e+08 1.95853e+08 3.56543e+07 0 3.72587e+08 0 4.11807e+08 3.72587e+08 1.95853e+08 3.56543e+07 0.000422822 2.92121e-05 -0.00146825 0.00119332 0.131777
9 1 1 -0.810435 0.31281 -0.000840332 0.000412056 6.9568e+07 2.77073e+08 1.31774e+08 2.3989e+07 0 2.50685e+08 0 2.77073e+08 2.50685e+08 1.31774e+08 2.3989e+07 0.00120982 -0.000380589 -0.000177803 0.0012066 0.123415
2 1 2 -0.867417 0.147252 -0.000659604 0.000212066 9.78327e+07 3.89644e+08 1.85313e+08 3.37354e+07 0 3.52535e+08 0 3.89644e+08 3.52535e+08 1.85313e+08 3.37354e+07 0.000957986 0.000280386 -0.00262773 0.000697797 0.134318
7 2 0 -0.676774 0.171876 -0.000557674 0.000237508 1.03397e+08 4.11807e+08 1.95853e+08 3.56543e+07 0 3.72587e+08 0 4.11807e+08 3.72587e+08 1.95853e+08 3.56543e+07 0.000422822 2.92121e-05 -0.00146825 0.00119332 0.131777
1 2 1 -0.8 1.39834e-24 -5.42297e-27 3.3249e-26 5.51942e+07 2.19825e+08 1.04548e+08 1.90325e+07 0 1.98889e+08 0 2.19825e+08 1.98889e+08 1.04548e+08 1.90325e+07 0.00038633 -0.000266701 -0.00571565 0.00218878 0.147039
8 2 2 -0.6 1.43827e-24 -3.3338e-27 4.19142e-26 1.05803e+08 4.21386e+08 2.00409e+08 3.64837e+07 0 3.81254e+08 0 4.21386e+08 3.81254e+08 2.00409e+08 3.64837e+07 -4.33906e-06 0.000125289 -0.00450845 0.00159458 0.146494
2 3 0 -0.867417 0.147252 -0.000659604 0.000212066 9.78327e+07 3.89644e+08 1.85313e+08 3.37354e+07 0 3.52535e+08 0 3.89644e+08 3.52535e+08 1.85313e+08 3.37354e+07 0.000957986 0.000280386 -0.00262773 0.000697797 0.134318
9 3 1 -0.810435 0.31281 -0.000840332 0.000412056 6.9568e+07 2.77073e+08 1.31774e+08 2.3989e+07 0 2.50685e+08 0 2.77073e+08 2.50685e+08 1.31774e+08 2.3989e+07 0.00120982 -0.000380589 -0.000177803 0.0012066 0.123415
3 3 2 -1.02424 0.206107 -0.00110406 0.000195915 8.27073e+06 3.29403e+07 1.56663e+07 2.85198e+06 0 2.98032e+07 0 3.29403e+07 2.98032e+07 1.56663e+07 2.85198e+06 0.00445776 -0.000328271 -0.00387435 0.00496814 0.130827
0 4 0 -1 3.1336e-25 5.53759e-27 5.63021e-27 7.44468e+07 2.96504e+08 1.41016e+08 2.56713e+07 0 2.68265e+08 0 2.96504e+08 2.68265e+08 1.41016e+08 2.56713e+07 0.00119043 0.00188471 -0.00863651 -0.00028708 0.146349
2 4 1 -0.867417 0.147252 -0.000659604 0.000212066 9.78327e+07 3.89644e+08 1.85313e+08 3.37354e+07 0 3.52535e+08 0 3.89644e+08 3.52535e+08 1.85313e+08 3.37354e+07 0.000957986 0.000280386 -0.00262773 0.000697797 0.134318
3 4 2 -1.02424 0.206107 -0.00110406 0.000195915 8.27073e+06 3.29403e+07 1.56663e+07 2.85198e+06 0 2.98032e+07 0 3.29403e+07 2.98032e+07 1.56663e+07 2.85198e+06 0.00445776 -0.000328271 -0.00387435 0.00496814 0.130827
1 5 0 -0.8 1.39834e-24 -5.42297e-27 3.3249e-26 5.51942e+07 2.19825e+08 1.04548e+08 1.90325e+07 0 1.98889e+08 0 2.19825e+08 1.98889e+08 1.04548e+08 1.90325e+07 0.00038633 -0.000266701 -0.00571565 0.00218878 0.147039
7 5 1 -0.676774 0.171876 -0.000557674 0.000237508 1.03397e+08 4.11807e+08 1.95853e+08 3.56543e+07 0 3.72587e+08 0 4.11807e+08 3.72587e+08 1.95853e+08 3.56543e+07 0.000422822 2.92121e-05 -0.00146825 0.00119332 0.131777
2 5 2 -0.867417 0.147252 -0.000659604 0.000212066 9.78327e+07 3.89644e+08 1.85313e+08 3.37354e+07 0 3.52535e+08 0 3.89644e+08 3.52535e+08 1.85313e+08 3.37354e+07 0.000957986 0.000280386 -0.00262773 0.000697797 0.134318
9 6 0 -0.810435 0.31281 -0.000840332 0.000412056 6.9568e+07 2.77073e+08 1.31774e+08 2.3989e+07 0 2.50685e+08 0 2.77073e+08 2.50685e+08 1.31774e+08 2.3989e+07 0.00120982 -0.000380589 -0.000177803 0.0012066 0.123415
12 6 1 -0.730407 0.484754 -0.000865009 0.000640626 4.99641e+07 1.98995e+08 9.46409e+07 1.7229e+07 0 1.80043e+08 0 1.98995e+08 1.80043e+08 9.46409e+07 1.7229e+07 0.00144385 -0.000672725 -0.001204 0.00167638 0.114477
5 6 2 -0.972112 0.410924 -0.00126365 0.00087421 2.17683e+07 8.6698e+07 4.12331e+07 7.50632e+06 0 7.84411e+07 0 8.6698e+07 7.84411e+07 4.12331e+07 7.50632e+06 0.00302399 -0.00308878 -0.00210698 0.0033459 0.120641
3 7 0 -1.02424 0.206107 -0.00110406 0.000195915 8.27073e+06 3.29403e+07 1.56663e+07 2.85198e+06 0 2.98032e+07 0 3.29403e+07 2.98032e+07 1.56663e+07 2.85198e+06 0.00445776 -0.000328271 -0.00387435 0.00496814 0.130827
9 7 1 -0.810435 0.31281 -0.000840332 0.000412056 6.9568e+07 2.77073e+08 1.31774e+08 2.3989e+07 0 2.50685e+08 0 2.77073e+08 2.50685e+08 1.31774e+08 2.3989e+07 0.00120982 -0.000380589 -0.000177803 0.0012066 0.123415
5 7 2 -0.972112 0.410924 -0.00126365 0.00087421 2.17683e+07 8.6698e+07 4.12331e+07 7.50632e+06 0 7.84411e+07 0 8.6698e+07 7.84411e+07 4.12331e+07 7.50632e+06 0.00302399 -0.00308878 -0.00210698 0.0033459 0.120641
7 8 0 -0.676774 0.171876 -0.000557674 0.000237508 1.03397e+08 4.11807e+08 1.95853e+08 3.56543e+07 0 3.72587e+08 0 4.11807e+08 3.72587e+08 1.95853e+08 3.56543e+07 0.000422822 2.92121e-05 -0.00146825 0.00119332 0.131777
14 8 1 -0.478444 0.187055 -0.000513497 0.000398287 1.13491e+08 4.52006e+08 2.14972e+08 3.91347e+07 0 4.08958e+08 0 4.52006e+08 4.08958e+08 2.14972e+08 3.91347e+07 0.000171916 0.00160811 -0.00109077 0.00153748 0.12973
15 8 2 -0.587895 0.35339 -0.000649726 0.0004646 1.1863e+08 4.72477e+08 2.24707e+08 4.09071e+07 0 4.27479e+08 0 4.72477e+08 4.27479e+08 2.24707e+08 4.09071e+07 0.000501943 0.000703457 3.72617e-05 0.00103694 0.119447
16 9 0 -0.4 1.47437e-24 -7.26672e-27 2.7832e-26 1.15298e+07 4.59203e+07 2.18395e+07 3.97579e+06 0 4.1547e+07 0 4.59203e+07 4.1547e+07 2.18395e+07 3.97579e+06 0.00128312 -0.000948201 -0.00371177 0.00426092 0.145768
14 9 1 -0.478444 0.187055 -0.000513497 0.000398287 1.13491e+08 4.52006e+08 2.14972e+08 3.91347e+07 0 4.08958e+08 0 4.52006e+08 4.08958e+08 2.14972e+08 3.91347e+07 0.000171916 0.00160811 -0.00109077 0.00153748 0.12973
8 9 2 -0.6 1.43827e-24 -3.3338e-27 4.19142e-26 1.05803e+08 4.21386e+08 2.00409e+08 3.64837e+07 0 3.81254e+08 0 4.21386e+08 3.81254e+08 2.00409e+08 3.64837e+07 -4.33906e-06 0.000125289 -0.00450845 0.00159458 0.146494
16 10 0 -0.4 1.47437e-24 -7.26672e-27 2.7832e-26 1.15298e+07 4.59203e+07 2.18395e+07 3.97579e+06 0 4.1547e+07 0 4.59203e+07 4.1547e+07 2.18395e+07 3.97579e+06 0.00128312 -0.000948201 -0.00371177 0.00426092 0.145768
23 10 1 -0.2 1.37941e-24 -5.34767e-27 3.52481e-26 1.11507e+08 4.44107e+08 2.11215e+08 3.84508e+07 0 4.01811e+08 0 4.44107e+08 4.01811e+08 2.11215e+08 3.84508e+07 7.27946e-26 7.66995e-25 -0.000535449 0.00118798 0.145232
22 10 2 -0.281009 0.195403 -0.000330157 0.000521252 1.05311e+07 4.19428e+07 1.99478e+07 3.63141e+06 0 3.79482e+07 0 4.19428e+07 3.79482e+07 1.99478e+07 3.63141e+06 0.00150865 -0.00224669 -0.00237504 0.004078 0.128387
14 11 0 -0.478444 0.187055 -0.000513497 0.000398287 1.13491e+08 4.52006e+08 2.14972e+08 3.91347e+07 0 4.08958e+08 0 4.52006e+08 4.08958e+08 2.14972e+08 3.91347e+07 0.000171916 0.00160811 -0.00109077 0.00153748 0.12973
21 11 1 -0.370884 0.385667 -0.000494594 0.000760214 1.29391e+08 5.15333e+08 2.4509e+08 4.46176e+07 0 4.66254e+08 0 5.15333e+08 4.66254e+08 2.4509e+08 4.46176e+07 0.000728848 0.00103885 6.73714e-05 0.000276529 0.116403
15 11 2 -0.587895 0.35339 -0.000649726 0.0004646 1.1863e+08 4.72477e+08 2.24707e+08 4.09071e+07 0 4.27479e+08 0 4.72477e+08 4.27479e+08 2.24707e+08 4.09071e+07 0.000501943 0.000703457 3.72617e-05 0.00103694 0.119447
25 12 0 -0.12686 0.788405 -0.000216019 0.0012404 5.54843e+07 2.20981e+08 1.05097e+08 1.91325e+07 0 1.99935e+08 0 2.20981e+08 1.99935e+08 1.05097e+08 1.91325e+07 0.00154229 -0.000955787 -0.00069706 0.00169079 0.100582
31 12 1 -0.063324 0.566786 -0.000112854 0.000891829 1.16396e+08 4.63577e+08 2.20475e+08 4.01365e+07 0 4.19427e+08 0 4.63577e+08 4.19427e+08 2.20475e+08 4.01365e+07 0.00069169 4.04729e-05 -4.93505e-05 0.000735758 0.106975
32 12 2 0.0762013 0.733027 5.06499e-05 0.00115196 5.85596e+07 2.33229e+08 1.10922e+08 2.0193e+07 0 2.11017e+08 0 2.33229e+08 2.11017e+08 1.10922e+08 2.0193e+07 0.001204 0.00100223 0.000988847 0.00164656 0.101721
26 13 0 0.0152296 0.923433 -7.24904e-06 0.00147249 3.52916e+07 1.40558e+08 6.68486e+07 1.21695e+07 0 1.27171e+08 0 1.40558e+08 1.27171e+08 6.68486e+07 1.21695e+07 0.0013578 -0.000912579 -0.000620072 0.00214701 0.0983301
25 13 1 -0.12686 0.788405 -0.000216019 0.0012404 5.54843e+07 2.20981e+08 1.05097e+08 1.91325e+07 0 1.99935e+08 0 2.20981e+08 1.99935e+08 1.05097e+08 1.91325e+07 0.00154229 -0.000955787 -0.00069706 0.00169079 0.100582
32 13 2 0.0762013 0.733027 5.06499e-05 0.00115196 5.85596e+07 2.33229e+08 1.10922e+08 2.0193e+07 0 2.11017e+08 0 2.33229e+08 2.11017e+08 1.10922e+08 2.0193e+07 0.001204 0.00100223 0.000988847 0.00164656 0.101721
34 14 0 0.221273 0.866124 0.000228877 0.00144231 1.33923e+08 5.33384e+08 2.53675e+08 4.61804e+07 0 4.82586e+08 0 5.33384e+08 4.82586e+08 2.53675e+08 4.61804e+07 0.000572303 0.000992373 -0.00024681 0.00054235 0.099555
26 14 1 0.0152296 0.923433 -7.24904e-06 0.00147249 3.52916e+07 1.40558e+08 6.68486e+07 1.21695e+07 0 1.27171e+08 0 1.40558e+08 1.27171e+08 6.68486e+07 1.21695e+07 0.0013578 -0.000912579 -0.000620072 0.00214701 0.0983301
32 14 2 0.0762013 0.733027 5.06499e-05 0.00115196 5.85596e+07 2.33229e+08 1.10922e+08 2.0193e+07 0 2.11017e+08 0 2.33229e+08 2.11017e+08 1.10922e+08 2.0193e+07 0.001204 0.00100223 0.000988847 0.00164656 0.101721
27 15 0 0.00235835 1.0764 -3.65604e-05 0.00168917 1.20974e+08 4.81811e+08 2.29147e+08 4.17153e+07 0 4.35925e+08 0 4.81811e+08 4.35925e+08 2.29147e+08 4.17153e+07 0.000718 -0.000899377 0.000411501 0.000533648 0.0975389
20 15 1 -0.203922 1.05505 -0.00031414 0.00182708 4.12656e+07 1.64351e+08 7.81645e+07 1.42295e+07 0 1.48699e+08 0 1.64351e+08 1.48699e+08 7.81645e+07 1.42295e+07 0.00156609 -0.000190597 0.000859438 0.0023783 0.0980975
26 15 2 0.0152296 0.923433 -7.24904e-06 0.00147249 3.52916e+07 1.40558e+08 6.68486e+07 1.21695e+07 0 1.27171e+08 0 1.40558e+08 1.27171e+08 6.68486e+07 1.21695e+07 0.0013578 -0.000912579 -0.000620072 0.00214701 0.0983301
19 16 0 -0.286376 0.841998 -0.000447524 0.00145209 8.01187e+07 3.19093e+08 1.51759e+08 2.76271e+07 0 2.88704e+08 0 3.19093e+08 2.88704e+08 1.51759e+08 2.76271e+07 0.000752716 5.16482e-05 -0.000456906 0.00110545 0.100329
24 16 1 -0.277675 0.604075 -0.00035801 0.00104655 3.24858e+07 1.29383e+08 6.15339e+07 1.1202e+07 0 1.17061e+08 0 1.29383e+08 1.17061e+08 6.15339e+07 1.1202e+07 0.00188055 -0.000520751 -0.000354387 0.0020892 0.106243
25 16 2 -0.12686 0.788405 -0.000216019 0.0012404 5.54843e+07 2.20981e+08 1.05097e+08 1.91325e+07 0 1.99935e+08 0 2.20981e+08 1.99935e+08 1.05097e+08 1.91325e+07 0.00154229 -0.000955787 -0.00069706 0.00169079 0.100582
18 17 0 -0.447618 0.752665 -0.000646977 0.00120121 5.18515e+07 2.06512e+08 9.82161e+07 1.78798e+07 0 1.86844e+08 0 2.06512e+08 1.86844e+08 9.82161e+07 1.78798e+07 0.00147715 0.000947586 -3.44693e-05 0.00186067 0.103246
17 17 1 -0.497698 0.540824 -0.000641902 0.000769973 7.46859e+07 2.97456e+08 1.41469e+08 2.57538e+07 0 2.69127e+08 0 2.97456e+08 2.69127e+08 1.41469e+08 2.57538e+07 0.000817102 0.00107002 -0.000749417 0.00144684 0.109996
24 17 2 -0.277675 0.604075 -0.00035801 0.00104655 3.24858e+07 1.29383e+08 6.15339e+07 1.1202e+07 0 1.17061e+08 0 1.29383e+08 1.17061e+08 6.15339e+07 1.1202e+07 0.00188055 -0.000520751 -0.000354387 0.0020892 0.106243
13 18 0 -0.402992 0.994823 -0.000672494 0.00172458 4.17667e+07 1.66347e+08 7.91136e+07 1.44023e+07 0 1.50504e+08 0 1.66347e+08 1.50504e+08 7.91136e+07 1.44023e+07 0.00185478 0.000245104 -0.000790305 0.00224209 0.0997787
18 18 1 -0.447618 0.752665 -0.000646977 0.00120121 5.18515e+07 2.06512e+08 9.82161e+07 1.78798e+07 0 1.86844e+08 0 2.06512e+08 1.86844e+08 9.82161e+07 1.78798e+07 0.00147715 0.000947586 -3.44693e-05 0.00186067 0.103246
19 18 2 -0.286376 0.841998 -0.000447524 0.00145209 8.01187e+07 3.19093e+08 1.51759e+08 2.76271e+07 0 2.88704e+08 0 3.19093e+08 2.88704e+08 1.51759e+08 2.76271e+07 0.000752716 5.16482e-05 -0.000456906 0.00110545 0.100329
11 19 0 -0.58807 0.896272 -0.000950676 0.00151552 3.55276e+07 1.41498e+08 6.72956e+07 1.22509e+07 0 1.28022e+08 0 1.41498e+08 1.28022e+08 6.72956e+07 1.22509e+07 0.0019968 -0.000666313 -0.00079749 0.00279172 0.102669
4 19 1 -0.749198 0.761105 -0.00123515 0.00133984 2.71224e+07 1.08022e+08 5.13746e+07 9.35254e+06 0 9.77341e+07 0 1.08022e+08 9.77341e+07 5.13746e+07 9.35254e+06 0.00266086 -0.00141544 -0.00122425 0.00337956 0.106959
10 19 2 -0.63846 0.664233 -0.000906443 0.000967411 4.17508e+07 1.66283e+08 7.90835e+07 1.43968e+07 0 1.50447e+08 0 1.66283e+08 1.50447e+08 7.90835e+07 1.43968e+07 0.00168208 -0.000601945 -0.000687217 0.00228678 0.10744
21 20 0 -0.370884 0.385667 -0.000494594 0.000760214 1.29391e+08 5.15333e+08 2.4509e+08 4.46176e+07 0 4.66254e+08 0 5.15333e+08 4.66254e+08 2.4509e+08 4.46176e+07 0.000728848 0.00103885 6.73714e-05 0.000276529 0.116403
28 20 1 -0.158314 0.390407 -0.000301588 0.000727678 9.73401e+07 3.87682e+08 1.8438e+08 3.35656e+07 0 3.5076e+08 0 3.87682e+08 3.5076e+08 1.8438e+08 3.35656e+07 0.000819807 -0.000290485 0.000905954 0.00116361 0.115383
24 20 2 -0.277675 0.604075 -0.00035801 0.00104655 3.24858e+07 1.29383e+08 6.15339e+07 1.1202e+07 0 1.17061e+08 0 1.29383e+08 1.17061e+08 6.15339e+07 1.1202e+07 0.00188055 -0.000520751 -0.000354387 0.0020892 0.106243
17 21 0 -0.497698 0.540824 -0.000641902 0.000769973 7.46859e+07 2.97456e+08 1.41469e+08 2.57538e+07 0 2.69127e+08 0 2.97456e+08 2.69127e+08 1.41469e+08 2.57538e+07 0.000817102 0.00107002 -0.000749417 0.00144684 0.109996
15 21 1 -0.587895 0.35339 -0.000649726 0.0004646 1.1863e+08 4.72477e+08 2.24707e+08 4.09071e+07 0 4.27479e+08 0 4.72477e+08 4.27479e+08 2.24707e+08 4.09071e+07 0.000501943 0.000703457 3.72617e-05 0.00103694 0.119447
21 21 2 -0.370884 0.385667 -0.000494594 0.000760214 1.29391e+08 5.15333e+08 2.4509e+08 4.46176e+07 0 4.66254e+08 0 5.15333e+08 4.66254e+08 2.4509e+08 4.46176e+07 0.000728848 0.00103885 6.73714e-05 0.000276529 0.116403
19 22 0 -0.286376 0.841998 -0.000447524 0.00145209 8.01187e+07 3.19093e+08 1.51759e+08 2.76271e+07 0 2.88704e+08 0 3.19093e+08 2.88704e+08 1.51759e+08 2.76271e+07 0.000752716 5.16482e-05 -0.000456906 0.00110545 0.100329
18 22 1 -0.447618 0.752665 -0.000646977 0.00120121 5.18515e+07 2.06512e+08 9.82161e+07 1.78798e+07 0 1.86844e+08 0 2.06512e+08 1.86844e+08 9.82161e+07 1.78798e+07 0.00147715 0.000947586 -3.44693e-05 0.00186067 0.103246
24 22 2 -0.277675 0.604075 -0.00035801 0.00104655 3.24858e+07 1.29383e+08 6.15339e+07 1.1202e+07 0 1.17061e+08 0 1.29383e+08 1.17061e+08 6.15339e+07 1.1202e+07 0.00188055 -0.000520751 -0.000354387 0.0020892 0.106243
10 23 0 -0.63846 0.664233 -0.000906443 0.000967411 4.17508e+07 1.66283e+08 7.90835e+07 1.43968e+07 0 1.50447e+08 0 1.66283e+08 1.50447e+08 7.90835e+07 1.43968e+07 0.00168208 -0.000601945 -0.000687217 0.00228678 0.10744
6 23 1 -0.877799 0.597272 -0.00127338 0.00110141 3.77223e+07 1.50239e+08 7.14529e+07 1.30077e+07 0 1.3593e+08 0 1.50239e+08 1.3593e+08 7.14529e+07 1.30077e+07 0.00208895 -0.00214409 -0.00203747 0.00232511 0.11283
12 23 2 -0.730407 0.484754 -0.000865009 0.000640626 4.99641e+07 1.98995e+08 9.46409e+07 1.7229e+07 0 1.80043e+08 0 1.98995e+08 1.80043e+08 9.46409e+07 1.7229e+07 0.00144385 -0.000672725 -0.001204 0.00167638 0.114477
22 24 0 -0.281009 0.195403 -0.000330157 0.000521252 1.05311e+07 4.19428e+07 1.99478e+07 3.63141e+06 0 3.79482e+07 0 4.19428e+07 3.79482e+07 1.99478e+07 3.63141e+06 0.00150865 -0.00224669 -0.00237504 0.004078 0.128387
29 24 1 -0.0845501 0.196139 -0.000168612 0.00037606 6.17359e+07 2.45879e+08 1.16939e+08 2.12883e+07 0 2.22462e+08 0 2.45879e+08 2.22462e+08 1.16939e+08 2.12883e+07 0.000341163 -0.000156873 -0.00122904 0.00221925 0.12794
28 24 2 -0.158314 0.390407 -0.000301588 0.000727678 9.73401e+07 3.87682e+08 1.8438e+08 3.35656e+07 0 3.5076e+08 0 3.87682e+08 3.5076e+08 1.8438e+08 3.35656e+07 0.000819807 -0.000290485 0.000905954 0.00116361 0.115383
14 25 0 -0.478444 0.187055 -0.000513497 0.000398287 1.13491e+08 4.52006e+08 2.14972e+08 3.91347e+07 0 4.08958e+08 0 4.52006e+08 4.08958e+08 2.14972e+08 3.91347e+07 0.000171916 0.00160811 -0.00109077 0.00153748 0.12973
22 25 1 -0.281009 0.195403 -0.000330157 0.000521252 1.05311e+07 4.19428e+07 1.99478e+07 3.63141e+06 0 3.79482e+07 0 4.19428e+07 3.79482e+07 1.99478e+07 3.63141e+06 0.00150865 -0.00224669 -0.00237504 0.004078 0.128387
21 25 2 -0.370884 0.385667 -0.000494594 0.000760214 1.29391e+08 5.15333e+08 2.4509e+08 4.46176e+07 0 4.66254e+08 0 5.15333e+08 4.66254e+08 2.4509e+08 4.46176e+07 0.000728848 0.00103885 6.73714e-05 0.000276529 0.116403
14 26 0 -0.478444 0.187055 -0.000513497 0.000398287 1.13491e+08 4.52006e+08 2.14972e+08 3.91347e+07 0 4.08958e+08 0 4.52006e+08 4.08958e+08 2.14972e+08 3.91347e+07 0.000171916 0.00160811 -0.00109077 0.00153748 0.12973
16 26 1 -0.4 1.47437e-24 -7.26672e-27 2.7832e-26 1.15298e+07 4.59203e+07 2.18395e+07 3.97579e+06 0 4.1547e+07 0 4.59203e+07 4.1547e+07 2.18395e+07 3.97579e+06 0.00128312 -0.000948201 -0.00371177 0.00426092 0.145768
22 26 2 -0.281009 0.195403 -0.000330157 0.000521252 1.05311e+07 4.19428e+07 1.99478e+07 3.63141e+06 0 3.79482e+07 0 4.19428e+07 3.79482e+07 1.99478e+07 3.63141e+06 0.00150865 -0.00224669 -0.00237504 0.004078 0.128387
8 27 0 -0.6 1.43827e-24 -3.3338e-27 4.19142e-26 1.05803e+08 4.21386e+08 2.00409e+08 3.64837e+07 0 3.81254e+08 0 4.21386e+08 3.81254e+08 2.00409e+08 3.64837e+07 -4.33906e-06 0.000125289 -0.00450845 0.00159458 0.146494
14 27 1 -0.478444 0.187055 -0.000513497 0.000398287 1.13491e+08 4.52006e+08 2.14972e+08 3.91347e+07 0 4.08958e+08 0 4.52006e+08 4.08958e+08 2.14972e+08 3.91347e+07 0.000171916 0.00160811 -0.00109077 0.00153748 0.12973
7 27 2 -0.676774 0.171876 -0.000557674 0.000237508 1.03397e+08 4.11807e+08 1.95853e+08 3.56543e+07 0 3.72587e+08 0 4.11807e+08 3.72587e+08 1.95853e+08 3.56543e+07 0.000422822 2.92121e-05 -0.00146825 0.00119332 0.131777
28 28 0 -0.158314 0.390407 -0.000301588 0.000727678 9.73401e+07 3.87682e+08 1.8438e+08 3.35656e+07 0 3.5076e+08 0 3.87682e+08 3.5076e+08 1.8438e+08 3.35656e+07 0.000819807 -0.000290485 0.000905954 0.00116361 0.115383
31 28 1 -0.063324 0.566786 -0.000112854 0.000891829 1.16396e+08 4.63577e+08 2.20475e+08 4.01365e+07 0 4.19427e+08 0 4.63577e+08 4.19427e+08 2.20475e+08 4.01365e+07 0.00069169 4.04729e-05 -4.93505e-05 0.000735758 0.106975
24 28 2 -0.277675 0.604075 -0.00035801 0.00104655 3.24858e+07 1.29383e+08 6.15339e+07 1.1202e+07 0 1.17061e+08 0 1.29383e+08 1.17061e+08 6.15339e+07 1.1202e+07 0.00188055 -0.000520751 -0.000354387 0.0020892 0.106243
22 29 0 -0.281009 0.195403 -0.000330157 0.000521252 1.05311e+07 4.19428e+07 1.99478e+07 3.63141e+06 0 3.79482e+07 0 4.19428e+07 3.79482e+07 1.99478e+07 3.63141e+06 0.00150865 -0.00224669 -0.00237504 0.004078 0.128387
28 29 1 -0.158314 0.390407 -0.000301588 0.000727678 9.73401e+07 3.87682e+08 1.8438e+08 3.35656e+07 0 3.5076e+08 0 3.87682e+08 3.5076e+08 1.8438e+08 3.35656e+07 0.000819807 -0.000290485 0.000905954 0.00116361 0.115383
21 29 2 -0.370884 0.385667 -0.000494594 0.000760214 1.29391e+08 5.15333e+08 2.4509e+08 4.46176e+07 0 4.66254e+08 0 5.15333e+08 4.66254e+08 2.4509e+08 4.46176e+07 0.000728848 0.00103885 6.73714e-05 0.000276529 0.116403
29 30 0 -0.0845501 0.196139 -0.000168612 0.00037606 6.17359e+07 2.45879e+08 1.16939e+08 2.12883e+07 0 2.22462e+08 0 2.45879e+08 2.22462e+08 1.16939e+08 2.12883e+07 0.000341163 -0.000156873 -0.00122904 0.00221925 0.12794
36 30 1 0.0878303 0.359214 -0.00011204 0.000698313 7.27956e+07 2.89927e+08 1.37888e+08 2.51019e+07 0 2.62315e+08 0 2.89927e+08 2.62315e+08 1.37888e+08 2.51019e+07 0.000671532 -0.00019751 0.000655656 0.00149227 0.117043
28 30 2 -0.158314 0.390407 -0.000301588 0.000727678 9.73401e+07 3.87682e+08 1.8438e+08 3.35656e+07 0 3.5076e+08 0 3.87682e+08 3.5076e+08 1.8438e+08 3.35656e+07 0.000819807 -0.000290485 0.000905954 0.00116361 0.115383
22 31 0 -0.281009 0.195403 -0.000330157 0.000521252 1.05311e+07 4.19428e+07 1.99478e+07 3.63141e+06 0 3.79482e+07 0 4.19428e+07 3.79482e+07 1.99478e+07 3.63141e+06 0.00150865 -0.00224669 -0.00237504 0.004078 0.128387
23 31 1 -0.2 1.37941e-24 -5.34767e-27 3.52481e-26 1.11507e+08 4.44107e+08 2.11215e+08 3.84508e+07 0 4.01811e+08 0 4.44107e+08 4.01811e+08 2.11215e+08 3.84508e+07 7.27946e-26 7.66995e-25 -0.000535449 0.00118798 0.145232
29 31 2 -0.0845501 0.196139 -0.000168612 0.00037606 6.17359e+07 2.45879e+08 1.16939e+08 2.12883e+07 0 2.22462e+08 0 2.45879e+08 2.22462e+08 1.16939e+08 2.12883e+07 0.000341163 -0.000156873 -0.00122904 0.00221925 0.12794
15 32 0 -0.587895 0.35339 -0.000649726 0.0004646 1.1863e+08 4.72477e+08 2.24707e+08 4.09071e+07 0 4.27479e+08 0 4.72477e+08 4.27479e+08 2.24707e+08 4.09071e+07 0.000501943 0.000703457 3.72617e-05 0.00103694 0.119447
9 32 1 -0.810435 0.31281 -0.000840332 0.000412056 6.9568e+07 2.77073e+08 1.31774e+08 2.3989e+07 0 2.50685e+08 0 2.77073e+08 2.50685e+08 1.31774e+08 2.3989e+07 0.00120982 -0.000380589 -0.000177803 0.0012066 0.123415
7 32 2 -0.676774 0.171876 -0.000557674 0.000237508 1.03397e+08 4.11807e+08 1.95853e+08 3.56543e+07 0 3.72587e+08 0 4.11807e+08 3.72587e+08 1.95853e+08 3.56543e+07 0.000422822 2.92121e-05 -0.00146825 0.00119332 0.131777
24 33 0 -0.277675 0.604075 -0.00035801 0.00104655 3.24858e+07 1.29383e+08 6.15339e+07 1.1202e+07 0 1.17061e+08 0 1.29383e+08 1.17061e+08 6.15339e+07 1.1202e+07 0.00188055 -0.000520751 -0.000354387 0.0020892 0.106243
17 33 1 -0.497698 0.540824 -0.000641902 0.000769973 7.46859e+07 2.97456e+08 1.41469e+08 2.57538e+07 0 2.69127e+08 0 2.97456e+08 2.69127e+08 1.41469e+08 2.57538e+07 0.000817102 0.00107002 -0.000749417 0.00144684 0.109996
21 33 2 -0.370884 0.385667 -0.000494594 0.000760214 1.29391e+08 5.15333e+08 2.4509e+08 4.46176e+07 0 4.66254e+08 0 5.15333e+08 4.66254e+08 2.4509e+08 4.46176e+07 0.000728848 0.00103885 6.73714e-05 0.000276529 0.116403
12 34 0 -0.730407 0.484754 -0.000865009 0.000640626 4.99641e+07 1.98995e+08 9.46409e+07 1.7229e+07 0 1.80043e+08 0 1.98995e+08 1.80043e+08 9.46409e+07 1.7229e+07 0.00144385 -0.000672725 -0.001204 0.00167638 0.114477
9 34 1 -0.810435 0.31281 -0.000840332 0.000412056 6.9568e+07 2.77073e+08 1.31774e+08 2.3989e+07 0 2.50685e+08 0 2.77073e+08 2.50685e+08 1.31774e+08 2.3989e+07 0.00120982 -0.000380589 -0.000177803 0.0012066 0.123415
15 34 2 -0.587895 0.35339 -0.000649726 0.0004646 1.1863e+08 4.72477e+08 2.24707e+08 4.09071e+07 0 4.27479e+08 0 4.72477e+08 4.27479e+08 2.24707e+08 4.09071e+07 0.000501943 0.000703457 3.72617e-05 0.00103694 0.119447
12 35 0 -0.730407 0.484754 -0.000865009 0.000640626 4.99641e+07 1.98995e+08 9.46409e+07 1.7229e+07 0 1.80043e+08 0 1.98995e+08 1.80043e+08 9.46409e+07 1.7229e+07 0.00144385 -0.000672725 -0.001204 0.00167638 0.114477
17 35 1 -0.497698 0.540824 -0.000641902 0.000769973 7.46859e+07 2.97456e+08 1.41469e+08 2.57538e+07 0 2.69127e+08 0 2.97456e+08 2.69127e+08 1.41469e+08 2.57538e+07 0.000817102 0.00107002 -0.000749417 0.00144684 0.109996
10 35 2 -0.63846 0.664233 -0.000906443 0.000967411 4.17508e+07 1.66283e+08 7.90835e+07 1.43968e+07 0 1.50447e+08 0 1.66283e+08 1.50447e+08 7.90835e+07 1.43968e+07 0.00168208 -0.000601945 -0.000687217 0.00228678 0.10744
5 36 0 -0.972112 0.410924 -0.00126365 0.00087421 2.17683e+07 8.6698e+07 4.12331e+07 7.50632e+06 0 7.84411e+07 0 8.6698e+07 7.84411e+07 4.12331e+07 7.50632e+06 0.00302399 -0.00308878 -0.00210698 0.0033459 0.120641
12 36 1 -0.730407 0.484754 -0.000865009 0.000640626 4.99641e+07 1.98995e+08 9.46409e+07 1.7229e+07 0 1.80043e+08 0 1.98995e+08 1.80043e+08 9.46409e+07 1.7229e+07 0.00144385 -0.000672725 -0.001204 0.00167638 0.114477
6 36 2 -0.877799 0.597272 -0.00127338 0.00110141 3.77223e+07 1.50239e+08 7.14529e+07 1.30077e+07 0 1.3593e+08 0 1.50239e+08 1.3593e+08 7.14529e+07 1.30077e+07 0.00208895 -0.00214409 -0.00203747 0.00232511 0.11283
15 37 0 -0.587895 0.35339 -0.000649726 0.0004646 1.1863e+08 4.72477e+08 2.24707e+08 4.09071e+07 0 4.27479e+08 0 4.72477e+08 4.27479e+08 2.24707e+08 4.09071e+07 0.000501943 0.000703457 3.72617e-05 0.00103694 0.119447
17 37 1 -0.497698 0.540824 -0.000641902 0.000769973 7.46859e+07 2.97456e+08 1.41469e+08 2.57538e+07 0 2.69127e+08 0 2.97456e+08 2.69127e+08 1.41469e+08 2.57538e+07 0.000817102 0.00107002 -0.000749417 0.00144684 0.109996
12 37 2 -0.730407 0.484754 -0.000865009 0.000640626 4.99641e+07 1.98995e+08 9.46409e+07 1.7229e+07 0 1.80043e+08 0 1.98995e+08 1.80043e+08 9.46409e+07 1.7229e+07 0.00144385 -0.000672725 -0.001204 0.00167638 0.114477
37 38 0 0.0933135 0.165248 -6.23392e-05 0.000329326 5.18077e+07 2.06338e+08 9.81331e+07 1.78647e+07 0 1.86686e+08 0 2.06338e+08 1.86686e+08 9.81331e+07 1.78647e+07 0.00052047 0.000444212 -0.00113443 0.00231936 0.130349
30 38 1 2.49704e-17 1.42863e-24 -5.62399e-28 3.67509e-26 9.74921e+07 3.88287e+08 1.84667e+08 3.36179e+07 0 3.51308e+08 0 3.88287e+08 3.51308e+08 1.84667e+08 3.36179e+07 -6.38183e-05 -0.000131192 -0.000370712 0.00149119 0.145034
38 38 2 0.2 1.43418e-24 1.60072e-27 3.85941e-26 6.99314e+07 2.7852e+08 1.32463e+08 2.41143e+07 0 2.51994e+08 0 2.7852e+08 2.51994e+08 1.32463e+08 2.41143e+07 -4.10622e-26 8.50917e-25 0.000232049 0.00237929 0.145219
10 39 0 -0.63846 0.664233 -0.000906443 0.000967411 4.17508e+07 1.66283e+08 7.90835e+07 1.43968e+07 0 1.50447e+08 0 1.66283e+08 1.50447e+08 7.90835e+07 1.43968e+07 0.00168208 -0.000601945 -0.000687217 0.00228678 0.10744
18 39 1 -0.447618 0.752665 -0.000646977 0.00120121 5.18515e+07 2.06512e+08 9.82161e+07 1.78798e+07 0 1.86844e+08 0 2.06512e+08 1.86844e+08 9.82161e+07 1.78798e+07 0.00147715 0.000947586 -3.44693e-05 0.00186067 0.103246
11 39 2 -0.58807 0.896272 -0.000950676 0.00151552 3.55276e+07 1.41498e+08 6.72956e+07 1.22509e+07 0 1.28022e+08 0 1.41498e+08 1.28022e+08 6.72956e+07 1.22509e+07 0.0019968 -0.000666313 -0.00079749 0.00279172 0.102669
6 40 0 -0.877799 0.597272 -0.00127338 0.00110141 3.77223e+07 1.50239e+08 7.14529e+07 1.30077e+07 0 1.3593e+08 0 1.50239e+08 1.3593e+08 7.14529e+07 1.30077e+07 0.00208895 -0.00214409 -0.00203747 0.00232511 0.11283
10 40 1 -0.63846 0.664233 -0.000906443 0.000967411 4.17508e+07 1.66283e+08 7.90835e+07 1.43968e+07 0 1.50447e+08 0 1.66283e+08 1.50447e+08 7.90835e+07 1.43968e+07 0.00168208 -0.000601945 -0.000687217 0.00228678 0.10744
4 40 2 -0.749198 0.761105 -0.00123515 0.00133984 2.71224e+07 1.08022e+08 5.13746e+07 9.35254e+06 0 9.77341e+07 0 1.08022e+08 9.77341e+07 5.13746e+07 9.35254e+06 0.00266086 -0.00141544 -0.00122425 0.00337956 0.106959
17 41 0 -0.497698 0.540824 -0.000641902 0.000769973 7.46859e+07 2.97456e+08 1.41469e+08 2.57538e+07 0 2.69127e+08 0 2.97456e+08 2.69127e+08 1.41469e+08 2.57538e+07 0.000817102 0.00107002 -0.000749417 0.00144684 0.109996
18 41 1 -0.447618 0.752665 -0.000646977 0.00120121 5.18515e+07 2.06512e+08 9.82161e+07 1.78798e+07 0 1.86844e+08 0 2.06512e+08 1.86844e+08 9.82161e+07 1.78798e+07 0.00147715 0.000947586 -3.44693e-05 0.00186067 0.103246
10 41 2 -0.63846 0.664233 -0.000906443 0.000967411 4.17508e+07 1.66283e+08 7.90835e+07 1.43968e+07 0 1.50447e+08 0 1.66283e+08 1.50447e+08 7.90835e+07 1.43968e+07 0.00168208 -0.000601945 -0.000687217 0.00228678 0.10744
23 42 0 -0.2 1.37941e-24 -5.34767e-27 3.52481e-26 1.11507e+08 4.44107e+08 2.11215e+08 3.84508e+07 0 4.01811e+08 0 4.44107e+08 4.01811e+08 2.11215e+08 3.84508e+07 7.27946e-26 7.66995e-25 -0.000535449 0.00118798 0.145232
30 42 1 2.49704e-17 1.42863e-24 -5.62399e-28 3.67509e-26 9.74921e+07 3.88287e+08 1.84667e+08 3.36179e+07 0 3.51308e+08 0 3.88287e+08 3.51308e+08 1.84667e+08 3.36179e+07 -6.38183e-05 -0.000131192 -0.000370712 0.00149119 0.145034
29 42 2 -0.0845501 0.196139 -0.000168612 0.00037606 6.17359e+07 2.45879e+08 1.16939e+08 2.12883e+07 0 2.22462e+08 0 2.45879e+08 2.22462e+08 1.16939e+08 2.12883e+07 0.000341163 -0.000156873 -0.00122904 0.00221925 0.12794
26 43 0 0.0152296 0.923433 -7.24904e-06 0.00147249 3.52916e+07 1.40558e+08 6.68486e+07 1.21695e+07 0 1.27171e+08 0 1.40558e+08 1.27171e+08 6.68486e+07 1.21695e+07 0.0013578 -0.000912579 -0.000620072 0.00214701 0.0983301
34 43 1 0.221273 0.866124 0.000228877 0.00144231 1.33923e+08 5.33384e+08 2.53675e+08 4.61804e+07 0 4.82586e+08 0 5.33384e+08 4.82586e+08 2.53675e+08 4.61804e+07 0.000572303 0.000992373 -0.00024681 0.00054235 0.099555
33 43 2 0.208647 1.05381 7.63404e-05 0.00158606 1.19025e+08 4.74049e+08 2.25455e+08 4.10432e+07 0 4.28902e+08 0 4.74049e+08 4.28902e+08 2.25455e+08 4.10432e+07 0.000329409 0.000786295 -0.000889964 0.000928543 0.0980793
20 44 0 -0.203922 1.05505 -0.00031414 0.00182708 4.12656e+07 1.64351e+08 7.81645e+07 1.42295e+07 0 1.48699e+08 0 1.64351e+08 1.48699e+08 7.81645e+07 1.42295e+07 0.00156609 -0.000190597 0.000859438 0.0023783 0.0980975
19 44 1 -0.286376 0.841998 -0.000447524 0.00145209 8.01187e+07 3.19093e+08 1.51759e+08 2.76271e+07 0 2.88704e+08 0 3.19093e+08 2.88704e+08 1.51759e+08 2.76271e+07 0.000752716 5.16482e-05 -0.000456906 0.00110545 0.100329
25 44 2 -0.12686 0.788405 -0.000216019 0.0012404 5.54843e+07 2.20981e+08 1.05097e+08 1.91325e+07 0 1.99935e+08 0 2.20981e+08 1.99935e+08 1.05097e+08 1.91325e+07 0.00154229 -0.000955787 -0.00069706 0.00169079 0.100582
31 45 0 -0.063324 0.566786 -0.000112854 0.000891829 1.16396e+08 4.63577e+08 2.20475e+08 4.01365e+07 0 4.19427e+08 0 4.63577e+08 4.19427e+08 2.20475e+08 4.01365e+07 0.00069169 4.04729e-05 -4.93505e-05 0.000735758 0.106975
36 45 1 0.0878303 0.359214 -0.00011204 0.000698313 7.27956e+07 2.89927e+08 1.37888e+08 2.51019e+07 0 2.62315e+08 0 2.89927e+08 2.62315e+08 1.37888e+08 2.51019e+07 0.000671532 -0.00019751 0.000655656 0.00149227 0.117043
35 45 2 0.118055 0.559084 5.39872e-05 0.000930575 8.17831e+07 3.25722e+08 1.54912e+08 2.82011e+07 0 2.94701e+08 0 3.25722e+08 2.94701e+08 1.54912e+08 2.82011e+07 0.00108323 1.14492e-05 -0.000176699 0.00101541 0.107353
25 46 0 -0.12686 0.788405 -0.000216019 0.0012404 5.54843e+07 2.20981e+08 1.05097e+08 1.91325e+07 0 1.99935e+08 0 2.20981e+08 1.99935e+08 1.05097e+08 1.91325e+07 0.00154229 -0.000955787 -0.00069706 0.00169079 0.100582
24 46 1 -0.277675 0.604075 -0.00035801 0.00104655 3.24858e+07 1.29383e+08 6.15339e+07 1.1202e+07 0 1.17061e+08 0 1.29383e+08 1.17061e+08 6.15339e+07 1.1202e+07 0.00188055 -0.000520751 -0.000354387 0.0020892 0.106243
31 46 2 -0.063324 0.566786 -0.000112854 0.000891829 1.16396e+08 4.63577e+08 2.20475e+08 4.01365e+07 0 4.19427e+08 0 4.63577e+08 4.19427e+08 2.20475e+08 4.01365e+07 0.00069169 4.04729e-05 -4.93505e-05 0.000735758 0.106975
13 47 0 -0.402992 0.994823 -0.000672494 0.00172458 4.17667e+07 1.66347e+08 7.91136e+07 1.44023e+07 0 1.50504e+08 0 1.66347e+08 1.50504e+08 7.91136e+07 1.44023e+07 0.00185478 0.000245104 -0.000790305 0.00224209 0.0997787
19 47 1 -0.286376 0.841998 -0.000447524 0.00145209 8.01187e+07 3.19093e+08 1.51759e+08 2.76271e+07 0 2.88704e+08 0 3.19093e+08 2.88704e+08 1.51759e+08 2.76271e+07 0.000752716 5.16482e-05 -0.000456906 0.00110545 0.100329
20 47 2 -0.203922 1.05505 -0.00031414 0.00182708 4.12656e+07 1.64351e+08 7.81645e+07 1.42295e+07 0 1.48699e+08 0 1.64351e+08 1.48699e+08 7.81645e+07 1.42295e+07 0.00156609 -0.000190597 0.000859438 0.0023783 0.0980975
13 48 0 -0.402992 0.994823 -0.000672494 0.00172458 4.17667e+07 1.66347e+08 7.91136e+07 1.44023e+07 0 1.50504e+08 0 1.66347e+08 1.50504e+08 7.91136e+07 1.44023e+07 0.00185478 0.000245104 -0.000790305 0.00224209 0.0997787
11 48 1 -0.58807 0.896272 -0.000950676 0.00151552 3.55276e+07 1.41498e+08 6.72956e+07 1.22509e+07 0 1.28022e+08 0 1.41498e+08 1.28022e+08 6.72956e+07 1.22509e+07 0.0019968 -0.000666313 -0.00079749 0.00279172 0.102669
18 48 2 -0.447618 0.752665 -0.000646977 0.00120121 5.18515e+07 2.06512e+08 9.82161e+07 1.78798e+07 0 1.86844e+08 0 2.06512e+08 1.86844e+08 9.82161e+07 1.78798e+07 0.00147715 0.000947586 -3.44693e-05 0.00186067 0.103246
43 49 0 0.348742 0.341621 1.46543e-05 0.000808888 2.97625e+07 1.18537e+08 5.63755e+07 1.02629e+07 0 1.07248e+08 0 1.18537e+08 1.07248e+08 5.63755e+07 1.02629e+07 0.00060574 0.00163828 0.0015943 0.00395459 0.118742
44 49 1 0.269642 0.183917 -2.8079e-05 0.000349013 1.01274e+08 4.0335e+08 1.91831e+08 3.49221e+07 0 3.64936e+08 0 4.0335e+08 3.64936e+08 1.91831e+08 3.49221e+07 -0.000150589 -0.000103594 -0.000792362 0.00187509 0.129184
50 49 2 0.47958 0.180146 0.000125106 0.000306841 1.93192e+07 7.69438e+07 3.65941e+07 6.6618e+06 0 6.96158e+07 0 7.69438e+07 6.96158e+07 3.65941e+07 6.6618e+06 0.00236322 -6.13015e-05 -0.000349879 0.00243006 0.130188
26 50 0 0.0152296 0.923433 -7.24904e-06 0.00147249 3.52916e+07 1.40558e+08 6.68486e+07 1.21695e+07 0 1.27171e+08 0 1.40558e+08 1.27171e+08 6.68486e+07 1.21695e+07 0.0013578 -0.000912579 -0.000620072 0.00214701 0.0983301
20 50 1 -0.203922 1.05505 -0.00031414 0.00182708 4.12656e+07 1.64351e+08 7.81645e+07 1.42295e+07 0 1.48699e+08 0 1.64351e+08 1.48699e+08 7.81645e+07 1.42295e+07 0.00156609 -0.000190597 0.000859438 0.0023783 0.0980975
25 50 2 -0.12686 0.788405 -0.000216019 0.0012404 5.54843e+07 2.20981e+08 1.05097e+08 1.91325e+07 0 1.99935e+08 0 2.20981e+08 1.99935e+08 1.05097e+08 1.91325e+07 0.00154229 -0.000955787 -0.00069706 0.00169079 0.100582
36 51 0 0.0878303 0.359214 -0.00011204 0.000698313 7.27956e+07 2.89927e+08 1.37888e+08 2.51019e+07 0 2.62315e+08 0 2.89927e+08 2.62315e+08 1.37888e+08 2.51019e+07 0.000671532 -0.00019751 0.000655656 0.00149227 0.117043
31 51 1 -0.063324 0.566786 -0.000112854 0.000891829 1.16396e+08 4.63577e+08 2.20475e+08 4.01365e+07 0 4.19427e+08 0 4.63577e+08 4.19427e+08 2.20475e+08 4.01365e+07 0.00069169 4.04729e-05 -4.93505e-05 0.000735758 0.106975
28 51 2 -0.158314 0.390407 -0.000301588 0.000727678 9.73401e+07 3.87682e+08 1.8438e+08 3.35656e+07 0 3.5076e+08 0 3.87682e+08 3.5076e+08 1.8438e+08 3.35656e+07 0.000819807 -0.000290485 0.000905954 0.00116361 0.115383
37 52 0 0.0933135 0.165248 -6.23392e-05 0.000329326 5.18077e+07 2.06338e+08 9.81331e+07 1.78647e+07 0 1.86686e+08 0 2.06338e+08 1.86686e+08 9.81331e+07 1.78647e+07 0.00052047 0.000444212 -0.00113443 0.00231936 0.130349
36 52 1 0.0878303 0.359214 -0.00011204 0.000698313 7.27956e+07 2.89927e+08 1.37888e+08 2.51019e+07 0 2.62315e+08 0 2.89927e+08 2.62315e+08 1.37888e+08 2.51019e+07 0.000671532 -0.00019751 0.000655656 0.00149227 0.117043
29 52 2 -0.0845501 0.196139 -0.000168612 0.00037606 6.17359e+07 2.45879e+08 1.16939e+08 2.12883e+07 0 2.22462e+08 0 2.45879e+08 2.22462e+08 1.16939e+08 2.12883e+07 0.000341163 -0.000156873 -0.00122904 0.00221925 0.12794
30 53 0 2.49704e-17 1.42863e-24 -5.62399e-28 3.67509e-26 9.74921e+07 3.88287e+08 1.84667e+08 3.36179e+07 0 3.51308e+08 0 3.88287e+08 3.51308e+08 1.84667e+08 3.36179e+07 -6.38183e-05 -0.000131192 -0.000370712 0.00149119 0.145034
37 53 1 0.0933135 0.165248 -6.23392e-05 0.000329326 5.18077e+07 2.06338e+08 9.81331e+07 1.78647e+07 0 1.86686e+08 0 2.06338e+08 1.86686e+08 9.81331e+07 1.78647e+07 0.00052047 0.000444212 -0.00113443 0.00231936 0.130349
29 53 2 -0.0845501 0.196139 -0.000168612 0.00037606 6.17359e+07 2.45879e+08 1.16939e+08 2.12883e+07 0 2.22462e+08 0 2.45879e+08 2.22462e+08 1.16939e+08 2.12883e+07 0.000341163 -0.000156873 -0.00122904 0.00221925 0.12794
44 54 0 0.269642 0.183917 -2.8079e-05 0.000349013 1.01274e+08 4.0335e+08 1.91831e+08 3.49221e+07 0 3.64936e+08 0 4.0335e+08 3.64936e+08 1.91831e+08 3.49221e+07 -0.000150589 -0.000103594 -0.000792362 0.00187509 0.129184
43 54 1 0.348742 0.341621 1.46543e-05 0.000808888 2.97625e+07 1.18537e+08 5.63755e+07 1.02629e+07 0 1.07248e+08 0 1.18537e+08 1.07248e+08 5.63755e+07 1.02629e+07 0.00060574 0.00163828 0.0015943 0.00395459 0.118742
36 54 2 0.0878303 0.359214 -0.00011204 0.000698313 7.27956e+07 2.89927e+08 1.37888e+08 2.51019e+07 0 2.62315e+08 0 2.89927e+08 2.62315e+08 1.37888e+08 2.51019e+07 0.000671532 -0.00019751 0.000655656 0.00149227 0.117043
38 55 0 0.2 1.43418e-24 1.60072e-27 3.85941e-26 6.99314e+07 2.7852e+08 1.32463e+08 2.41143e+07 0 2.51994e+08 0 2.7852e+08 2.51994e+08 1.32463e+08 2.41143e+07 -4.10622e-26 8.50917e-25 0.000232049 0.00237929 0.145219
44 55 1 0.269642 0.183917 -2.8079e-05 0.000349013 1.01274e+08 4.0335e+08 1.91831e+08 3.49221e+07 0 3.64936e+08 0 4.0335e+08 3.64936e+08 1.91831e+08 3.49221e+07 -0.000150589 -0.000103594 -0.000792362 0.00187509 0.129184
37 55 2 0.0933135 0.165248 -6.23392e-05 0.000329326 5.18077e+07 2.06338e+08 9.81331e+07 1.78647e+07 0 1.86686e+08 0 2.06338e+08 1.86686e+08 9.81331e+07 1.78647e+07 0.00052047 0.000444212 -0.00113443 0.00231936 0.130349
38 56 0 0.2 1.43418e-24 1.60072e-27 3.85941e-26 6.99314e+07 2.7852e+08 1.32463e+08 2.41143e+07 0 2.51994e+08 0 2.7852e+08 2.51994e+08 1.32463e+08 2.41143e+07 -4.10622e-26 8.50917e-25 0.000232049 0.00237929 0.145219
45 56 1 0.4 1.40577e-24 8.06003e-29 3.35764e-26 8.4901e+07 3.3814e+08 1.60818e+08 2.92762e+07 0 3.05936e+08 0 3.3814e+08 3.05936e+08 1.60818e+08 2.92762e+07 -4.84838e-26 3.60548e-25 0.000516458 0.00128438 0.145729
44 56 2 0.269642 0.183917 -2.8079e-05 0.000349013 1.01274e+08 4.0335e+08 1.91831e+08 3.49221e+07 0 3.64936e+08 0 4.0335e+08 3.64936e+08 1.91831e+08 3.49221e+07 -0.000150589 -0.000103594 -0.000792362 0.00187509 0.129184
39 57 0 0.296899 0.670405 0.000244044 0.00123072 4.53137e+07 1.80474e+08 8.58323e+07 1.56254e+07 0 1.63286e+08 0 1.80474e+08 1.63286e+08 8.58323e+07 1.56254e+07 0.00109024 0.00187131 0.00055451 0.00237156 0.104166
47 57 1 0.453203 0.52446 0.000395226 0.00143849 7.91179e+07 3.15107e+08 1.49863e+08 2.7282e+07 0 2.85097e+08 0 3.15107e+08 2.85097e+08 1.49863e+08 2.7282e+07 0.00173979 0.00507269 0.00160448 0.00040281 0.110242
46 57 2 0.534327 0.700002 0.000699753 0.00194859 2.71655e+07 1.08194e+08 5.14564e+07 9.36743e+06 0 9.78896e+07 0 1.08194e+08 9.78896e+07 5.14564e+07 9.36743e+06 0.00193632 0.00219924 0.000342687 0.00204827 0.105264
34 58 0 0.221273 0.866124 0.000228877 0.00144231 1.33923e+08 5.33384e+08 2.53675e+08 4.61804e+07 0 4.82586e+08 0 5.33384e+08 4.82586e+08 2.53675e+08 4.61804e+07 0.000572303 0.000992373 -0.00024681 0.00054235 0.099555
39 58 1 0.296899 0.670405 0.000244044 0.00123072 4.53137e+07 1.80474e+08 8.58323e+07 1.56254e+07 0 1.63286e+08 0 1.80474e+08 1.63286e+08 8.58323e+07 1.56254e+07 0.00109024 0.00187131 0.00055451 0.00237156 0.104166
41 58 2 0.404486 0.8198 0.000447575 0.00178043 4.78966e+07 1.90761e+08 9.07248e+07 1.65161e+07 0 1.72593e+08 0 1.90761e+08 1.72593e+08 9.07248e+07 1.65161e+07 0.00206355 0.00300913 -0.000100972 0.00147298 0.101515
42 59 0 0.260875 0.479828 0.00013838 0.000930962 1.55655e+08 6.19935e+08 2.94838e+08 5.3674e+07 0 5.60894e+08 0 6.19935e+08 5.60894e+08 2.94838e+08 5.3674e+07 0.000517652 0.00125385 0.00072127 0.000553547 0.111131
43 59 1 0.348742 0.341621 1.46543e-05 0.000808888 2.97625e+07 1.18537e+08 5.63755e+07 1.02629e+07 0 1.07248e+08 0 1.18537e+08 1.07248e+08 5.63755e+07 1.02629e+07 0.00060574 0.00163828 0.0015943 0.00395459 0.118742
47 59 2 0.453203 0.52446 0.000395226 0.00143849 7.91179e+07 3.15107e+08 1.49863e+08 2.7282e+07 0 2.85097e+08 0 3.15107e+08 2.85097e+08 1.49863e+08 2.7282e+07 0.00173979 0.00507269 0.00160448 0.00040281 0.110242
35 60 0 0.118055 0.559084 5.39872e-05 0.000930575 8.17831e+07 3.25722e+08 1.54912e+08 2.82011e+07 0 2.94701e+08 0 3.25722e+08 2.94701e+08 1.54912e+08 2.82011e+07 0.00108323 1.14492e-05 -0.000176699 0.00101541 0.107353
42 60 1 0.260875 0.479828 0.00013838 0.000930962 1.55655e+08 6.19935e+08 2.94838e+08 5.3674e+07 0 5.60894e+08 0 6.19935e+08 5.60894e+08 2.94838e+08 5.3674e+07 0.000517652 0.00125385 0.00072127 0.000553547 0.111131
39 60 2 0.296899 0.670405 0.000244044 0.00123072 4.53137e+07 1.80474e+08 8.58323e+07 1.56254e+07 0 1.63286e+08 0 1.80474e+08 1.63286e+08 8.58323e+07 1.56254e+07 0.00109024 0.00187131 0.00055451 0.00237156 0.104166
35 61 0 0.118055 0.559084 5.39872e-05 0.000930575 8.17831e+07 3.25722e+08 1.54912e+08 2.82011e+07 0 2.94701e+08 0 3.25722e+08 2.94701e+08 1.54912e+08 2.82011e+07 0.00108323 1.14492e-05 -0.000176699 0.00101541 0.107353
36 61 1 0.0878303 0.359214 -0.00011204 0.000698313 7.27956e+07 2.89927e+08 1.37888e+08 2.51019e+07 0 2.62315e+08 0 2.89927e+08 2.62315e+08 1.37888e+08 2.51019e+07 0.000671532 -0.00019751 0.000655656 0.00149227 0.117043
42 61 2 0.260875 0.479828 0.00013838 0.000930962 1.55655e+08 6.19935e+08 2.94838e+08 5.3674e+07 0 5.60894e+08 0 6.19935e+08 5.60894e+08 2.94838e+08 5.3674e+07 0.000517652 0.00125385 0.00072127 0.000553547 0.111131
31 62 0 -0.063324 0.566786 -0.000112854 0.000891829 1.16396e+08 4.63577e+08 2.20475e+08 4.01365e+07 0 4.19427e+08 0 4.63577e+08 4.19427e+08 2.20475e+08 4.01365e+07 0.00069169 4.04729e-05 -4.93505e-05 0.000735758 0.106975
35 62 1 0.118055 0.559084 5.39872e-05 0.000930575 8.17831e+07 3.25722e+08 1.54912e+08 2.82011e+07 0 2.94701e+08 0 3.25722e+08 2.94701e+08 1.54912e+08 2.82011e+07 0.00108323 1.14492e-05 -0.000176699 0.00101541 0.107353
32 62 2 0.0762013 0.733027 5.06499e-05 0.00115196 5.85596e+07 2.33229e+08 1.10922e+08 2.0193e+07 0 2.11017e+08 0 2.33229e+08 2.11017e+08 1.10922e+08 2.0193e+07 0.001204 0.00100223 0.000988847 0.00164656 0.101721
36 63 0 0.0878303 0.359214 -0.00011204 0.000698313 7.27956e+07 2.89927e+08 1.37888e+08 2.51019e+07 0 2.62315e+08 0 2.89927e+08 2.62315e+08 1.37888e+08 2.51019e+07 0.000671532 -0.00019751 0.000655656 0.00149227 0.117043
43 63 1 0.348742 0.341621 1.46543e-05 0.000808888 2.97625e+07 1.18537e+08 5.63755e+07 1.02629e+07 0 1.07248e+08 0 1.18537e+08 1.07248e+08 5.63755e+07 1.02629e+07 0.00060574 0.00163828 0.0015943 0.00395459 0.118742
42 63 2 0.260875 0.479828 0.00013838 0.000930962 1.55655e+08 6.19935e+08 2.94838e+08 5.3674e+07 0 5.60894e+08 0 6.19935e+08 5.60894e+08 2.94838e+08 5.3674e+07 0.000517652 0.00125385 0.00072127 0.000553547 0.111131
37 64 0 0.0933135 0.165248 -6.23392e-05 0.000329326 5.18077e+07 2.06338e+08 9.81331e+07 1.78647e+07 0 1.86686e+08 0 2.06338e+08 1.86686e+08 9.81331e+07 1.78647e+07 0.00052047 0.000444212 -0.00113443 0.00231936 0.130349
44 64 1 0.269642 0.183917 -2.8079e-05 0.000349013 1.01274e+08 4.0335e+08 1.91831e+08 3.49221e+07 0 3.64936e+08 0 4.0335e+08 3.64936e+08 1.91831e+08 3.49221e+07 -0.000150589 -0.000103594 -0.000792362 0.00187509 0.129184
36 64 2 0.0878303 0.359214 -0.00011204 0.000698313 7.27956e+07 2.89927e+08 1.37888e+08 2.51019e+07 0 2.62315e+08 0 2.89927e+08 2.62315e+08 1.37888e+08 2.51019e+07 0.000671532 -0.00019751 0.000655656 0.00149227 0.117043
50 65 0 0.47958 0.180146 0.000125106 0.000306841 1.93192e+07 7.69438e+07 3.65941e+07 6.6618e+06 0 6.96158e+07 0 7.69438e+07 6.96158e+07 3.65941e+07 6.6618e+06 0.00236322 -6.13015e-05 -0.000349879 0.00243006 0.130188
55 65 1 0.681499 0.18944 0.000982873 0.000304267 7.98859e+06 3.18166e+07 1.51318e+07 2.75469e+06 0 2.87865e+07 0 3.18166e+07 2.87865e+07 1.51318e+07 2.75469e+06 0.00203171 0.00115945 0.00589273 0.0028983 0.13045
49 65 2 0.568835 0.364901 0.00064754 0.00165151 2.14216e+06 8.53172e+06 4.05764e+06 738677 0 7.71918e+06 0 8.53172e+06 7.71918e+06 4.05764e+06 738677 0.00390134 0.00139076 -0.000679022 0.0016111 0.118675
26 66 0 0.0152296 0.923433 -7.24904e-06 0.00147249 3.52916e+07 1.40558e+08 6.68486e+07 1.21695e+07 0 1.27171e+08 0 1.40558e+08 1.27171e+08 6.68486e+07 1.21695e+07 0.0013578 -0.000912579 -0.000620072 0.00214701 0.0983301
33 66 1 0.208647 1.05381 7.63404e-05 0.00158606 1.19025e+08 4.74049e+08 2.25455e+08 4.10432e+07 0 4.28902e+08 0 4.74049e+08 4.28902e+08 2.25455e+08 4.10432e+07 0.000329409 0.000786295 -0.000889964 0.000928543 0.0980793
27 66 2 0.00235835 1.0764 -3.65604e-05 0.00168917 1.20974e+08 4.81811e+08 2.29147e+08 4.17153e+07 0 4.35925e+08 0 4.81811e+08 4.35925e+08 2.29147e+08 4.17153e+07 0.000718 -0.000899377 0.000411501 0.000533648 0.0975389
44 67 0 0.269642 0.183917 -2.8079e-05 0.000349013 1.01274e+08 4.0335e+08 1.91831e+08 3.49221e+07 0 3.64936e+08 0 4.0335e+08 3.64936e+08 1.91831e+08 3.49221e+07 -0.000150589 -0.000103594 -0.000792362 0.00187509 0.129184
45 67 1 0.4 1.40577e-24 8.06003e-29 3.35764e-26 8.4901e+07 3.3814e+08 1.60818e+08 2.92762e+07 0 3.05936e+08 0 3.3814e+08 3.05936e+08 1.60818e+08 2.92762e+07 -4.84838e-26 3.60548e-25 0.000516458 0.00128438 0.145729
50 67 2 0.47958 0.180146 0.000125106 0.000306841 1.93192e+07 7.69438e+07 3.65941e+07 6.6618e+06 0 6.96158e+07 0 7.69438e+07 6.96158e+07 3.65941e+07 6.6618e+06 0.00236322 -6.13015e-05 -0.000349879 0.00243006 0.130188
40 68 0 0.401227 0.99517 0.000198731 0.00190044 1.68752e+08 6.72099e+08 3.19647e+08 5.81904e+07 0 6.08089e+08 0 6.72099e+08 6.08089e+08 3.19647e+08 5.81904e+07 0.000345766 0.00293076 -0.00169864 0.000471237 0.0996857
33 68 1 0.208647 1.05381 7.63404e-05 0.00158606 1.19025e+08 4.74049e+08 2.25455e+08 4.10432e+07 0 4.28902e+08 0 4.74049e+08 4.28902e+08 2.25455e+08 4.10432e+07 0.000329409 0.000786295 -0.000889964 0.000928543 0.0980793
34 68 2 0.221273 0.866124 0.000228877 0.00144231 1.33923e+08 5.33384e+08 2.53675e+08 4.61804e+07 0 4.82586e+08 0 5.33384e+08 4.82586e+08 2.53675e+08 4.61804e+07 0.000572303 0.000992373 -0.00024681 0.00054235 0.099555
41 69 0 0.404486 0.8198 0.000447575 0.00178043 4.78966e+07 1.90761e+08 9.07248e+07 1.65161e+07 0 1.72593e+08 0 1.90761e+08 1.72593e+08 9.07248e+07 1.65161e+07 0.00206355 0.00300913 -0.000100972 0.00147298 0.101515
40 69 1 0.401227 0.99517 0.000198731 0.00190044 1.68752e+08 6.72099e+08 3.19647e+08 5.81904e+07 0 6.08089e+08 0 6.72099e+08 6.08089e+08 3.19647e+08 5.81904e+07 0.000345766 0.00293076 -0.00169864 0.000471237 0.0996857
34 69 2 0.221273 0.866124 0.000228877 0.00144231 1.33923e+08 5.33384e+08 2.53675e+08 4.61804e+07 0 4.82586e+08 0 5.33384e+08 4.82586e+08 2.53675e+08 4.61804e+07 0.000572303 0.000992373 -0.00024681 0.00054235 0.099555
32 70 0 0.0762013 0.733027 5.06499e-05 0.00115196 5.85596e+07 2.33229e+08 1.10922e+08 2.0193e+07 0 2.11017e+08 0 2.33229e+08 2.11017e+08 1.10922e+08 2.0193e+07 0.001204 0.00100223 0.000988847 0.00164656 0.101721
35 70 1 0.118055 0.559084 5.39872e-05 0.000930575 8.17831e+07 3.25722e+08 1.54912e+08 2.82011e+07 0 2.94701e+08 0 3.25722e+08 2.94701e+08 1.54912e+08 2.82011e+07 0.00108323 1.14492e-05 -0.000176699 0.00101541 0.107353
39 70 2 0.296899 0.670405 0.000244044 0.00123072 4.53137e+07 1.80474e+08 8.58323e+07 1.56254e+07 0 1.63286e+08 0 1.80474e+08 1.63286e+08 8.58323e+07 1.56254e+07 0.00109024 0.00187131 0.00055451 0.00237156 0.104166
46 71 0 0.534327 0.700002 0.000699753 0.00194859 2.71655e+07 1.08194e+08 5.14564e+07 9.36743e+06 0 9.78896e+07 0 1.08194e+08 9.78896e+07 5.14564e+07 9.36743e+06 0.00193632 0.00219924 0.000342687 0.00204827 0.105264
48 71 1 0.584437 0.898579 0.000483002 0.00221093 1.70549e+08 6.79255e+08 3.2305e+08 5.88099e+07 0 6.14564e+08 0 6.79255e+08 6.14564e+08 3.2305e+08 5.88099e+07 0.00039322 0.000986295 -0.00278577 0.000529625 0.102536
41 71 2 0.404486 0.8198 0.000447575 0.00178043 4.78966e+07 1.90761e+08 9.07248e+07 1.65161e+07 0 1.72593e+08 0 1.90761e+08 1.72593e+08 9.07248e+07 1.65161e+07 0.00206355 0.00300913 -0.000100972 0.00147298 0.101515
50 72 0 0.47958 0.180146 0.000125106 0.000306841 1.93192e+07 7.69438e+07 3.65941e+07 6.6618e+06 0 6.96158e+07 0 7.69438e+07 6.96158e+07 3.65941e+07 6.6618e+06 0.00236322 -6.13015e-05 -0.000349879 0.00243006 0.130188
45 72 1 0.4 1.40577e-24 8.06003e-29 3.35764e-26 8.4901e+07 3.3814e+08 1.60818e+08 2.92762e+07 0 3.05936e+08 0 3.3814e+08 3.05936e+08 1.60818e+08 2.92762e+07 -4.84838e-26 3.60548e-25 0.000516458 0.00128438 0.145729
51 72 2 0.6 1.42882e-24 1.62222e-27 2.18563e-26 6.53679e+07 2.60345e+08 1.23819e+08 2.25407e+07 0 2.3555e+08 0 2.60345e+08 2.3555e+08 1.23819e+08 2.25407e+07 -0.000332896 5.96201e-05 0.00309601 0.000975395 0.146451
48 73 0 0.584437 0.898579 0.000483002 0.00221093 1.70549e+08 6.79255e+08 3.2305e+08 5.88099e+07 0 6.14564e+08 0 6.79255e+08 6.14564e+08 3.2305e+08 5.88099e+07 0.00039322 0.000986295 -0.00278577 0.000529625 0.102536
46 73 1 0.534327 0.700002 0.000699753 0.00194859 2.71655e+07 1.08194e+08 5.14564e+07 9.36743e+06 0 9.78896e+07 0 1.08194e+08 9.78896e+07 5.14564e+07 9.36743e+06 0.00193632 0.00219924 0.000342687 0.00204827 0.105264
53 73 2 0.746951 0.764504 0.00096914 0.00178089 6.97792e+07 2.77914e+08 1.32174e+08 2.40618e+07 0 2.51446e+08 0 2.77914e+08 2.51446e+08 1.32174e+08 2.40618e+07 0.000799083 -0.00502648 -0.00100682 0.00207176 0.106824
42 74 0 0.260875 0.479828 0.00013838 0.000930962 1.55655e+08 6.19935e+08 2.94838e+08 5.3674e+07 0 5.60894e+08 0 6.19935e+08 5.60894e+08 2.94838e+08 5.3674e+07 0.000517652 0.00125385 0.00072127 0.000553547 0.111131
47 74 1 0.453203 0.52446 0.000395226 0.00143849 7.91179e+07 3.15107e+08 1.49863e+08 2.7282e+07 0 2.85097e+08 0 3.15107e+08 2.85097e+08 1.49863e+08 2.7282e+07 0.00173979 0.00507269 0.00160448 0.00040281 0.110242
39 74 2 0.296899 0.670405 0.000244044 0.00123072 4.53137e+07 1.80474e+08 8.58323e+07 1.56254e+07 0 1.63286e+08 0 1.80474e+08 1.63286e+08 8.58323e+07 1.56254e+07 0.00109024 0.00187131 0.00055451 0.00237156 0.104166
41 75 0 0.404486 0.8198 0.000447575 0.00178043 4.78966e+07 1.90761e+08 9.07248e+07 1.65161e+07 0 1.72593e+08 0 1.90761e+08 1.72593e+08 9.07248e+07 1.65161e+07 0.00206355 0.00300913 -0.000100972 0.00147298 0.101515
48 75 1 0.584437 0.898579 0.000483002 0.00221093 1.70549e+08 6.79255e+08 3.2305e+08 5.88099e+07 0 6.14564e+08 0 6.79255e+08 6.14564e+08 3.2305e+08 5.88099e+07 0.00039322 0.000986295 -0.00278577 0.000529625 0.102536
40 75 2 0.401227 0.99517 0.000198731 0.00190044 1.68752e+08 6.72099e+08 3.19647e+08 5.81904e+07 0 6.08089e+08 0 6.72099e+08 6.08089e+08 3.19647e+08 5.81904e+07 0.000345766 0.00293076 -0.00169864 0.000471237 0.0996857
34 76 0 0.221273 0.866124 0.000228877 0.00144231 1.33923e+08 5.33384e+08 2.53675e+08 4.61804e+07 0 4.82586e+08 0 5.33384e+08 4.82586e+08 2.53675e+08 4.61804e+07 0.000572303 0.000992373 -0.00024681 0.00054235 0.099555
32 76 1 0.0762013 0.733027 5.06499e-05 0.00115196 5.85596e+07 2.33229e+08 1.10922e+08 2.0193e+07 0 2.11017e+08 0 2.33229e+08 2.11017e+08 1.10922e+08 2.0193e+07 0.001204 0.00100223 0.000988847 0.00164656 0.101721
39 76 2 0.296899 0.670405 0.000244044 0.00123072 4.53137e+07 1.80474e+08 8.58323e+07 1.56254e+07 0 1.63286e+08 0 1.80474e+08 1.63286e+08 8.58323e+07 1.56254e+07 0.00109024 0.00187131 0.00055451 0.00237156 0.104166
54 77 0 0.776733 0.38909 0.00137812 0.0011233 2.87481e+07 1.14497e+08 5.4454e+07 9.91313e+06 0 1.03592e+08 0 1.14497e+08 1.03592e+08 5.4454e+07 9.91313e+06 0.00120127 -0.00433191 -0.00556134 0.00294003 0.119157
55 77 1 0.681499 0.18944 0.000982873 0.000304267 7.98859e+06 3.18166e+07 1.51318e+07 2.75469e+06 0 2.87865e+07 0 3.18166e+07 2.87865e+07 1.51318e+07 2.75469e+06 0.00203171 0.00115945 0.00589273 0.0028983 0.13045
59 77 2 0.868847 0.199327 0.0012626 0.000317245 6.87624e+07 2.73864e+08 1.30248e+08 2.37112e+07 0 2.47782e+08 0 2.73864e+08 2.47782e+08 1.30248e+08 2.37112e+07 0.000441925 0.00126691 0.00637107 0.00279586 0.130627
52 78 0 0.668247 0.55807 0.000790421 0.00179029 8.06582e+07 3.21242e+08 1.52781e+08 2.78132e+07 0 2.90648e+08 0 3.21242e+08 2.90648e+08 1.52781e+08 2.78132e+07 0.00180671 -0.00187553 -0.000779229 7.52231e-05 0.111005
54 78 1 0.776733 0.38909 0.00137812 0.0011233 2.87481e+07 1.14497e+08 5.4454e+07 9.91313e+06 0 1.03592e+08 0 1.14497e+08 1.03592e+08 5.4454e+07 9.91313e+06 0.00120127 -0.00433191 -0.00556134 0.00294003 0.119157
57 78 2 0.878836 0.598179 0.00103484 0.00110468 1.47555e+08 5.87675e+08 2.79495e+08 5.0881e+07 0 5.31706e+08 0 5.87675e+08 5.31706e+08 2.79495e+08 5.0881e+07 0.000535561 -0.00265416 0.00142962 0.0002934 0.112779
53 79 0 0.746951 0.764504 0.00096914 0.00178089 6.97792e+07 2.77914e+08 1.32174e+08 2.40618e+07 0 2.51446e+08 0 2.77914e+08 2.51446e+08 1.32174e+08 2.40618e+07 0.000799083 -0.00502648 -0.00100682 0.00207176 0.106824
52 79 1 0.668247 0.55807 0.000790421 0.00179029 8.06582e+07 3.21242e+08 1.52781e+08 2.78132e+07 0 2.90648e+08 0 3.21242e+08 2.90648e+08 1.52781e+08 2.78132e+07 0.00180671 -0.00187553 -0.000779229 7.52231e-05 0.111005
57 79 2 0.878836 0.598179 0.00103484 0.00110468 1.47555e+08 5.87675e+08 2.79495e+08 5.0881e+07 0 5.31706e+08 0 5.87675e+08 5.31706e+08 2.79495e+08 5.0881e+07 0.000535561 -0.00265416 0.00142962 0.0002934 0.112779
46 80 0 0.534327 0.700002 0.000699753 0.00194859 2.71655e+07 1.08194e+08 5.14564e+07 9.36743e+06 0 9.78896e+07 0 1.08194e+08 9.78896e+07 5.14564e+07 9.36743e+06 0.00193632 0.00219924 0.000342687 0.00204827 0.105264
47 80 1 0.453203 0.52446 0.000395226 0.00143849 7.91179e+07 3.15107e+08 1.49863e+08 2.7282e+07 0 2.85097e+08 0 3.15107e+08 2.85097e+08 1.49863e+08 2.7282e+07 0.00173979 0.00507269 0.00160448 0.00040281 0.110242
52 80 2 0.668247 0.55807 0.000790421 0.00179029 8.06582e+07 3.21242e+08 1.52781e+08 2.78132e+07 0 2.90648e+08 0 3.21242e+08 2.90648e+08 1.52781e+08 2.78132e+07 0.00180671 -0.00187553 -0.000779229 7.52231e-05 0.111005
49 81 0 0.568835 0.364901 0.00064754 0.00165151 2.14216e+06 8.53172e+06 4.05764e+06 738677 0 7.71918e+06 0 8.53172e+06 7.71918e+06 4.05764e+06 738677 0.00390134 0.00139076 -0.000679022 0.0016111 0.118675
55 81 1 0.681499 0.18944 0.000982873 0.000304267 7.98859e+06 3.18166e+07 1.51318e+07 2.75469e+06 0 2.87865e+07 0 3.18166e+07 2.87865e+07 1.51318e+07 2.75469e+06 0.00203171 0.00115945 0.00589273 0.0028983 0.13045
54 81 2 0.776733 0.38909 0.00137812 0.0011233 2.87481e+07 1.14497e+08 5.4454e+07 9.91313e+06 0 1.03592e+08 0 1.14497e+08 1.03592e+08 5.4454e+07 9.91313e+06 0.00120127 -0.00433191 -0.00556134 0.00294003 0.119157
52 82 0 0.668247 0.55807 0.000790421 0.00179029 8.06582e+07 3.21242e+08 1.52781e+08 2.78132e+07 0 2.90648e+08 0 3.21242e+08 2.90648e+08 1.52781e+08 2.78132e+07 0.00180671 -0.00187553 -0.000779229 7.52231e-05 0.111005
49 82 1 0.568835 0.364901 0.00064754 0.00165151 2.14216e+06 8.53172e+06 4.05764e+06 738677 0 7.71918e+06 0 8.53172e+06 7.71918e+06 4.05764e+06 738677 0.00390134 0.00139076 -0.000679022 0.0016111 0.118675
54 82 2 0.776733 0.38909 0.00137812 0.0011233 2.87481e+07 1.14497e+08 5.4454e+07 9.91313e+06 0 1.03592e+08 0 1.14497e+08 1.03592e+08 5.4454e+07 9.91313e+06 0.00120127 -0.00433191 -0.00556134 0.00294003 0.119157
47 83 0 0.453203 0.52446 0.000395226 0.00143849 7.91179e+07 3.15107e+08 1.49863e+08 2.7282e+07 0 2.85097e+08 0 3.15107e+08 2.85097e+08 1.49863e+08 2.7282e+07 0.00173979 0.00507269 0.00160448 0.00040281 0.110242
43 83 1 0.348742 0.341621 1.46543e-05 0.000808888 2.97625e+07 1.18537e+08 5.63755e+07 1.02629e+07 0 1.07248e+08 0 1.18537e+08 1.07248e+08 5.63755e+07 1.02629e+07 0.00060574 0.00163828 0.0015943 0.00395459 0.118742
49 83 2 0.568835 0.364901 0.00064754 0.00165151 2.14216e+06 8.53172e+06 4.05764e+06 738677 0 7.71918e+06 0 8.53172e+06 7.71918e+06 4.05764e+06 738677 0.00390134 0.00139076 -0.000679022 0.0016111 0.118675
41 84 0 0.404486 0.8198 0.000447575 0.00178043 4.78966e+07 1.90761e+08 9.07248e+07 1.65161e+07 0 1.72593e+08 0 1.90761e+08 1.72593e+08 9.07248e+07 1.65161e+07 0.00206355 0.00300913 -0.000100972 0.00147298 0.101515
39 84 1 0.296899 0.670405 0.000244044 0.00123072 4.53137e+07 1.80474e+08 8.58323e+07 1.56254e+07 0 1.63286e+08 0 1.80474e+08 1.63286e+08 8.58323e+07 1.56254e+07 0.00109024 0.00187131 0.00055451 0.00237156 0.104166
46 84 2 0.534327 0.700002 0.000699753 0.00194859 2.71655e+07 1.08194e+08 5.14564e+07 9.36743e+06 0 9.78896e+07 0 1.08194e+08 9.78896e+07 5.14564e+07 9.36743e+06 0.00193632 0.00219924 0.000342687 0.00204827 0.105264
43 85 0 0.348742 0.341621 1.46543e-05 0.000808888 2.97625e+07 1.18537e+08 5.63755e+07 1.02629e+07 0 1.07248e+08 0 1.18537e+08 1.07248e+08 5.63755e+07 1.02629e+07 0.00060574 0.00163828 0.0015943 0.00395459 0.118742
50 85 1 0.47958 0.180146 0.000125106 0.000306841 1.93192e+07 7.69438e+07 3.65941e+07 6.6618e+06 0 6.96158e+07 0 7.69438e+07 6.96158e+07 3.65941e+07 6.6618e+06 0.00236322 -6.13015e-05 -0.000349879 0.00243006 0.130188
49 85 2 0.568835 0.364901 0.00064754 0.00165151 2.14216e+06 8.53172e+06 4.05764e+06 738677 0 7.71918e+06 0 8.53172e+06 7.71918e+06 4.05764e+06 738677 0.00390134 0.00139076 -0.000679022 0.0016111 0.118675
52 86 0 0.668247 0.55807 0.000790421 0.00179029 8.06582e+07 3.21242e+08 1.52781e+08 2.78132e+07 0 2.90648e+08 0 3.21242e+08 2.90648e+08 1.52781e+08 2.78132e+07 0.00180671 -0.00187553 -0.000779229 7.52231e-05 0.111005
53 86 1 0.746951 0.764504 0.00096914 0.00178089 6.97792e+07 2.77914e+08 1.32174e+08 2.40618e+07 0 2.51446e+08 0 2.77914e+08 2.51446e+08 1.32174e+08 2.40618e+07 0.000799083 -0.00502648 -0.00100682 0.00207176 0.106824
46 86 2 0.534327 0.700002 0.000699753 0.00194859 2.71655e+07 1.08194e+08 5.14564e+07 9.36743e+06 0 9.78896e+07 0 1.08194e+08 9.78896e+07 5.14564e+07 9.36743e+06 0.00193632 0.00219924 0.000342687 0.00204827 0.105264
55 87 0 0.681499 0.18944 0.000982873 0.000304267 7.98859e+06 3.18166e+07 1.51318e+07 2.75469e+06 0 2.87865e+07 0 3.18166e+07 2.87865e+07 1.51318e+07 2.75469e+06 0.00203171 0.00115945 0.00589273 0.0028983 0.13045
51 87 1 0.6 1.42882e-24 1.62222e-27 2.18563e-26 6.53679e+07 2.60345e+08 1.23819e+08 2.25407e+07 0 2.3555e+08 0 2.60345e+08 2.3555e+08 1.23819e+08 2.25407e+07 -0.000332896 5.96201e-05 0.00309601 0.000975395 0.146451
56 87 2 0.8 1.40684e-24 5.63025e-27 4.72414e-26 1.36393e+08 5.43222e+08 2.58354e+08 4.70322e+07 0 4.91486e+08 0 5.43222e+08 4.91486e+08 2.58354e+08 4.70322e+07 1.79514e-25 7.85717e-25 0.00554778 0.00125485 0.147035
58 88 0 0.975151 0.411536 0.00146223 0.000793705 7.16269e+07 2.85273e+08 1.35674e+08 2.46989e+07 0 2.58104e+08 0 2.85273e+08 2.58104e+08 1.35674e+08 2.46989e+07 0.000634789 -0.000767636 -0.00564208 0.00228575 0.120587
54 88 1 0.776733 0.38909 0.00137812 0.0011233 2.87481e+07 1.14497e+08 5.4454e+07 9.91313e+06 0 1.03592e+08 0 1.14497e+08 1.03592e+08 5.4454e+07 9.91313e+06 0.00120127 -0.00433191 -0.00556134 0.00294003 0.119157
59 88 2 0.868847 0.199327 0.0012626 0.000317245 6.87624e+07 2.73864e+08 1.30248e+08 2.37112e+07 0 2.47782e+08 0 2.73864e+08 2.47782e+08 1.30248e+08 2.37112e+07 0.000441925 0.00126691 0.00637107 0.00279586 0.130627
50 89 0 0.47958 0.180146 0.000125106 0.000306841 1.93192e+07 7.69438e+07 3.65941e+07 6.6618e+06 0 6.96158e+07 0 7.69438e+07 6.96158e+07 3.65941e+07 6.6618e+06 0.00236322 -6.13015e-05 -0.000349879 0.00243006 0.130188
51 89 1 0.6 1.42882e-24 1.62222e-27 2.18563e-26 6.53679e+07 2.60345e+08 1.23819e+08 2.25407e+07 0 2.3555e+08 0 2.60345e+08 2.3555e+08 1.23819e+08 2.25407e+07 -0.000332896 5.96201e-05 0.00309601 0.000975395 0.146451
55 89 2 0.681499 0.18944 0.000982873 0.000304267 7.98859e+06 3.18166e+07 1.51318e+07 2.75469e+06 0 2.87865e+07 0 3.18166e+07 2.87865e+07 1.51318e+07 2.75469e+06 0.00203171 0.00115945 0.00589273 0.0028983 0.13045
47 90 0 0.453203 0.52446 0.000395226 0.00143849 7.91179e+07 3.15107e+08 1.49863e+08 2.7282e+07 0 2.85097e+08 0 3.15107e+08 2.85097e+08 1.49863e+08 2.7282e+07 0.00173979 0.00507269 0.00160448 0.00040281 0.110242
49 90 1 0.568835 0.364901 0.00064754 0.00165151 2.14216e+06 8.53172e+06 4.05764e+06 738677 0 7.71918e+06 0 8.53172e+06 7.71918e+06 4.05764e+06 738677 0.00390134 0.00139076 -0.000679022 0.0016111 0.118675
52 90 2 0.668247 0.55807 0.000790421 0.00179029 8.06582e+07 3.21242e+08 1.52781e+08 2.78132e+07 0 2.90648e+08 0 3.21242e+08 2.90648e+08 1.52781e+08 2.78132e+07 0.00180671 -0.00187553 -0.000779229 7.52231e-05 0.111005
54 91 0 0.776733 0.38909 0.00137812 0.0011233 2.87481e+07 1.14497e+08 5.4454e+07 9.91313e+06 0 1.03592e+08 0 1.14497e+08 1.03592e+08 5.4454e+07 9.91313e+06 0.00120127 -0.00433191 -0.00556134 0.00294003 0.119157
58 91 1 0.975151 0.411536 0.00146223 0.000793705 7.16269e+07 2.85273e+08 1.35674e+08 2.46989e+07 0 2.58104e+08 0 2.85273e+08 2.58104e+08 1.35674e+08 2.46989e+07 0.000634789 -0.000767636 -0.00564208 0.00228575 0.120587
57 91 2 0.878836 0.598179 0.00103484 0.00110468 1.47555e+08 5.87675e+08 2.79495e+08 5.0881e+07 0 5.31706e+08 0 5.87675e+08 5.31706e+08 2.79495e+08 5.0881e+07 0.000535561 -0.00265416 0.00142962 0.0002934 0.112779
56 92 0 0.8 1.40684e-24 5.63025e-27 4.72414e-26 1.36393e+08 5.43222e+08 2.58354e+08 4.70322e+07 0 4.91486e+08 0 5.43222e+08 4.91486e+08 2.58354e+08 4.70322e+07 1.79514e-25 7.85717e-25 0.00554778 0.00125485 0.147035
59 92 1 0.868847 0.199327 0.0012626 0.000317245 6.87624e+07 2.73864e+08 1.30248e+08 2.37112e+07 0 2.47782e+08 0 2.73864e+08 2.47782e+08 1.30248e+08 2.37112e+07 0.000441925 0.00126691 0.00637107 0.00279586 0.130627
55 92 2 0.681499 0.18944 0.000982873 0.000304267 7.98859e+06 3.18166e+07 1.51318e+07 2.75469e+06 0 2.87865e+07 0 3.18166e+07 2.87865e+07 1.51318e+07 2.75469e+06 0.00203171 0.00115945 0.00589273 0.0028983 0.13045
56 93 0 0.8 1.40684e-24 5.63025e-27 4.72414e-26 1.36393e+08 5.43222e+08 2.58354e+08 4.70322e+07 0 4.91486e+08 0 5.43222e+08 4.91486e+08 2.58354e+08 4.70322e+07 1.79514e-25 7.85717e-25 0.00554778 0.00125485 0.147035
60 93 1 1 3.27091e-25 -4.96068e-27 5.28256e-27 9.88461e+07 3.9368e+08 1.87232e+08 3.40849e+07 0 3.56187e+08 0 3.9368e+08 3.56187e+08 1.87232e+08 3.40849e+07 0.00143172 -0.00303073 0.00753037 -0.000773261 0.146286
59 93 2 0.868847 0.199327 0.0012626 0.000317245 6.87624e+07 2.73864e+08 1.30248e+08 2.37112e+07 0 2.47782e+08 0 2.73864e+08 2.47782e+08 1.30248e+08 2.37112e+07 0.000441925 0.00126691 0.00637107 0.00279586 0.130627
58 94 0 0.975151 0.411536 0.00146223 0.000793705 7.16269e+07 2.85273e+08 1.35674e+08 2.46989e+07 0 2.58104e+08 0 2.85273e+08 2.58104e+08 1.35674e+08 2.46989e+07 0.000634789 -0.000767636 -0.00564208 0.00228575 0.120587
59 94 1 0.868847 0.199327 0.0012626 0.000317245 6.87624e+07 2.73864e+08 1.30248e+08 2.37112e+07 0 2.47782e+08 0 2.73864e+08 2.47782e+08 1.30248e+08 2.37112e+07 0.000441925 0.00126691 0.00637107 0.00279586 0.130627
61 94 2 1.02674 0.204436 0.00146987 8.78121e-05 3.29543e+07 1.31249e+08 6.24213e+07 1.13635e+07 0 1.18749e+08 0 1.31249e+08 1.18749e+08 6.24213e+07 1.13635e+07 0.00176923 -0.00434755 0.00643064 0.00259748 0.130819
59 95 0 0.868847 0.199327 0.0012626 0.000317245 6.87624e+07 2.73864e+08 1.30248e+08 2.37112e+07 0 2.47782e+08 0 2.73864e+08 2.47782e+08 1.30248e+08 2.37112e+07 0.000441925 0.00126691 0.00637107 0.00279586 0.130627
60 95 1 1 3.27091e-25 -4.96068e-27 5.28256e-27 9.88461e+07 3.9368e+08 1.87232e+08 3.40849e+07 0 3.56187e+08 0 3.9368e+08 3.56187e+08 1.87232e+08 3.40849e+07 0.00143172 -0.00303073 0.00753037 -0.000773261 0.146286
61 95 2 1.02674 0.204436 0.00146987 8.78121e-05 3.29543e+07 1.31249e+08 6.24213e+07 1.13635e+07 0 1.18749e+08 0 1.31249e+08 1.18749e+08 6.24213e+07 1.13635e+07 0.00176923 -0.00434755 0.00643064 0.00259748 0.130819
