Index_Vertex nbTriangle nbInTr x y ux uy Elast AR BR IR GR ER FR A1 A2 B12 C3 Defxx Defxy Defyx Defyy Density 
0 0 0 -1 9.43183e-25 5.2902e-27 1.07287e-26 7.47491e+07 2.97708e+08 1.41588e+08 2.57755e+07 0 2.69354e+08 0 2.97708e+08 2.69354e+08 1.41588e+08 2.57755e+07 0.00115241 0.00196497 -0.00720395 0.000293057 0.128444
1 0 1 -0.8 3.30335e-24 -7.04257e-27 3.36474e-26 9.23619e+07 3.67855e+08 1.7495e+08 3.18489e+07 0 3.32821e+08 0 3.67855e+08 3.32821e+08 1.7495e+08 3.18489e+07 0.000369681 -0.000193119 -0.00488449 0.00139401 0.132113
2 0 2 -0.898989 0.160372 -0.000726168 0.000167677 1.24533e+08 4.95986e+08 2.35888e+08 4.29425e+07 0 4.48749e+08 0 4.95986e+08 4.48749e+08 2.35888e+08 4.29425e+07 0.000739091 1.08116e-05 -0.00348718 0.000584566 0.117547
2 1 0 -0.898989 0.160372 -0.000726168 0.000167677 1.24533e+08 4.95986e+08 2.35888e+08 4.29425e+07 0 4.48749e+08 0 4.95986e+08 4.48749e+08 2.35888e+08 4.29425e+07 0.000739091 1.08116e-05 -0.00348718 0.000584566 0.117547
3 1 1 -1.08576 0.217785 -0.00101659 -4.20172e-05 9.28735e+07 3.69893e+08 1.75919e+08 3.20254e+07 0 3.34665e+08 0 3.69893e+08 3.34665e+08 1.75919e+08 3.20254e+07 0.000728741 0.00292874 -0.00381582 0.0011504 0.112837
0 1 2 -1 9.43183e-25 5.2902e-27 1.07287e-26 7.47491e+07 2.97708e+08 1.41588e+08 2.57755e+07 0 2.69354e+08 0 2.97708e+08 2.69354e+08 1.41588e+08 2.57755e+07 0.00115241 0.00196497 -0.00720395 0.000293057 0.128444
8 2 0 -0.6 3.34156e-24 -5.32918e-27 4.37307e-26 1.23942e+08 4.9363e+08 2.34768e+08 4.27385e+07 0 4.46617e+08 0 4.9363e+08 4.46617e+08 2.34768e+08 4.27385e+07 -1.28673e-25 6.90643e-25 -0.0037434 0.00124019 0.133186
7 2 1 -0.701099 0.189122 -0.000661128 0.000263553 8.2237e+07 3.2753e+08 1.55772e+08 2.83576e+07 0 2.96337e+08 0 3.2753e+08 2.96337e+08 1.55772e+08 2.83576e+07 0.00040148 0.00105111 -0.00193627 0.00158924 0.116599
1 2 2 -0.8 3.30335e-24 -7.04257e-27 3.36474e-26 9.23619e+07 3.67855e+08 1.7495e+08 3.18489e+07 0 3.32821e+08 0 3.67855e+08 3.32821e+08 1.7495e+08 3.18489e+07 0.000369681 -0.000193119 -0.00488449 0.00139401 0.132113
9 3 0 -0.859379 0.338285 -0.00110428 0.000396742 3.02449e+07 1.20458e+08 5.72892e+07 1.04293e+07 0 1.08986e+08 0 1.20458e+08 1.08986e+08 5.72892e+07 1.04293e+07 0.00215371 0.000423396 -0.00129426 0.00176121 0.107308
3 3 1 -1.08576 0.217785 -0.00101659 -4.20172e-05 9.28735e+07 3.69893e+08 1.75919e+08 3.20254e+07 0 3.34665e+08 0 3.69893e+08 3.34665e+08 1.75919e+08 3.20254e+07 0.000728741 0.00292874 -0.00381582 0.0011504 0.112837
2 3 2 -0.898989 0.160372 -0.000726168 0.000167677 1.24533e+08 4.95986e+08 2.35888e+08 4.29425e+07 0 4.48749e+08 0 4.95986e+08 4.48749e+08 2.35888e+08 4.29425e+07 0.000739091 1.08116e-05 -0.00348718 0.000584566 0.117547
8 4 0 -0.6 3.34156e-24 -5.32918e-27 4.37307e-26 1.23942e+08 4.9363e+08 2.34768e+08 4.27385e+07 0 4.46617e+08 0 4.9363e+08 4.46617e+08 2.34768e+08 4.27385e+07 -1.28673e-25 6.90643e-25 -0.0037434 0.00124019 0.133186
15 4 1 -0.494405 0.205876 -0.000612107 0.000429645 4.56521e+07 1.81821e+08 8.64732e+07 1.57421e+07 0 1.64505e+08 0 1.81821e+08 1.64505e+08 8.64732e+07 1.57421e+07 0.000376641 0.000591899 -0.00153388 0.00294593 0.115656
7 4 2 -0.701099 0.189122 -0.000661128 0.000263553 8.2237e+07 3.2753e+08 1.55772e+08 2.83576e+07 0 2.96337e+08 0 3.2753e+08 2.96337e+08 1.55772e+08 2.83576e+07 0.00040148 0.00105111 -0.00193627 0.00158924 0.116599
9 5 0 -0.859379 0.338285 -0.00110428 0.000396742 3.02449e+07 1.20458e+08 5.72892e+07 1.04293e+07 0 1.08986e+08 0 1.20458e+08 1.08986e+08 5.72892e+07 1.04293e+07 0.00215371 0.000423396 -0.00129426 0.00176121 0.107308
2 5 1 -0.898989 0.160372 -0.000726168 0.000167677 1.24533e+08 4.95986e+08 2.35888e+08 4.29425e+07 0 4.48749e+08 0 4.95986e+08 4.48749e+08 2.35888e+08 4.29425e+07 0.000739091 1.08116e-05 -0.00348718 0.000584566 0.117547
7 5 2 -0.701099 0.189122 -0.000661128 0.000263553 8.2237e+07 3.2753e+08 1.55772e+08 2.83576e+07 0 2.96337e+08 0 3.2753e+08 2.96337e+08 1.55772e+08 2.83576e+07 0.00040148 0.00105111 -0.00193627 0.00158924 0.116599
12 6 0 -0.781304 0.52996 -0.00116001 0.000853299 2.83084e+07 1.12746e+08 5.36212e+07 9.76152e+06 0 1.02008e+08 0 1.12746e+08 1.02008e+08 5.36212e+07 9.76152e+06 0.0015687 -0.000385895 -0.00133964 0.00189899 0.0987428
9 6 1 -0.859379 0.338285 -0.00110428 0.000396742 3.02449e+07 1.20458e+08 5.72892e+07 1.04293e+07 0 1.08986e+08 0 1.20458e+08 1.08986e+08 5.72892e+07 1.04293e+07 0.00215371 0.000423396 -0.00129426 0.00176121 0.107308
14 6 2 -0.622263 0.386952 -0.000847641 0.000691757 8.50798e+07 3.38852e+08 1.61156e+08 2.93379e+07 0 3.06581e+08 0 3.38852e+08 3.06581e+08 1.61156e+08 2.93379e+07 0.000580582 0.00174129 -0.000708431 0.00160279 0.104348
5 7 0 -1.04152 0.447308 -0.00149318 0.000403346 8.45013e+07 3.36548e+08 1.60061e+08 2.91384e+07 0 3.04496e+08 0 3.36548e+08 3.04496e+08 1.60061e+08 2.91384e+07 0.000530593 0.00246629 -9.63864e-05 0.00164182 0.103937
3 7 1 -1.08576 0.217785 -0.00101659 -4.20172e-05 9.28735e+07 3.69893e+08 1.75919e+08 3.20254e+07 0 3.34665e+08 0 3.69893e+08 3.34665e+08 1.75919e+08 3.20254e+07 0.000728741 0.00292874 -0.00381582 0.0011504 0.112837
9 7 2 -0.859379 0.338285 -0.00110428 0.000396742 3.02449e+07 1.20458e+08 5.72892e+07 1.04293e+07 0 1.08986e+08 0 1.20458e+08 1.08986e+08 5.72892e+07 1.04293e+07 0.00215371 0.000423396 -0.00129426 0.00176121 0.107308
9 8 0 -0.859379 0.338285 -0.00110428 0.000396742 3.02449e+07 1.20458e+08 5.72892e+07 1.04293e+07 0 1.08986e+08 0 1.20458e+08 1.08986e+08 5.72892e+07 1.04293e+07 0.00215371 0.000423396 -0.00129426 0.00176121 0.107308
12 8 1 -0.781304 0.52996 -0.00116001 0.000853299 2.83084e+07 1.12746e+08 5.36212e+07 9.76152e+06 0 1.02008e+08 0 1.12746e+08 1.02008e+08 5.36212e+07 9.76152e+06 0.0015687 -0.000385895 -0.00133964 0.00189899 0.0987428
5 8 2 -1.04152 0.447308 -0.00149318 0.000403346 8.45013e+07 3.36548e+08 1.60061e+08 2.91384e+07 0 3.04496e+08 0 3.36548e+08 3.04496e+08 1.60061e+08 2.91384e+07 0.000530593 0.00246629 -9.63864e-05 0.00164182 0.103937
12 9 0 -0.781304 0.52996 -0.00116001 0.000853299 2.83084e+07 1.12746e+08 5.36212e+07 9.76152e+06 0 1.02008e+08 0 1.12746e+08 1.02008e+08 5.36212e+07 9.76152e+06 0.0015687 -0.000385895 -0.00133964 0.00189899 0.0987428
10 9 1 -0.686831 0.731508 -0.00120294 0.00109748 1.11141e+08 4.42649e+08 2.10522e+08 3.83246e+07 0 4.00492e+08 0 4.42649e+08 4.00492e+08 2.10522e+08 3.83246e+07 0.000512276 -0.000519988 -6.18282e-05 0.000948728 0.0919399
6 9 2 -0.944783 0.65346 -0.0013977 0.000860866 1.2347e+08 4.9175e+08 2.33874e+08 4.25758e+07 0 4.44917e+08 0 4.9175e+08 4.44917e+08 2.33874e+08 4.25758e+07 0.000815562 0.00163459 -0.000328806 0.000628893 0.0968027
5 10 0 -1.04152 0.447308 -0.00149318 0.000403346 8.45013e+07 3.36548e+08 1.60061e+08 2.91384e+07 0 3.04496e+08 0 3.36548e+08 3.04496e+08 1.60061e+08 2.91384e+07 0.000530593 0.00246629 -9.63864e-05 0.00164182 0.103937
12 10 1 -0.781304 0.52996 -0.00116001 0.000853299 2.83084e+07 1.12746e+08 5.36212e+07 9.76152e+06 0 1.02008e+08 0 1.12746e+08 1.02008e+08 5.36212e+07 9.76152e+06 0.0015687 -0.000385895 -0.00133964 0.00189899 0.0987428
6 10 2 -0.944783 0.65346 -0.0013977 0.000860866 1.2347e+08 4.9175e+08 2.33874e+08 4.25758e+07 0 4.44917e+08 0 4.9175e+08 4.44917e+08 2.33874e+08 4.25758e+07 0.000815562 0.00163459 -0.000328806 0.000628893 0.0968027
14 11 0 -0.622263 0.386952 -0.000847641 0.000691757 8.50798e+07 3.38852e+08 1.61156e+08 2.93379e+07 0 3.06581e+08 0 3.38852e+08 3.06581e+08 1.61156e+08 2.93379e+07 0.000580582 0.00174129 -0.000708431 0.00160279 0.104348
18 11 1 -0.531305 0.594103 -0.0010245 0.00105564 1.74001e+08 6.93005e+08 3.2959e+08 6.00004e+07 0 6.27005e+08 0 6.93005e+08 6.27005e+08 3.2959e+08 6.00004e+07 0.000279691 0.00136049 -0.00163915 0.000611646 0.0948986
12 11 2 -0.781304 0.52996 -0.00116001 0.000853299 2.83084e+07 1.12746e+08 5.36212e+07 9.76152e+06 0 1.02008e+08 0 1.12746e+08 1.02008e+08 5.36212e+07 9.76152e+06 0.0015687 -0.000385895 -0.00133964 0.00189899 0.0987428
16 12 0 -0.4 3.26749e-24 -5.78292e-28 3.12301e-26 7.54218e+07 3.00387e+08 1.42862e+08 2.60075e+07 0 2.71779e+08 0 3.00387e+08 2.71779e+08 1.42862e+08 2.60075e+07 1.73628e-25 -8.14606e-25 -0.00315239 0.0015734 0.13349
23 12 1 -0.288018 0.21326 -0.000208186 0.000511101 2.3118e+06 9.20735e+06 4.37897e+06 797173 0 8.33046e+06 0 9.20735e+06 8.33046e+06 4.37897e+06 797173 0.00255733 -0.00041464 -0.000699791 0.00330377 0.115111
15 12 2 -0.494405 0.205876 -0.000612107 0.000429645 4.56521e+07 1.81821e+08 8.64732e+07 1.57421e+07 0 1.64505e+08 0 1.81821e+08 1.64505e+08 8.64732e+07 1.57421e+07 0.000376641 0.000591899 -0.00153388 0.00294593 0.115656
16 13 0 -0.4 3.26749e-24 -5.78292e-28 3.12301e-26 7.54218e+07 3.00387e+08 1.42862e+08 2.60075e+07 0 2.71779e+08 0 3.00387e+08 2.71779e+08 1.42862e+08 2.60075e+07 1.73628e-25 -8.14606e-25 -0.00315239 0.0015734 0.13349
24 13 1 -0.2 3.29145e-24 1.95833e-27 2.93527e-26 5.81288e+07 2.31513e+08 1.10106e+08 2.00444e+07 0 2.09464e+08 0 2.31513e+08 2.09464e+08 1.10106e+08 2.00444e+07 0.000286699 0.00121126 -7.8809e-05 0.00181823 0.133565
23 13 2 -0.288018 0.21326 -0.000208186 0.000511101 2.3118e+06 9.20735e+06 4.37897e+06 797173 0 8.33046e+06 0 9.20735e+06 8.33046e+06 4.37897e+06 797173 0.00255733 -0.00041464 -0.000699791 0.00330377 0.115111
22 14 0 -0.390961 0.420737 -0.000616068 0.001039 4.34826e+07 1.73181e+08 8.23638e+07 1.4994e+07 0 1.56687e+08 0 1.73181e+08 1.56687e+08 8.23638e+07 1.4994e+07 0.00264714 5.99458e-05 -0.00218908 0.00109927 0.102103
14 14 1 -0.622263 0.386952 -0.000847641 0.000691757 8.50798e+07 3.38852e+08 1.61156e+08 2.93379e+07 0 3.06581e+08 0 3.38852e+08 3.06581e+08 1.61156e+08 2.93379e+07 0.000580582 0.00174129 -0.000708431 0.00160279 0.104348
15 14 2 -0.494405 0.205876 -0.000612107 0.000429645 4.56521e+07 1.81821e+08 8.64732e+07 1.57421e+07 0 1.64505e+08 0 1.81821e+08 1.64505e+08 8.64732e+07 1.57421e+07 0.000376641 0.000591899 -0.00153388 0.00294593 0.115656
30 15 0 -0.0821831 0.212078 2.51455e-05 0.000462485 8.67692e+07 3.45581e+08 1.64356e+08 2.99204e+07 0 3.12668e+08 0 3.45581e+08 3.12668e+08 1.64356e+08 2.99204e+07 0.000224818 0.000592333 -4.93205e-05 0.00135533 0.115192
29 15 1 -0.162227 0.420798 -0.000178525 0.000823225 7.11888e+07 2.83528e+08 1.34844e+08 2.45479e+07 0 2.56525e+08 0 2.83528e+08 2.56525e+08 1.34844e+08 2.45479e+07 0.00117914 -0.00194688 0.000309568 -8.616e-05 0.101815
23 15 2 -0.288018 0.21326 -0.000208186 0.000511101 2.3118e+06 9.20735e+06 4.37897e+06 797173 0 8.33046e+06 0 9.20735e+06 8.33046e+06 4.37897e+06 797173 0.00255733 -0.00041464 -0.000699791 0.00330377 0.115111
25 16 0 -0.288539 0.653734 -0.000824342 0.00154784 4.06071e+06 1.61728e+07 7.69172e+06 1.40025e+06 0 1.46326e+07 0 1.61728e+07 1.46326e+07 7.69172e+06 1.40025e+06 0.00453518 -0.00204699 -0.00275592 0.00414204 0.0918601
26 16 1 -0.100027 0.808173 -0.000310251 0.00186209 7.54627e+07 3.0055e+08 1.4294e+08 2.60216e+07 0 2.71926e+08 0 3.0055e+08 2.71926e+08 1.4294e+08 2.60216e+07 0.00105627 -0.000118272 -0.000139365 0.00135092 0.0870284
19 16 2 -0.28792 0.917776 -0.000581829 0.00210317 6.82282e+07 2.71737e+08 1.29236e+08 2.3527e+07 0 2.45857e+08 0 2.71737e+08 2.45857e+08 1.29236e+08 2.3527e+07 0.00122343 0.00123003 8.99633e-06 0.000931741 0.0854235
22 17 0 -0.390961 0.420737 -0.000616068 0.001039 4.34826e+07 1.73181e+08 8.23638e+07 1.4994e+07 0 1.56687e+08 0 1.73181e+08 1.56687e+08 8.23638e+07 1.4994e+07 0.00264714 5.99458e-05 -0.00218908 0.00109927 0.102103
25 17 1 -0.288539 0.653734 -0.000824342 0.00154784 4.06071e+06 1.61728e+07 7.69172e+06 1.40025e+06 0 1.46326e+07 0 1.61728e+07 1.46326e+07 7.69172e+06 1.40025e+06 0.00453518 -0.00204699 -0.00275592 0.00414204 0.0918601
18 17 2 -0.531305 0.594103 -0.0010245 0.00105564 1.74001e+08 6.93005e+08 3.2959e+08 6.00004e+07 0 6.27005e+08 0 6.93005e+08 6.27005e+08 3.2959e+08 6.00004e+07 0.000279691 0.00136049 -0.00163915 0.000611646 0.0948986
32 18 0 -0.0476253 0.598788 0.000132231 0.00114031 1.33524e+07 5.31795e+07 2.52919e+07 4.60428e+06 0 4.81148e+07 0 5.31795e+07 4.81148e+07 2.52919e+07 4.60428e+06 0.00226308 -0.00169506 -0.00212258 0.00382953 0.0934986
26 18 1 -0.100027 0.808173 -0.000310251 0.00186209 7.54627e+07 3.0055e+08 1.4294e+08 2.60216e+07 0 2.71926e+08 0 3.0055e+08 2.71926e+08 1.4294e+08 2.60216e+07 0.00105627 -0.000118272 -0.000139365 0.00135092 0.0870284
25 18 2 -0.288539 0.653734 -0.000824342 0.00154784 4.06071e+06 1.61728e+07 7.69172e+06 1.40025e+06 0 1.46326e+07 0 1.61728e+07 1.46326e+07 7.69172e+06 1.40025e+06 0.00453518 -0.00204699 -0.00275592 0.00414204 0.0918601
6 19 0 -0.944783 0.65346 -0.0013977 0.000860866 1.2347e+08 4.9175e+08 2.33874e+08 4.25758e+07 0 4.44917e+08 0 4.9175e+08 4.44917e+08 2.33874e+08 4.25758e+07 0.000815562 0.00163459 -0.000328806 0.000628893 0.0968027
10 19 1 -0.686831 0.731508 -0.00120294 0.00109748 1.11141e+08 4.42649e+08 2.10522e+08 3.83246e+07 0 4.00492e+08 0 4.42649e+08 4.00492e+08 2.10522e+08 3.83246e+07 0.000512276 -0.000519988 -6.18282e-05 0.000948728 0.0919399
4 19 2 -0.809844 0.836462 -0.00131394 0.00123783 3.45819e+07 1.37731e+08 6.55044e+07 1.19248e+07 0 1.24614e+08 0 1.37731e+08 1.24614e+08 6.55044e+07 1.19248e+07 0.00198961 -0.000110902 0.000139562 0.0015813 0.0913797
32 20 0 -0.0476253 0.598788 0.000132231 0.00114031 1.33524e+07 5.31795e+07 2.52919e+07 4.60428e+06 0 4.81148e+07 0 5.31795e+07 4.81148e+07 2.52919e+07 4.60428e+06 0.00226308 -0.00169506 -0.00212258 0.00382953 0.0934986
37 20 1 0.103349 0.387274 7.74148e-05 0.000797104 1.23712e+08 4.92716e+08 2.34333e+08 4.26594e+07 0 4.45791e+08 0 4.92716e+08 4.45791e+08 2.34333e+08 4.26594e+07 0.00022497 -0.00107828 0.000519988 0.00096515 0.103692
36 20 2 0.145485 0.601503 0.000361751 0.00104026 9.60112e+07 3.82389e+08 1.81862e+08 3.31073e+07 0 3.45971e+08 0 3.82389e+08 3.45971e+08 1.81862e+08 3.31073e+07 0.000753485 0.00108957 0.000715505 0.000782063 0.0934799
26 21 0 -0.100027 0.808173 -0.000310251 0.00186209 7.54627e+07 3.0055e+08 1.4294e+08 2.60216e+07 0 2.71926e+08 0 3.0055e+08 2.71926e+08 1.4294e+08 2.60216e+07 0.00105627 -0.000118272 -0.000139365 0.00135092 0.0870284
32 21 1 -0.0476253 0.598788 0.000132231 0.00114031 1.33524e+07 5.31795e+07 2.52919e+07 4.60428e+06 0 4.81148e+07 0 5.31795e+07 4.81148e+07 2.52919e+07 4.60428e+06 0.00226308 -0.00169506 -0.00212258 0.00382953 0.0934986
33 21 2 0.111586 0.782819 6.29255e-05 0.00149701 1.6267e+07 6.47874e+07 3.08126e+07 5.6093e+06 0 5.86172e+07 0 6.47874e+07 5.86172e+07 3.08126e+07 5.6093e+06 0.00201866 -0.00146002 -0.00204976 0.00327517 0.0876569
28 22 0 0.071317 0.985347 -0.000147465 0.00189273 1.32927e+08 5.29417e+08 2.51788e+08 4.58369e+07 0 4.78996e+08 0 5.29417e+08 4.78996e+08 2.51788e+08 4.58369e+07 0.00079137 -0.00133045 0.000190111 0.000396056 0.0838496
26 22 1 -0.100027 0.808173 -0.000310251 0.00186209 7.54627e+07 3.0055e+08 1.4294e+08 2.60216e+07 0 2.71926e+08 0 3.0055e+08 2.71926e+08 1.4294e+08 2.60216e+07 0.00105627 -0.000118272 -0.000139365 0.00135092 0.0870284
33 22 2 0.111586 0.782819 6.29255e-05 0.00149701 1.6267e+07 6.47874e+07 3.08126e+07 5.6093e+06 0 5.86172e+07 0 6.47874e+07 5.86172e+07 3.08126e+07 5.6093e+06 0.00201866 -0.00146002 -0.00204976 0.00327517 0.0876569
19 23 0 -0.28792 0.917776 -0.000581829 0.00210317 6.82282e+07 2.71737e+08 1.29236e+08 2.3527e+07 0 2.45857e+08 0 2.71737e+08 2.45857e+08 1.29236e+08 2.3527e+07 0.00122343 0.00123003 8.99633e-06 0.000931741 0.0854235
17 23 1 -0.474892 0.827997 -0.000927504 0.00143343 5.29911e+07 2.11051e+08 1.00375e+08 1.82728e+07 0 1.90951e+08 0 2.11051e+08 1.90951e+08 1.00375e+08 1.82728e+07 0.00153138 0.00254665 0.000877342 0.00182208 0.0880817
25 23 2 -0.288539 0.653734 -0.000824342 0.00154784 4.06071e+06 1.61728e+07 7.69172e+06 1.40025e+06 0 1.46326e+07 0 1.61728e+07 1.46326e+07 7.69172e+06 1.40025e+06 0.00453518 -0.00204699 -0.00275592 0.00414204 0.0918601
25 24 0 -0.288539 0.653734 -0.000824342 0.00154784 4.06071e+06 1.61728e+07 7.69172e+06 1.40025e+06 0 1.46326e+07 0 1.61728e+07 1.46326e+07 7.69172e+06 1.40025e+06 0.00453518 -0.00204699 -0.00275592 0.00414204 0.0918601
17 24 1 -0.474892 0.827997 -0.000927504 0.00143343 5.29911e+07 2.11051e+08 1.00375e+08 1.82728e+07 0 1.90951e+08 0 2.11051e+08 1.90951e+08 1.00375e+08 1.82728e+07 0.00153138 0.00254665 0.000877342 0.00182208 0.0880817
18 24 2 -0.531305 0.594103 -0.0010245 0.00105564 1.74001e+08 6.93005e+08 3.2959e+08 6.00004e+07 0 6.27005e+08 0 6.93005e+08 6.27005e+08 3.2959e+08 6.00004e+07 0.000279691 0.00136049 -0.00163915 0.000611646 0.0948986
30 25 0 -0.0821831 0.212078 2.51455e-05 0.000462485 8.67692e+07 3.45581e+08 1.64356e+08 2.99204e+07 0 3.12668e+08 0 3.45581e+08 3.12668e+08 1.64356e+08 2.99204e+07 0.000224818 0.000592333 -4.93205e-05 0.00135533 0.115192
24 25 1 -0.2 3.29145e-24 1.95833e-27 2.93527e-26 5.81288e+07 2.31513e+08 1.10106e+08 2.00444e+07 0 2.09464e+08 0 2.31513e+08 2.09464e+08 1.10106e+08 2.00444e+07 0.000286699 0.00121126 -7.8809e-05 0.00181823 0.133565
31 25 2 2.49704e-17 3.27005e-24 -2.51832e-27 3.303e-26 5.05117e+07 2.01176e+08 9.56782e+07 1.74178e+07 0 1.82016e+08 0 2.01176e+08 1.82016e+08 9.56782e+07 1.74178e+07 0.000151336 -0.000900934 0.000410873 0.00262462 0.133589
29 26 0 -0.162227 0.420798 -0.000178525 0.000823225 7.11888e+07 2.83528e+08 1.34844e+08 2.45479e+07 0 2.56525e+08 0 2.83528e+08 2.56525e+08 1.34844e+08 2.45479e+07 0.00117914 -0.00194688 0.000309568 -8.616e-05 0.101815
22 26 1 -0.390961 0.420737 -0.000616068 0.001039 4.34826e+07 1.73181e+08 8.23638e+07 1.4994e+07 0 1.56687e+08 0 1.73181e+08 1.56687e+08 8.23638e+07 1.4994e+07 0.00264714 5.99458e-05 -0.00218908 0.00109927 0.102103
23 26 2 -0.288018 0.21326 -0.000208186 0.000511101 2.3118e+06 9.20735e+06 4.37897e+06 797173 0 8.33046e+06 0 9.20735e+06 8.33046e+06 4.37897e+06 797173 0.00255733 -0.00041464 -0.000699791 0.00330377 0.115111
37 27 0 0.103349 0.387274 7.74148e-05 0.000797104 1.23712e+08 4.92716e+08 2.34333e+08 4.26594e+07 0 4.45791e+08 0 4.92716e+08 4.45791e+08 2.34333e+08 4.26594e+07 0.00022497 -0.00107828 0.000519988 0.00096515 0.103692
29 27 1 -0.162227 0.420798 -0.000178525 0.000823225 7.11888e+07 2.83528e+08 1.34844e+08 2.45479e+07 0 2.56525e+08 0 2.83528e+08 2.56525e+08 1.34844e+08 2.45479e+07 0.00117914 -0.00194688 0.000309568 -8.616e-05 0.101815
30 27 2 -0.0821831 0.212078 2.51455e-05 0.000462485 8.67692e+07 3.45581e+08 1.64356e+08 2.99204e+07 0 3.12668e+08 0 3.45581e+08 3.12668e+08 1.64356e+08 2.99204e+07 0.000224818 0.000592333 -4.93205e-05 0.00135533 0.115192
32 28 0 -0.0476253 0.598788 0.000132231 0.00114031 1.33524e+07 5.31795e+07 2.52919e+07 4.60428e+06 0 4.81148e+07 0 5.31795e+07 4.81148e+07 2.52919e+07 4.60428e+06 0.00226308 -0.00169506 -0.00212258 0.00382953 0.0934986
25 28 1 -0.288539 0.653734 -0.000824342 0.00154784 4.06071e+06 1.61728e+07 7.69172e+06 1.40025e+06 0 1.46326e+07 0 1.61728e+07 1.46326e+07 7.69172e+06 1.40025e+06 0.00453518 -0.00204699 -0.00275592 0.00414204 0.0918601
29 28 2 -0.162227 0.420798 -0.000178525 0.000823225 7.11888e+07 2.83528e+08 1.34844e+08 2.45479e+07 0 2.56525e+08 0 2.83528e+08 2.56525e+08 1.34844e+08 2.45479e+07 0.00117914 -0.00194688 0.000309568 -8.616e-05 0.101815
15 29 0 -0.494405 0.205876 -0.000612107 0.000429645 4.56521e+07 1.81821e+08 8.64732e+07 1.57421e+07 0 1.64505e+08 0 1.81821e+08 1.64505e+08 8.64732e+07 1.57421e+07 0.000376641 0.000591899 -0.00153388 0.00294593 0.115656
8 29 1 -0.6 3.34156e-24 -5.32918e-27 4.37307e-26 1.23942e+08 4.9363e+08 2.34768e+08 4.27385e+07 0 4.46617e+08 0 4.9363e+08 4.46617e+08 2.34768e+08 4.27385e+07 -1.28673e-25 6.90643e-25 -0.0037434 0.00124019 0.133186
16 29 2 -0.4 3.26749e-24 -5.78292e-28 3.12301e-26 7.54218e+07 3.00387e+08 1.42862e+08 2.60075e+07 0 2.71779e+08 0 3.00387e+08 2.71779e+08 1.42862e+08 2.60075e+07 1.73628e-25 -8.14606e-25 -0.00315239 0.0015734 0.13349
22 30 0 -0.390961 0.420737 -0.000616068 0.001039 4.34826e+07 1.73181e+08 8.23638e+07 1.4994e+07 0 1.56687e+08 0 1.73181e+08 1.56687e+08 8.23638e+07 1.4994e+07 0.00264714 5.99458e-05 -0.00218908 0.00109927 0.102103
15 30 1 -0.494405 0.205876 -0.000612107 0.000429645 4.56521e+07 1.81821e+08 8.64732e+07 1.57421e+07 0 1.64505e+08 0 1.81821e+08 1.64505e+08 8.64732e+07 1.57421e+07 0.000376641 0.000591899 -0.00153388 0.00294593 0.115656
23 30 2 -0.288018 0.21326 -0.000208186 0.000511101 2.3118e+06 9.20735e+06 4.37897e+06 797173 0 8.33046e+06 0 9.20735e+06 8.33046e+06 4.37897e+06 797173 0.00255733 -0.00041464 -0.000699791 0.00330377 0.115111
7 31 0 -0.701099 0.189122 -0.000661128 0.000263553 8.2237e+07 3.2753e+08 1.55772e+08 2.83576e+07 0 2.96337e+08 0 3.2753e+08 2.96337e+08 1.55772e+08 2.83576e+07 0.00040148 0.00105111 -0.00193627 0.00158924 0.116599
2 31 1 -0.898989 0.160372 -0.000726168 0.000167677 1.24533e+08 4.95986e+08 2.35888e+08 4.29425e+07 0 4.48749e+08 0 4.95986e+08 4.48749e+08 2.35888e+08 4.29425e+07 0.000739091 1.08116e-05 -0.00348718 0.000584566 0.117547
1 31 2 -0.8 3.30335e-24 -7.04257e-27 3.36474e-26 9.23619e+07 3.67855e+08 1.7495e+08 3.18489e+07 0 3.32821e+08 0 3.67855e+08 3.32821e+08 1.7495e+08 3.18489e+07 0.000369681 -0.000193119 -0.00488449 0.00139401 0.132113
14 32 0 -0.622263 0.386952 -0.000847641 0.000691757 8.50798e+07 3.38852e+08 1.61156e+08 2.93379e+07 0 3.06581e+08 0 3.38852e+08 3.06581e+08 1.61156e+08 2.93379e+07 0.000580582 0.00174129 -0.000708431 0.00160279 0.104348
7 32 1 -0.701099 0.189122 -0.000661128 0.000263553 8.2237e+07 3.2753e+08 1.55772e+08 2.83576e+07 0 2.96337e+08 0 3.2753e+08 2.96337e+08 1.55772e+08 2.83576e+07 0.00040148 0.00105111 -0.00193627 0.00158924 0.116599
15 32 2 -0.494405 0.205876 -0.000612107 0.000429645 4.56521e+07 1.81821e+08 8.64732e+07 1.57421e+07 0 1.64505e+08 0 1.81821e+08 1.64505e+08 8.64732e+07 1.57421e+07 0.000376641 0.000591899 -0.00153388 0.00294593 0.115656
14 33 0 -0.622263 0.386952 -0.000847641 0.000691757 8.50798e+07 3.38852e+08 1.61156e+08 2.93379e+07 0 3.06581e+08 0 3.38852e+08 3.06581e+08 1.61156e+08 2.93379e+07 0.000580582 0.00174129 -0.000708431 0.00160279 0.104348
9 33 1 -0.859379 0.338285 -0.00110428 0.000396742 3.02449e+07 1.20458e+08 5.72892e+07 1.04293e+07 0 1.08986e+08 0 1.20458e+08 1.08986e+08 5.72892e+07 1.04293e+07 0.00215371 0.000423396 -0.00129426 0.00176121 0.107308
7 33 2 -0.701099 0.189122 -0.000661128 0.000263553 8.2237e+07 3.2753e+08 1.55772e+08 2.83576e+07 0 2.96337e+08 0 3.2753e+08 2.96337e+08 1.55772e+08 2.83576e+07 0.00040148 0.00105111 -0.00193627 0.00158924 0.116599
4 34 0 -0.809844 0.836462 -0.00131394 0.00123783 3.45819e+07 1.37731e+08 6.55044e+07 1.19248e+07 0 1.24614e+08 0 1.37731e+08 1.24614e+08 6.55044e+07 1.19248e+07 0.00198961 -0.000110902 0.000139562 0.0015813 0.0913797
10 34 1 -0.686831 0.731508 -0.00120294 0.00109748 1.11141e+08 4.42649e+08 2.10522e+08 3.83246e+07 0 4.00492e+08 0 4.42649e+08 4.00492e+08 2.10522e+08 3.83246e+07 0.000512276 -0.000519988 -6.18282e-05 0.000948728 0.0919399
11 34 2 -0.635681 0.98433 -0.00106342 0.00137562 8.80416e+07 3.50649e+08 1.66767e+08 3.03592e+07 0 3.17253e+08 0 3.50649e+08 3.17253e+08 1.66767e+08 3.03592e+07 0.00067798 0.00104299 -0.000343785 0.00113036 0.0874178
11 35 0 -0.635681 0.98433 -0.00106342 0.00137562 8.80416e+07 3.50649e+08 1.66767e+08 3.03592e+07 0 3.17253e+08 0 3.50649e+08 3.17253e+08 1.66767e+08 3.03592e+07 0.00067798 0.00104299 -0.000343785 0.00113036 0.0874178
10 35 1 -0.686831 0.731508 -0.00120294 0.00109748 1.11141e+08 4.42649e+08 2.10522e+08 3.83246e+07 0 4.00492e+08 0 4.42649e+08 4.00492e+08 2.10522e+08 3.83246e+07 0.000512276 -0.000519988 -6.18282e-05 0.000948728 0.0919399
17 35 2 -0.474892 0.827997 -0.000927504 0.00143343 5.29911e+07 2.11051e+08 1.00375e+08 1.82728e+07 0 1.90951e+08 0 2.11051e+08 1.90951e+08 1.00375e+08 1.82728e+07 0.00153138 0.00254665 0.000877342 0.00182208 0.0880817
38 36 0 0.0991418 0.176891 0.000129851 0.000433736 2.65194e+07 1.0562e+08 5.02324e+07 9.1446e+06 0 9.55611e+07 0 1.0562e+08 9.55611e+07 5.02324e+07 9.1446e+06 0.000694379 -0.000870622 0.000425415 0.00339449 0.11791
31 36 1 2.49704e-17 3.27005e-24 -2.51832e-27 3.303e-26 5.05117e+07 2.01176e+08 9.56782e+07 1.74178e+07 0 1.82016e+08 0 2.01176e+08 1.82016e+08 9.56782e+07 1.74178e+07 0.000151336 -0.000900934 0.000410873 0.00262462 0.133589
39 36 2 0.2 3.26677e-24 1.4186e-27 4.10289e-26 1.15605e+08 4.60427e+08 2.18977e+08 3.98639e+07 0 4.16577e+08 0 4.60427e+08 4.16577e+08 2.18977e+08 3.98639e+07 -0.000165233 0.000395119 0.00134444 0.00123839 0.133619
37 37 0 0.103349 0.387274 7.74148e-05 0.000797104 1.23712e+08 4.92716e+08 2.34333e+08 4.26594e+07 0 4.45791e+08 0 4.92716e+08 4.45791e+08 2.34333e+08 4.26594e+07 0.00022497 -0.00107828 0.000519988 0.00096515 0.103692
38 37 1 0.0991418 0.176891 0.000129851 0.000433736 2.65194e+07 1.0562e+08 5.02324e+07 9.1446e+06 0 9.55611e+07 0 1.0562e+08 9.55611e+07 5.02324e+07 9.1446e+06 0.000694379 -0.000870622 0.000425415 0.00339449 0.11791
44 37 2 0.281984 0.199641 0.000231463 0.000335179 6.26512e+07 2.49525e+08 1.18673e+08 2.16039e+07 0 2.2576e+08 0 2.49525e+08 2.2576e+08 1.18673e+08 2.16039e+07 0.000247113 -0.000920338 0.000940733 0.00233512 0.116214
30 38 0 -0.0821831 0.212078 2.51455e-05 0.000462485 8.67692e+07 3.45581e+08 1.64356e+08 2.99204e+07 0 3.12668e+08 0 3.45581e+08 3.12668e+08 1.64356e+08 2.99204e+07 0.000224818 0.000592333 -4.93205e-05 0.00135533 0.115192
31 38 1 2.49704e-17 3.27005e-24 -2.51832e-27 3.303e-26 5.05117e+07 2.01176e+08 9.56782e+07 1.74178e+07 0 1.82016e+08 0 2.01176e+08 1.82016e+08 9.56782e+07 1.74178e+07 0.000151336 -0.000900934 0.000410873 0.00262462 0.133589
38 38 2 0.0991418 0.176891 0.000129851 0.000433736 2.65194e+07 1.0562e+08 5.02324e+07 9.1446e+06 0 9.55611e+07 0 1.0562e+08 9.55611e+07 5.02324e+07 9.1446e+06 0.000694379 -0.000870622 0.000425415 0.00339449 0.11791
32 39 0 -0.0476253 0.598788 0.000132231 0.00114031 1.33524e+07 5.31795e+07 2.52919e+07 4.60428e+06 0 4.81148e+07 0 5.31795e+07 4.81148e+07 2.52919e+07 4.60428e+06 0.00226308 -0.00169506 -0.00212258 0.00382953 0.0934986
29 39 1 -0.162227 0.420798 -0.000178525 0.000823225 7.11888e+07 2.83528e+08 1.34844e+08 2.45479e+07 0 2.56525e+08 0 2.83528e+08 2.56525e+08 1.34844e+08 2.45479e+07 0.00117914 -0.00194688 0.000309568 -8.616e-05 0.101815
37 39 2 0.103349 0.387274 7.74148e-05 0.000797104 1.23712e+08 4.92716e+08 2.34333e+08 4.26594e+07 0 4.45791e+08 0 4.92716e+08 4.45791e+08 2.34333e+08 4.26594e+07 0.00022497 -0.00107828 0.000519988 0.00096515 0.103692
23 40 0 -0.288018 0.21326 -0.000208186 0.000511101 2.3118e+06 9.20735e+06 4.37897e+06 797173 0 8.33046e+06 0 9.20735e+06 8.33046e+06 4.37897e+06 797173 0.00255733 -0.00041464 -0.000699791 0.00330377 0.115111
24 40 1 -0.2 3.29145e-24 1.95833e-27 2.93527e-26 5.81288e+07 2.31513e+08 1.10106e+08 2.00444e+07 0 2.09464e+08 0 2.31513e+08 2.09464e+08 1.10106e+08 2.00444e+07 0.000286699 0.00121126 -7.8809e-05 0.00181823 0.133565
30 40 2 -0.0821831 0.212078 2.51455e-05 0.000462485 8.67692e+07 3.45581e+08 1.64356e+08 2.99204e+07 0 3.12668e+08 0 3.45581e+08 3.12668e+08 1.64356e+08 2.99204e+07 0.000224818 0.000592333 -4.93205e-05 0.00135533 0.115192
61 41 0 1 9.62612e-25 -3.876e-27 5.19957e-27 1.65577e+08 6.59452e+08 3.13632e+08 5.70954e+07 0 5.96647e+08 0 6.59452e+08 5.96647e+08 3.13632e+08 5.70954e+07 -1.53529e-25 -1.08784e-24 0.00456349 0.000636527 0.128599
62 41 1 1.08772 0.211267 0.000865968 -0.000154401 3.69839e+07 1.47298e+08 7.00541e+07 1.27531e+07 0 1.33269e+08 0 1.47298e+08 1.33269e+08 7.00541e+07 1.27531e+07 0.00143891 -0.00329474 0.00239857 0.00186621 0.113375
59 41 2 0.908249 0.220014 0.00070767 0.00016847 1.27365e+08 5.07265e+08 2.41253e+08 4.3919e+07 0 4.58954e+08 0 5.07265e+08 4.58954e+08 2.41253e+08 4.3919e+07 0.000608983 -0.000879015 0.00264876 0.000734477 0.113937
59 42 0 0.908249 0.220014 0.00070767 0.00016847 1.27365e+08 5.07265e+08 2.41253e+08 4.3919e+07 0 4.58954e+08 0 5.07265e+08 4.58954e+08 2.41253e+08 4.3919e+07 0.000608983 -0.000879015 0.00264876 0.000734477 0.113937
55 42 1 0.708344 0.208441 0.000555956 0.000249128 9.36548e+07 3.73004e+08 1.77399e+08 3.22947e+07 0 3.3748e+08 0 3.73004e+08 3.3748e+08 1.77399e+08 3.22947e+07 0.000598604 -4.80709e-05 0.00271043 0.00134034 0.11541
57 42 2 0.8 3.26616e-24 5.21276e-27 3.94958e-26 1.33338e+08 5.31054e+08 2.52567e+08 4.59787e+07 0 4.80478e+08 0 5.31054e+08 4.80478e+08 2.52567e+08 4.59787e+07 -1.14809e-25 -6.64299e-25 0.00361535 0.00117111 0.132366
60 43 0 1.04577 0.445956 0.00120161 0.000254769 1.07067e+08 4.26421e+08 2.02803e+08 3.69195e+07 0 3.85809e+08 0 4.26421e+08 3.85809e+08 2.02803e+08 3.69195e+07 0.000741693 -0.000726021 0.000633788 0.000844369 0.10433
59 43 1 0.908249 0.220014 0.00070767 0.00016847 1.27365e+08 5.07265e+08 2.41253e+08 4.3919e+07 0 4.58954e+08 0 5.07265e+08 4.58954e+08 2.41253e+08 4.3919e+07 0.000608983 -0.000879015 0.00264876 0.000734477 0.113937
62 43 2 1.08772 0.211267 0.000865968 -0.000154401 3.69839e+07 1.47298e+08 7.00541e+07 1.27531e+07 0 1.33269e+08 0 1.47298e+08 1.33269e+08 7.00541e+07 1.27531e+07 0.00143891 -0.00329474 0.00239857 0.00186621 0.113375
56 44 0 0.827291 0.426067 0.00103706 0.000456129 9.42662e+07 3.75439e+08 1.78557e+08 3.25056e+07 0 3.39683e+08 0 3.75439e+08 3.39683e+08 1.78557e+08 3.25056e+07 0.000634531 -0.00119639 0.00103692 0.0012422 0.103369
53 44 1 0.718835 0.611221 0.000995896 0.000917624 9.61574e+07 3.82972e+08 1.82139e+08 3.31577e+07 0 3.46498e+08 0 3.82972e+08 3.46498e+08 1.82139e+08 3.31577e+07 0.00122902 -0.00198427 0.000665612 0.000424849 0.0957177
51 44 2 0.605881 0.399397 0.000793352 0.000699379 6.12141e+06 2.43801e+07 1.1595e+07 2.11083e+06 0 2.20582e+07 0 2.43801e+07 2.20582e+07 1.1595e+07 2.11083e+06 0.00290351 -0.00178998 0.000180185 0.00419623 0.103815
60 45 0 1.04577 0.445956 0.00120161 0.000254769 1.07067e+08 4.26421e+08 2.02803e+08 3.69195e+07 0 3.85809e+08 0 4.26421e+08 3.85809e+08 2.02803e+08 3.69195e+07 0.000741693 -0.000726021 0.000633788 0.000844369 0.10433
56 45 1 0.827291 0.426067 0.00103706 0.000456129 9.42662e+07 3.75439e+08 1.78557e+08 3.25056e+07 0 3.39683e+08 0 3.75439e+08 3.39683e+08 1.78557e+08 3.25056e+07 0.000634531 -0.00119639 0.00103692 0.0012422 0.103369
59 45 2 0.908249 0.220014 0.00070767 0.00016847 1.27365e+08 5.07265e+08 2.41253e+08 4.3919e+07 0 4.58954e+08 0 5.07265e+08 4.58954e+08 2.41253e+08 4.3919e+07 0.000608983 -0.000879015 0.00264876 0.000734477 0.113937
60 46 0 1.04577 0.445956 0.00120161 0.000254769 1.07067e+08 4.26421e+08 2.02803e+08 3.69195e+07 0 3.85809e+08 0 4.26421e+08 3.85809e+08 2.02803e+08 3.69195e+07 0.000741693 -0.000726021 0.000633788 0.000844369 0.10433
58 46 1 0.9454 0.654104 0.00135074 0.000611754 4.65018e+07 1.85205e+08 8.80827e+07 1.60351e+07 0 1.67567e+08 0 1.85205e+08 1.67567e+08 8.80827e+07 1.60351e+07 0.00184617 -0.000533619 0.00176334 0.00132655 0.0970935
56 46 2 0.827291 0.426067 0.00103706 0.000456129 9.42662e+07 3.75439e+08 1.78557e+08 3.25056e+07 0 3.39683e+08 0 3.75439e+08 3.39683e+08 1.78557e+08 3.25056e+07 0.000634531 -0.00119639 0.00103692 0.0012422 0.103369
56 47 0 0.827291 0.426067 0.00103706 0.000456129 9.42662e+07 3.75439e+08 1.78557e+08 3.25056e+07 0 3.39683e+08 0 3.75439e+08 3.39683e+08 1.78557e+08 3.25056e+07 0.000634531 -0.00119639 0.00103692 0.0012422 0.103369
51 47 1 0.605881 0.399397 0.000793352 0.000699379 6.12141e+06 2.43801e+07 1.1595e+07 2.11083e+06 0 2.20582e+07 0 2.43801e+07 2.20582e+07 1.1595e+07 2.11083e+06 0.00290351 -0.00178998 0.000180185 0.00419623 0.103815
55 47 2 0.708344 0.208441 0.000555956 0.000249128 9.36548e+07 3.73004e+08 1.77399e+08 3.22947e+07 0 3.3748e+08 0 3.73004e+08 3.3748e+08 1.77399e+08 3.22947e+07 0.000598604 -4.80709e-05 0.00271043 0.00134034 0.11541
54 48 0 0.805898 0.839138 0.00191882 0.00141306 4.6037e+06 1.83354e+07 8.72024e+06 1.58748e+06 0 1.65892e+07 0 1.83354e+07 1.65892e+07 8.72024e+06 1.58748e+06 0.00814693 -0.00506414 -0.00940842 0.0103017 0.0914798
53 48 1 0.718835 0.611221 0.000995896 0.000917624 9.61574e+07 3.82972e+08 1.82139e+08 3.31577e+07 0 3.46498e+08 0 3.82972e+08 3.46498e+08 1.82139e+08 3.31577e+07 0.00122902 -0.00198427 0.000665612 0.000424849 0.0957177
58 48 2 0.9454 0.654104 0.00135074 0.000611754 4.65018e+07 1.85205e+08 8.80827e+07 1.60351e+07 0 1.67567e+08 0 1.85205e+08 1.67567e+08 8.80827e+07 1.60351e+07 0.00184617 -0.000533619 0.00176334 0.00132655 0.0970935
47 49 0 0.492873 0.572375 0.000711306 0.0012023 1.06549e+08 4.24359e+08 2.01823e+08 3.67411e+07 0 3.83944e+08 0 4.24359e+08 3.83944e+08 2.01823e+08 3.67411e+07 0.000413858 -0.000793114 0.00103846 -6.89749e-05 0.0956329
43 49 1 0.291453 0.524699 0.000391714 0.00106701 3.65073e+07 1.454e+08 6.91514e+07 1.25887e+07 0 1.31552e+08 0 1.454e+08 1.31552e+08 6.91514e+07 1.25887e+07 0.00181451 0.00196551 0.00211175 0.00185967 0.0969349
45 49 2 0.374678 0.373691 0.000287531 0.000738253 1.73814e+07 6.92257e+07 3.29234e+07 5.99357e+06 0 6.26328e+07 0 6.92257e+07 6.26328e+07 3.29234e+07 5.99357e+06 0.00119991 0.00043652 0.00226734 0.00495227 0.104745
48 50 0 0.581561 0.767665 0.000752436 0.00146467 5.46751e+06 2.17758e+07 1.03564e+07 1.88535e+06 0 1.97019e+07 0 2.17758e+07 1.97019e+07 1.03564e+07 1.88535e+06 0.00288487 0.000728033 -0.00216729 0.00576154 0.0902993
47 50 1 0.492873 0.572375 0.000711306 0.0012023 1.06549e+08 4.24359e+08 2.01823e+08 3.67411e+07 0 3.83944e+08 0 4.24359e+08 3.83944e+08 2.01823e+08 3.67411e+07 0.000413858 -0.000793114 0.00103846 -6.89749e-05 0.0956329
53 50 2 0.718835 0.611221 0.000995896 0.000917624 9.61574e+07 3.82972e+08 1.82139e+08 3.31577e+07 0 3.46498e+08 0 3.82972e+08 3.46498e+08 1.82139e+08 3.31577e+07 0.00122902 -0.00198427 0.000665612 0.000424849 0.0957177
48 51 0 0.581561 0.767665 0.000752436 0.00146467 5.46751e+06 2.17758e+07 1.03564e+07 1.88535e+06 0 1.97019e+07 0 2.17758e+07 1.97019e+07 1.03564e+07 1.88535e+06 0.00288487 0.000728033 -0.00216729 0.00576154 0.0902993
40 51 1 0.336306 0.730096 0.000451249 0.00142618 8.69251e+07 3.46202e+08 1.64652e+08 2.99742e+07 0 3.1323e+08 0 3.46202e+08 3.1323e+08 1.64652e+08 2.99742e+07 0.000473782 0.00194522 -0.00205745 0.00147988 0.0897057
47 51 2 0.492873 0.572375 0.000711306 0.0012023 1.06549e+08 4.24359e+08 2.01823e+08 3.67411e+07 0 3.83944e+08 0 4.24359e+08 3.83944e+08 2.01823e+08 3.67411e+07 0.000413858 -0.000793114 0.00103846 -6.89749e-05 0.0956329
55 52 0 0.708344 0.208441 0.000555956 0.000249128 9.36548e+07 3.73004e+08 1.77399e+08 3.22947e+07 0 3.3748e+08 0 3.73004e+08 3.3748e+08 1.77399e+08 3.22947e+07 0.000598604 -4.80709e-05 0.00271043 0.00134034 0.11541
51 52 1 0.605881 0.399397 0.000793352 0.000699379 6.12141e+06 2.43801e+07 1.1595e+07 2.11083e+06 0 2.20582e+07 0 2.43801e+07 2.20582e+07 1.1595e+07 2.11083e+06 0.00290351 -0.00178998 0.000180185 0.00419623 0.103815
50 52 2 0.498206 0.19763 0.000377946 0.000268431 8.66473e+07 3.45095e+08 1.64126e+08 2.98784e+07 0 3.12229e+08 0 3.45095e+08 3.12229e+08 1.64126e+08 2.98784e+07 0.000649445 1.49844e-05 0.00149976 0.00119976 0.116411
42 53 0 0.449222 0.900212 0.000305715 0.0017219 9.04049e+07 3.60061e+08 1.71243e+08 3.11741e+07 0 3.25769e+08 0 3.60061e+08 3.25769e+08 1.71243e+08 3.11741e+07 0.00101384 0.00128676 -0.00149124 0.000985698 0.0867236
40 53 1 0.336306 0.730096 0.000451249 0.00142618 8.69251e+07 3.46202e+08 1.64652e+08 2.99742e+07 0 3.1323e+08 0 3.46202e+08 3.1323e+08 1.64652e+08 2.99742e+07 0.000473782 0.00194522 -0.00205745 0.00147988 0.0897057
48 53 2 0.581561 0.767665 0.000752436 0.00146467 5.46751e+06 2.17758e+07 1.03564e+07 1.88535e+06 0 1.97019e+07 0 2.17758e+07 1.97019e+07 1.03564e+07 1.88535e+06 0.00288487 0.000728033 -0.00216729 0.00576154 0.0902993
48 54 0 0.581561 0.767665 0.000752436 0.00146467 5.46751e+06 2.17758e+07 1.03564e+07 1.88535e+06 0 1.97019e+07 0 2.17758e+07 1.97019e+07 1.03564e+07 1.88535e+06 0.00288487 0.000728033 -0.00216729 0.00576154 0.0902993
53 54 1 0.718835 0.611221 0.000995896 0.000917624 9.61574e+07 3.82972e+08 1.82139e+08 3.31577e+07 0 3.46498e+08 0 3.82972e+08 3.46498e+08 1.82139e+08 3.31577e+07 0.00122902 -0.00198427 0.000665612 0.000424849 0.0957177
54 54 2 0.805898 0.839138 0.00191882 0.00141306 4.6037e+06 1.83354e+07 8.72024e+06 1.58748e+06 0 1.65892e+07 0 1.83354e+07 1.65892e+07 8.72024e+06 1.58748e+06 0.00814693 -0.00506414 -0.00940842 0.0103017 0.0914798
44 55 0 0.281984 0.199641 0.000231463 0.000335179 6.26512e+07 2.49525e+08 1.18673e+08 2.16039e+07 0 2.2576e+08 0 2.49525e+08 2.2576e+08 1.18673e+08 2.16039e+07 0.000247113 -0.000920338 0.000940733 0.00233512 0.116214
45 55 1 0.374678 0.373691 0.000287531 0.000738253 1.73814e+07 6.92257e+07 3.29234e+07 5.99357e+06 0 6.26328e+07 0 6.92257e+07 6.26328e+07 3.29234e+07 5.99357e+06 0.00119991 0.00043652 0.00226734 0.00495227 0.104745
37 55 2 0.103349 0.387274 7.74148e-05 0.000797104 1.23712e+08 4.92716e+08 2.34333e+08 4.26594e+07 0 4.45791e+08 0 4.92716e+08 4.45791e+08 2.34333e+08 4.26594e+07 0.00022497 -0.00107828 0.000519988 0.00096515 0.103692
30 56 0 -0.0821831 0.212078 2.51455e-05 0.000462485 8.67692e+07 3.45581e+08 1.64356e+08 2.99204e+07 0 3.12668e+08 0 3.45581e+08 3.12668e+08 1.64356e+08 2.99204e+07 0.000224818 0.000592333 -4.93205e-05 0.00135533 0.115192
38 56 1 0.0991418 0.176891 0.000129851 0.000433736 2.65194e+07 1.0562e+08 5.02324e+07 9.1446e+06 0 9.55611e+07 0 1.0562e+08 9.55611e+07 5.02324e+07 9.1446e+06 0.000694379 -0.000870622 0.000425415 0.00339449 0.11791
37 56 2 0.103349 0.387274 7.74148e-05 0.000797104 1.23712e+08 4.92716e+08 2.34333e+08 4.26594e+07 0 4.45791e+08 0 4.92716e+08 4.45791e+08 2.34333e+08 4.26594e+07 0.00022497 -0.00107828 0.000519988 0.00096515 0.103692
39 57 0 0.2 3.26677e-24 1.4186e-27 4.10289e-26 1.15605e+08 4.60427e+08 2.18977e+08 3.98639e+07 0 4.16577e+08 0 4.60427e+08 4.16577e+08 2.18977e+08 3.98639e+07 -0.000165233 0.000395119 0.00134444 0.00123839 0.133619
46 57 1 0.4 3.33862e-24 3.01037e-27 3.28651e-26 9.20275e+07 3.66523e+08 1.74317e+08 3.17336e+07 0 3.31616e+08 0 3.66523e+08 3.31616e+08 1.74317e+08 3.17336e+07 0.000146045 0.000175034 0.00192973 0.00142233 0.13363
44 57 2 0.281984 0.199641 0.000231463 0.000335179 6.26512e+07 2.49525e+08 1.18673e+08 2.16039e+07 0 2.2576e+08 0 2.49525e+08 2.2576e+08 1.18673e+08 2.16039e+07 0.000247113 -0.000920338 0.000940733 0.00233512 0.116214
59 58 0 0.908249 0.220014 0.00070767 0.00016847 1.27365e+08 5.07265e+08 2.41253e+08 4.3919e+07 0 4.58954e+08 0 5.07265e+08 4.58954e+08 2.41253e+08 4.3919e+07 0.000608983 -0.000879015 0.00264876 0.000734477 0.113937
57 58 1 0.8 3.26616e-24 5.21276e-27 3.94958e-26 1.33338e+08 5.31054e+08 2.52567e+08 4.59787e+07 0 4.80478e+08 0 5.31054e+08 4.80478e+08 2.52567e+08 4.59787e+07 -1.14809e-25 -6.64299e-25 0.00361535 0.00117111 0.132366
61 58 2 1 9.62612e-25 -3.876e-27 5.19957e-27 1.65577e+08 6.59452e+08 3.13632e+08 5.70954e+07 0 5.96647e+08 0 6.59452e+08 5.96647e+08 3.13632e+08 5.70954e+07 -1.53529e-25 -1.08784e-24 0.00456349 0.000636527 0.128599
58 59 0 0.9454 0.654104 0.00135074 0.000611754 4.65018e+07 1.85205e+08 8.80827e+07 1.60351e+07 0 1.67567e+08 0 1.85205e+08 1.67567e+08 8.80827e+07 1.60351e+07 0.00184617 -0.000533619 0.00176334 0.00132655 0.0970935
53 59 1 0.718835 0.611221 0.000995896 0.000917624 9.61574e+07 3.82972e+08 1.82139e+08 3.31577e+07 0 3.46498e+08 0 3.82972e+08 3.46498e+08 1.82139e+08 3.31577e+07 0.00122902 -0.00198427 0.000665612 0.000424849 0.0957177
56 59 2 0.827291 0.426067 0.00103706 0.000456129 9.42662e+07 3.75439e+08 1.78557e+08 3.25056e+07 0 3.39683e+08 0 3.75439e+08 3.39683e+08 1.78557e+08 3.25056e+07 0.000634531 -0.00119639 0.00103692 0.0012422 0.103369
50 60 0 0.498206 0.19763 0.000377946 0.000268431 8.66473e+07 3.45095e+08 1.64126e+08 2.98784e+07 0 3.12229e+08 0 3.45095e+08 3.12229e+08 1.64126e+08 2.98784e+07 0.000649445 1.49844e-05 0.00149976 0.00119976 0.116411
52 60 1 0.6 3.28238e-24 2.56304e-27 3.25836e-26 1.09741e+08 4.3707e+08 2.07868e+08 3.78416e+07 0 3.95444e+08 0 4.3707e+08 3.95444e+08 2.07868e+08 3.78416e+07 -3.81133e-26 -7.1198e-25 0.00272149 0.00120341 0.133383
55 60 2 0.708344 0.208441 0.000555956 0.000249128 9.36548e+07 3.73004e+08 1.77399e+08 3.22947e+07 0 3.3748e+08 0 3.73004e+08 3.3748e+08 1.77399e+08 3.22947e+07 0.000598604 -4.80709e-05 0.00271043 0.00134034 0.11541
44 61 0 0.281984 0.199641 0.000231463 0.000335179 6.26512e+07 2.49525e+08 1.18673e+08 2.16039e+07 0 2.2576e+08 0 2.49525e+08 2.2576e+08 1.18673e+08 2.16039e+07 0.000247113 -0.000920338 0.000940733 0.00233512 0.116214
50 61 1 0.498206 0.19763 0.000377946 0.000268431 8.66473e+07 3.45095e+08 1.64126e+08 2.98784e+07 0 3.12229e+08 0 3.45095e+08 3.12229e+08 1.64126e+08 2.98784e+07 0.000649445 1.49844e-05 0.00149976 0.00119976 0.116411
45 61 2 0.374678 0.373691 0.000287531 0.000738253 1.73814e+07 6.92257e+07 3.29234e+07 5.99357e+06 0 6.26328e+07 0 6.92257e+07 6.26328e+07 3.29234e+07 5.99357e+06 0.00119991 0.00043652 0.00226734 0.00495227 0.104745
52 62 0 0.6 3.28238e-24 2.56304e-27 3.25836e-26 1.09741e+08 4.3707e+08 2.07868e+08 3.78416e+07 0 3.95444e+08 0 4.3707e+08 3.95444e+08 2.07868e+08 3.78416e+07 -3.81133e-26 -7.1198e-25 0.00272149 0.00120341 0.133383
57 62 1 0.8 3.26616e-24 5.21276e-27 3.94958e-26 1.33338e+08 5.31054e+08 2.52567e+08 4.59787e+07 0 4.80478e+08 0 5.31054e+08 4.80478e+08 2.52567e+08 4.59787e+07 -1.14809e-25 -6.64299e-25 0.00361535 0.00117111 0.132366
55 62 2 0.708344 0.208441 0.000555956 0.000249128 9.36548e+07 3.73004e+08 1.77399e+08 3.22947e+07 0 3.3748e+08 0 3.73004e+08 3.3748e+08 1.77399e+08 3.22947e+07 0.000598604 -4.80709e-05 0.00271043 0.00134034 0.11541
36 63 0 0.145485 0.601503 0.000361751 0.00104026 9.60112e+07 3.82389e+08 1.81862e+08 3.31073e+07 0 3.45971e+08 0 3.82389e+08 3.45971e+08 1.81862e+08 3.31073e+07 0.000753485 0.00108957 0.000715505 0.000782063 0.0934799
33 63 1 0.111586 0.782819 6.29255e-05 0.00149701 1.6267e+07 6.47874e+07 3.08126e+07 5.6093e+06 0 5.86172e+07 0 6.47874e+07 5.86172e+07 3.08126e+07 5.6093e+06 0.00201866 -0.00146002 -0.00204976 0.00327517 0.0876569
32 63 2 -0.0476253 0.598788 0.000132231 0.00114031 1.33524e+07 5.31795e+07 2.52919e+07 4.60428e+06 0 4.81148e+07 0 5.31795e+07 4.81148e+07 2.52919e+07 4.60428e+06 0.00226308 -0.00169506 -0.00212258 0.00382953 0.0934986
45 64 0 0.374678 0.373691 0.000287531 0.000738253 1.73814e+07 6.92257e+07 3.29234e+07 5.99357e+06 0 6.26328e+07 0 6.92257e+07 6.26328e+07 3.29234e+07 5.99357e+06 0.00119991 0.00043652 0.00226734 0.00495227 0.104745
43 64 1 0.291453 0.524699 0.000391714 0.00106701 3.65073e+07 1.454e+08 6.91514e+07 1.25887e+07 0 1.31552e+08 0 1.454e+08 1.31552e+08 6.91514e+07 1.25887e+07 0.00181451 0.00196551 0.00211175 0.00185967 0.0969349
37 64 2 0.103349 0.387274 7.74148e-05 0.000797104 1.23712e+08 4.92716e+08 2.34333e+08 4.26594e+07 0 4.45791e+08 0 4.92716e+08 4.45791e+08 2.34333e+08 4.26594e+07 0.00022497 -0.00107828 0.000519988 0.00096515 0.103692
40 65 0 0.336306 0.730096 0.000451249 0.00142618 8.69251e+07 3.46202e+08 1.64652e+08 2.99742e+07 0 3.1323e+08 0 3.46202e+08 3.1323e+08 1.64652e+08 2.99742e+07 0.000473782 0.00194522 -0.00205745 0.00147988 0.0897057
42 65 1 0.449222 0.900212 0.000305715 0.0017219 9.04049e+07 3.60061e+08 1.71243e+08 3.11741e+07 0 3.25769e+08 0 3.60061e+08 3.25769e+08 1.71243e+08 3.11741e+07 0.00101384 0.00128676 -0.00149124 0.000985698 0.0867236
35 65 2 0.264817 0.944593 5.36759e-05 0.00164481 8.53942e+07 3.40104e+08 1.61752e+08 2.94463e+07 0 3.07714e+08 0 3.40104e+08 3.07714e+08 1.61752e+08 2.94463e+07 0.00118317 -0.000993395 -0.00109733 0.000875878 0.0849474
43 66 0 0.291453 0.524699 0.000391714 0.00106701 3.65073e+07 1.454e+08 6.91514e+07 1.25887e+07 0 1.31552e+08 0 1.454e+08 1.31552e+08 6.91514e+07 1.25887e+07 0.00181451 0.00196551 0.00211175 0.00185967 0.0969349
40 66 1 0.336306 0.730096 0.000451249 0.00142618 8.69251e+07 3.46202e+08 1.64652e+08 2.99742e+07 0 3.1323e+08 0 3.46202e+08 3.1323e+08 1.64652e+08 2.99742e+07 0.000473782 0.00194522 -0.00205745 0.00147988 0.0897057
36 66 2 0.145485 0.601503 0.000361751 0.00104026 9.60112e+07 3.82389e+08 1.81862e+08 3.31073e+07 0 3.45971e+08 0 3.82389e+08 3.45971e+08 1.81862e+08 3.31073e+07 0.000753485 0.00108957 0.000715505 0.000782063 0.0934799
37 67 0 0.103349 0.387274 7.74148e-05 0.000797104 1.23712e+08 4.92716e+08 2.34333e+08 4.26594e+07 0 4.45791e+08 0 4.92716e+08 4.45791e+08 2.34333e+08 4.26594e+07 0.00022497 -0.00107828 0.000519988 0.00096515 0.103692
43 67 1 0.291453 0.524699 0.000391714 0.00106701 3.65073e+07 1.454e+08 6.91514e+07 1.25887e+07 0 1.31552e+08 0 1.454e+08 1.31552e+08 6.91514e+07 1.25887e+07 0.00181451 0.00196551 0.00211175 0.00185967 0.0969349
36 67 2 0.145485 0.601503 0.000361751 0.00104026 9.60112e+07 3.82389e+08 1.81862e+08 3.31073e+07 0 3.45971e+08 0 3.82389e+08 3.45971e+08 1.81862e+08 3.31073e+07 0.000753485 0.00108957 0.000715505 0.000782063 0.0934799
45 68 0 0.374678 0.373691 0.000287531 0.000738253 1.73814e+07 6.92257e+07 3.29234e+07 5.99357e+06 0 6.26328e+07 0 6.92257e+07 6.26328e+07 3.29234e+07 5.99357e+06 0.00119991 0.00043652 0.00226734 0.00495227 0.104745
50 68 1 0.498206 0.19763 0.000377946 0.000268431 8.66473e+07 3.45095e+08 1.64126e+08 2.98784e+07 0 3.12229e+08 0 3.45095e+08 3.12229e+08 1.64126e+08 2.98784e+07 0.000649445 1.49844e-05 0.00149976 0.00119976 0.116411
51 68 2 0.605881 0.399397 0.000793352 0.000699379 6.12141e+06 2.43801e+07 1.1595e+07 2.11083e+06 0 2.20582e+07 0 2.43801e+07 2.20582e+07 1.1595e+07 2.11083e+06 0.00290351 -0.00178998 0.000180185 0.00419623 0.103815
48 69 0 0.581561 0.767665 0.000752436 0.00146467 5.46751e+06 2.17758e+07 1.03564e+07 1.88535e+06 0 1.97019e+07 0 2.17758e+07 1.97019e+07 1.03564e+07 1.88535e+06 0.00288487 0.000728033 -0.00216729 0.00576154 0.0902993
54 69 1 0.805898 0.839138 0.00191882 0.00141306 4.6037e+06 1.83354e+07 8.72024e+06 1.58748e+06 0 1.65892e+07 0 1.83354e+07 1.65892e+07 8.72024e+06 1.58748e+06 0.00814693 -0.00506414 -0.00940842 0.0103017 0.0914798
49 69 2 0.630305 0.987737 0.000445887 0.00221004 5.42898e+07 2.16223e+08 1.02835e+08 1.87206e+07 0 1.95631e+08 0 2.16223e+08 1.95631e+08 1.02835e+08 1.87206e+07 0.00153645 0.00267021 -0.000547197 0.00149946 0.0874474
43 70 0 0.291453 0.524699 0.000391714 0.00106701 3.65073e+07 1.454e+08 6.91514e+07 1.25887e+07 0 1.31552e+08 0 1.454e+08 1.31552e+08 6.91514e+07 1.25887e+07 0.00181451 0.00196551 0.00211175 0.00185967 0.0969349
47 70 1 0.492873 0.572375 0.000711306 0.0012023 1.06549e+08 4.24359e+08 2.01823e+08 3.67411e+07 0 3.83944e+08 0 4.24359e+08 3.83944e+08 2.01823e+08 3.67411e+07 0.000413858 -0.000793114 0.00103846 -6.89749e-05 0.0956329
40 70 2 0.336306 0.730096 0.000451249 0.00142618 8.69251e+07 3.46202e+08 1.64652e+08 2.99742e+07 0 3.1323e+08 0 3.46202e+08 3.1323e+08 1.64652e+08 2.99742e+07 0.000473782 0.00194522 -0.00205745 0.00147988 0.0897057
56 71 0 0.827291 0.426067 0.00103706 0.000456129 9.42662e+07 3.75439e+08 1.78557e+08 3.25056e+07 0 3.39683e+08 0 3.75439e+08 3.39683e+08 1.78557e+08 3.25056e+07 0.000634531 -0.00119639 0.00103692 0.0012422 0.103369
55 71 1 0.708344 0.208441 0.000555956 0.000249128 9.36548e+07 3.73004e+08 1.77399e+08 3.22947e+07 0 3.3748e+08 0 3.73004e+08 3.3748e+08 1.77399e+08 3.22947e+07 0.000598604 -4.80709e-05 0.00271043 0.00134034 0.11541
59 71 2 0.908249 0.220014 0.00070767 0.00016847 1.27365e+08 5.07265e+08 2.41253e+08 4.3919e+07 0 4.58954e+08 0 5.07265e+08 4.58954e+08 2.41253e+08 4.3919e+07 0.000608983 -0.000879015 0.00264876 0.000734477 0.113937
47 72 0 0.492873 0.572375 0.000711306 0.0012023 1.06549e+08 4.24359e+08 2.01823e+08 3.67411e+07 0 3.83944e+08 0 4.24359e+08 3.83944e+08 2.01823e+08 3.67411e+07 0.000413858 -0.000793114 0.00103846 -6.89749e-05 0.0956329
51 72 1 0.605881 0.399397 0.000793352 0.000699379 6.12141e+06 2.43801e+07 1.1595e+07 2.11083e+06 0 2.20582e+07 0 2.43801e+07 2.20582e+07 1.1595e+07 2.11083e+06 0.00290351 -0.00178998 0.000180185 0.00419623 0.103815
53 72 2 0.718835 0.611221 0.000995896 0.000917624 9.61574e+07 3.82972e+08 1.82139e+08 3.31577e+07 0 3.46498e+08 0 3.82972e+08 3.46498e+08 1.82139e+08 3.31577e+07 0.00122902 -0.00198427 0.000665612 0.000424849 0.0957177
47 73 0 0.492873 0.572375 0.000711306 0.0012023 1.06549e+08 4.24359e+08 2.01823e+08 3.67411e+07 0 3.83944e+08 0 4.24359e+08 3.83944e+08 2.01823e+08 3.67411e+07 0.000413858 -0.000793114 0.00103846 -6.89749e-05 0.0956329
45 73 1 0.374678 0.373691 0.000287531 0.000738253 1.73814e+07 6.92257e+07 3.29234e+07 5.99357e+06 0 6.26328e+07 0 6.92257e+07 6.26328e+07 3.29234e+07 5.99357e+06 0.00119991 0.00043652 0.00226734 0.00495227 0.104745
51 73 2 0.605881 0.399397 0.000793352 0.000699379 6.12141e+06 2.43801e+07 1.1595e+07 2.11083e+06 0 2.20582e+07 0 2.43801e+07 2.20582e+07 1.1595e+07 2.11083e+06 0.00290351 -0.00178998 0.000180185 0.00419623 0.103815
49 74 0 0.630305 0.987737 0.000445887 0.00221004 5.42898e+07 2.16223e+08 1.02835e+08 1.87206e+07 0 1.95631e+08 0 2.16223e+08 1.95631e+08 1.02835e+08 1.87206e+07 0.00153645 0.00267021 -0.000547197 0.00149946 0.0874474
42 74 1 0.449222 0.900212 0.000305715 0.0017219 9.04049e+07 3.60061e+08 1.71243e+08 3.11741e+07 0 3.25769e+08 0 3.60061e+08 3.25769e+08 1.71243e+08 3.11741e+07 0.00101384 0.00128676 -0.00149124 0.000985698 0.0867236
48 74 2 0.581561 0.767665 0.000752436 0.00146467 5.46751e+06 2.17758e+07 1.03564e+07 1.88535e+06 0 1.97019e+07 0 2.17758e+07 1.97019e+07 1.03564e+07 1.88535e+06 0.00288487 0.000728033 -0.00216729 0.00576154 0.0902993
49 75 0 0.630305 0.987737 0.000445887 0.00221004 5.42898e+07 2.16223e+08 1.02835e+08 1.87206e+07 0 1.95631e+08 0 2.16223e+08 1.95631e+08 1.02835e+08 1.87206e+07 0.00153645 0.00267021 -0.000547197 0.00149946 0.0874474
41 75 1 0.43261 1.09591 0.000233052 0.00193534 7.14971e+07 2.84756e+08 1.35428e+08 2.46542e+07 0 2.57636e+08 0 2.84756e+08 2.57636e+08 1.35428e+08 2.46542e+07 0.000903982 0.00113366 0.000911435 0.00140114 0.0847518
42 75 2 0.449222 0.900212 0.000305715 0.0017219 9.04049e+07 3.60061e+08 1.71243e+08 3.11741e+07 0 3.25769e+08 0 3.60061e+08 3.25769e+08 1.71243e+08 3.11741e+07 0.00101384 0.00128676 -0.00149124 0.000985698 0.0867236
33 76 0 0.111586 0.782819 6.29255e-05 0.00149701 1.6267e+07 6.47874e+07 3.08126e+07 5.6093e+06 0 5.86172e+07 0 6.47874e+07 5.86172e+07 3.08126e+07 5.6093e+06 0.00201866 -0.00146002 -0.00204976 0.00327517 0.0876569
36 76 1 0.145485 0.601503 0.000361751 0.00104026 9.60112e+07 3.82389e+08 1.81862e+08 3.31073e+07 0 3.45971e+08 0 3.82389e+08 3.45971e+08 1.81862e+08 3.31073e+07 0.000753485 0.00108957 0.000715505 0.000782063 0.0934799
40 76 2 0.336306 0.730096 0.000451249 0.00142618 8.69251e+07 3.46202e+08 1.64652e+08 2.99742e+07 0 3.1323e+08 0 3.46202e+08 3.1323e+08 1.64652e+08 2.99742e+07 0.000473782 0.00194522 -0.00205745 0.00147988 0.0897057
35 77 0 0.264817 0.944593 5.36759e-05 0.00164481 8.53942e+07 3.40104e+08 1.61752e+08 2.94463e+07 0 3.07714e+08 0 3.40104e+08 3.07714e+08 1.61752e+08 2.94463e+07 0.00118317 -0.000993395 -0.00109733 0.000875878 0.0849474
41 77 1 0.43261 1.09591 0.000233052 0.00193534 7.14971e+07 2.84756e+08 1.35428e+08 2.46542e+07 0 2.57636e+08 0 2.84756e+08 2.57636e+08 1.35428e+08 2.46542e+07 0.000903982 0.00113366 0.000911435 0.00140114 0.0847518
34 77 2 0.22564 1.16346 6.00475e-05 0.00204444 2.90076e+07 1.1553e+08 5.49455e+07 1.00026e+07 0 1.04527e+08 0 1.1553e+08 1.04527e+08 5.49455e+07 1.00026e+07 0.00144875 0.000480832 0.000974583 0.00204963 0.0831545
35 78 0 0.264817 0.944593 5.36759e-05 0.00164481 8.53942e+07 3.40104e+08 1.61752e+08 2.94463e+07 0 3.07714e+08 0 3.40104e+08 3.07714e+08 1.61752e+08 2.94463e+07 0.00118317 -0.000993395 -0.00109733 0.000875878 0.0849474
34 78 1 0.22564 1.16346 6.00475e-05 0.00204444 2.90076e+07 1.1553e+08 5.49455e+07 1.00026e+07 0 1.04527e+08 0 1.1553e+08 1.04527e+08 5.49455e+07 1.00026e+07 0.00144875 0.000480832 0.000974583 0.00204963 0.0831545
28 78 2 0.071317 0.985347 -0.000147465 0.00189273 1.32927e+08 5.29417e+08 2.51788e+08 4.58369e+07 0 4.78996e+08 0 5.29417e+08 4.78996e+08 2.51788e+08 4.58369e+07 0.00079137 -0.00133045 0.000190111 0.000396056 0.0838496
33 79 0 0.111586 0.782819 6.29255e-05 0.00149701 1.6267e+07 6.47874e+07 3.08126e+07 5.6093e+06 0 5.86172e+07 0 6.47874e+07 5.86172e+07 3.08126e+07 5.6093e+06 0.00201866 -0.00146002 -0.00204976 0.00327517 0.0876569
35 79 1 0.264817 0.944593 5.36759e-05 0.00164481 8.53942e+07 3.40104e+08 1.61752e+08 2.94463e+07 0 3.07714e+08 0 3.40104e+08 3.07714e+08 1.61752e+08 2.94463e+07 0.00118317 -0.000993395 -0.00109733 0.000875878 0.0849474
28 79 2 0.071317 0.985347 -0.000147465 0.00189273 1.32927e+08 5.29417e+08 2.51788e+08 4.58369e+07 0 4.78996e+08 0 5.29417e+08 4.78996e+08 2.51788e+08 4.58369e+07 0.00079137 -0.00133045 0.000190111 0.000396056 0.0838496
42 80 0 0.449222 0.900212 0.000305715 0.0017219 9.04049e+07 3.60061e+08 1.71243e+08 3.11741e+07 0 3.25769e+08 0 3.60061e+08 3.25769e+08 1.71243e+08 3.11741e+07 0.00101384 0.00128676 -0.00149124 0.000985698 0.0867236
41 80 1 0.43261 1.09591 0.000233052 0.00193534 7.14971e+07 2.84756e+08 1.35428e+08 2.46542e+07 0 2.57636e+08 0 2.84756e+08 2.57636e+08 1.35428e+08 2.46542e+07 0.000903982 0.00113366 0.000911435 0.00140114 0.0847518
35 80 2 0.264817 0.944593 5.36759e-05 0.00164481 8.53942e+07 3.40104e+08 1.61752e+08 2.94463e+07 0 3.07714e+08 0 3.40104e+08 3.07714e+08 1.61752e+08 2.94463e+07 0.00118317 -0.000993395 -0.00109733 0.000875878 0.0849474
52 81 0 0.6 3.28238e-24 2.56304e-27 3.25836e-26 1.09741e+08 4.3707e+08 2.07868e+08 3.78416e+07 0 3.95444e+08 0 4.3707e+08 3.95444e+08 2.07868e+08 3.78416e+07 -3.81133e-26 -7.1198e-25 0.00272149 0.00120341 0.133383
50 81 1 0.498206 0.19763 0.000377946 0.000268431 8.66473e+07 3.45095e+08 1.64126e+08 2.98784e+07 0 3.12229e+08 0 3.45095e+08 3.12229e+08 1.64126e+08 2.98784e+07 0.000649445 1.49844e-05 0.00149976 0.00119976 0.116411
46 81 2 0.4 3.33862e-24 3.01037e-27 3.28651e-26 9.20275e+07 3.66523e+08 1.74317e+08 3.17336e+07 0 3.31616e+08 0 3.66523e+08 3.31616e+08 1.74317e+08 3.17336e+07 0.000146045 0.000175034 0.00192973 0.00142233 0.13363
28 82 0 0.071317 0.985347 -0.000147465 0.00189273 1.32927e+08 5.29417e+08 2.51788e+08 4.58369e+07 0 4.78996e+08 0 5.29417e+08 4.78996e+08 2.51788e+08 4.58369e+07 0.00079137 -0.00133045 0.000190111 0.000396056 0.0838496
34 82 1 0.22564 1.16346 6.00475e-05 0.00204444 2.90076e+07 1.1553e+08 5.49455e+07 1.00026e+07 0 1.04527e+08 0 1.1553e+08 1.04527e+08 5.49455e+07 1.00026e+07 0.00144875 0.000480832 0.000974583 0.00204963 0.0831545
27 82 2 0.00168632 1.18895 -0.000132843 0.00214555 1.10118e+08 4.38575e+08 2.08584e+08 3.79718e+07 0 3.96806e+08 0 4.38575e+08 3.96806e+08 2.08584e+08 3.79718e+07 0.000648528 -0.00146458 0.00100615 0.000840659 0.0826125
20 83 0 -0.221586 1.16219 -0.000430969 0.00249262 4.1112e+07 1.63739e+08 7.78736e+07 1.41766e+07 0 1.48145e+08 0 1.63739e+08 1.48145e+08 7.78736e+07 1.41766e+07 0.00231331 -0.000283875 0.000265596 0.00199828 0.0831654
21 83 1 -0.111959 1.0102 -0.000323304 0.00211354 8.07808e+07 3.2173e+08 1.53013e+08 2.78554e+07 0 2.91089e+08 0 3.2173e+08 2.91089e+08 1.53013e+08 2.78554e+07 0.00117248 -0.000879074 0.000141773 0.00107953 0.0836513
27 83 2 0.00168632 1.18895 -0.000132843 0.00214555 1.10118e+08 4.38575e+08 2.08584e+08 3.79718e+07 0 3.96806e+08 0 4.38575e+08 3.96806e+08 2.08584e+08 3.79718e+07 0.000648528 -0.00146458 0.00100615 0.000840659 0.0826125
33 84 0 0.111586 0.782819 6.29255e-05 0.00149701 1.6267e+07 6.47874e+07 3.08126e+07 5.6093e+06 0 5.86172e+07 0 6.47874e+07 5.86172e+07 3.08126e+07 5.6093e+06 0.00201866 -0.00146002 -0.00204976 0.00327517 0.0876569
40 84 1 0.336306 0.730096 0.000451249 0.00142618 8.69251e+07 3.46202e+08 1.64652e+08 2.99742e+07 0 3.1323e+08 0 3.46202e+08 3.1323e+08 1.64652e+08 2.99742e+07 0.000473782 0.00194522 -0.00205745 0.00147988 0.0897057
35 84 2 0.264817 0.944593 5.36759e-05 0.00164481 8.53942e+07 3.40104e+08 1.61752e+08 2.94463e+07 0 3.07714e+08 0 3.40104e+08 3.07714e+08 1.61752e+08 2.94463e+07 0.00118317 -0.000993395 -0.00109733 0.000875878 0.0849474
21 85 0 -0.111959 1.0102 -0.000323304 0.00211354 8.07808e+07 3.2173e+08 1.53013e+08 2.78554e+07 0 2.91089e+08 0 3.2173e+08 2.91089e+08 1.53013e+08 2.78554e+07 0.00117248 -0.000879074 0.000141773 0.00107953 0.0836513
19 85 1 -0.28792 0.917776 -0.000581829 0.00210317 6.82282e+07 2.71737e+08 1.29236e+08 2.3527e+07 0 2.45857e+08 0 2.71737e+08 2.45857e+08 1.29236e+08 2.3527e+07 0.00122343 0.00123003 8.99633e-06 0.000931741 0.0854235
26 85 2 -0.100027 0.808173 -0.000310251 0.00186209 7.54627e+07 3.0055e+08 1.4294e+08 2.60216e+07 0 2.71926e+08 0 3.0055e+08 2.71926e+08 1.4294e+08 2.60216e+07 0.00105627 -0.000118272 -0.000139365 0.00135092 0.0870284
27 86 0 0.00168632 1.18895 -0.000132843 0.00214555 1.10118e+08 4.38575e+08 2.08584e+08 3.79718e+07 0 3.96806e+08 0 4.38575e+08 3.96806e+08 2.08584e+08 3.79718e+07 0.000648528 -0.00146458 0.00100615 0.000840659 0.0826125
21 86 1 -0.111959 1.0102 -0.000323304 0.00211354 8.07808e+07 3.2173e+08 1.53013e+08 2.78554e+07 0 2.91089e+08 0 3.2173e+08 2.91089e+08 1.53013e+08 2.78554e+07 0.00117248 -0.000879074 0.000141773 0.00107953 0.0836513
28 86 2 0.071317 0.985347 -0.000147465 0.00189273 1.32927e+08 5.29417e+08 2.51788e+08 4.58369e+07 0 4.78996e+08 0 5.29417e+08 4.78996e+08 2.51788e+08 4.58369e+07 0.00079137 -0.00133045 0.000190111 0.000396056 0.0838496
20 87 0 -0.221586 1.16219 -0.000430969 0.00249262 4.1112e+07 1.63739e+08 7.78736e+07 1.41766e+07 0 1.48145e+08 0 1.63739e+08 1.48145e+08 7.78736e+07 1.41766e+07 0.00231331 -0.000283875 0.000265596 0.00199828 0.0831654
19 87 1 -0.28792 0.917776 -0.000581829 0.00210317 6.82282e+07 2.71737e+08 1.29236e+08 2.3527e+07 0 2.45857e+08 0 2.71737e+08 2.45857e+08 1.29236e+08 2.3527e+07 0.00122343 0.00123003 8.99633e-06 0.000931741 0.0854235
21 87 2 -0.111959 1.0102 -0.000323304 0.00211354 8.07808e+07 3.2173e+08 1.53013e+08 2.78554e+07 0 2.91089e+08 0 3.2173e+08 2.91089e+08 1.53013e+08 2.78554e+07 0.00117248 -0.000879074 0.000141773 0.00107953 0.0836513
50 88 0 0.498206 0.19763 0.000377946 0.000268431 8.66473e+07 3.45095e+08 1.64126e+08 2.98784e+07 0 3.12229e+08 0 3.45095e+08 3.12229e+08 1.64126e+08 2.98784e+07 0.000649445 1.49844e-05 0.00149976 0.00119976 0.116411
44 88 1 0.281984 0.199641 0.000231463 0.000335179 6.26512e+07 2.49525e+08 1.18673e+08 2.16039e+07 0 2.2576e+08 0 2.49525e+08 2.2576e+08 1.18673e+08 2.16039e+07 0.000247113 -0.000920338 0.000940733 0.00233512 0.116214
46 88 2 0.4 3.33862e-24 3.01037e-27 3.28651e-26 9.20275e+07 3.66523e+08 1.74317e+08 3.17336e+07 0 3.31616e+08 0 3.66523e+08 3.31616e+08 1.74317e+08 3.17336e+07 0.000146045 0.000175034 0.00192973 0.00142233 0.13363
22 89 0 -0.390961 0.420737 -0.000616068 0.001039 4.34826e+07 1.73181e+08 8.23638e+07 1.4994e+07 0 1.56687e+08 0 1.73181e+08 1.56687e+08 8.23638e+07 1.4994e+07 0.00264714 5.99458e-05 -0.00218908 0.00109927 0.102103
18 89 1 -0.531305 0.594103 -0.0010245 0.00105564 1.74001e+08 6.93005e+08 3.2959e+08 6.00004e+07 0 6.27005e+08 0 6.93005e+08 6.27005e+08 3.2959e+08 6.00004e+07 0.000279691 0.00136049 -0.00163915 0.000611646 0.0948986
14 89 2 -0.622263 0.386952 -0.000847641 0.000691757 8.50798e+07 3.38852e+08 1.61156e+08 2.93379e+07 0 3.06581e+08 0 3.38852e+08 3.06581e+08 1.61156e+08 2.93379e+07 0.000580582 0.00174129 -0.000708431 0.00160279 0.104348
18 90 0 -0.531305 0.594103 -0.0010245 0.00105564 1.74001e+08 6.93005e+08 3.2959e+08 6.00004e+07 0 6.27005e+08 0 6.93005e+08 6.27005e+08 3.2959e+08 6.00004e+07 0.000279691 0.00136049 -0.00163915 0.000611646 0.0948986
17 90 1 -0.474892 0.827997 -0.000927504 0.00143343 5.29911e+07 2.11051e+08 1.00375e+08 1.82728e+07 0 1.90951e+08 0 2.11051e+08 1.90951e+08 1.00375e+08 1.82728e+07 0.00153138 0.00254665 0.000877342 0.00182208 0.0880817
10 90 2 -0.686831 0.731508 -0.00120294 0.00109748 1.11141e+08 4.42649e+08 2.10522e+08 3.83246e+07 0 4.00492e+08 0 4.42649e+08 4.00492e+08 2.10522e+08 3.83246e+07 0.000512276 -0.000519988 -6.18282e-05 0.000948728 0.0919399
12 91 0 -0.781304 0.52996 -0.00116001 0.000853299 2.83084e+07 1.12746e+08 5.36212e+07 9.76152e+06 0 1.02008e+08 0 1.12746e+08 1.02008e+08 5.36212e+07 9.76152e+06 0.0015687 -0.000385895 -0.00133964 0.00189899 0.0987428
18 91 1 -0.531305 0.594103 -0.0010245 0.00105564 1.74001e+08 6.93005e+08 3.2959e+08 6.00004e+07 0 6.27005e+08 0 6.93005e+08 6.27005e+08 3.2959e+08 6.00004e+07 0.000279691 0.00136049 -0.00163915 0.000611646 0.0948986
10 91 2 -0.686831 0.731508 -0.00120294 0.00109748 1.11141e+08 4.42649e+08 2.10522e+08 3.83246e+07 0 4.00492e+08 0 4.42649e+08 4.00492e+08 2.10522e+08 3.83246e+07 0.000512276 -0.000519988 -6.18282e-05 0.000948728 0.0919399
22 92 0 -0.390961 0.420737 -0.000616068 0.001039 4.34826e+07 1.73181e+08 8.23638e+07 1.4994e+07 0 1.56687e+08 0 1.73181e+08 1.56687e+08 8.23638e+07 1.4994e+07 0.00264714 5.99458e-05 -0.00218908 0.00109927 0.102103
29 92 1 -0.162227 0.420798 -0.000178525 0.000823225 7.11888e+07 2.83528e+08 1.34844e+08 2.45479e+07 0 2.56525e+08 0 2.83528e+08 2.56525e+08 1.34844e+08 2.45479e+07 0.00117914 -0.00194688 0.000309568 -8.616e-05 0.101815
25 92 2 -0.288539 0.653734 -0.000824342 0.00154784 4.06071e+06 1.61728e+07 7.69172e+06 1.40025e+06 0 1.46326e+07 0 1.61728e+07 1.46326e+07 7.69172e+06 1.40025e+06 0.00453518 -0.00204699 -0.00275592 0.00414204 0.0918601
19 93 0 -0.28792 0.917776 -0.000581829 0.00210317 6.82282e+07 2.71737e+08 1.29236e+08 2.3527e+07 0 2.45857e+08 0 2.71737e+08 2.45857e+08 1.29236e+08 2.3527e+07 0.00122343 0.00123003 8.99633e-06 0.000931741 0.0854235
13 93 1 -0.43701 1.09664 -0.00088596 0.00206097 4.54069e+07 1.80845e+08 8.60089e+07 1.56576e+07 0 1.63622e+08 0 1.80845e+08 1.63622e+08 8.60089e+07 1.56576e+07 0.00203987 0.00302995 -0.000689613 0.00214721 0.0846964
17 93 2 -0.474892 0.827997 -0.000927504 0.00143343 5.29911e+07 2.11051e+08 1.00375e+08 1.82728e+07 0 1.90951e+08 0 2.11051e+08 1.90951e+08 1.00375e+08 1.82728e+07 0.00153138 0.00254665 0.000877342 0.00182208 0.0880817
28 94 0 0.071317 0.985347 -0.000147465 0.00189273 1.32927e+08 5.29417e+08 2.51788e+08 4.58369e+07 0 4.78996e+08 0 5.29417e+08 4.78996e+08 2.51788e+08 4.58369e+07 0.00079137 -0.00133045 0.000190111 0.000396056 0.0838496
21 94 1 -0.111959 1.0102 -0.000323304 0.00211354 8.07808e+07 3.2173e+08 1.53013e+08 2.78554e+07 0 2.91089e+08 0 3.2173e+08 2.91089e+08 1.53013e+08 2.78554e+07 0.00117248 -0.000879074 0.000141773 0.00107953 0.0836513
26 94 2 -0.100027 0.808173 -0.000310251 0.00186209 7.54627e+07 3.0055e+08 1.4294e+08 2.60216e+07 0 2.71926e+08 0 3.0055e+08 2.71926e+08 1.4294e+08 2.60216e+07 0.00105627 -0.000118272 -0.000139365 0.00135092 0.0870284
13 95 0 -0.43701 1.09664 -0.00088596 0.00206097 4.54069e+07 1.80845e+08 8.60089e+07 1.56576e+07 0 1.63622e+08 0 1.80845e+08 1.63622e+08 8.60089e+07 1.56576e+07 0.00203987 0.00302995 -0.000689613 0.00214721 0.0846964
11 95 1 -0.635681 0.98433 -0.00106342 0.00137562 8.80416e+07 3.50649e+08 1.66767e+08 3.03592e+07 0 3.17253e+08 0 3.50649e+08 3.17253e+08 1.66767e+08 3.03592e+07 0.00067798 0.00104299 -0.000343785 0.00113036 0.0874178
17 95 2 -0.474892 0.827997 -0.000927504 0.00143343 5.29911e+07 2.11051e+08 1.00375e+08 1.82728e+07 0 1.90951e+08 0 2.11051e+08 1.90951e+08 1.00375e+08 1.82728e+07 0.00153138 0.00254665 0.000877342 0.00182208 0.0880817
38 96 0 0.0991418 0.176891 0.000129851 0.000433736 2.65194e+07 1.0562e+08 5.02324e+07 9.1446e+06 0 9.55611e+07 0 1.0562e+08 9.55611e+07 5.02324e+07 9.1446e+06 0.000694379 -0.000870622 0.000425415 0.00339449 0.11791
39 96 1 0.2 3.26677e-24 1.4186e-27 4.10289e-26 1.15605e+08 4.60427e+08 2.18977e+08 3.98639e+07 0 4.16577e+08 0 4.60427e+08 4.16577e+08 2.18977e+08 3.98639e+07 -0.000165233 0.000395119 0.00134444 0.00123839 0.133619
44 96 2 0.281984 0.199641 0.000231463 0.000335179 6.26512e+07 2.49525e+08 1.18673e+08 2.16039e+07 0 2.2576e+08 0 2.49525e+08 2.2576e+08 1.18673e+08 2.16039e+07 0.000247113 -0.000920338 0.000940733 0.00233512 0.116214
13 97 0 -0.43701 1.09664 -0.00088596 0.00206097 4.54069e+07 1.80845e+08 8.60089e+07 1.56576e+07 0 1.63622e+08 0 1.80845e+08 1.63622e+08 8.60089e+07 1.56576e+07 0.00203987 0.00302995 -0.000689613 0.00214721 0.0846964
19 97 1 -0.28792 0.917776 -0.000581829 0.00210317 6.82282e+07 2.71737e+08 1.29236e+08 2.3527e+07 0 2.45857e+08 0 2.71737e+08 2.45857e+08 1.29236e+08 2.3527e+07 0.00122343 0.00123003 8.99633e-06 0.000931741 0.0854235
20 97 2 -0.221586 1.16219 -0.000430969 0.00249262 4.1112e+07 1.63739e+08 7.78736e+07 1.41766e+07 0 1.48145e+08 0 1.63739e+08 1.48145e+08 7.78736e+07 1.41766e+07 0.00231331 -0.000283875 0.000265596 0.00199828 0.0831654
