Index_Vertex nbTriangle nbInTr x y ux uy Elast AR BR IR GR ER FR A1 A2 B12 C3 Defxx Defxy Defyx Defyy Density 
61 0 0 -1 5.84e-25 6.41343e-27 8.76993e-27 5.37249e+07 2.13973e+08 1.01765e+08 1.85258e+07 0 1.93595e+08 0 2.13973e+08 1.93595e+08 1.01765e+08 1.85258e+07 0.00167976 0.00260603 -0.00887287 0.000117024 0.138549
58 0 1 -0.8 2.26443e-24 -5.14359e-27 3.6358e-26 2.97325e+07 1.18417e+08 5.63187e+07 1.02526e+07 0 1.0714e+08 0 1.18417e+08 1.0714e+08 5.63187e+07 1.02526e+07 0.000611029 -0.00049904 -0.00589711 0.00337426 0.140644
59 0 2 -0.88089 0.153135 -0.00068744 0.00026768 1.21839e+08 4.85254e+08 2.30784e+08 4.20133e+07 0 4.39039e+08 0 4.85254e+08 4.39039e+08 2.30784e+08 4.20133e+07 0.000574905 0.00115323 -0.00154918 0.000915645 0.127166
59 1 0 -0.88089 0.153135 -0.00068744 0.00026768 1.21839e+08 4.85254e+08 2.30784e+08 4.20133e+07 0 4.39039e+08 0 4.85254e+08 4.39039e+08 2.30784e+08 4.20133e+07 0.000574905 0.00115323 -0.00154918 0.000915645 0.127166
60 1 1 -1.05072 0.211384 -0.00101467 0.000159138 1.60719e+07 6.40103e+07 3.0443e+07 5.54202e+06 0 5.79141e+07 0 6.40103e+07 5.79141e+07 3.0443e+07 5.54202e+06 0.00304209 0.000782372 -0.00308759 0.00299731 0.123134
61 1 2 -1 5.84e-25 6.41343e-27 8.76993e-27 5.37249e+07 2.13973e+08 1.01765e+08 1.85258e+07 0 1.93595e+08 0 2.13973e+08 1.93595e+08 1.01765e+08 1.85258e+07 0.00167976 0.00260603 -0.00887287 0.000117024 0.138549
54 2 0 -0.6 2.34322e-24 -6.5806e-27 3.62082e-26 9.61814e+07 3.83067e+08 1.82185e+08 3.3166e+07 0 3.46585e+08 0 3.83067e+08 3.46585e+08 1.82185e+08 3.3166e+07 0.00030642 -0.000140862 -0.00388363 0.00142812 0.140876
55 2 1 -0.687183 0.179862 -0.000587857 0.000290368 8.46956e+07 3.37322e+08 1.60429e+08 2.92054e+07 0 3.05196e+08 0 3.37322e+08 3.05196e+08 1.60429e+08 2.92054e+07 0.000736929 -0.000749036 -0.00214738 0.00136931 0.125324
58 2 2 -0.8 2.26443e-24 -5.14359e-27 3.6358e-26 2.97325e+07 1.18417e+08 5.63187e+07 1.02526e+07 0 1.0714e+08 0 1.18417e+08 1.0714e+08 5.63187e+07 1.02526e+07 0.000611029 -0.00049904 -0.00589711 0.00337426 0.140644
56 3 0 -0.831888 0.324206 -0.000886936 0.000480344 1.12322e+08 4.47352e+08 2.12758e+08 3.87318e+07 0 4.04747e+08 0 4.47352e+08 4.04747e+08 2.12758e+08 3.87318e+07 0.000458125 0.000670434 -3.41272e-05 0.000988514 0.116584
60 3 1 -1.05072 0.211384 -0.00101467 0.000159138 1.60719e+07 6.40103e+07 3.0443e+07 5.54202e+06 0 5.79141e+07 0 6.40103e+07 5.79141e+07 3.0443e+07 5.54202e+06 0.00304209 0.000782372 -0.00308759 0.00299731 0.123134
59 3 2 -0.88089 0.153135 -0.00068744 0.00026768 1.21839e+08 4.85254e+08 2.30784e+08 4.20133e+07 0 4.39039e+08 0 4.85254e+08 4.39039e+08 2.30784e+08 4.20133e+07 0.000574905 0.00115323 -0.00154918 0.000915645 0.127166
51 4 0 -0.603282 0.369105 -0.000705168 0.000548862 4.88126e+07 1.94409e+08 9.24599e+07 1.68319e+07 0 1.75894e+08 0 1.94409e+08 1.75894e+08 9.24599e+07 1.68319e+07 0.00127421 -0.000166211 -0.000349554 0.0016459 0.11303
49 4 1 -0.485366 0.196418 -0.000468436 0.000297535 7.57339e+07 3.0163e+08 1.43454e+08 2.61151e+07 0 2.72903e+08 0 3.0163e+08 2.72903e+08 1.43454e+08 2.61151e+07 0.000488846 0.00101554 -0.00126744 0.00170723 0.123722
44 4 2 -0.380704 0.404372 -0.000528557 0.000663905 1.26942e+08 5.05581e+08 2.40452e+08 4.37733e+07 0 4.57431e+08 0 5.05581e+08 4.57431e+08 2.40452e+08 4.37733e+07 -0.000164222 0.000821498 -0.000125963 0.000729751 0.110224
52 5 0 -0.753275 0.504763 -0.000828445 0.000690807 1.37023e+08 5.45728e+08 2.59545e+08 4.72492e+07 0 4.93754e+08 0 5.45728e+08 4.93754e+08 2.59545e+08 4.72492e+07 0.000544795 0.000577597 0.000436723 0.000738847 0.107813
51 5 1 -0.603282 0.369105 -0.000705168 0.000548862 4.88126e+07 1.94409e+08 9.24599e+07 1.68319e+07 0 1.75894e+08 0 1.94409e+08 1.75894e+08 9.24599e+07 1.68319e+07 0.00127421 -0.000166211 -0.000349554 0.0016459 0.11303
46 5 2 -0.514095 0.566109 -0.000628766 0.000815846 7.62899e+07 3.03844e+08 1.44507e+08 2.63068e+07 0 2.74907e+08 0 3.03844e+08 2.74907e+08 1.44507e+08 2.63068e+07 0.000943378 -0.000322694 0.00013281 0.00128708 0.103578
52 6 0 -0.753275 0.504763 -0.000828445 0.000690807 1.37023e+08 5.45728e+08 2.59545e+08 4.72492e+07 0 4.93754e+08 0 5.45728e+08 4.93754e+08 2.59545e+08 4.72492e+07 0.000544795 0.000577597 0.000436723 0.000738847 0.107813
56 6 1 -0.831888 0.324206 -0.000886936 0.000480344 1.12322e+08 4.47352e+08 2.12758e+08 3.87318e+07 0 4.04747e+08 0 4.47352e+08 4.04747e+08 2.12758e+08 3.87318e+07 0.000458125 0.000670434 -3.41272e-05 0.000988514 0.116584
51 6 2 -0.603282 0.369105 -0.000705168 0.000548862 4.88126e+07 1.94409e+08 9.24599e+07 1.68319e+07 0 1.75894e+08 0 1.94409e+08 1.75894e+08 9.24599e+07 1.68319e+07 0.00127421 -0.000166211 -0.000349554 0.0016459 0.11303
55 7 0 -0.687183 0.179862 -0.000587857 0.000290368 8.46956e+07 3.37322e+08 1.60429e+08 2.92054e+07 0 3.05196e+08 0 3.37322e+08 3.05196e+08 1.60429e+08 2.92054e+07 0.000736929 -0.000749036 -0.00214738 0.00136931 0.125324
59 7 1 -0.88089 0.153135 -0.00068744 0.00026768 1.21839e+08 4.85254e+08 2.30784e+08 4.20133e+07 0 4.39039e+08 0 4.85254e+08 4.39039e+08 2.30784e+08 4.20133e+07 0.000574905 0.00115323 -0.00154918 0.000915645 0.127166
58 7 2 -0.8 2.26443e-24 -5.14359e-27 3.6358e-26 2.97325e+07 1.18417e+08 5.63187e+07 1.02526e+07 0 1.0714e+08 0 1.18417e+08 1.0714e+08 5.63187e+07 1.02526e+07 0.000611029 -0.00049904 -0.00589711 0.00337426 0.140644
50 8 0 -0.4 2.29971e-24 -4.29737e-27 3.93667e-26 1.04924e+08 4.17887e+08 1.98745e+08 3.61807e+07 0 3.78088e+08 0 4.17887e+08 3.78088e+08 1.98745e+08 3.61807e+07 -6.17683e-26 5.56109e-25 -0.00287638 0.00132025 0.140655
49 8 1 -0.485366 0.196418 -0.000468436 0.000297535 7.57339e+07 3.0163e+08 1.43454e+08 2.61151e+07 0 2.72903e+08 0 3.0163e+08 2.72903e+08 1.43454e+08 2.61151e+07 0.000488846 0.00101554 -0.00126744 0.00170723 0.123722
54 8 2 -0.6 2.34322e-24 -6.5806e-27 3.62082e-26 9.61814e+07 3.83067e+08 1.82185e+08 3.3166e+07 0 3.46585e+08 0 3.83067e+08 3.46585e+08 1.82185e+08 3.3166e+07 0.00030642 -0.000140862 -0.00388363 0.00142812 0.140876
51 9 0 -0.603282 0.369105 -0.000705168 0.000548862 4.88126e+07 1.94409e+08 9.24599e+07 1.68319e+07 0 1.75894e+08 0 1.94409e+08 1.75894e+08 9.24599e+07 1.68319e+07 0.00127421 -0.000166211 -0.000349554 0.0016459 0.11303
56 9 1 -0.831888 0.324206 -0.000886936 0.000480344 1.12322e+08 4.47352e+08 2.12758e+08 3.87318e+07 0 4.04747e+08 0 4.47352e+08 4.04747e+08 2.12758e+08 3.87318e+07 0.000458125 0.000670434 -3.41272e-05 0.000988514 0.116584
55 9 2 -0.687183 0.179862 -0.000587857 0.000290368 8.46956e+07 3.37322e+08 1.60429e+08 2.92054e+07 0 3.05196e+08 0 3.37322e+08 3.05196e+08 1.60429e+08 2.92054e+07 0.000736929 -0.000749036 -0.00214738 0.00136931 0.125324
50 10 0 -0.4 2.29971e-24 -4.29737e-27 3.93667e-26 1.04924e+08 4.17887e+08 1.98745e+08 3.61807e+07 0 3.78088e+08 0 4.17887e+08 3.78088e+08 1.98745e+08 3.61807e+07 -6.17683e-26 5.56109e-25 -0.00287638 0.00132025 0.140655
43 10 1 -0.284492 0.205458 -0.000328954 0.000342819 3.44427e+07 1.37177e+08 6.52406e+07 1.18768e+07 0 1.24112e+08 0 1.37177e+08 1.24112e+08 6.52406e+07 1.18768e+07 0.00146798 -0.00188679 -0.000709445 0.0017775 0.122664
49 10 2 -0.485366 0.196418 -0.000468436 0.000297535 7.57339e+07 3.0163e+08 1.43454e+08 2.61151e+07 0 2.72903e+08 0 3.0163e+08 2.72903e+08 1.43454e+08 2.61151e+07 0.000488846 0.00101554 -0.00126744 0.00170723 0.123722
51 11 0 -0.603282 0.369105 -0.000705168 0.000548862 4.88126e+07 1.94409e+08 9.24599e+07 1.68319e+07 0 1.75894e+08 0 1.94409e+08 1.75894e+08 9.24599e+07 1.68319e+07 0.00127421 -0.000166211 -0.000349554 0.0016459 0.11303
55 11 1 -0.687183 0.179862 -0.000587857 0.000290368 8.46956e+07 3.37322e+08 1.60429e+08 2.92054e+07 0 3.05196e+08 0 3.37322e+08 3.05196e+08 1.60429e+08 2.92054e+07 0.000736929 -0.000749036 -0.00214738 0.00136931 0.125324
49 11 2 -0.485366 0.196418 -0.000468436 0.000297535 7.57339e+07 3.0163e+08 1.43454e+08 2.61151e+07 0 2.72903e+08 0 3.0163e+08 2.72903e+08 1.43454e+08 2.61151e+07 0.000488846 0.00101554 -0.00126744 0.00170723 0.123722
56 12 0 -0.831888 0.324206 -0.000886936 0.000480344 1.12322e+08 4.47352e+08 2.12758e+08 3.87318e+07 0 4.04747e+08 0 4.47352e+08 4.04747e+08 2.12758e+08 3.87318e+07 0.000458125 0.000670434 -3.41272e-05 0.000988514 0.116584
57 12 1 -1.00258 0.426679 -0.00111065 0.00073209 2.39531e+07 9.53994e+07 4.53715e+07 8.25969e+06 0 8.63138e+07 0 9.53994e+07 8.63138e+07 4.53715e+07 8.25969e+06 0.00188711 -0.0018671 5.91026e-05 0.00217004 0.113539
60 12 2 -1.05072 0.211384 -0.00101467 0.000159138 1.60719e+07 6.40103e+07 3.0443e+07 5.54202e+06 0 5.79141e+07 0 6.40103e+07 5.79141e+07 3.0443e+07 5.54202e+06 0.00304209 0.000782372 -0.00308759 0.00299731 0.123134
55 13 0 -0.687183 0.179862 -0.000587857 0.000290368 8.46956e+07 3.37322e+08 1.60429e+08 2.92054e+07 0 3.05196e+08 0 3.37322e+08 3.05196e+08 1.60429e+08 2.92054e+07 0.000736929 -0.000749036 -0.00214738 0.00136931 0.125324
56 13 1 -0.831888 0.324206 -0.000886936 0.000480344 1.12322e+08 4.47352e+08 2.12758e+08 3.87318e+07 0 4.04747e+08 0 4.47352e+08 4.04747e+08 2.12758e+08 3.87318e+07 0.000458125 0.000670434 -3.41272e-05 0.000988514 0.116584
59 13 2 -0.88089 0.153135 -0.00068744 0.00026768 1.21839e+08 4.85254e+08 2.30784e+08 4.20133e+07 0 4.39039e+08 0 4.85254e+08 4.39039e+08 2.30784e+08 4.20133e+07 0.000574905 0.00115323 -0.00154918 0.000915645 0.127166
52 14 0 -0.753275 0.504763 -0.000828445 0.000690807 1.37023e+08 5.45728e+08 2.59545e+08 4.72492e+07 0 4.93754e+08 0 5.45728e+08 4.93754e+08 2.59545e+08 4.72492e+07 0.000544795 0.000577597 0.000436723 0.000738847 0.107813
57 14 1 -1.00258 0.426679 -0.00111065 0.00073209 2.39531e+07 9.53994e+07 4.53715e+07 8.25969e+06 0 8.63138e+07 0 9.53994e+07 8.63138e+07 4.53715e+07 8.25969e+06 0.00188711 -0.0018671 5.91026e-05 0.00217004 0.113539
56 14 2 -0.831888 0.324206 -0.000886936 0.000480344 1.12322e+08 4.47352e+08 2.12758e+08 3.87318e+07 0 4.04747e+08 0 4.47352e+08 4.04747e+08 2.12758e+08 3.87318e+07 0.000458125 0.000670434 -3.41272e-05 0.000988514 0.116584
47 15 0 -0.661101 0.69406 -0.000719019 0.000899865 1.2725e+08 5.06806e+08 2.41034e+08 4.38793e+07 0 4.58539e+08 0 5.06806e+08 4.58539e+08 2.41034e+08 4.38793e+07 0.000618257 0.000664432 7.32633e-05 0.000723928 0.100899
52 15 1 -0.753275 0.504763 -0.000828445 0.000690807 1.37023e+08 5.45728e+08 2.59545e+08 4.72492e+07 0 4.93754e+08 0 5.45728e+08 4.93754e+08 2.59545e+08 4.72492e+07 0.000544795 0.000577597 0.000436723 0.000738847 0.107813
46 15 2 -0.514095 0.566109 -0.000628766 0.000815846 7.62899e+07 3.03844e+08 1.44507e+08 2.63068e+07 0 2.74907e+08 0 3.03844e+08 2.74907e+08 1.44507e+08 2.63068e+07 0.000943378 -0.000322694 0.00013281 0.00128708 0.103578
53 16 0 -0.907408 0.621086 -0.000910804 0.000878459 6.92304e+07 2.75728e+08 1.31135e+08 2.38726e+07 0 2.49468e+08 0 2.75728e+08 2.49468e+08 1.31135e+08 2.38726e+07 0.000941563 -0.00135684 0.000116725 0.00145503 0.106047
57 16 1 -1.00258 0.426679 -0.00111065 0.00073209 2.39531e+07 9.53994e+07 4.53715e+07 8.25969e+06 0 8.63138e+07 0 9.53994e+07 8.63138e+07 4.53715e+07 8.25969e+06 0.00188711 -0.0018671 5.91026e-05 0.00217004 0.113539
52 16 2 -0.753275 0.504763 -0.000828445 0.000690807 1.37023e+08 5.45728e+08 2.59545e+08 4.72492e+07 0 4.93754e+08 0 5.45728e+08 4.93754e+08 2.59545e+08 4.72492e+07 0.000544795 0.000577597 0.000436723 0.000738847 0.107813
38 17 0 -0.0848112 0.205777 -0.000115767 0.000474892 5.12879e+07 2.04267e+08 9.71486e+07 1.76855e+07 0 1.84813e+08 0 2.04267e+08 1.84813e+08 9.71486e+07 1.76855e+07 0.000220296 0.00488292 0.000238761 0.00257495 0.122434
45 17 1 -0.2 2.25505e-24 -5.85286e-28 3.06311e-26 1.18934e+08 4.73687e+08 2.25283e+08 4.10119e+07 0 4.28574e+08 0 4.73687e+08 4.28574e+08 2.25283e+08 4.10119e+07 -6.83659e-05 -0.000131513 -0.00191713 0.000729615 0.140415
39 17 2 2.49704e-17 2.26478e-24 -3.8639e-27 2.55387e-26 2.26721e+07 9.02975e+07 4.2945e+07 7.81796e+06 0 8.16977e+07 0 9.02975e+07 8.16977e+07 4.2945e+07 7.81796e+06 0.00103425 -0.00103568 -0.000846872 0.0036263 0.140325
38 18 0 -0.0848112 0.205777 -0.000115767 0.000474892 5.12879e+07 2.04267e+08 9.71486e+07 1.76855e+07 0 1.84813e+08 0 2.04267e+08 1.84813e+08 9.71486e+07 1.76855e+07 0.000220296 0.00488292 0.000238761 0.00257495 0.122434
30 18 1 0.0906178 0.377539 0.000267865 0.00113809 9.37304e+07 3.73306e+08 1.77542e+08 3.23208e+07 0 3.37753e+08 0 3.73306e+08 3.37753e+08 1.77542e+08 3.23208e+07 0.000637957 0.000414125 2.17829e-07 0.000743569 0.111166
37 18 2 -0.162148 0.409838 -0.000195065 0.000815067 8.46642e+06 3.37197e+07 1.60369e+07 2.91946e+06 0 3.05083e+07 0 3.37197e+07 3.05083e+07 1.60369e+07 2.91946e+06 0.00321701 0.000481394 8.54413e-05 0.00248383 0.109402
31 19 0 0.2 2.28842e-24 2.39905e-28 3.79687e-26 7.69676e+07 3.06543e+08 1.4579e+08 2.65406e+07 0 2.77349e+08 0 3.06543e+08 2.77349e+08 1.4579e+08 2.65406e+07 7.51563e-26 8.68637e-25 0.00228902 0.00191568 0.140443
32 19 1 0.0943961 0.172742 0.000148542 0.000701894 4.38223e+06 1.74534e+07 8.30073e+06 1.51111e+06 0 1.57911e+07 0 1.74534e+07 1.57911e+07 8.30073e+06 1.51111e+06 0.00285485 -0.00085486 0.000441456 0.0055333 0.125021
39 19 2 2.49704e-17 2.26478e-24 -3.8639e-27 2.55387e-26 2.26721e+07 9.02975e+07 4.2945e+07 7.81796e+06 0 8.16977e+07 0 9.02975e+07 8.16977e+07 4.2945e+07 7.81796e+06 0.00103425 -0.00103568 -0.000846872 0.0036263 0.140325
24 20 0 0.272938 0.192981 0.000337264 0.000410495 5.03706e+07 2.00614e+08 9.54109e+07 1.73692e+07 0 1.81508e+08 0 2.00614e+08 1.81508e+08 9.54109e+07 1.73692e+07 0.000138897 -0.00141246 0.00125211 0.00279293 0.123642
30 20 1 0.0906178 0.377539 0.000267865 0.00113809 9.37304e+07 3.73306e+08 1.77542e+08 3.23208e+07 0 3.37753e+08 0 3.73306e+08 3.37753e+08 1.77542e+08 3.23208e+07 0.000637957 0.000414125 2.17829e-07 0.000743569 0.111166
32 20 2 0.0943961 0.172742 0.000148542 0.000701894 4.38223e+06 1.74534e+07 8.30073e+06 1.51111e+06 0 1.57911e+07 0 1.74534e+07 1.57911e+07 8.30073e+06 1.51111e+06 0.00285485 -0.00085486 0.000441456 0.0055333 0.125021
49 21 0 -0.485366 0.196418 -0.000468436 0.000297535 7.57339e+07 3.0163e+08 1.43454e+08 2.61151e+07 0 2.72903e+08 0 3.0163e+08 2.72903e+08 1.43454e+08 2.61151e+07 0.000488846 0.00101554 -0.00126744 0.00170723 0.123722
55 21 1 -0.687183 0.179862 -0.000587857 0.000290368 8.46956e+07 3.37322e+08 1.60429e+08 2.92054e+07 0 3.05196e+08 0 3.37322e+08 3.05196e+08 1.60429e+08 2.92054e+07 0.000736929 -0.000749036 -0.00214738 0.00136931 0.125324
54 21 2 -0.6 2.34322e-24 -6.5806e-27 3.62082e-26 9.61814e+07 3.83067e+08 1.82185e+08 3.3166e+07 0 3.46585e+08 0 3.83067e+08 3.46585e+08 1.82185e+08 3.3166e+07 0.00030642 -0.000140862 -0.00388363 0.00142812 0.140876
44 22 0 -0.380704 0.404372 -0.000528557 0.000663905 1.26942e+08 5.05581e+08 2.40452e+08 4.37733e+07 0 4.57431e+08 0 5.05581e+08 4.57431e+08 2.40452e+08 4.37733e+07 -0.000164222 0.000821498 -0.000125963 0.000729751 0.110224
49 22 1 -0.485366 0.196418 -0.000468436 0.000297535 7.57339e+07 3.0163e+08 1.43454e+08 2.61151e+07 0 2.72903e+08 0 3.0163e+08 2.72903e+08 1.43454e+08 2.61151e+07 0.000488846 0.00101554 -0.00126744 0.00170723 0.123722
43 22 2 -0.284492 0.205458 -0.000328954 0.000342819 3.44427e+07 1.37177e+08 6.52406e+07 1.18768e+07 0 1.24112e+08 0 1.37177e+08 1.24112e+08 6.52406e+07 1.18768e+07 0.00146798 -0.00188679 -0.000709445 0.0017775 0.122664
44 23 0 -0.380704 0.404372 -0.000528557 0.000663905 1.26942e+08 5.05581e+08 2.40452e+08 4.37733e+07 0 4.57431e+08 0 5.05581e+08 4.57431e+08 2.40452e+08 4.37733e+07 -0.000164222 0.000821498 -0.000125963 0.000729751 0.110224
46 23 1 -0.514095 0.566109 -0.000628766 0.000815846 7.62899e+07 3.03844e+08 1.44507e+08 2.63068e+07 0 2.74907e+08 0 3.03844e+08 2.74907e+08 1.44507e+08 2.63068e+07 0.000943378 -0.000322694 0.00013281 0.00128708 0.103578
51 23 2 -0.603282 0.369105 -0.000705168 0.000548862 4.88126e+07 1.94409e+08 9.24599e+07 1.68319e+07 0 1.75894e+08 0 1.94409e+08 1.75894e+08 9.24599e+07 1.68319e+07 0.00127421 -0.000166211 -0.000349554 0.0016459 0.11303
37 24 0 -0.162148 0.409838 -0.000195065 0.000815067 8.46642e+06 3.37197e+07 1.60369e+07 2.91946e+06 0 3.05083e+07 0 3.37197e+07 3.05083e+07 1.60369e+07 2.91946e+06 0.00321701 0.000481394 8.54413e-05 0.00248383 0.109402
44 24 1 -0.380704 0.404372 -0.000528557 0.000663905 1.26942e+08 5.05581e+08 2.40452e+08 4.37733e+07 0 4.57431e+08 0 5.05581e+08 4.57431e+08 2.40452e+08 4.37733e+07 -0.000164222 0.000821498 -0.000125963 0.000729751 0.110224
43 24 2 -0.284492 0.205458 -0.000328954 0.000342819 3.44427e+07 1.37177e+08 6.52406e+07 1.18768e+07 0 1.24112e+08 0 1.37177e+08 1.24112e+08 6.52406e+07 1.18768e+07 0.00146798 -0.00188679 -0.000709445 0.0017775 0.122664
47 25 0 -0.661101 0.69406 -0.000719019 0.000899865 1.2725e+08 5.06806e+08 2.41034e+08 4.38793e+07 0 4.58539e+08 0 5.06806e+08 4.58539e+08 2.41034e+08 4.38793e+07 0.000618257 0.000664432 7.32633e-05 0.000723928 0.100899
46 25 1 -0.514095 0.566109 -0.000628766 0.000815846 7.62899e+07 3.03844e+08 1.44507e+08 2.63068e+07 0 2.74907e+08 0 3.03844e+08 2.74907e+08 1.44507e+08 2.63068e+07 0.000943378 -0.000322694 0.00013281 0.00128708 0.103578
41 25 2 -0.46307 0.787594 -0.000530104 0.00116181 5.74269e+07 2.28717e+08 1.08777e+08 1.98024e+07 0 2.06935e+08 0 2.28717e+08 2.06935e+08 1.08777e+08 1.98024e+07 0.0013149 0.00129744 0.00033914 0.00161232 0.0968566
42 26 0 -0.608881 0.93476 -0.000659503 0.00117801 8.41975e+07 3.35338e+08 1.59485e+08 2.90336e+07 0 3.03401e+08 0 3.35338e+08 3.03401e+08 1.59485e+08 2.90336e+07 0.00103805 0.00143688 0.000175704 0.00117384 0.0962465
47 26 1 -0.661101 0.69406 -0.000719019 0.000899865 1.2725e+08 5.06806e+08 2.41034e+08 4.38793e+07 0 4.58539e+08 0 5.06806e+08 4.58539e+08 2.41034e+08 4.38793e+07 0.000618257 0.000664432 7.32633e-05 0.000723928 0.100899
41 26 2 -0.46307 0.787594 -0.000530104 0.00116181 5.74269e+07 2.28717e+08 1.08777e+08 1.98024e+07 0 2.06935e+08 0 2.28717e+08 2.06935e+08 1.08777e+08 1.98024e+07 0.0013149 0.00129744 0.00033914 0.00161232 0.0968566
48 27 0 -0.776499 0.793643 -0.000774414 0.000931212 1.62995e+08 6.49171e+08 3.08743e+08 5.62053e+07 0 5.87345e+08 0 6.49171e+08 5.87345e+08 3.08743e+08 5.62053e+07 0.000396907 -2.96574e-05 -9.41353e-06 0.000641225 0.100391
53 27 1 -0.907408 0.621086 -0.000910804 0.000878459 6.92304e+07 2.75728e+08 1.31135e+08 2.38726e+07 0 2.49468e+08 0 2.75728e+08 2.49468e+08 1.31135e+08 2.38726e+07 0.000941563 -0.00135684 0.000116725 0.00145503 0.106047
47 27 2 -0.661101 0.69406 -0.000719019 0.000899865 1.2725e+08 5.06806e+08 2.41034e+08 4.38793e+07 0 4.58539e+08 0 5.06806e+08 4.58539e+08 2.41034e+08 4.38793e+07 0.000618257 0.000664432 7.32633e-05 0.000723928 0.100899
47 28 0 -0.661101 0.69406 -0.000719019 0.000899865 1.2725e+08 5.06806e+08 2.41034e+08 4.38793e+07 0 4.58539e+08 0 5.06806e+08 4.58539e+08 2.41034e+08 4.38793e+07 0.000618257 0.000664432 7.32633e-05 0.000723928 0.100899
53 28 1 -0.907408 0.621086 -0.000910804 0.000878459 6.92304e+07 2.75728e+08 1.31135e+08 2.38726e+07 0 2.49468e+08 0 2.75728e+08 2.49468e+08 1.31135e+08 2.38726e+07 0.000941563 -0.00135684 0.000116725 0.00145503 0.106047
52 28 2 -0.753275 0.504763 -0.000828445 0.000690807 1.37023e+08 5.45728e+08 2.59545e+08 4.72492e+07 0 4.93754e+08 0 5.45728e+08 4.93754e+08 2.59545e+08 4.72492e+07 0.000544795 0.000577597 0.000436723 0.000738847 0.107813
50 29 0 -0.4 2.29971e-24 -4.29737e-27 3.93667e-26 1.04924e+08 4.17887e+08 1.98745e+08 3.61807e+07 0 3.78088e+08 0 4.17887e+08 3.78088e+08 1.98745e+08 3.61807e+07 -6.17683e-26 5.56109e-25 -0.00287638 0.00132025 0.140655
45 29 1 -0.2 2.25505e-24 -5.85286e-28 3.06311e-26 1.18934e+08 4.73687e+08 2.25283e+08 4.10119e+07 0 4.28574e+08 0 4.73687e+08 4.28574e+08 2.25283e+08 4.10119e+07 -6.83659e-05 -0.000131513 -0.00191713 0.000729615 0.140415
43 29 2 -0.284492 0.205458 -0.000328954 0.000342819 3.44427e+07 1.37177e+08 6.52406e+07 1.18768e+07 0 1.24112e+08 0 1.37177e+08 1.24112e+08 6.52406e+07 1.18768e+07 0.00146798 -0.00188679 -0.000709445 0.0017775 0.122664
48 30 0 -0.776499 0.793643 -0.000774414 0.000931212 1.62995e+08 6.49171e+08 3.08743e+08 5.62053e+07 0 5.87345e+08 0 6.49171e+08 5.87345e+08 3.08743e+08 5.62053e+07 0.000396907 -2.96574e-05 -9.41353e-06 0.000641225 0.100391
47 30 1 -0.661101 0.69406 -0.000719019 0.000899865 1.2725e+08 5.06806e+08 2.41034e+08 4.38793e+07 0 4.58539e+08 0 5.06806e+08 4.58539e+08 2.41034e+08 4.38793e+07 0.000618257 0.000664432 7.32633e-05 0.000723928 0.100899
42 30 2 -0.608881 0.93476 -0.000659503 0.00117801 8.41975e+07 3.35338e+08 1.59485e+08 2.90336e+07 0 3.03401e+08 0 3.35338e+08 3.03401e+08 1.59485e+08 2.90336e+07 0.00103805 0.00143688 0.000175704 0.00117384 0.0962465
40 31 0 -0.286247 0.633489 -0.000317209 0.00112772 4.4588e+07 1.77583e+08 8.44576e+07 1.53752e+07 0 1.6067e+08 0 1.77583e+08 1.6067e+08 8.44576e+07 1.53752e+07 0.00147983 0.00248266 0.00142848 0.00195674 0.0999794
46 31 1 -0.514095 0.566109 -0.000628766 0.000815846 7.62899e+07 3.03844e+08 1.44507e+08 2.63068e+07 0 2.74907e+08 0 3.03844e+08 2.74907e+08 1.44507e+08 2.63068e+07 0.000943378 -0.000322694 0.00013281 0.00128708 0.103578
44 31 2 -0.380704 0.404372 -0.000528557 0.000663905 1.26942e+08 5.05581e+08 2.40452e+08 4.37733e+07 0 4.57431e+08 0 5.05581e+08 4.57431e+08 2.40452e+08 4.37733e+07 -0.000164222 0.000821498 -0.000125963 0.000729751 0.110224
33 32 0 -0.130553 0.826035 -4.06457e-05 0.00164782 2.12403e+07 8.45949e+07 4.02329e+07 7.32423e+06 0 7.65382e+07 0 8.45949e+07 7.65382e+07 4.02329e+07 7.32423e+06 0.00217043 4.52017e-05 -0.000713629 0.00135546 0.0943645
35 32 1 -0.29676 0.881615 -0.000328265 0.00152478 9.16391e+07 3.64976e+08 1.73581e+08 3.15997e+07 0 3.30217e+08 0 3.64976e+08 3.30217e+08 1.73581e+08 3.15997e+07 0.000809691 0.00151065 0.000196216 0.00114151 0.0940336
40 32 2 -0.286247 0.633489 -0.000317209 0.00112772 4.4588e+07 1.77583e+08 8.44576e+07 1.53752e+07 0 1.6067e+08 0 1.77583e+08 1.6067e+08 8.44576e+07 1.53752e+07 0.00147983 0.00248266 0.00142848 0.00195674 0.0999794
26 33 0 0.0792203 0.767617 0.000262815 0.00149077 1.27936e+08 5.09537e+08 2.42333e+08 4.41157e+07 0 4.61009e+08 0 5.09537e+08 4.61009e+08 2.42333e+08 4.41157e+07 0.000633332 -0.000483635 -0.000850453 0.000808421 0.0955466
33 33 1 -0.130553 0.826035 -4.06457e-05 0.00164782 2.12403e+07 8.45949e+07 4.02329e+07 7.32423e+06 0 7.65382e+07 0 8.45949e+07 7.65382e+07 4.02329e+07 7.32423e+06 0.00217043 4.52017e-05 -0.000713629 0.00135546 0.0943645
34 33 2 -0.0638051 0.59488 0.000107469 0.00131862 5.5951e+07 2.22839e+08 1.05981e+08 1.92934e+07 0 2.01617e+08 0 2.22839e+08 2.01617e+08 1.05981e+08 1.92934e+07 0.00143395 0.000501229 0.00104463 0.00130697 0.100865
26 34 0 0.0792203 0.767617 0.000262815 0.00149077 1.27936e+08 5.09537e+08 2.42333e+08 4.41157e+07 0 4.61009e+08 0 5.09537e+08 4.61009e+08 2.42333e+08 4.41157e+07 0.000633332 -0.000483635 -0.000850453 0.000808421 0.0955466
28 34 1 0.0173031 0.966643 1.38469e-05 0.00170885 1.2164e+08 4.84462e+08 2.30408e+08 4.19448e+07 0 4.38323e+08 0 4.84462e+08 4.38323e+08 2.30408e+08 4.19448e+07 0.000771895 -0.00135518 -0.00116839 0.000737326 0.0920975
33 34 2 -0.130553 0.826035 -4.06457e-05 0.00164782 2.12403e+07 8.45949e+07 4.02329e+07 7.32423e+06 0 7.65382e+07 0 8.45949e+07 7.65382e+07 4.02329e+07 7.32423e+06 0.00217043 4.52017e-05 -0.000713629 0.00135546 0.0943645
41 35 0 -0.46307 0.787594 -0.000530104 0.00116181 5.74269e+07 2.28717e+08 1.08777e+08 1.98024e+07 0 2.06935e+08 0 2.28717e+08 2.06935e+08 1.08777e+08 1.98024e+07 0.0013149 0.00129744 0.00033914 0.00161232 0.0968566
46 35 1 -0.514095 0.566109 -0.000628766 0.000815846 7.62899e+07 3.03844e+08 1.44507e+08 2.63068e+07 0 2.74907e+08 0 3.03844e+08 2.74907e+08 1.44507e+08 2.63068e+07 0.000943378 -0.000322694 0.00013281 0.00128708 0.103578
40 35 2 -0.286247 0.633489 -0.000317209 0.00112772 4.4588e+07 1.77583e+08 8.44576e+07 1.53752e+07 0 1.6067e+08 0 1.77583e+08 1.6067e+08 8.44576e+07 1.53752e+07 0.00147983 0.00248266 0.00142848 0.00195674 0.0999794
33 36 0 -0.130553 0.826035 -4.06457e-05 0.00164782 2.12403e+07 8.45949e+07 4.02329e+07 7.32423e+06 0 7.65382e+07 0 8.45949e+07 7.65382e+07 4.02329e+07 7.32423e+06 0.00217043 4.52017e-05 -0.000713629 0.00135546 0.0943645
29 36 1 -0.210929 1.10401 -0.000239295 0.00186708 1.25441e+08 4.99603e+08 2.37609e+08 4.32557e+07 0 4.52022e+08 0 4.99603e+08 4.52022e+08 2.37609e+08 4.32557e+07 0.000857486 0.000793389 0.000189931 0.000633124 0.0918351
35 36 2 -0.29676 0.881615 -0.000328265 0.00152478 9.16391e+07 3.64976e+08 1.73581e+08 3.15997e+07 0 3.30217e+08 0 3.64976e+08 3.30217e+08 1.73581e+08 3.15997e+07 0.000809691 0.00151065 0.000196216 0.00114151 0.0940336
36 37 0 -0.417814 1.0412 -0.000436831 0.00156028 7.9669e+07 3.17302e+08 1.50907e+08 2.74721e+07 0 2.87083e+08 0 3.17302e+08 2.87083e+08 1.50907e+08 2.74721e+07 0.00117865 0.000906323 -4.85458e-05 0.00113685 0.0934214
42 37 1 -0.608881 0.93476 -0.000659503 0.00117801 8.41975e+07 3.35338e+08 1.59485e+08 2.90336e+07 0 3.03401e+08 0 3.35338e+08 3.03401e+08 1.59485e+08 2.90336e+07 0.00103805 0.00143688 0.000175704 0.00117384 0.0962465
41 37 2 -0.46307 0.787594 -0.000530104 0.00116181 5.74269e+07 2.28717e+08 1.08777e+08 1.98024e+07 0 2.06935e+08 0 2.28717e+08 2.06935e+08 1.08777e+08 1.98024e+07 0.0013149 0.00129744 0.00033914 0.00161232 0.0968566
24 38 0 0.272938 0.192981 0.000337264 0.000410495 5.03706e+07 2.00614e+08 9.54109e+07 1.73692e+07 0 1.81508e+08 0 2.00614e+08 1.81508e+08 9.54109e+07 1.73692e+07 0.000138897 -0.00141246 0.00125211 0.00279293 0.123642
32 38 1 0.0943961 0.172742 0.000148542 0.000701894 4.38223e+06 1.74534e+07 8.30073e+06 1.51111e+06 0 1.57911e+07 0 1.74534e+07 1.57911e+07 8.30073e+06 1.51111e+06 0.00285485 -0.00085486 0.000441456 0.0055333 0.125021
31 38 2 0.2 2.28842e-24 2.39905e-28 3.79687e-26 7.69676e+07 3.06543e+08 1.4579e+08 2.65406e+07 0 2.77349e+08 0 3.06543e+08 2.77349e+08 1.4579e+08 2.65406e+07 7.51563e-26 8.68637e-25 0.00228902 0.00191568 0.140443
19 39 0 0.229974 0.905257 0.000243258 0.0015418 9.69496e+07 3.86127e+08 1.8364e+08 3.34309e+07 0 3.49353e+08 0 3.86127e+08 3.49353e+08 1.8364e+08 3.34309e+07 0.000634413 -0.00025332 -0.000922027 0.00108452 0.0933747
20 39 1 0.216751 1.1004 0.000171516 0.00185636 2.89227e+07 1.15192e+08 5.47849e+07 9.97336e+06 0 1.04222e+08 0 1.15192e+08 1.04222e+08 5.47849e+07 9.97336e+06 0.00168592 0.000552585 4.84534e-05 0.00195254 0.0918729
28 39 2 0.0173031 0.966643 1.38469e-05 0.00170885 1.2164e+08 4.84462e+08 2.30408e+08 4.19448e+07 0 4.38323e+08 0 4.84462e+08 4.38323e+08 2.30408e+08 4.19448e+07 0.000771895 -0.00135518 -0.00116839 0.000737326 0.0920975
18 40 0 0.306597 0.701971 0.000433618 0.00136829 1.97187e+08 7.85348e+08 3.73507e+08 6.79955e+07 0 7.10553e+08 0 7.85348e+08 7.10553e+08 3.73507e+08 6.79955e+07 0.000405777 -0.000474645 -0.000558726 0.000348097 0.0980061
19 40 1 0.229974 0.905257 0.000243258 0.0015418 9.69496e+07 3.86127e+08 1.8364e+08 3.34309e+07 0 3.49353e+08 0 3.86127e+08 3.49353e+08 1.8364e+08 3.34309e+07 0.000634413 -0.00025332 -0.000922027 0.00108452 0.0933747
26 40 2 0.0792203 0.767617 0.000262815 0.00149077 1.27936e+08 5.09537e+08 2.42333e+08 4.41157e+07 0 4.61009e+08 0 5.09537e+08 4.61009e+08 2.42333e+08 4.41157e+07 0.000633332 -0.000483635 -0.000850453 0.000808421 0.0955466
12 41 0 0.418466 0.856785 0.000428776 0.00149098 6.51491e+07 2.59473e+08 1.23404e+08 2.24652e+07 0 2.34761e+08 0 2.59473e+08 2.34761e+08 1.23404e+08 2.24652e+07 0.000969052 0.000336715 -0.000497271 0.00133654 0.0953197
13 41 1 0.414881 1.03789 0.000394969 0.00171745 8.54439e+07 3.40303e+08 1.61846e+08 2.94634e+07 0 3.07893e+08 0 3.40303e+08 3.07893e+08 1.61846e+08 2.94634e+07 0.000917223 3.50068e-06 0.000301485 0.0010502 0.0934967
19 41 2 0.229974 0.905257 0.000243258 0.0015418 9.69496e+07 3.86127e+08 1.8364e+08 3.34309e+07 0 3.49353e+08 0 3.86127e+08 3.49353e+08 1.8364e+08 3.34309e+07 0.000634413 -0.00025332 -0.000922027 0.00108452 0.0933747
38 42 0 -0.0848112 0.205777 -0.000115767 0.000474892 5.12879e+07 2.04267e+08 9.71486e+07 1.76855e+07 0 1.84813e+08 0 2.04267e+08 1.84813e+08 9.71486e+07 1.76855e+07 0.000220296 0.00488292 0.000238761 0.00257495 0.122434
37 42 1 -0.162148 0.409838 -0.000195065 0.000815067 8.46642e+06 3.37197e+07 1.60369e+07 2.91946e+06 0 3.05083e+07 0 3.37197e+07 3.05083e+07 1.60369e+07 2.91946e+06 0.00321701 0.000481394 8.54413e-05 0.00248383 0.109402
43 42 2 -0.284492 0.205458 -0.000328954 0.000342819 3.44427e+07 1.37177e+08 6.52406e+07 1.18768e+07 0 1.24112e+08 0 1.37177e+08 1.24112e+08 6.52406e+07 1.18768e+07 0.00146798 -0.00188679 -0.000709445 0.0017775 0.122664
45 43 0 -0.2 2.25505e-24 -5.85286e-28 3.06311e-26 1.18934e+08 4.73687e+08 2.25283e+08 4.10119e+07 0 4.28574e+08 0 4.73687e+08 4.28574e+08 2.25283e+08 4.10119e+07 -6.83659e-05 -0.000131513 -0.00191713 0.000729615 0.140415
38 43 1 -0.0848112 0.205777 -0.000115767 0.000474892 5.12879e+07 2.04267e+08 9.71486e+07 1.76855e+07 0 1.84813e+08 0 2.04267e+08 1.84813e+08 9.71486e+07 1.76855e+07 0.000220296 0.00488292 0.000238761 0.00257495 0.122434
43 43 2 -0.284492 0.205458 -0.000328954 0.000342819 3.44427e+07 1.37177e+08 6.52406e+07 1.18768e+07 0 1.24112e+08 0 1.37177e+08 1.24112e+08 6.52406e+07 1.18768e+07 0.00146798 -0.00188679 -0.000709445 0.0017775 0.122664
32 44 0 0.0943961 0.172742 0.000148542 0.000701894 4.38223e+06 1.74534e+07 8.30073e+06 1.51111e+06 0 1.57911e+07 0 1.74534e+07 1.57911e+07 8.30073e+06 1.51111e+06 0.00285485 -0.00085486 0.000441456 0.0055333 0.125021
30 44 1 0.0906178 0.377539 0.000267865 0.00113809 9.37304e+07 3.73306e+08 1.77542e+08 3.23208e+07 0 3.37753e+08 0 3.73306e+08 3.37753e+08 1.77542e+08 3.23208e+07 0.000637957 0.000414125 2.17829e-07 0.000743569 0.111166
38 44 2 -0.0848112 0.205777 -0.000115767 0.000474892 5.12879e+07 2.04267e+08 9.71486e+07 1.76855e+07 0 1.84813e+08 0 2.04267e+08 1.84813e+08 9.71486e+07 1.76855e+07 0.000220296 0.00488292 0.000238761 0.00257495 0.122434
22 45 0 0.356608 0.359064 0.000494594 0.000757455 6.74361e+07 2.68582e+08 1.27736e+08 2.32538e+07 0 2.43003e+08 0 2.68582e+08 2.43003e+08 1.27736e+08 2.32538e+07 0.000960767 5.42114e-05 0.00086866 0.00187232 0.112745
25 45 1 0.268836 0.504649 0.000441817 0.00115703 1.43566e+07 5.71787e+07 2.71939e+07 4.95053e+06 0 5.17331e+07 0 5.71787e+07 5.17331e+07 2.71939e+07 4.95053e+06 0.00147372 3.74584e-06 -4.94028e-05 0.00323786 0.105009
30 45 2 0.0906178 0.377539 0.000267865 0.00113809 9.37304e+07 3.73306e+08 1.77542e+08 3.23208e+07 0 3.37753e+08 0 3.73306e+08 3.37753e+08 1.77542e+08 3.23208e+07 0.000637957 0.000414125 2.17829e-07 0.000743569 0.111166
16 46 0 0.485926 0.189311 0.000462812 0.000325299 1.72747e+07 6.8801e+07 3.27214e+07 5.9568e+06 0 6.22486e+07 0 6.8801e+07 6.22486e+07 3.27214e+07 5.9568e+06 0.00226511 0.000505418 0.00161808 0.00493517 0.124378
22 46 1 0.356608 0.359064 0.000494594 0.000757455 6.74361e+07 2.68582e+08 1.27736e+08 2.32538e+07 0 2.43003e+08 0 2.68582e+08 2.43003e+08 1.27736e+08 2.32538e+07 0.000960767 5.42114e-05 0.00086866 0.00187232 0.112745
24 46 2 0.272938 0.192981 0.000337264 0.000410495 5.03706e+07 2.00614e+08 9.54109e+07 1.73692e+07 0 1.81508e+08 0 2.00614e+08 1.81508e+08 9.54109e+07 1.73692e+07 0.000138897 -0.00141246 0.00125211 0.00279293 0.123642
16 47 0 0.485926 0.189311 0.000462812 0.000325299 1.72747e+07 6.8801e+07 3.27214e+07 5.9568e+06 0 6.22486e+07 0 6.8801e+07 6.22486e+07 3.27214e+07 5.9568e+06 0.00226511 0.000505418 0.00161808 0.00493517 0.124378
14 47 1 0.582613 0.382096 0.000761095 0.000980117 4.58414e+07 1.82575e+08 8.68318e+07 1.58074e+07 0 1.65187e+08 0 1.82575e+08 1.65187e+08 8.68318e+07 1.58074e+07 0.001593 -0.000417617 -0.000458561 0.00181405 0.112392
22 47 2 0.356608 0.359064 0.000494594 0.000757455 6.74361e+07 2.68582e+08 1.27736e+08 2.32538e+07 0 2.43003e+08 0 2.68582e+08 2.43003e+08 1.27736e+08 2.32538e+07 0.000960767 5.42114e-05 0.00086866 0.00187232 0.112745
32 48 0 0.0943961 0.172742 0.000148542 0.000701894 4.38223e+06 1.74534e+07 8.30073e+06 1.51111e+06 0 1.57911e+07 0 1.74534e+07 1.57911e+07 8.30073e+06 1.51111e+06 0.00285485 -0.00085486 0.000441456 0.0055333 0.125021
38 48 1 -0.0848112 0.205777 -0.000115767 0.000474892 5.12879e+07 2.04267e+08 9.71486e+07 1.76855e+07 0 1.84813e+08 0 2.04267e+08 1.84813e+08 9.71486e+07 1.76855e+07 0.000220296 0.00488292 0.000238761 0.00257495 0.122434
39 48 2 2.49704e-17 2.26478e-24 -3.8639e-27 2.55387e-26 2.26721e+07 9.02975e+07 4.2945e+07 7.81796e+06 0 8.16977e+07 0 9.02975e+07 8.16977e+07 4.2945e+07 7.81796e+06 0.00103425 -0.00103568 -0.000846872 0.0036263 0.140325
34 49 0 -0.0638051 0.59488 0.000107469 0.00131862 5.5951e+07 2.22839e+08 1.05981e+08 1.92934e+07 0 2.01617e+08 0 2.22839e+08 2.01617e+08 1.05981e+08 1.92934e+07 0.00143395 0.000501229 0.00104463 0.00130697 0.100865
37 49 1 -0.162148 0.409838 -0.000195065 0.000815067 8.46642e+06 3.37197e+07 1.60369e+07 2.91946e+06 0 3.05083e+07 0 3.37197e+07 3.05083e+07 1.60369e+07 2.91946e+06 0.00321701 0.000481394 8.54413e-05 0.00248383 0.109402
30 49 2 0.0906178 0.377539 0.000267865 0.00113809 9.37304e+07 3.73306e+08 1.77542e+08 3.23208e+07 0 3.37753e+08 0 3.73306e+08 3.37753e+08 1.77542e+08 3.23208e+07 0.000637957 0.000414125 2.17829e-07 0.000743569 0.111166
34 50 0 -0.0638051 0.59488 0.000107469 0.00131862 5.5951e+07 2.22839e+08 1.05981e+08 1.92934e+07 0 2.01617e+08 0 2.22839e+08 2.01617e+08 1.05981e+08 1.92934e+07 0.00143395 0.000501229 0.00104463 0.00130697 0.100865
40 50 1 -0.286247 0.633489 -0.000317209 0.00112772 4.4588e+07 1.77583e+08 8.44576e+07 1.53752e+07 0 1.6067e+08 0 1.77583e+08 1.6067e+08 8.44576e+07 1.53752e+07 0.00147983 0.00248266 0.00142848 0.00195674 0.0999794
37 50 2 -0.162148 0.409838 -0.000195065 0.000815067 8.46642e+06 3.37197e+07 1.60369e+07 2.91946e+06 0 3.05083e+07 0 3.37197e+07 3.05083e+07 1.60369e+07 2.91946e+06 0.00321701 0.000481394 8.54413e-05 0.00248383 0.109402
2 51 0 1 6.14158e-25 -4.4467e-27 1.75657e-26 3.97188e+07 1.5819e+08 7.52346e+07 1.36961e+07 0 1.43125e+08 0 1.5819e+08 1.43125e+08 7.52346e+07 1.36961e+07 -3.38486e-18 -1.52691e-18 0.0103143 0.0031826 0.138593
0 51 1 1.05389 0.209017 0.00119885 0.000121677 1.59113e+08 6.3371e+08 3.01389e+08 5.48667e+07 0 5.73357e+08 0 6.3371e+08 5.73357e+08 3.01389e+08 5.48667e+07 0.000340829 -0.002854 0.00272654 0.000800602 0.123349
1 51 2 0.885852 0.209544 0.00111805 0.000445377 1.3211e+08 5.26163e+08 2.5024e+08 4.55552e+07 0 4.76052e+08 0 5.26163e+08 4.76052e+08 2.5024e+08 4.55552e+07 0.00117573 -0.00255158 0.000997443 -0.000321649 0.123524
3 52 0 1.00631 0.428115 0.00155237 0.000489156 9.56644e+07 3.81008e+08 1.81205e+08 3.29877e+07 0 3.44722e+08 0 3.81008e+08 3.44722e+08 1.81205e+08 3.29877e+07 0.000506954 -0.00191475 -0.000736403 0.00115817 0.113726
8 52 1 0.797881 0.406735 0.00127927 0.000936749 1.48976e+07 5.93335e+07 2.82187e+07 5.1371e+06 0 5.36827e+07 0 5.93335e+07 5.36827e+07 2.82187e+07 5.1371e+06 0.0038824 -0.00202853 -0.000903166 0.00348516 0.112504
1 52 2 0.885852 0.209544 0.00111805 0.000445377 1.3211e+08 5.26163e+08 2.5024e+08 4.55552e+07 0 4.76052e+08 0 5.26163e+08 4.76052e+08 2.5024e+08 4.55552e+07 0.00117573 -0.00255158 0.000997443 -0.000321649 0.123524
1 53 0 0.885852 0.209544 0.00111805 0.000445377 1.3211e+08 5.26163e+08 2.5024e+08 4.55552e+07 0 4.76052e+08 0 5.26163e+08 4.76052e+08 2.5024e+08 4.55552e+07 0.00117573 -0.00255158 0.000997443 -0.000321649 0.123524
0 53 1 1.05389 0.209017 0.00119885 0.000121677 1.59113e+08 6.3371e+08 3.01389e+08 5.48667e+07 0 5.73357e+08 0 6.3371e+08 5.73357e+08 3.01389e+08 5.48667e+07 0.000340829 -0.002854 0.00272654 0.000800602 0.123349
3 53 2 1.00631 0.428115 0.00155237 0.000489156 9.56644e+07 3.81008e+08 1.81205e+08 3.29877e+07 0 3.44722e+08 0 3.81008e+08 3.44722e+08 1.81205e+08 3.29877e+07 0.000506954 -0.00191475 -0.000736403 0.00115817 0.113726
7 54 0 0.692211 0.198893 0.000861481 0.00045255 3.0351e+07 1.20881e+08 5.74902e+07 1.04659e+07 0 1.09368e+08 0 1.20881e+08 1.09368e+08 5.74902e+07 1.04659e+07 0.00146948 0.000318579 0.00119472 0.00388608 0.124104
1 54 1 0.885852 0.209544 0.00111805 0.000445377 1.3211e+08 5.26163e+08 2.5024e+08 4.55552e+07 0 4.76052e+08 0 5.26163e+08 4.76052e+08 2.5024e+08 4.55552e+07 0.00117573 -0.00255158 0.000997443 -0.000321649 0.123524
8 54 2 0.797881 0.406735 0.00127927 0.000936749 1.48976e+07 5.93335e+07 2.82187e+07 5.1371e+06 0 5.36827e+07 0 5.93335e+07 5.36827e+07 2.82187e+07 5.1371e+06 0.0038824 -0.00202853 -0.000903166 0.00348516 0.112504
7 55 0 0.692211 0.198893 0.000861481 0.00045255 3.0351e+07 1.20881e+08 5.74902e+07 1.04659e+07 0 1.09368e+08 0 1.20881e+08 1.09368e+08 5.74902e+07 1.04659e+07 0.00146948 0.000318579 0.00119472 0.00388608 0.124104
9 55 1 0.8 2.21663e-24 5.70229e-27 3.00423e-26 2.24549e+06 8.94323e+06 4.25335e+06 774306 0 8.09149e+06 0 8.94323e+06 8.09149e+06 4.25335e+06 774306 -1.13242e-18 -6.0031e-19 0.00686741 0.00470912 0.140821
1 55 2 0.885852 0.209544 0.00111805 0.000445377 1.3211e+08 5.26163e+08 2.5024e+08 4.55552e+07 0 4.76052e+08 0 5.26163e+08 4.76052e+08 2.5024e+08 4.55552e+07 0.00117573 -0.00255158 0.000997443 -0.000321649 0.123524
4 56 0 0.907992 0.623691 0.00119788 0.00111084 5.49334e+07 2.18786e+08 1.04054e+08 1.89425e+07 0 1.97949e+08 0 2.18786e+08 1.97949e+08 1.04054e+08 1.89425e+07 0.0013388 -0.0039008 0.000107452 0.00195041 0.106246
8 56 1 0.797881 0.406735 0.00127927 0.000936749 1.48976e+07 5.93335e+07 2.82187e+07 5.1371e+06 0 5.36827e+07 0 5.93335e+07 5.36827e+07 2.82187e+07 5.1371e+06 0.0038824 -0.00202853 -0.000903166 0.00348516 0.112504
3 56 2 1.00631 0.428115 0.00155237 0.000489156 9.56644e+07 3.81008e+08 1.81205e+08 3.29877e+07 0 3.44722e+08 0 3.81008e+08 3.44722e+08 1.81205e+08 3.29877e+07 0.000506954 -0.00191475 -0.000736403 0.00115817 0.113726
11 57 0 0.550888 0.731303 0.000589261 0.00146039 9.68306e+07 3.85653e+08 1.83415e+08 3.33899e+07 0 3.48924e+08 0 3.85653e+08 3.48924e+08 1.83415e+08 3.33899e+07 0.000992401 0.00116941 -0.00046744 0.000771597 0.098999
10 57 1 0.688059 0.582848 0.000887824 0.00138766 6.52689e+07 2.5995e+08 1.23631e+08 2.25065e+07 0 2.35193e+08 0 2.5995e+08 2.35193e+08 1.23631e+08 2.25065e+07 0.00143237 0.000560437 -0.000548661 0.00112644 0.10459
5 57 2 0.771592 0.797132 0.000867562 0.00183433 2.52826e+07 1.00694e+08 4.78898e+07 8.71814e+06 0 9.11045e+07 0 1.00694e+08 9.11045e+07 4.78898e+07 8.71814e+06 0.00221784 0.00177634 -0.000901869 0.00195985 0.100468
10 58 0 0.688059 0.582848 0.000887824 0.00138766 6.52689e+07 2.5995e+08 1.23631e+08 2.25065e+07 0 2.35193e+08 0 2.5995e+08 2.35193e+08 1.23631e+08 2.25065e+07 0.00143237 0.000560437 -0.000548661 0.00112644 0.10459
8 58 1 0.797881 0.406735 0.00127927 0.000936749 1.48976e+07 5.93335e+07 2.82187e+07 5.1371e+06 0 5.36827e+07 0 5.93335e+07 5.36827e+07 2.82187e+07 5.1371e+06 0.0038824 -0.00202853 -0.000903166 0.00348516 0.112504
4 58 2 0.907992 0.623691 0.00119788 0.00111084 5.49334e+07 2.18786e+08 1.04054e+08 1.89425e+07 0 1.97949e+08 0 2.18786e+08 1.97949e+08 1.04054e+08 1.89425e+07 0.0013388 -0.0039008 0.000107452 0.00195041 0.106246
5 59 0 0.771592 0.797132 0.000867562 0.00183433 2.52826e+07 1.00694e+08 4.78898e+07 8.71814e+06 0 9.11045e+07 0 1.00694e+08 9.11045e+07 4.78898e+07 8.71814e+06 0.00221784 0.00177634 -0.000901869 0.00195985 0.100468
10 59 1 0.688059 0.582848 0.000887824 0.00138766 6.52689e+07 2.5995e+08 1.23631e+08 2.25065e+07 0 2.35193e+08 0 2.5995e+08 2.35193e+08 1.23631e+08 2.25065e+07 0.00143237 0.000560437 -0.000548661 0.00112644 0.10459
4 59 2 0.907992 0.623691 0.00119788 0.00111084 5.49334e+07 2.18786e+08 1.04054e+08 1.89425e+07 0 1.97949e+08 0 2.18786e+08 1.97949e+08 1.04054e+08 1.89425e+07 0.0013388 -0.0039008 0.000107452 0.00195041 0.106246
11 60 0 0.550888 0.731303 0.000589261 0.00146039 9.68306e+07 3.85653e+08 1.83415e+08 3.33899e+07 0 3.48924e+08 0 3.85653e+08 3.48924e+08 1.83415e+08 3.33899e+07 0.000992401 0.00116941 -0.00046744 0.000771597 0.098999
17 60 1 0.46607 0.548718 0.000645167 0.00121614 8.26749e+07 3.29274e+08 1.56601e+08 2.85086e+07 0 2.97915e+08 0 3.29274e+08 2.97915e+08 1.56601e+08 2.85086e+07 0.000486042 0.000393547 -0.000349007 0.00149909 0.104059
10 60 2 0.688059 0.582848 0.000887824 0.00138766 6.52689e+07 2.5995e+08 1.23631e+08 2.25065e+07 0 2.35193e+08 0 2.5995e+08 2.35193e+08 1.23631e+08 2.25065e+07 0.00143237 0.000560437 -0.000548661 0.00112644 0.10459
27 61 0 0.123071 0.586458 0.000304889 0.0013181 1.07869e+08 4.29614e+08 2.04322e+08 3.7196e+07 0 3.88699e+08 0 4.29614e+08 3.88699e+08 2.04322e+08 3.7196e+07 0.000723926 -1.69056e-05 0.000714497 0.000976695 0.101259
25 61 1 0.268836 0.504649 0.000441817 0.00115703 1.43566e+07 5.71787e+07 2.71939e+07 4.95053e+06 0 5.17331e+07 0 5.71787e+07 5.17331e+07 2.71939e+07 4.95053e+06 0.00147372 3.74584e-06 -4.94028e-05 0.00323786 0.105009
18 61 2 0.306597 0.701971 0.000433618 0.00136829 1.97187e+08 7.85348e+08 3.73507e+08 6.79955e+07 0 7.10553e+08 0 7.85348e+08 7.10553e+08 3.73507e+08 6.79955e+07 0.000405777 -0.000474645 -0.000558726 0.000348097 0.0980061
16 62 0 0.485926 0.189311 0.000462812 0.000325299 1.72747e+07 6.8801e+07 3.27214e+07 5.9568e+06 0 6.22486e+07 0 6.8801e+07 6.22486e+07 3.27214e+07 5.9568e+06 0.00226511 0.000505418 0.00161808 0.00493517 0.124378
15 62 1 0.6 2.33083e-24 1.17152e-26 3.75903e-26 1.04275e+08 4.15303e+08 1.97516e+08 3.5957e+07 0 3.7575e+08 0 4.15303e+08 3.7575e+08 1.97516e+08 3.5957e+07 1.30881e-25 -5.09911e-25 0.00339802 0.000890631 0.141022
7 62 2 0.692211 0.198893 0.000861481 0.00045255 3.0351e+07 1.20881e+08 5.74902e+07 1.04659e+07 0 1.09368e+08 0 1.20881e+08 1.09368e+08 5.74902e+07 1.04659e+07 0.00146948 0.000318579 0.00119472 0.00388608 0.124104
1 63 0 0.885852 0.209544 0.00111805 0.000445377 1.3211e+08 5.26163e+08 2.5024e+08 4.55552e+07 0 4.76052e+08 0 5.26163e+08 4.76052e+08 2.5024e+08 4.55552e+07 0.00117573 -0.00255158 0.000997443 -0.000321649 0.123524
9 63 1 0.8 2.21663e-24 5.70229e-27 3.00423e-26 2.24549e+06 8.94323e+06 4.25335e+06 774306 0 8.09149e+06 0 8.94323e+06 8.09149e+06 4.25335e+06 774306 -1.13242e-18 -6.0031e-19 0.00686741 0.00470912 0.140821
2 63 2 1 6.14158e-25 -4.4467e-27 1.75657e-26 3.97188e+07 1.5819e+08 7.52346e+07 1.36961e+07 0 1.43125e+08 0 1.5819e+08 1.43125e+08 7.52346e+07 1.36961e+07 -3.38486e-18 -1.52691e-18 0.0103143 0.0031826 0.138593
14 64 0 0.582613 0.382096 0.000761095 0.000980117 4.58414e+07 1.82575e+08 8.68318e+07 1.58074e+07 0 1.65187e+08 0 1.82575e+08 1.65187e+08 8.68318e+07 1.58074e+07 0.001593 -0.000417617 -0.000458561 0.00181405 0.112392
7 64 1 0.692211 0.198893 0.000861481 0.00045255 3.0351e+07 1.20881e+08 5.74902e+07 1.04659e+07 0 1.09368e+08 0 1.20881e+08 1.09368e+08 5.74902e+07 1.04659e+07 0.00146948 0.000318579 0.00119472 0.00388608 0.124104
8 64 2 0.797881 0.406735 0.00127927 0.000936749 1.48976e+07 5.93335e+07 2.82187e+07 5.1371e+06 0 5.36827e+07 0 5.93335e+07 5.36827e+07 2.82187e+07 5.1371e+06 0.0038824 -0.00202853 -0.000903166 0.00348516 0.112504
14 65 0 0.582613 0.382096 0.000761095 0.000980117 4.58414e+07 1.82575e+08 8.68318e+07 1.58074e+07 0 1.65187e+08 0 1.82575e+08 1.65187e+08 8.68318e+07 1.58074e+07 0.001593 -0.000417617 -0.000458561 0.00181405 0.112392
17 65 1 0.46607 0.548718 0.000645167 0.00121614 8.26749e+07 3.29274e+08 1.56601e+08 2.85086e+07 0 2.97915e+08 0 3.29274e+08 2.97915e+08 1.56601e+08 2.85086e+07 0.000486042 0.000393547 -0.000349007 0.00149909 0.104059
22 65 2 0.356608 0.359064 0.000494594 0.000757455 6.74361e+07 2.68582e+08 1.27736e+08 2.32538e+07 0 2.43003e+08 0 2.68582e+08 2.43003e+08 1.27736e+08 2.32538e+07 0.000960767 5.42114e-05 0.00086866 0.00187232 0.112745
11 66 0 0.550888 0.731303 0.000589261 0.00146039 9.68306e+07 3.85653e+08 1.83415e+08 3.33899e+07 0 3.48924e+08 0 3.85653e+08 3.48924e+08 1.83415e+08 3.33899e+07 0.000992401 0.00116941 -0.00046744 0.000771597 0.098999
5 66 1 0.771592 0.797132 0.000867562 0.00183433 2.52826e+07 1.00694e+08 4.78898e+07 8.71814e+06 0 9.11045e+07 0 1.00694e+08 9.11045e+07 4.78898e+07 8.71814e+06 0.00221784 0.00177634 -0.000901869 0.00195985 0.100468
6 66 2 0.604123 0.936555 0.000535137 0.00170718 1.20657e+08 4.80549e+08 2.28547e+08 4.1606e+07 0 4.34783e+08 0 4.80549e+08 4.34783e+08 2.28547e+08 4.1606e+07 0.000479796 0.000886232 -0.000459008 0.000814132 0.0963092
18 67 0 0.306597 0.701971 0.000433618 0.00136829 1.97187e+08 7.85348e+08 3.73507e+08 6.79955e+07 0 7.10553e+08 0 7.85348e+08 7.10553e+08 3.73507e+08 6.79955e+07 0.000405777 -0.000474645 -0.000558726 0.000348097 0.0980061
11 67 1 0.550888 0.731303 0.000589261 0.00146039 9.68306e+07 3.85653e+08 1.83415e+08 3.33899e+07 0 3.48924e+08 0 3.85653e+08 3.48924e+08 1.83415e+08 3.33899e+07 0.000992401 0.00116941 -0.00046744 0.000771597 0.098999
12 67 2 0.418466 0.856785 0.000428776 0.00149098 6.51491e+07 2.59473e+08 1.23404e+08 2.24652e+07 0 2.34761e+08 0 2.59473e+08 2.34761e+08 1.23404e+08 2.24652e+07 0.000969052 0.000336715 -0.000497271 0.00133654 0.0953197
14 68 0 0.582613 0.382096 0.000761095 0.000980117 4.58414e+07 1.82575e+08 8.68318e+07 1.58074e+07 0 1.65187e+08 0 1.82575e+08 1.65187e+08 8.68318e+07 1.58074e+07 0.001593 -0.000417617 -0.000458561 0.00181405 0.112392
8 68 1 0.797881 0.406735 0.00127927 0.000936749 1.48976e+07 5.93335e+07 2.82187e+07 5.1371e+06 0 5.36827e+07 0 5.93335e+07 5.36827e+07 2.82187e+07 5.1371e+06 0.0038824 -0.00202853 -0.000903166 0.00348516 0.112504
10 68 2 0.688059 0.582848 0.000887824 0.00138766 6.52689e+07 2.5995e+08 1.23631e+08 2.25065e+07 0 2.35193e+08 0 2.5995e+08 2.35193e+08 1.23631e+08 2.25065e+07 0.00143237 0.000560437 -0.000548661 0.00112644 0.10459
6 69 0 0.604123 0.936555 0.000535137 0.00170718 1.20657e+08 4.80549e+08 2.28547e+08 4.1606e+07 0 4.34783e+08 0 4.80549e+08 4.34783e+08 2.28547e+08 4.1606e+07 0.000479796 0.000886232 -0.000459008 0.000814132 0.0963092
12 69 1 0.418466 0.856785 0.000428776 0.00149098 6.51491e+07 2.59473e+08 1.23404e+08 2.24652e+07 0 2.34761e+08 0 2.59473e+08 2.34761e+08 1.23404e+08 2.24652e+07 0.000969052 0.000336715 -0.000497271 0.00133654 0.0953197
11 69 2 0.550888 0.731303 0.000589261 0.00146039 9.68306e+07 3.85653e+08 1.83415e+08 3.33899e+07 0 3.48924e+08 0 3.85653e+08 3.48924e+08 1.83415e+08 3.33899e+07 0.000992401 0.00116941 -0.00046744 0.000771597 0.098999
7 70 0 0.692211 0.198893 0.000861481 0.00045255 3.0351e+07 1.20881e+08 5.74902e+07 1.04659e+07 0 1.09368e+08 0 1.20881e+08 1.09368e+08 5.74902e+07 1.04659e+07 0.00146948 0.000318579 0.00119472 0.00388608 0.124104
15 70 1 0.6 2.33083e-24 1.17152e-26 3.75903e-26 1.04275e+08 4.15303e+08 1.97516e+08 3.5957e+07 0 3.7575e+08 0 4.15303e+08 3.7575e+08 1.97516e+08 3.5957e+07 1.30881e-25 -5.09911e-25 0.00339802 0.000890631 0.141022
9 70 2 0.8 2.21663e-24 5.70229e-27 3.00423e-26 2.24549e+06 8.94323e+06 4.25335e+06 774306 0 8.09149e+06 0 8.94323e+06 8.09149e+06 4.25335e+06 774306 -1.13242e-18 -6.0031e-19 0.00686741 0.00470912 0.140821
19 71 0 0.229974 0.905257 0.000243258 0.0015418 9.69496e+07 3.86127e+08 1.8364e+08 3.34309e+07 0 3.49353e+08 0 3.86127e+08 3.49353e+08 1.8364e+08 3.34309e+07 0.000634413 -0.00025332 -0.000922027 0.00108452 0.0933747
13 71 1 0.414881 1.03789 0.000394969 0.00171745 8.54439e+07 3.40303e+08 1.61846e+08 2.94634e+07 0 3.07893e+08 0 3.40303e+08 3.07893e+08 1.61846e+08 2.94634e+07 0.000917223 3.50068e-06 0.000301485 0.0010502 0.0934967
20 71 2 0.216751 1.1004 0.000171516 0.00185636 2.89227e+07 1.15192e+08 5.47849e+07 9.97336e+06 0 1.04222e+08 0 1.15192e+08 1.04222e+08 5.47849e+07 9.97336e+06 0.00168592 0.000552585 4.84534e-05 0.00195254 0.0918729
25 72 0 0.268836 0.504649 0.000441817 0.00115703 1.43566e+07 5.71787e+07 2.71939e+07 4.95053e+06 0 5.17331e+07 0 5.71787e+07 5.17331e+07 2.71939e+07 4.95053e+06 0.00147372 3.74584e-06 -4.94028e-05 0.00323786 0.105009
17 72 1 0.46607 0.548718 0.000645167 0.00121614 8.26749e+07 3.29274e+08 1.56601e+08 2.85086e+07 0 2.97915e+08 0 3.29274e+08 2.97915e+08 1.56601e+08 2.85086e+07 0.000486042 0.000393547 -0.000349007 0.00149909 0.104059
18 72 2 0.306597 0.701971 0.000433618 0.00136829 1.97187e+08 7.85348e+08 3.73507e+08 6.79955e+07 0 7.10553e+08 0 7.85348e+08 7.10553e+08 3.73507e+08 6.79955e+07 0.000405777 -0.000474645 -0.000558726 0.000348097 0.0980061
6 73 0 0.604123 0.936555 0.000535137 0.00170718 1.20657e+08 4.80549e+08 2.28547e+08 4.1606e+07 0 4.34783e+08 0 4.80549e+08 4.34783e+08 2.28547e+08 4.1606e+07 0.000479796 0.000886232 -0.000459008 0.000814132 0.0963092
13 73 1 0.414881 1.03789 0.000394969 0.00171745 8.54439e+07 3.40303e+08 1.61846e+08 2.94634e+07 0 3.07893e+08 0 3.40303e+08 3.07893e+08 1.61846e+08 2.94634e+07 0.000917223 3.50068e-06 0.000301485 0.0010502 0.0934967
12 73 2 0.418466 0.856785 0.000428776 0.00149098 6.51491e+07 2.59473e+08 1.23404e+08 2.24652e+07 0 2.34761e+08 0 2.59473e+08 2.34761e+08 1.23404e+08 2.24652e+07 0.000969052 0.000336715 -0.000497271 0.00133654 0.0953197
28 74 0 0.0173031 0.966643 1.38469e-05 0.00170885 1.2164e+08 4.84462e+08 2.30408e+08 4.19448e+07 0 4.38323e+08 0 4.84462e+08 4.38323e+08 2.30408e+08 4.19448e+07 0.000771895 -0.00135518 -0.00116839 0.000737326 0.0920975
20 74 1 0.216751 1.1004 0.000171516 0.00185636 2.89227e+07 1.15192e+08 5.47849e+07 9.97336e+06 0 1.04222e+08 0 1.15192e+08 1.04222e+08 5.47849e+07 9.97336e+06 0.00168592 0.000552585 4.84534e-05 0.00195254 0.0918729
21 74 2 0.00357061 1.12605 -6.07751e-05 0.00184624 1.15614e+08 4.60463e+08 2.18994e+08 3.98669e+07 0 4.16609e+08 0 4.60463e+08 4.16609e+08 2.18994e+08 3.98669e+07 0.000750183 -0.00113217 0.000363287 0.000772129 0.091298
17 75 0 0.46607 0.548718 0.000645167 0.00121614 8.26749e+07 3.29274e+08 1.56601e+08 2.85086e+07 0 2.97915e+08 0 3.29274e+08 2.97915e+08 1.56601e+08 2.85086e+07 0.000486042 0.000393547 -0.000349007 0.00149909 0.104059
14 75 1 0.582613 0.382096 0.000761095 0.000980117 4.58414e+07 1.82575e+08 8.68318e+07 1.58074e+07 0 1.65187e+08 0 1.82575e+08 1.65187e+08 8.68318e+07 1.58074e+07 0.001593 -0.000417617 -0.000458561 0.00181405 0.112392
10 75 2 0.688059 0.582848 0.000887824 0.00138766 6.52689e+07 2.5995e+08 1.23631e+08 2.25065e+07 0 2.35193e+08 0 2.5995e+08 2.35193e+08 1.23631e+08 2.25065e+07 0.00143237 0.000560437 -0.000548661 0.00112644 0.10459
18 76 0 0.306597 0.701971 0.000433618 0.00136829 1.97187e+08 7.85348e+08 3.73507e+08 6.79955e+07 0 7.10553e+08 0 7.85348e+08 7.10553e+08 3.73507e+08 6.79955e+07 0.000405777 -0.000474645 -0.000558726 0.000348097 0.0980061
17 76 1 0.46607 0.548718 0.000645167 0.00121614 8.26749e+07 3.29274e+08 1.56601e+08 2.85086e+07 0 2.97915e+08 0 3.29274e+08 2.97915e+08 1.56601e+08 2.85086e+07 0.000486042 0.000393547 -0.000349007 0.00149909 0.104059
11 76 2 0.550888 0.731303 0.000589261 0.00146039 9.68306e+07 3.85653e+08 1.83415e+08 3.33899e+07 0 3.48924e+08 0 3.85653e+08 3.48924e+08 1.83415e+08 3.33899e+07 0.000992401 0.00116941 -0.00046744 0.000771597 0.098999
25 77 0 0.268836 0.504649 0.000441817 0.00115703 1.43566e+07 5.71787e+07 2.71939e+07 4.95053e+06 0 5.17331e+07 0 5.71787e+07 5.17331e+07 2.71939e+07 4.95053e+06 0.00147372 3.74584e-06 -4.94028e-05 0.00323786 0.105009
22 77 1 0.356608 0.359064 0.000494594 0.000757455 6.74361e+07 2.68582e+08 1.27736e+08 2.32538e+07 0 2.43003e+08 0 2.68582e+08 2.43003e+08 1.27736e+08 2.32538e+07 0.000960767 5.42114e-05 0.00086866 0.00187232 0.112745
17 77 2 0.46607 0.548718 0.000645167 0.00121614 8.26749e+07 3.29274e+08 1.56601e+08 2.85086e+07 0 2.97915e+08 0 3.29274e+08 2.97915e+08 1.56601e+08 2.85086e+07 0.000486042 0.000393547 -0.000349007 0.00149909 0.104059
30 78 0 0.0906178 0.377539 0.000267865 0.00113809 9.37304e+07 3.73306e+08 1.77542e+08 3.23208e+07 0 3.37753e+08 0 3.73306e+08 3.37753e+08 1.77542e+08 3.23208e+07 0.000637957 0.000414125 2.17829e-07 0.000743569 0.111166
25 78 1 0.268836 0.504649 0.000441817 0.00115703 1.43566e+07 5.71787e+07 2.71939e+07 4.95053e+06 0 5.17331e+07 0 5.71787e+07 5.17331e+07 2.71939e+07 4.95053e+06 0.00147372 3.74584e-06 -4.94028e-05 0.00323786 0.105009
27 78 2 0.123071 0.586458 0.000304889 0.0013181 1.07869e+08 4.29614e+08 2.04322e+08 3.7196e+07 0 3.88699e+08 0 4.29614e+08 3.88699e+08 2.04322e+08 3.7196e+07 0.000723926 -1.69056e-05 0.000714497 0.000976695 0.101259
30 79 0 0.0906178 0.377539 0.000267865 0.00113809 9.37304e+07 3.73306e+08 1.77542e+08 3.23208e+07 0 3.37753e+08 0 3.73306e+08 3.37753e+08 1.77542e+08 3.23208e+07 0.000637957 0.000414125 2.17829e-07 0.000743569 0.111166
24 79 1 0.272938 0.192981 0.000337264 0.000410495 5.03706e+07 2.00614e+08 9.54109e+07 1.73692e+07 0 1.81508e+08 0 2.00614e+08 1.81508e+08 9.54109e+07 1.73692e+07 0.000138897 -0.00141246 0.00125211 0.00279293 0.123642
22 79 2 0.356608 0.359064 0.000494594 0.000757455 6.74361e+07 2.68582e+08 1.27736e+08 2.32538e+07 0 2.43003e+08 0 2.68582e+08 2.43003e+08 1.27736e+08 2.32538e+07 0.000960767 5.42114e-05 0.00086866 0.00187232 0.112745
34 80 0 -0.0638051 0.59488 0.000107469 0.00131862 5.5951e+07 2.22839e+08 1.05981e+08 1.92934e+07 0 2.01617e+08 0 2.22839e+08 2.01617e+08 1.05981e+08 1.92934e+07 0.00143395 0.000501229 0.00104463 0.00130697 0.100865
30 80 1 0.0906178 0.377539 0.000267865 0.00113809 9.37304e+07 3.73306e+08 1.77542e+08 3.23208e+07 0 3.37753e+08 0 3.73306e+08 3.37753e+08 1.77542e+08 3.23208e+07 0.000637957 0.000414125 2.17829e-07 0.000743569 0.111166
27 80 2 0.123071 0.586458 0.000304889 0.0013181 1.07869e+08 4.29614e+08 2.04322e+08 3.7196e+07 0 3.88699e+08 0 4.29614e+08 3.88699e+08 2.04322e+08 3.7196e+07 0.000723926 -1.69056e-05 0.000714497 0.000976695 0.101259
31 81 0 0.2 2.28842e-24 2.39905e-28 3.79687e-26 7.69676e+07 3.06543e+08 1.4579e+08 2.65406e+07 0 2.77349e+08 0 3.06543e+08 2.77349e+08 1.4579e+08 2.65406e+07 7.51563e-26 8.68637e-25 0.00228902 0.00191568 0.140443
23 81 1 0.4 2.29862e-24 4.91814e-27 4.06511e-26 1.83613e+08 7.31287e+08 3.47796e+08 6.33149e+07 0 6.61641e+08 0 7.31287e+08 6.61641e+08 3.47796e+08 6.33149e+07 -6.38017e-26 4.79103e-25 0.00214105 0.000344536 0.140741
24 81 2 0.272938 0.192981 0.000337264 0.000410495 5.03706e+07 2.00614e+08 9.54109e+07 1.73692e+07 0 1.81508e+08 0 2.00614e+08 1.81508e+08 9.54109e+07 1.73692e+07 0.000138897 -0.00141246 0.00125211 0.00279293 0.123642
26 82 0 0.0792203 0.767617 0.000262815 0.00149077 1.27936e+08 5.09537e+08 2.42333e+08 4.41157e+07 0 4.61009e+08 0 5.09537e+08 4.61009e+08 2.42333e+08 4.41157e+07 0.000633332 -0.000483635 -0.000850453 0.000808421 0.0955466
19 82 1 0.229974 0.905257 0.000243258 0.0015418 9.69496e+07 3.86127e+08 1.8364e+08 3.34309e+07 0 3.49353e+08 0 3.86127e+08 3.49353e+08 1.8364e+08 3.34309e+07 0.000634413 -0.00025332 -0.000922027 0.00108452 0.0933747
28 82 2 0.0173031 0.966643 1.38469e-05 0.00170885 1.2164e+08 4.84462e+08 2.30408e+08 4.19448e+07 0 4.38323e+08 0 4.84462e+08 4.38323e+08 2.30408e+08 4.19448e+07 0.000771895 -0.00135518 -0.00116839 0.000737326 0.0920975
16 83 0 0.485926 0.189311 0.000462812 0.000325299 1.72747e+07 6.8801e+07 3.27214e+07 5.9568e+06 0 6.22486e+07 0 6.8801e+07 6.22486e+07 3.27214e+07 5.9568e+06 0.00226511 0.000505418 0.00161808 0.00493517 0.124378
24 83 1 0.272938 0.192981 0.000337264 0.000410495 5.03706e+07 2.00614e+08 9.54109e+07 1.73692e+07 0 1.81508e+08 0 2.00614e+08 1.81508e+08 9.54109e+07 1.73692e+07 0.000138897 -0.00141246 0.00125211 0.00279293 0.123642
23 83 2 0.4 2.29862e-24 4.91814e-27 4.06511e-26 1.83613e+08 7.31287e+08 3.47796e+08 6.33149e+07 0 6.61641e+08 0 7.31287e+08 6.61641e+08 3.47796e+08 6.33149e+07 -6.38017e-26 4.79103e-25 0.00214105 0.000344536 0.140741
15 84 0 0.6 2.33083e-24 1.17152e-26 3.75903e-26 1.04275e+08 4.15303e+08 1.97516e+08 3.5957e+07 0 3.7575e+08 0 4.15303e+08 3.7575e+08 1.97516e+08 3.5957e+07 1.30881e-25 -5.09911e-25 0.00339802 0.000890631 0.141022
16 84 1 0.485926 0.189311 0.000462812 0.000325299 1.72747e+07 6.8801e+07 3.27214e+07 5.9568e+06 0 6.22486e+07 0 6.8801e+07 6.22486e+07 3.27214e+07 5.9568e+06 0.00226511 0.000505418 0.00161808 0.00493517 0.124378
23 84 2 0.4 2.29862e-24 4.91814e-27 4.06511e-26 1.83613e+08 7.31287e+08 3.47796e+08 6.33149e+07 0 6.61641e+08 0 7.31287e+08 6.61641e+08 3.47796e+08 6.33149e+07 -6.38017e-26 4.79103e-25 0.00214105 0.000344536 0.140741
7 85 0 0.692211 0.198893 0.000861481 0.00045255 3.0351e+07 1.20881e+08 5.74902e+07 1.04659e+07 0 1.09368e+08 0 1.20881e+08 1.09368e+08 5.74902e+07 1.04659e+07 0.00146948 0.000318579 0.00119472 0.00388608 0.124104
14 85 1 0.582613 0.382096 0.000761095 0.000980117 4.58414e+07 1.82575e+08 8.68318e+07 1.58074e+07 0 1.65187e+08 0 1.82575e+08 1.65187e+08 8.68318e+07 1.58074e+07 0.001593 -0.000417617 -0.000458561 0.00181405 0.112392
16 85 2 0.485926 0.189311 0.000462812 0.000325299 1.72747e+07 6.8801e+07 3.27214e+07 5.9568e+06 0 6.22486e+07 0 6.8801e+07 6.22486e+07 3.27214e+07 5.9568e+06 0.00226511 0.000505418 0.00161808 0.00493517 0.124378
35 86 0 -0.29676 0.881615 -0.000328265 0.00152478 9.16391e+07 3.64976e+08 1.73581e+08 3.15997e+07 0 3.30217e+08 0 3.64976e+08 3.30217e+08 1.73581e+08 3.15997e+07 0.000809691 0.00151065 0.000196216 0.00114151 0.0940336
41 86 1 -0.46307 0.787594 -0.000530104 0.00116181 5.74269e+07 2.28717e+08 1.08777e+08 1.98024e+07 0 2.06935e+08 0 2.28717e+08 2.06935e+08 1.08777e+08 1.98024e+07 0.0013149 0.00129744 0.00033914 0.00161232 0.0968566
40 86 2 -0.286247 0.633489 -0.000317209 0.00112772 4.4588e+07 1.77583e+08 8.44576e+07 1.53752e+07 0 1.6067e+08 0 1.77583e+08 1.6067e+08 8.44576e+07 1.53752e+07 0.00147983 0.00248266 0.00142848 0.00195674 0.0999794
34 87 0 -0.0638051 0.59488 0.000107469 0.00131862 5.5951e+07 2.22839e+08 1.05981e+08 1.92934e+07 0 2.01617e+08 0 2.22839e+08 2.01617e+08 1.05981e+08 1.92934e+07 0.00143395 0.000501229 0.00104463 0.00130697 0.100865
33 87 1 -0.130553 0.826035 -4.06457e-05 0.00164782 2.12403e+07 8.45949e+07 4.02329e+07 7.32423e+06 0 7.65382e+07 0 8.45949e+07 7.65382e+07 4.02329e+07 7.32423e+06 0.00217043 4.52017e-05 -0.000713629 0.00135546 0.0943645
40 87 2 -0.286247 0.633489 -0.000317209 0.00112772 4.4588e+07 1.77583e+08 8.44576e+07 1.53752e+07 0 1.6067e+08 0 1.77583e+08 1.6067e+08 8.44576e+07 1.53752e+07 0.00147983 0.00248266 0.00142848 0.00195674 0.0999794
29 88 0 -0.210929 1.10401 -0.000239295 0.00186708 1.25441e+08 4.99603e+08 2.37609e+08 4.32557e+07 0 4.52022e+08 0 4.99603e+08 4.52022e+08 2.37609e+08 4.32557e+07 0.000857486 0.000793389 0.000189931 0.000633124 0.0918351
36 88 1 -0.417814 1.0412 -0.000436831 0.00156028 7.9669e+07 3.17302e+08 1.50907e+08 2.74721e+07 0 2.87083e+08 0 3.17302e+08 2.87083e+08 1.50907e+08 2.74721e+07 0.00117865 0.000906323 -4.85458e-05 0.00113685 0.0934214
35 88 2 -0.29676 0.881615 -0.000328265 0.00152478 9.16391e+07 3.64976e+08 1.73581e+08 3.15997e+07 0 3.30217e+08 0 3.64976e+08 3.30217e+08 1.73581e+08 3.15997e+07 0.000809691 0.00151065 0.000196216 0.00114151 0.0940336
37 89 0 -0.162148 0.409838 -0.000195065 0.000815067 8.46642e+06 3.37197e+07 1.60369e+07 2.91946e+06 0 3.05083e+07 0 3.37197e+07 3.05083e+07 1.60369e+07 2.91946e+06 0.00321701 0.000481394 8.54413e-05 0.00248383 0.109402
40 89 1 -0.286247 0.633489 -0.000317209 0.00112772 4.4588e+07 1.77583e+08 8.44576e+07 1.53752e+07 0 1.6067e+08 0 1.77583e+08 1.6067e+08 8.44576e+07 1.53752e+07 0.00147983 0.00248266 0.00142848 0.00195674 0.0999794
44 89 2 -0.380704 0.404372 -0.000528557 0.000663905 1.26942e+08 5.05581e+08 2.40452e+08 4.37733e+07 0 4.57431e+08 0 5.05581e+08 4.57431e+08 2.40452e+08 4.37733e+07 -0.000164222 0.000821498 -0.000125963 0.000729751 0.110224
26 90 0 0.0792203 0.767617 0.000262815 0.00149077 1.27936e+08 5.09537e+08 2.42333e+08 4.41157e+07 0 4.61009e+08 0 5.09537e+08 4.61009e+08 2.42333e+08 4.41157e+07 0.000633332 -0.000483635 -0.000850453 0.000808421 0.0955466
34 90 1 -0.0638051 0.59488 0.000107469 0.00131862 5.5951e+07 2.22839e+08 1.05981e+08 1.92934e+07 0 2.01617e+08 0 2.22839e+08 2.01617e+08 1.05981e+08 1.92934e+07 0.00143395 0.000501229 0.00104463 0.00130697 0.100865
27 90 2 0.123071 0.586458 0.000304889 0.0013181 1.07869e+08 4.29614e+08 2.04322e+08 3.7196e+07 0 3.88699e+08 0 4.29614e+08 3.88699e+08 2.04322e+08 3.7196e+07 0.000723926 -1.69056e-05 0.000714497 0.000976695 0.101259
33 91 0 -0.130553 0.826035 -4.06457e-05 0.00164782 2.12403e+07 8.45949e+07 4.02329e+07 7.32423e+06 0 7.65382e+07 0 8.45949e+07 7.65382e+07 4.02329e+07 7.32423e+06 0.00217043 4.52017e-05 -0.000713629 0.00135546 0.0943645
28 91 1 0.0173031 0.966643 1.38469e-05 0.00170885 1.2164e+08 4.84462e+08 2.30408e+08 4.19448e+07 0 4.38323e+08 0 4.84462e+08 4.38323e+08 2.30408e+08 4.19448e+07 0.000771895 -0.00135518 -0.00116839 0.000737326 0.0920975
29 91 2 -0.210929 1.10401 -0.000239295 0.00186708 1.25441e+08 4.99603e+08 2.37609e+08 4.32557e+07 0 4.52022e+08 0 4.99603e+08 4.52022e+08 2.37609e+08 4.32557e+07 0.000857486 0.000793389 0.000189931 0.000633124 0.0918351
18 92 0 0.306597 0.701971 0.000433618 0.00136829 1.97187e+08 7.85348e+08 3.73507e+08 6.79955e+07 0 7.10553e+08 0 7.85348e+08 7.10553e+08 3.73507e+08 6.79955e+07 0.000405777 -0.000474645 -0.000558726 0.000348097 0.0980061
26 92 1 0.0792203 0.767617 0.000262815 0.00149077 1.27936e+08 5.09537e+08 2.42333e+08 4.41157e+07 0 4.61009e+08 0 5.09537e+08 4.61009e+08 2.42333e+08 4.41157e+07 0.000633332 -0.000483635 -0.000850453 0.000808421 0.0955466
27 92 2 0.123071 0.586458 0.000304889 0.0013181 1.07869e+08 4.29614e+08 2.04322e+08 3.7196e+07 0 3.88699e+08 0 4.29614e+08 3.88699e+08 2.04322e+08 3.7196e+07 0.000723926 -1.69056e-05 0.000714497 0.000976695 0.101259
18 93 0 0.306597 0.701971 0.000433618 0.00136829 1.97187e+08 7.85348e+08 3.73507e+08 6.79955e+07 0 7.10553e+08 0 7.85348e+08 7.10553e+08 3.73507e+08 6.79955e+07 0.000405777 -0.000474645 -0.000558726 0.000348097 0.0980061
12 93 1 0.418466 0.856785 0.000428776 0.00149098 6.51491e+07 2.59473e+08 1.23404e+08 2.24652e+07 0 2.34761e+08 0 2.59473e+08 2.34761e+08 1.23404e+08 2.24652e+07 0.000969052 0.000336715 -0.000497271 0.00133654 0.0953197
19 93 2 0.229974 0.905257 0.000243258 0.0015418 9.69496e+07 3.86127e+08 1.8364e+08 3.34309e+07 0 3.49353e+08 0 3.86127e+08 3.49353e+08 1.8364e+08 3.34309e+07 0.000634413 -0.00025332 -0.000922027 0.00108452 0.0933747
21 94 0 0.00357061 1.12605 -6.07751e-05 0.00184624 1.15614e+08 4.60463e+08 2.18994e+08 3.98669e+07 0 4.16609e+08 0 4.60463e+08 4.16609e+08 2.18994e+08 3.98669e+07 0.000750183 -0.00113217 0.000363287 0.000772129 0.091298
29 94 1 -0.210929 1.10401 -0.000239295 0.00186708 1.25441e+08 4.99603e+08 2.37609e+08 4.32557e+07 0 4.52022e+08 0 4.99603e+08 4.52022e+08 2.37609e+08 4.32557e+07 0.000857486 0.000793389 0.000189931 0.000633124 0.0918351
28 94 2 0.0173031 0.966643 1.38469e-05 0.00170885 1.2164e+08 4.84462e+08 2.30408e+08 4.19448e+07 0 4.38323e+08 0 4.84462e+08 4.38323e+08 2.30408e+08 4.19448e+07 0.000771895 -0.00135518 -0.00116839 0.000737326 0.0920975
35 95 0 -0.29676 0.881615 -0.000328265 0.00152478 9.16391e+07 3.64976e+08 1.73581e+08 3.15997e+07 0 3.30217e+08 0 3.64976e+08 3.30217e+08 1.73581e+08 3.15997e+07 0.000809691 0.00151065 0.000196216 0.00114151 0.0940336
36 95 1 -0.417814 1.0412 -0.000436831 0.00156028 7.9669e+07 3.17302e+08 1.50907e+08 2.74721e+07 0 2.87083e+08 0 3.17302e+08 2.87083e+08 1.50907e+08 2.74721e+07 0.00117865 0.000906323 -4.85458e-05 0.00113685 0.0934214
41 95 2 -0.46307 0.787594 -0.000530104 0.00116181 5.74269e+07 2.28717e+08 1.08777e+08 1.98024e+07 0 2.06935e+08 0 2.28717e+08 2.06935e+08 1.08777e+08 1.98024e+07 0.0013149 0.00129744 0.00033914 0.00161232 0.0968566
