Index_Vertex nbTriangle nbInTr x y ux uy Elast AR BR IR GR ER FR A1 A2 B12 C3 Defxx Defxy Defyx Defyy Density 
0 0 0 -1 8.74394e-25 6.44422e-27 1.13954e-26 2.20573e+07 8.78488e+07 4.17804e+07 7.60595e+06 0 7.94822e+07 0 8.78488e+07 7.94822e+07 4.17804e+07 7.60595e+06 0.00534432 0.00624658 -0.0159719 -0.000422761 0.130117
1 0 1 -0.8 3.13155e-24 -7.45186e-27 3.77644e-26 7.90738e+07 3.14932e+08 1.4978e+08 2.72668e+07 0 2.84938e+08 0 3.14932e+08 2.84938e+08 1.4978e+08 2.72668e+07 4.84325e-05 0.000644017 -0.0068445 0.00156799 0.133551
2 0 2 -0.896356 0.159209 -0.00100556 0.000407665 2.11792e+07 8.43516e+07 4.01172e+07 7.30317e+06 0 7.63182e+07 0 8.43516e+07 7.63182e+07 4.01172e+07 7.30317e+06 0.00261161 -0.00138369 -0.00291591 0.00398952 0.119181
2 1 0 -0.896356 0.159209 -0.00100556 0.000407665 2.11792e+07 8.43516e+07 4.01172e+07 7.30317e+06 0 7.63182e+07 0 8.43516e+07 7.63182e+07 4.01172e+07 7.30317e+06 0.00261161 -0.00138369 -0.00291591 0.00398952 0.119181
3 1 1 -1.08058 0.21685 -0.00216107 0.000799216 7.06341e+06 2.81318e+07 1.33794e+07 2.43566e+06 0 2.54526e+07 0 2.81318e+07 2.54526e+07 1.33794e+07 2.43566e+06 0.00564667 -0.000925116 0.0042007 0.00591832 0.114583
0 1 2 -1 8.74394e-25 6.44422e-27 1.13954e-26 2.20573e+07 8.78488e+07 4.17804e+07 7.60595e+06 0 7.94822e+07 0 8.78488e+07 7.94822e+07 4.17804e+07 7.60595e+06 0.00534432 0.00624658 -0.0159719 -0.000422761 0.130117
8 2 0 -0.6 3.15016e-24 -9.33559e-28 3.25236e-26 2.95625e+07 1.1774e+08 5.59966e+07 1.0194e+07 0 1.06527e+08 0 1.1774e+08 1.06527e+08 5.59966e+07 1.0194e+07 6.89553e-27 8.71362e-25 -0.00466158 0.00353199 0.134515
7 2 1 -0.699305 0.187692 -0.000727069 0.000440108 5.19831e+07 2.07036e+08 9.84652e+07 1.79252e+07 0 1.87318e+08 0 2.07036e+08 1.87318e+08 9.84652e+07 1.79252e+07 0.000935965 0.000790888 -0.00207231 0.00238963 0.118107
1 2 2 -0.8 3.13155e-24 -7.45186e-27 3.77644e-26 7.90738e+07 3.14932e+08 1.4978e+08 2.72668e+07 0 2.84938e+08 0 3.14932e+08 2.84938e+08 1.4978e+08 2.72668e+07 4.84325e-05 0.000644017 -0.0068445 0.00156799 0.133551
9 3 0 -0.855747 0.335957 -0.00108954 0.000851961 4.01579e+07 1.59939e+08 7.60663e+07 1.38476e+07 0 1.44707e+08 0 1.59939e+08 1.44707e+08 7.60663e+07 1.38476e+07 0.00248668 -0.00205825 0.000794267 0.00182871 0.108917
3 3 1 -1.08058 0.21685 -0.00216107 0.000799216 7.06341e+06 2.81318e+07 1.33794e+07 2.43566e+06 0 2.54526e+07 0 2.81318e+07 2.54526e+07 1.33794e+07 2.43566e+06 0.00564667 -0.000925116 0.0042007 0.00591832 0.114583
2 3 2 -0.896356 0.159209 -0.00100556 0.000407665 2.11792e+07 8.43516e+07 4.01172e+07 7.30317e+06 0 7.63182e+07 0 8.43516e+07 7.63182e+07 4.01172e+07 7.30317e+06 0.00261161 -0.00138369 -0.00291591 0.00398952 0.119181
8 4 0 -0.6 3.15016e-24 -9.33559e-28 3.25236e-26 2.95625e+07 1.1774e+08 5.59966e+07 1.0194e+07 0 1.06527e+08 0 1.1774e+08 1.06527e+08 5.59966e+07 1.0194e+07 6.89553e-27 8.71362e-25 -0.00466158 0.00353199 0.134515
14 4 1 -0.493745 0.204869 -0.000579725 0.000417587 1.15582e+08 4.60336e+08 2.18933e+08 3.98559e+07 0 4.16494e+08 0 4.60336e+08 4.16494e+08 2.18933e+08 3.98559e+07 6.21554e-05 0.000180515 -0.00149823 0.00121741 0.117019
7 4 2 -0.699305 0.187692 -0.000727069 0.000440108 5.19831e+07 2.07036e+08 9.84652e+07 1.79252e+07 0 1.87318e+08 0 2.07036e+08 1.87318e+08 9.84652e+07 1.79252e+07 0.000935965 0.000790888 -0.00207231 0.00238963 0.118107
7 5 0 -0.699305 0.187692 -0.000727069 0.000440108 5.19831e+07 2.07036e+08 9.84652e+07 1.79252e+07 0 1.87318e+08 0 2.07036e+08 1.87318e+08 9.84652e+07 1.79252e+07 0.000935965 0.000790888 -0.00207231 0.00238963 0.118107
2 5 1 -0.896356 0.159209 -0.00100556 0.000407665 2.11792e+07 8.43516e+07 4.01172e+07 7.30317e+06 0 7.63182e+07 0 8.43516e+07 7.63182e+07 4.01172e+07 7.30317e+06 0.00261161 -0.00138369 -0.00291591 0.00398952 0.119181
1 5 2 -0.8 3.13155e-24 -7.45186e-27 3.77644e-26 7.90738e+07 3.14932e+08 1.4978e+08 2.72668e+07 0 2.84938e+08 0 3.14932e+08 2.84938e+08 1.4978e+08 2.72668e+07 4.84325e-05 0.000644017 -0.0068445 0.00156799 0.133551
15 6 0 -0.620785 0.384313 -0.000779699 0.000729233 7.70343e+07 3.06809e+08 1.45917e+08 2.65636e+07 0 2.77589e+08 0 3.06809e+08 2.77589e+08 1.45917e+08 2.65636e+07 0.000990111 -0.00127342 4.13186e-05 0.0014248 0.105846
7 6 1 -0.699305 0.187692 -0.000727069 0.000440108 5.19831e+07 2.07036e+08 9.84652e+07 1.79252e+07 0 1.87318e+08 0 2.07036e+08 1.87318e+08 9.84652e+07 1.79252e+07 0.000935965 0.000790888 -0.00207231 0.00238963 0.118107
14 6 2 -0.493745 0.204869 -0.000579725 0.000417587 1.15582e+08 4.60336e+08 2.18933e+08 3.98559e+07 0 4.16494e+08 0 4.60336e+08 4.16494e+08 2.18933e+08 3.98559e+07 6.21554e-05 0.000180515 -0.00149823 0.00121741 0.117019
15 7 0 -0.620785 0.384313 -0.000779699 0.000729233 7.70343e+07 3.06809e+08 1.45917e+08 2.65636e+07 0 2.77589e+08 0 3.06809e+08 2.77589e+08 1.45917e+08 2.65636e+07 0.000990111 -0.00127342 4.13186e-05 0.0014248 0.105846
9 7 1 -0.855747 0.335957 -0.00108954 0.000851961 4.01579e+07 1.59939e+08 7.60663e+07 1.38476e+07 0 1.44707e+08 0 1.59939e+08 1.44707e+08 7.60663e+07 1.38476e+07 0.00248668 -0.00205825 0.000794267 0.00182871 0.108917
7 7 2 -0.699305 0.187692 -0.000727069 0.000440108 5.19831e+07 2.07036e+08 9.84652e+07 1.79252e+07 0 1.87318e+08 0 2.07036e+08 1.87318e+08 9.84652e+07 1.79252e+07 0.000935965 0.000790888 -0.00207231 0.00238963 0.118107
12 8 0 -0.778121 0.525788 -0.000928068 0.0010579 7.64031e+07 3.04295e+08 1.44721e+08 2.63459e+07 0 2.75314e+08 0 3.04295e+08 2.75314e+08 1.44721e+08 2.63459e+07 0.000948392 -0.00101921 0.000350399 0.00130307 0.10033
9 8 1 -0.855747 0.335957 -0.00108954 0.000851961 4.01579e+07 1.59939e+08 7.60663e+07 1.38476e+07 0 1.44707e+08 0 1.59939e+08 1.44707e+08 7.60663e+07 1.38476e+07 0.00248668 -0.00205825 0.000794267 0.00182871 0.108917
15 8 2 -0.620785 0.384313 -0.000779699 0.000729233 7.70343e+07 3.06809e+08 1.45917e+08 2.65636e+07 0 2.77589e+08 0 3.06809e+08 2.77589e+08 1.45917e+08 2.65636e+07 0.000990111 -0.00127342 4.13186e-05 0.0014248 0.105846
5 9 0 -1.03547 0.444557 -0.00136367 0.00152337 4.6076e+07 1.8351e+08 8.72762e+07 1.58883e+07 0 1.66032e+08 0 1.8351e+08 1.66032e+08 8.72762e+07 1.58883e+07 0.00179698 -0.00329924 0.00157737 0.00151885 0.105587
3 9 1 -1.08058 0.21685 -0.00216107 0.000799216 7.06341e+06 2.81318e+07 1.33794e+07 2.43566e+06 0 2.54526e+07 0 2.81318e+07 2.54526e+07 1.33794e+07 2.43566e+06 0.00564667 -0.000925116 0.0042007 0.00591832 0.114583
9 9 2 -0.855747 0.335957 -0.00108954 0.000851961 4.01579e+07 1.59939e+08 7.60663e+07 1.38476e+07 0 1.44707e+08 0 1.59939e+08 1.44707e+08 7.60663e+07 1.38476e+07 0.00248668 -0.00205825 0.000794267 0.00182871 0.108917
9 10 0 -0.855747 0.335957 -0.00108954 0.000851961 4.01579e+07 1.59939e+08 7.60663e+07 1.38476e+07 0 1.44707e+08 0 1.59939e+08 1.44707e+08 7.60663e+07 1.38476e+07 0.00248668 -0.00205825 0.000794267 0.00182871 0.108917
12 10 1 -0.778121 0.525788 -0.000928068 0.0010579 7.64031e+07 3.04295e+08 1.44721e+08 2.63459e+07 0 2.75314e+08 0 3.04295e+08 2.75314e+08 1.44721e+08 2.63459e+07 0.000948392 -0.00101921 0.000350399 0.00130307 0.10033
5 10 2 -1.03547 0.444557 -0.00136367 0.00152337 4.6076e+07 1.8351e+08 8.72762e+07 1.58883e+07 0 1.66032e+08 0 1.8351e+08 1.66032e+08 8.72762e+07 1.58883e+07 0.00179698 -0.00329924 0.00157737 0.00151885 0.105587
12 11 0 -0.778121 0.525788 -0.000928068 0.0010579 7.64031e+07 3.04295e+08 1.44721e+08 2.63459e+07 0 2.75314e+08 0 3.04295e+08 2.75314e+08 1.44721e+08 2.63459e+07 0.000948392 -0.00101921 0.000350399 0.00130307 0.10033
10 11 1 -0.684227 0.725444 -0.00084045 0.001242 9.4265e+07 3.75435e+08 1.78555e+08 3.25052e+07 0 3.39679e+08 0 3.75435e+08 3.39679e+08 1.78555e+08 3.25052e+07 0.000679532 -0.000132509 -0.00100439 0.000667417 0.0935261
6 11 2 -0.937969 0.648876 -0.00105692 0.00148538 8.6076e+07 3.4282e+08 1.63043e+08 2.96814e+07 0 3.1017e+08 0 3.4282e+08 3.1017e+08 1.63043e+08 2.96814e+07 0.000912676 -0.00243569 0.000147721 0.000727703 0.0983912
5 12 0 -1.03547 0.444557 -0.00136367 0.00152337 4.6076e+07 1.8351e+08 8.72762e+07 1.58883e+07 0 1.66032e+08 0 1.8351e+08 1.66032e+08 8.72762e+07 1.58883e+07 0.00179698 -0.00329924 0.00157737 0.00151885 0.105587
12 12 1 -0.778121 0.525788 -0.000928068 0.0010579 7.64031e+07 3.04295e+08 1.44721e+08 2.63459e+07 0 2.75314e+08 0 3.04295e+08 2.75314e+08 1.44721e+08 2.63459e+07 0.000948392 -0.00101921 0.000350399 0.00130307 0.10033
6 12 2 -0.937969 0.648876 -0.00105692 0.00148538 8.6076e+07 3.4282e+08 1.63043e+08 2.96814e+07 0 3.1017e+08 0 3.4282e+08 3.1017e+08 1.63043e+08 2.96814e+07 0.000912676 -0.00243569 0.000147721 0.000727703 0.0983912
15 13 0 -0.620785 0.384313 -0.000779699 0.000729233 7.70343e+07 3.06809e+08 1.45917e+08 2.65636e+07 0 2.77589e+08 0 3.06809e+08 2.77589e+08 1.45917e+08 2.65636e+07 0.000990111 -0.00127342 4.13186e-05 0.0014248 0.105846
17 13 1 -0.531985 0.590077 -0.000649358 0.000995837 5.84212e+07 2.32677e+08 1.1066e+08 2.01452e+07 0 2.10518e+08 0 2.32677e+08 2.10518e+08 1.1066e+08 2.01452e+07 0.00133905 0.000230186 0.000220397 0.00161678 0.0964325
12 13 2 -0.778121 0.525788 -0.000928068 0.0010579 7.64031e+07 3.04295e+08 1.44721e+08 2.63459e+07 0 2.75314e+08 0 3.04295e+08 2.75314e+08 1.44721e+08 2.63459e+07 0.000948392 -0.00101921 0.000350399 0.00130307 0.10033
2 14 0 -0.896356 0.159209 -0.00100556 0.000407665 2.11792e+07 8.43516e+07 4.01172e+07 7.30317e+06 0 7.63182e+07 0 8.43516e+07 7.63182e+07 4.01172e+07 7.30317e+06 0.00261161 -0.00138369 -0.00291591 0.00398952 0.119181
7 14 1 -0.699305 0.187692 -0.000727069 0.000440108 5.19831e+07 2.07036e+08 9.84652e+07 1.79252e+07 0 1.87318e+08 0 2.07036e+08 1.87318e+08 9.84652e+07 1.79252e+07 0.000935965 0.000790888 -0.00207231 0.00238963 0.118107
9 14 2 -0.855747 0.335957 -0.00108954 0.000851961 4.01579e+07 1.59939e+08 7.60663e+07 1.38476e+07 0 1.44707e+08 0 1.59939e+08 1.44707e+08 7.60663e+07 1.38476e+07 0.00248668 -0.00205825 0.000794267 0.00182871 0.108917
14 15 0 -0.493745 0.204869 -0.000579725 0.000417587 1.15582e+08 4.60336e+08 2.18933e+08 3.98559e+07 0 4.16494e+08 0 4.60336e+08 4.16494e+08 2.18933e+08 3.98559e+07 6.21554e-05 0.000180515 -0.00149823 0.00121741 0.117019
23 15 1 -0.288952 0.213321 -0.000414087 0.000554601 2.23473e+07 8.90041e+07 4.23299e+07 7.70598e+06 0 8.05275e+07 0 8.90041e+07 8.05275e+07 4.23299e+07 7.70598e+06 0.00199175 -8.21753e-05 -0.000124818 0.00343168 0.116374
22 15 2 -0.392329 0.419327 -0.000526534 0.000832418 6.0976e+07 2.42853e+08 1.15499e+08 2.10262e+07 0 2.19724e+08 0 2.42853e+08 2.19724e+08 1.15499e+08 2.10262e+07 0.00116077 0.00167409 0.000385566 0.00185485 0.1035
16 16 0 -0.4 3.10139e-24 -5.00719e-27 4.00444e-26 6.02783e+07 2.40074e+08 1.14178e+08 2.07856e+07 0 2.1721e+08 0 2.40074e+08 2.1721e+08 1.14178e+08 2.07856e+07 0.000136146 -0.000771817 -0.00407051 0.00258865 0.134754
14 16 1 -0.493745 0.204869 -0.000579725 0.000417587 1.15582e+08 4.60336e+08 2.18933e+08 3.98559e+07 0 4.16494e+08 0 4.60336e+08 4.16494e+08 2.18933e+08 3.98559e+07 6.21554e-05 0.000180515 -0.00149823 0.00121741 0.117019
8 16 2 -0.6 3.15016e-24 -9.33559e-28 3.25236e-26 2.95625e+07 1.1774e+08 5.59966e+07 1.0194e+07 0 1.06527e+08 0 1.1774e+08 1.06527e+08 5.59966e+07 1.0194e+07 6.89553e-27 8.71362e-25 -0.00466158 0.00353199 0.134515
16 17 0 -0.4 3.10139e-24 -5.00719e-27 4.00444e-26 6.02783e+07 2.40074e+08 1.14178e+08 2.07856e+07 0 2.1721e+08 0 2.40074e+08 2.1721e+08 1.14178e+08 2.07856e+07 0.000136146 -0.000771817 -0.00407051 0.00258865 0.134754
24 17 1 -0.2 3.12885e-24 5.93534e-28 3.28459e-26 5.84145e+07 2.32651e+08 1.10647e+08 2.01429e+07 0 2.10493e+08 0 2.32651e+08 2.10493e+08 1.10647e+08 2.01429e+07 9.74798e-05 0.000617389 -0.00185417 0.00212436 0.13478
23 17 2 -0.288952 0.213321 -0.000414087 0.000554601 2.23473e+07 8.90041e+07 4.23299e+07 7.70598e+06 0 8.05275e+07 0 8.90041e+07 8.05275e+07 4.23299e+07 7.70598e+06 0.00199175 -8.21753e-05 -0.000124818 0.00343168 0.116374
32 18 0 -0.0572005 0.601503 -0.000141706 0.00114198 4.18763e+07 1.66783e+08 7.93213e+07 1.44401e+07 0 1.50899e+08 0 1.66783e+08 1.50899e+08 7.93213e+07 1.44401e+07 0.00195525 0.000400765 7.16704e-05 0.00201518 0.094814
37 18 1 0.0961125 0.390443 7.01947e-05 0.000840967 7.35454e+07 2.92914e+08 1.39308e+08 2.53605e+07 0 2.65017e+08 0 2.92914e+08 2.65017e+08 1.39308e+08 2.53605e+07 0.00101445 0.00025002 0.000607365 0.00135615 0.104716
36 18 2 0.133749 0.605809 0.000144631 0.00112947 6.8794e+07 2.7399e+08 1.30308e+08 2.37221e+07 0 2.47896e+08 0 2.7399e+08 2.47896e+08 1.30308e+08 2.37221e+07 0.00103927 -0.000734501 -0.000171907 0.00156908 0.0946002
26 19 0 -0.110886 0.807277 -0.000178193 0.00153074 2.86239e+07 1.14002e+08 5.42188e+07 9.8703e+06 0 1.03145e+08 0 1.14002e+08 1.03145e+08 5.42188e+07 9.8703e+06 0.00243527 0.000172353 0.000927255 0.00270015 0.0887629
32 19 1 -0.0572005 0.601503 -0.000141706 0.00114198 4.18763e+07 1.66783e+08 7.93213e+07 1.44401e+07 0 1.50899e+08 0 1.66783e+08 1.50899e+08 7.93213e+07 1.44401e+07 0.00195525 0.000400765 7.16704e-05 0.00201518 0.094814
33 19 2 0.0981258 0.785872 0.000150778 0.00143466 6.83108e+07 2.72065e+08 1.29393e+08 2.35554e+07 0 2.46154e+08 0 2.72065e+08 2.46154e+08 1.29393e+08 2.35554e+07 0.00108065 -0.000646342 0.000634442 0.00158447 0.0889729
28 20 0 0.0611129 0.982088 0.000151642 0.00180881 5.05804e+07 2.01449e+08 9.58083e+07 1.74415e+07 0 1.82264e+08 0 2.01449e+08 1.82264e+08 9.58083e+07 1.74415e+07 0.00162346 -0.00185106 -0.000526651 0.0014471 0.0854387
26 20 1 -0.110886 0.807277 -0.000178193 0.00153074 2.86239e+07 1.14002e+08 5.42188e+07 9.8703e+06 0 1.03145e+08 0 1.14002e+08 1.03145e+08 5.42188e+07 9.8703e+06 0.00243527 0.000172353 0.000927255 0.00270015 0.0887629
33 20 2 0.0981258 0.785872 0.000150778 0.00143466 6.83108e+07 2.72065e+08 1.29393e+08 2.35554e+07 0 2.46154e+08 0 2.72065e+08 2.46154e+08 1.29393e+08 2.35554e+07 0.00108065 -0.000646342 0.000634442 0.00158447 0.0889729
19 21 0 -0.294912 0.912231 -0.000417254 0.00160635 3.71053e+07 1.47782e+08 7.02842e+07 1.27949e+07 0 1.33707e+08 0 1.47782e+08 1.33707e+08 7.02842e+07 1.27949e+07 0.00146309 0.000916821 0.000707099 0.00244995 0.0870293
18 21 1 -0.476566 0.821836 -0.000664176 0.00140522 4.49455e+07 1.79007e+08 8.51349e+07 1.54985e+07 0 1.61959e+08 0 1.79007e+08 1.61959e+08 8.51349e+07 1.54985e+07 0.00119602 0.000771888 -6.39843e-05 0.00246146 0.0896793
25 21 2 -0.294148 0.651491 -0.000435295 0.00121665 1.22234e+08 4.86829e+08 2.31533e+08 4.21497e+07 0 4.40465e+08 0 4.86829e+08 4.40465e+08 2.31533e+08 4.21497e+07 0.00052188 0.000243732 -0.00030942 0.000877538 0.0933774
17 22 0 -0.531985 0.590077 -0.000649358 0.000995837 5.84212e+07 2.32677e+08 1.1066e+08 2.01452e+07 0 2.10518e+08 0 2.32677e+08 2.10518e+08 1.1066e+08 2.01452e+07 0.00133905 0.000230186 0.000220397 0.00161678 0.0964325
10 22 1 -0.684227 0.725444 -0.00084045 0.001242 9.4265e+07 3.75435e+08 1.78555e+08 3.25052e+07 0 3.39679e+08 0 3.75435e+08 3.39679e+08 1.78555e+08 3.25052e+07 0.000679532 -0.000132509 -0.00100439 0.000667417 0.0935261
12 22 2 -0.778121 0.525788 -0.000928068 0.0010579 7.64031e+07 3.04295e+08 1.44721e+08 2.63459e+07 0 2.75314e+08 0 3.04295e+08 2.75314e+08 1.44721e+08 2.63459e+07 0.000948392 -0.00101921 0.000350399 0.00130307 0.10033
14 23 0 -0.493745 0.204869 -0.000579725 0.000417587 1.15582e+08 4.60336e+08 2.18933e+08 3.98559e+07 0 4.16494e+08 0 4.60336e+08 4.16494e+08 2.18933e+08 3.98559e+07 6.21554e-05 0.000180515 -0.00149823 0.00121741 0.117019
22 23 1 -0.392329 0.419327 -0.000526534 0.000832418 6.0976e+07 2.42853e+08 1.15499e+08 2.10262e+07 0 2.19724e+08 0 2.42853e+08 2.19724e+08 1.15499e+08 2.10262e+07 0.00116077 0.00167409 0.000385566 0.00185485 0.1035
15 23 2 -0.620785 0.384313 -0.000779699 0.000729233 7.70343e+07 3.06809e+08 1.45917e+08 2.65636e+07 0 2.77589e+08 0 3.06809e+08 2.77589e+08 1.45917e+08 2.65636e+07 0.000990111 -0.00127342 4.13186e-05 0.0014248 0.105846
18 24 0 -0.476566 0.821836 -0.000664176 0.00140522 4.49455e+07 1.79007e+08 8.51349e+07 1.54985e+07 0 1.61959e+08 0 1.79007e+08 1.61959e+08 8.51349e+07 1.54985e+07 0.00119602 0.000771888 -6.39843e-05 0.00246146 0.0896793
10 24 1 -0.684227 0.725444 -0.00084045 0.001242 9.4265e+07 3.75435e+08 1.78555e+08 3.25052e+07 0 3.39679e+08 0 3.75435e+08 3.39679e+08 1.78555e+08 3.25052e+07 0.000679532 -0.000132509 -0.00100439 0.000667417 0.0935261
17 24 2 -0.531985 0.590077 -0.000649358 0.000995837 5.84212e+07 2.32677e+08 1.1066e+08 2.01452e+07 0 2.10518e+08 0 2.32677e+08 2.10518e+08 1.1066e+08 2.01452e+07 0.00133905 0.000230186 0.000220397 0.00161678 0.0964325
25 25 0 -0.294148 0.651491 -0.000435295 0.00121665 1.22234e+08 4.86829e+08 2.31533e+08 4.21497e+07 0 4.40465e+08 0 4.86829e+08 4.40465e+08 2.31533e+08 4.21497e+07 0.00052188 0.000243732 -0.00030942 0.000877538 0.0933774
18 25 1 -0.476566 0.821836 -0.000664176 0.00140522 4.49455e+07 1.79007e+08 8.51349e+07 1.54985e+07 0 1.61959e+08 0 1.79007e+08 1.61959e+08 8.51349e+07 1.54985e+07 0.00119602 0.000771888 -6.39843e-05 0.00246146 0.0896793
17 25 2 -0.531985 0.590077 -0.000649358 0.000995837 5.84212e+07 2.32677e+08 1.1066e+08 2.01452e+07 0 2.10518e+08 0 2.32677e+08 2.10518e+08 1.1066e+08 2.01452e+07 0.00133905 0.000230186 0.000220397 0.00161678 0.0964325
19 26 0 -0.294912 0.912231 -0.000417254 0.00160635 3.71053e+07 1.47782e+08 7.02842e+07 1.27949e+07 0 1.33707e+08 0 1.47782e+08 1.33707e+08 7.02842e+07 1.27949e+07 0.00146309 0.000916821 0.000707099 0.00244995 0.0870293
13 26 1 -0.43302 1.08754 -0.00050373 0.00187007 7.4485e+07 2.96656e+08 1.41088e+08 2.56845e+07 0 2.68403e+08 0 2.96656e+08 2.68403e+08 1.41088e+08 2.56845e+07 0.000808935 -0.00152414 0.000943083 0.00116077 0.0862634
18 26 2 -0.476566 0.821836 -0.000664176 0.00140522 4.49455e+07 1.79007e+08 8.51349e+07 1.54985e+07 0 1.61959e+08 0 1.79007e+08 1.61959e+08 8.51349e+07 1.54985e+07 0.00119602 0.000771888 -6.39843e-05 0.00246146 0.0896793
6 27 0 -0.937969 0.648876 -0.00105692 0.00148538 8.6076e+07 3.4282e+08 1.63043e+08 2.96814e+07 0 3.1017e+08 0 3.4282e+08 3.1017e+08 1.63043e+08 2.96814e+07 0.000912676 -0.00243569 0.000147721 0.000727703 0.0983912
10 27 1 -0.684227 0.725444 -0.00084045 0.001242 9.4265e+07 3.75435e+08 1.78555e+08 3.25052e+07 0 3.39679e+08 0 3.75435e+08 3.39679e+08 1.78555e+08 3.25052e+07 0.000679532 -0.000132509 -0.00100439 0.000667417 0.0935261
4 27 2 -0.803544 0.829596 -0.0012383 0.0015539 1.3868e+07 5.52328e+07 2.62684e+07 4.78206e+06 0 4.99725e+07 0 5.52328e+07 4.99725e+07 2.62684e+07 4.78206e+06 0.00361961 -0.00174266 -0.00297819 0.00334349 0.0929438
25 28 0 -0.294148 0.651491 -0.000435295 0.00121665 1.22234e+08 4.86829e+08 2.31533e+08 4.21497e+07 0 4.40465e+08 0 4.86829e+08 4.40465e+08 2.31533e+08 4.21497e+07 0.00052188 0.000243732 -0.00030942 0.000877538 0.0933774
17 28 1 -0.531985 0.590077 -0.000649358 0.000995837 5.84212e+07 2.32677e+08 1.1066e+08 2.01452e+07 0 2.10518e+08 0 2.32677e+08 2.10518e+08 1.1066e+08 2.01452e+07 0.00133905 0.000230186 0.000220397 0.00161678 0.0964325
22 28 2 -0.392329 0.419327 -0.000526534 0.000832418 6.0976e+07 2.42853e+08 1.15499e+08 2.10262e+07 0 2.19724e+08 0 2.42853e+08 2.19724e+08 1.15499e+08 2.10262e+07 0.00116077 0.00167409 0.000385566 0.00185485 0.1035
26 29 0 -0.110886 0.807277 -0.000178193 0.00153074 2.86239e+07 1.14002e+08 5.42188e+07 9.8703e+06 0 1.03145e+08 0 1.14002e+08 1.03145e+08 5.42188e+07 9.8703e+06 0.00243527 0.000172353 0.000927255 0.00270015 0.0887629
25 29 1 -0.294148 0.651491 -0.000435295 0.00121665 1.22234e+08 4.86829e+08 2.31533e+08 4.21497e+07 0 4.40465e+08 0 4.86829e+08 4.40465e+08 2.31533e+08 4.21497e+07 0.00052188 0.000243732 -0.00030942 0.000877538 0.0933774
32 29 2 -0.0572005 0.601503 -0.000141706 0.00114198 4.18763e+07 1.66783e+08 7.93213e+07 1.44401e+07 0 1.50899e+08 0 1.66783e+08 1.50899e+08 7.93213e+07 1.44401e+07 0.00195525 0.000400765 7.16704e-05 0.00201518 0.094814
26 30 0 -0.110886 0.807277 -0.000178193 0.00153074 2.86239e+07 1.14002e+08 5.42188e+07 9.8703e+06 0 1.03145e+08 0 1.14002e+08 1.03145e+08 5.42188e+07 9.8703e+06 0.00243527 0.000172353 0.000927255 0.00270015 0.0887629
19 30 1 -0.294912 0.912231 -0.000417254 0.00160635 3.71053e+07 1.47782e+08 7.02842e+07 1.27949e+07 0 1.33707e+08 0 1.47782e+08 1.33707e+08 7.02842e+07 1.27949e+07 0.00146309 0.000916821 0.000707099 0.00244995 0.0870293
25 30 2 -0.294148 0.651491 -0.000435295 0.00121665 1.22234e+08 4.86829e+08 2.31533e+08 4.21497e+07 0 4.40465e+08 0 4.86829e+08 4.40465e+08 2.31533e+08 4.21497e+07 0.00052188 0.000243732 -0.00030942 0.000877538 0.0933774
30 31 0 -0.0848225 0.213036 -0.000116198 0.000571674 4.40731e+07 1.75532e+08 8.34823e+07 1.51976e+07 0 1.58815e+08 0 1.75532e+08 1.58815e+08 8.34823e+07 1.51976e+07 0.000926271 0.00025765 -0.000316036 0.00243628 0.116319
24 31 1 -0.2 3.12885e-24 5.93534e-28 3.28459e-26 5.84145e+07 2.32651e+08 1.10647e+08 2.01429e+07 0 2.10493e+08 0 2.32651e+08 2.10493e+08 1.10647e+08 2.01429e+07 9.74798e-05 0.000617389 -0.00185417 0.00212436 0.13478
31 31 2 2.49704e-17 3.09525e-24 6.95245e-28 3.00553e-26 3.31409e+07 1.31992e+08 6.27748e+07 1.14279e+07 0 1.19422e+08 0 1.31992e+08 1.19422e+08 6.27748e+07 1.14279e+07 0.000518181 5.9393e-05 -0.000296667 0.00345118 0.134764
29 32 0 -0.166415 0.421533 -0.000244472 0.000942849 7.56515e+07 3.01302e+08 1.43298e+08 2.60867e+07 0 2.72606e+08 0 3.01302e+08 2.72606e+08 1.43298e+08 2.60867e+07 0.00115715 -0.000897065 -9.91172e-05 0.00087397 0.103087
22 32 1 -0.392329 0.419327 -0.000526534 0.000832418 6.0976e+07 2.42853e+08 1.15499e+08 2.10262e+07 0 2.19724e+08 0 2.42853e+08 2.19724e+08 1.15499e+08 2.10262e+07 0.00116077 0.00167409 0.000385566 0.00185485 0.1035
23 32 2 -0.288952 0.213321 -0.000414087 0.000554601 2.23473e+07 8.90041e+07 4.23299e+07 7.70598e+06 0 8.05275e+07 0 8.90041e+07 8.05275e+07 4.23299e+07 7.70598e+06 0.00199175 -8.21753e-05 -0.000124818 0.00343168 0.116374
37 33 0 0.0961125 0.390443 7.01947e-05 0.000840967 7.35454e+07 2.92914e+08 1.39308e+08 2.53605e+07 0 2.65017e+08 0 2.92914e+08 2.65017e+08 1.39308e+08 2.53605e+07 0.00101445 0.00025002 0.000607365 0.00135615 0.104716
29 33 1 -0.166415 0.421533 -0.000244472 0.000942849 7.56515e+07 3.01302e+08 1.43298e+08 2.60867e+07 0 2.72606e+08 0 3.01302e+08 2.72606e+08 1.43298e+08 2.60867e+07 0.00115715 -0.000897065 -9.91172e-05 0.00087397 0.103087
30 33 2 -0.0848225 0.213036 -0.000116198 0.000571674 4.40731e+07 1.75532e+08 8.34823e+07 1.51976e+07 0 1.58815e+08 0 1.75532e+08 1.58815e+08 8.34823e+07 1.51976e+07 0.000926271 0.00025765 -0.000316036 0.00243628 0.116319
32 34 0 -0.0572005 0.601503 -0.000141706 0.00114198 4.18763e+07 1.66783e+08 7.93213e+07 1.44401e+07 0 1.50899e+08 0 1.66783e+08 1.50899e+08 7.93213e+07 1.44401e+07 0.00195525 0.000400765 7.16704e-05 0.00201518 0.094814
25 34 1 -0.294148 0.651491 -0.000435295 0.00121665 1.22234e+08 4.86829e+08 2.31533e+08 4.21497e+07 0 4.40465e+08 0 4.86829e+08 4.40465e+08 2.31533e+08 4.21497e+07 0.00052188 0.000243732 -0.00030942 0.000877538 0.0933774
29 34 2 -0.166415 0.421533 -0.000244472 0.000942849 7.56515e+07 3.01302e+08 1.43298e+08 2.60867e+07 0 2.72606e+08 0 3.01302e+08 2.72606e+08 1.43298e+08 2.60867e+07 0.00115715 -0.000897065 -9.91172e-05 0.00087397 0.103087
14 35 0 -0.493745 0.204869 -0.000579725 0.000417587 1.15582e+08 4.60336e+08 2.18933e+08 3.98559e+07 0 4.16494e+08 0 4.60336e+08 4.16494e+08 2.18933e+08 3.98559e+07 6.21554e-05 0.000180515 -0.00149823 0.00121741 0.117019
16 35 1 -0.4 3.10139e-24 -5.00719e-27 4.00444e-26 6.02783e+07 2.40074e+08 1.14178e+08 2.07856e+07 0 2.1721e+08 0 2.40074e+08 2.1721e+08 1.14178e+08 2.07856e+07 0.000136146 -0.000771817 -0.00407051 0.00258865 0.134754
23 35 2 -0.288952 0.213321 -0.000414087 0.000554601 2.23473e+07 8.90041e+07 4.23299e+07 7.70598e+06 0 8.05275e+07 0 8.90041e+07 8.05275e+07 4.23299e+07 7.70598e+06 0.00199175 -8.21753e-05 -0.000124818 0.00343168 0.116374
11 36 0 -0.630431 0.976223 -0.00097425 0.00178804 1.99474e+07 7.94455e+07 3.77839e+07 6.8784e+06 0 7.18793e+07 0 7.94455e+07 7.18793e+07 3.77839e+07 6.8784e+06 0.00319018 -9.06947e-05 0.0004185 0.00317664 0.0889832
4 36 1 -0.803544 0.829596 -0.0012383 0.0015539 1.3868e+07 5.52328e+07 2.62684e+07 4.78206e+06 0 4.99725e+07 0 5.52328e+07 4.99725e+07 2.62684e+07 4.78206e+06 0.00361961 -0.00174266 -0.00297819 0.00334349 0.0929438
10 36 2 -0.684227 0.725444 -0.00084045 0.001242 9.4265e+07 3.75435e+08 1.78555e+08 3.25052e+07 0 3.39679e+08 0 3.75435e+08 3.39679e+08 1.78555e+08 3.25052e+07 0.000679532 -0.000132509 -0.00100439 0.000667417 0.0935261
11 37 0 -0.630431 0.976223 -0.00097425 0.00178804 1.99474e+07 7.94455e+07 3.77839e+07 6.8784e+06 0 7.18793e+07 0 7.94455e+07 7.18793e+07 3.77839e+07 6.8784e+06 0.00319018 -9.06947e-05 0.0004185 0.00317664 0.0889832
10 37 1 -0.684227 0.725444 -0.00084045 0.001242 9.4265e+07 3.75435e+08 1.78555e+08 3.25052e+07 0 3.39679e+08 0 3.75435e+08 3.39679e+08 1.78555e+08 3.25052e+07 0.000679532 -0.000132509 -0.00100439 0.000667417 0.0935261
18 37 2 -0.476566 0.821836 -0.000664176 0.00140522 4.49455e+07 1.79007e+08 8.51349e+07 1.54985e+07 0 1.61959e+08 0 1.79007e+08 1.61959e+08 8.51349e+07 1.54985e+07 0.00119602 0.000771888 -6.39843e-05 0.00246146 0.0896793
38 38 0 0.0961603 0.178344 6.27109e-05 0.000459101 5.58577e+07 2.22468e+08 1.05805e+08 1.92613e+07 0 2.0128e+08 0 2.22468e+08 2.0128e+08 1.05805e+08 1.92613e+07 0.000560781 -0.000220496 0.000132532 0.00253977 0.118961
31 38 1 2.49704e-17 3.09525e-24 6.95245e-28 3.00553e-26 3.31409e+07 1.31992e+08 6.27748e+07 1.14279e+07 0 1.19422e+08 0 1.31992e+08 1.19422e+08 6.27748e+07 1.14279e+07 0.000518181 5.9393e-05 -0.000296667 0.00345118 0.134764
39 38 2 0.2 3.09339e-24 -1.07421e-27 3.63676e-26 6.44255e+07 2.56591e+08 1.22033e+08 2.22157e+07 0 2.32154e+08 0 2.56591e+08 2.32154e+08 1.22033e+08 2.22157e+07 9.26995e-05 -0.000427347 0.000951213 0.00223152 0.134796
37 39 0 0.0961125 0.390443 7.01947e-05 0.000840967 7.35454e+07 2.92914e+08 1.39308e+08 2.53605e+07 0 2.65017e+08 0 2.92914e+08 2.65017e+08 1.39308e+08 2.53605e+07 0.00101445 0.00025002 0.000607365 0.00135615 0.104716
38 39 1 0.0961603 0.178344 6.27109e-05 0.000459101 5.58577e+07 2.22468e+08 1.05805e+08 1.92613e+07 0 2.0128e+08 0 2.22468e+08 2.0128e+08 1.05805e+08 1.92613e+07 0.000560781 -0.000220496 0.000132532 0.00253977 0.118961
44 39 2 0.27752 0.200825 0.000192041 0.000383872 5.2121e+07 2.07585e+08 9.87265e+07 1.79728e+07 0 1.87815e+08 0 2.07585e+08 1.87815e+08 9.87265e+07 1.79728e+07 0.000771192 -0.00119904 0.000627841 0.00221923 0.117312
30 40 0 -0.0848225 0.213036 -0.000116198 0.000571674 4.40731e+07 1.75532e+08 8.34823e+07 1.51976e+07 0 1.58815e+08 0 1.75532e+08 1.58815e+08 8.34823e+07 1.51976e+07 0.000926271 0.00025765 -0.000316036 0.00243628 0.116319
31 40 1 2.49704e-17 3.09525e-24 6.95245e-28 3.00553e-26 3.31409e+07 1.31992e+08 6.27748e+07 1.14279e+07 0 1.19422e+08 0 1.31992e+08 1.19422e+08 6.27748e+07 1.14279e+07 0.000518181 5.9393e-05 -0.000296667 0.00345118 0.134764
38 40 2 0.0961603 0.178344 6.27109e-05 0.000459101 5.58577e+07 2.22468e+08 1.05805e+08 1.92613e+07 0 2.0128e+08 0 2.22468e+08 2.0128e+08 1.05805e+08 1.92613e+07 0.000560781 -0.000220496 0.000132532 0.00253977 0.118961
32 41 0 -0.0572005 0.601503 -0.000141706 0.00114198 4.18763e+07 1.66783e+08 7.93213e+07 1.44401e+07 0 1.50899e+08 0 1.66783e+08 1.50899e+08 7.93213e+07 1.44401e+07 0.00195525 0.000400765 7.16704e-05 0.00201518 0.094814
29 41 1 -0.166415 0.421533 -0.000244472 0.000942849 7.56515e+07 3.01302e+08 1.43298e+08 2.60867e+07 0 2.72606e+08 0 3.01302e+08 2.72606e+08 1.43298e+08 2.60867e+07 0.00115715 -0.000897065 -9.91172e-05 0.00087397 0.103087
37 41 2 0.0961125 0.390443 7.01947e-05 0.000840967 7.35454e+07 2.92914e+08 1.39308e+08 2.53605e+07 0 2.65017e+08 0 2.92914e+08 2.65017e+08 1.39308e+08 2.53605e+07 0.00101445 0.00025002 0.000607365 0.00135615 0.104716
23 42 0 -0.288952 0.213321 -0.000414087 0.000554601 2.23473e+07 8.90041e+07 4.23299e+07 7.70598e+06 0 8.05275e+07 0 8.90041e+07 8.05275e+07 4.23299e+07 7.70598e+06 0.00199175 -8.21753e-05 -0.000124818 0.00343168 0.116374
24 42 1 -0.2 3.12885e-24 5.93534e-28 3.28459e-26 5.84145e+07 2.32651e+08 1.10647e+08 2.01429e+07 0 2.10493e+08 0 2.32651e+08 2.10493e+08 1.10647e+08 2.01429e+07 9.74798e-05 0.000617389 -0.00185417 0.00212436 0.13478
30 42 2 -0.0848225 0.213036 -0.000116198 0.000571674 4.40731e+07 1.75532e+08 8.34823e+07 1.51976e+07 0 1.58815e+08 0 1.75532e+08 1.58815e+08 8.34823e+07 1.51976e+07 0.000926271 0.00025765 -0.000316036 0.00243628 0.116319
19 43 0 -0.294912 0.912231 -0.000417254 0.00160635 3.71053e+07 1.47782e+08 7.02842e+07 1.27949e+07 0 1.33707e+08 0 1.47782e+08 1.33707e+08 7.02842e+07 1.27949e+07 0.00146309 0.000916821 0.000707099 0.00244995 0.0870293
20 43 1 -0.219047 1.1517 -0.000317903 0.00201164 1.11898e+08 4.45662e+08 2.11955e+08 3.85855e+07 0 4.03218e+08 0 4.45662e+08 4.03218e+08 2.11955e+08 3.85855e+07 0.000694033 0.00153394 -0.000560717 0.000158527 0.0846903
13 43 2 -0.43302 1.08754 -0.00050373 0.00187007 7.4485e+07 2.96656e+08 1.41088e+08 2.56845e+07 0 2.68403e+08 0 2.96656e+08 2.68403e+08 1.41088e+08 2.56845e+07 0.000808935 -0.00152414 0.000943083 0.00116077 0.0862634
61 44 0 1 8.91564e-25 -1.03456e-26 8.86183e-27 1.93866e+08 7.72123e+08 3.67218e+08 6.68505e+07 0 6.98588e+08 0 7.72123e+08 6.98588e+08 3.67218e+08 6.68505e+07 2.0255e-18 4.98286e-19 0.00674698 0.000474238 0.130339
62 44 1 1.08195 0.210872 0.000978782 -0.000143012 2.02047e+08 8.04703e+08 3.82713e+08 6.96713e+07 0 7.28065e+08 0 8.04703e+08 7.28065e+08 3.82713e+08 6.96713e+07 3.66501e-05 -0.00288168 0.00366953 3.14003e-05 0.115152
59 44 2 0.903433 0.21881 0.000869206 0.000314536 2.77204e+07 1.10404e+08 5.25074e+07 9.55876e+06 0 9.98891e+07 0 1.10404e+08 9.98891e+07 5.25074e+07 9.55876e+06 0.00237381 -0.00222905 0.00143843 0.0022208 0.115634
59 45 0 0.903433 0.21881 0.000869206 0.000314536 2.77204e+07 1.10404e+08 5.25074e+07 9.55876e+06 0 9.98891e+07 0 1.10404e+08 9.98891e+07 5.25074e+07 9.55876e+06 0.00237381 -0.00222905 0.00143843 0.0022208 0.115634
55 45 1 0.703406 0.208151 0.000596833 0.000409987 1.1278e+08 4.49174e+08 2.13625e+08 3.88895e+07 0 4.06395e+08 0 4.49174e+08 4.06395e+08 2.13625e+08 3.88895e+07 0.000193819 0.00111585 0.00148409 0.000759977 0.116901
57 45 2 0.8 3.09327e-24 -1.71453e-27 2.78648e-26 2.73253e+07 1.0883e+08 5.1759e+07 9.42252e+06 0 9.84653e+07 0 1.0883e+08 9.84653e+07 5.1759e+07 9.42252e+06 -1.24603e-26 -8.67897e-25 0.0040038 0.0035327 0.133861
60 46 0 1.03869 0.442975 0.00155049 0.000354053 2.14969e+07 8.56169e+07 4.0719e+07 7.41272e+06 0 7.74629e+07 0 8.56169e+07 7.74629e+07 4.0719e+07 7.41272e+06 0.00354527 -0.00531165 0.00158404 0.00373247 0.106022
59 46 1 0.903433 0.21881 0.000869206 0.000314536 2.77204e+07 1.10404e+08 5.25074e+07 9.55876e+06 0 9.98891e+07 0 1.10404e+08 9.98891e+07 5.25074e+07 9.55876e+06 0.00237381 -0.00222905 0.00143843 0.0022208 0.115634
62 46 2 1.08195 0.210872 0.000978782 -0.000143012 2.02047e+08 8.04703e+08 3.82713e+08 6.96713e+07 0 7.28065e+08 0 8.04703e+08 7.28065e+08 3.82713e+08 6.96713e+07 3.66501e-05 -0.00288168 0.00366953 3.14003e-05 0.115152
56 47 0 0.820047 0.423908 0.000987791 0.000758072 5.46432e+07 2.17631e+08 1.03504e+08 1.88425e+07 0 1.96904e+08 0 2.17631e+08 1.96904e+08 1.03504e+08 1.88425e+07 0.00142753 0.000702483 0.00126344 0.00148365 0.105
53 47 1 0.710088 0.608091 0.00109845 0.00103144 5.55961e+07 2.21426e+08 1.05309e+08 1.91711e+07 0 2.00338e+08 0 2.21426e+08 2.00338e+08 1.05309e+08 1.91711e+07 0.000945635 0.00134063 0.00171998 0.00204106 0.097258
51 47 2 0.597752 0.399149 0.000716568 0.000657583 1.00454e+08 4.00084e+08 1.90278e+08 3.46393e+07 0 3.61981e+08 0 4.00084e+08 3.61981e+08 1.90278e+08 3.46393e+07 0.000710387 0.000239192 0.000265313 0.000536155 0.105222
60 48 0 1.03869 0.442975 0.00155049 0.000354053 2.14969e+07 8.56169e+07 4.0719e+07 7.41272e+06 0 7.74629e+07 0 8.56169e+07 7.74629e+07 4.0719e+07 7.41272e+06 0.00354527 -0.00531165 0.00158404 0.00373247 0.106022
56 48 1 0.820047 0.423908 0.000987791 0.000758072 5.46432e+07 2.17631e+08 1.03504e+08 1.88425e+07 0 1.96904e+08 0 2.17631e+08 1.96904e+08 1.03504e+08 1.88425e+07 0.00142753 0.000702483 0.00126344 0.00148365 0.105
59 48 2 0.903433 0.21881 0.000869206 0.000314536 2.77204e+07 1.10404e+08 5.25074e+07 9.55876e+06 0 9.98891e+07 0 1.10404e+08 9.98891e+07 5.25074e+07 9.55876e+06 0.00237381 -0.00222905 0.00143843 0.0022208 0.115634
60 49 0 1.03869 0.442975 0.00155049 0.000354053 2.14969e+07 8.56169e+07 4.0719e+07 7.41272e+06 0 7.74629e+07 0 8.56169e+07 7.74629e+07 4.0719e+07 7.41272e+06 0.00354527 -0.00531165 0.00158404 0.00373247 0.106022
58 49 1 0.93878 0.648671 0.00157725 0.00127617 3.05239e+07 1.21569e+08 5.78178e+07 1.05255e+07 0 1.09991e+08 0 1.21569e+08 1.09991e+08 5.78178e+07 1.05255e+07 0.00241505 0.000492841 0.00183122 0.00261803 0.0987888
56 49 2 0.820047 0.423908 0.000987791 0.000758072 5.46432e+07 2.17631e+08 1.03504e+08 1.88425e+07 0 1.96904e+08 0 2.17631e+08 1.96904e+08 1.03504e+08 1.88425e+07 0.00142753 0.000702483 0.00126344 0.00148365 0.105
56 50 0 0.820047 0.423908 0.000987791 0.000758072 5.46432e+07 2.17631e+08 1.03504e+08 1.88425e+07 0 1.96904e+08 0 2.17631e+08 1.96904e+08 1.03504e+08 1.88425e+07 0.00142753 0.000702483 0.00126344 0.00148365 0.105
51 50 1 0.597752 0.399149 0.000716568 0.000657583 1.00454e+08 4.00084e+08 1.90278e+08 3.46393e+07 0 3.61981e+08 0 4.00084e+08 3.61981e+08 1.90278e+08 3.46393e+07 0.000710387 0.000239192 0.000265313 0.000536155 0.105222
55 50 2 0.703406 0.208151 0.000596833 0.000409987 1.1278e+08 4.49174e+08 2.13625e+08 3.88895e+07 0 4.06395e+08 0 4.49174e+08 4.06395e+08 2.13625e+08 3.88895e+07 0.000193819 0.00111585 0.00148409 0.000759977 0.116901
54 51 0 0.798999 0.83158 0.00132525 0.00152691 6.44543e+07 2.56706e+08 1.22088e+08 2.22256e+07 0 2.32258e+08 0 2.56706e+08 2.32258e+08 1.22088e+08 2.22256e+07 0.000912343 -0.000104042 -0.00180258 0.0017139 0.0931171
53 51 1 0.710088 0.608091 0.00109845 0.00103144 5.55961e+07 2.21426e+08 1.05309e+08 1.91711e+07 0 2.00338e+08 0 2.21426e+08 2.00338e+08 1.05309e+08 1.91711e+07 0.000945635 0.00134063 0.00171998 0.00204106 0.097258
58 51 2 0.93878 0.648671 0.00157725 0.00127617 3.05239e+07 1.21569e+08 5.78178e+07 1.05255e+07 0 1.09991e+08 0 1.21569e+08 1.09991e+08 5.78178e+07 1.05255e+07 0.00241505 0.000492841 0.00183122 0.00261803 0.0987888
47 52 0 0.482379 0.572551 0.000570435 0.000944624 2.17225e+07 8.65156e+07 4.11464e+07 7.49053e+06 0 7.8276e+07 0 8.65156e+07 7.8276e+07 4.11464e+07 7.49053e+06 0.00275376 -0.0017504 -0.000220441 0.0022684 0.0969629
43 52 1 0.280461 0.527189 0.000274654 0.0010112 1.26838e+08 5.05163e+08 2.40253e+08 4.37371e+07 0 4.57052e+08 0 5.05163e+08 4.57052e+08 2.40253e+08 4.37371e+07 0.000536422 8.07659e-05 0.000292245 0.000687619 0.098079
45 52 2 0.366318 0.375695 0.000396195 0.000746255 4.15119e+07 1.65332e+08 7.8631e+07 1.43145e+07 0 1.49586e+08 0 1.65332e+08 1.49586e+08 7.8631e+07 1.43145e+07 0.00138767 -0.000744187 -0.000806357 0.00243411 0.105878
48 53 0 0.571979 0.763771 0.000956409 0.00161987 9.06224e+06 3.60927e+07 1.71655e+07 3.12491e+06 0 3.26553e+07 0 3.60927e+07 3.26553e+07 1.71655e+07 3.12491e+06 0.0037075 -8.82929e-05 -9.09247e-05 0.00358965 0.0917993
47 53 1 0.482379 0.572551 0.000570435 0.000944624 2.17225e+07 8.65156e+07 4.11464e+07 7.49053e+06 0 7.8276e+07 0 8.65156e+07 7.8276e+07 4.11464e+07 7.49053e+06 0.00275376 -0.0017504 -0.000220441 0.0022684 0.0969629
53 53 2 0.710088 0.608091 0.00109845 0.00103144 5.55961e+07 2.21426e+08 1.05309e+08 1.91711e+07 0 2.00338e+08 0 2.21426e+08 2.00338e+08 1.05309e+08 1.91711e+07 0.000945635 0.00134063 0.00171998 0.00204106 0.097258
48 54 0 0.571979 0.763771 0.000956409 0.00161987 9.06224e+06 3.60927e+07 1.71655e+07 3.12491e+06 0 3.26553e+07 0 3.60927e+07 3.26553e+07 1.71655e+07 3.12491e+06 0.0037075 -8.82929e-05 -9.09247e-05 0.00358965 0.0917993
40 54 1 0.324195 0.730656 0.000336217 0.00129548 6.65798e+07 2.65171e+08 1.26114e+08 2.29586e+07 0 2.39917e+08 0 2.65171e+08 2.39917e+08 1.26114e+08 2.29586e+07 0.000894746 0.000205754 0.000736513 0.00165284 0.0910138
47 54 2 0.482379 0.572551 0.000570435 0.000944624 2.17225e+07 8.65156e+07 4.11464e+07 7.49053e+06 0 7.8276e+07 0 8.65156e+07 7.8276e+07 4.11464e+07 7.49053e+06 0.00275376 -0.0017504 -0.000220441 0.0022684 0.0969629
55 55 0 0.703406 0.208151 0.000596833 0.000409987 1.1278e+08 4.49174e+08 2.13625e+08 3.88895e+07 0 4.06395e+08 0 4.49174e+08 4.06395e+08 2.13625e+08 3.88895e+07 0.000193819 0.00111585 0.00148409 0.000759977 0.116901
51 55 1 0.597752 0.399149 0.000716568 0.000657583 1.00454e+08 4.00084e+08 1.90278e+08 3.46393e+07 0 3.61981e+08 0 4.00084e+08 3.61981e+08 1.90278e+08 3.46393e+07 0.000710387 0.000239192 0.000265313 0.000536155 0.105222
50 55 2 0.493065 0.198234 0.000395914 0.000316891 3.2358e+07 1.28874e+08 6.12919e+07 1.11579e+07 0 1.166e+08 0 1.28874e+08 1.166e+08 6.12919e+07 1.11579e+07 0.00134451 0.00110002 0.00200806 0.00218682 0.117643
42 56 0 0.440065 0.895536 0.000675482 0.00183412 3.61497e+07 1.43976e+08 6.8474e+07 1.24654e+07 0 1.30264e+08 0 1.43976e+08 1.30264e+08 6.8474e+07 1.24654e+07 0.00204763 0.00286632 0.000857609 0.00212439 0.0882058
40 56 1 0.324195 0.730656 0.000336217 0.00129548 6.65798e+07 2.65171e+08 1.26114e+08 2.29586e+07 0 2.39917e+08 0 2.65171e+08 2.39917e+08 1.26114e+08 2.29586e+07 0.000894746 0.000205754 0.000736513 0.00165284 0.0910138
48 56 2 0.571979 0.763771 0.000956409 0.00161987 9.06224e+06 3.60927e+07 1.71655e+07 3.12491e+06 0 3.26553e+07 0 3.60927e+07 3.26553e+07 1.71655e+07 3.12491e+06 0.0037075 -8.82929e-05 -9.09247e-05 0.00358965 0.0917993
48 57 0 0.571979 0.763771 0.000956409 0.00161987 9.06224e+06 3.60927e+07 1.71655e+07 3.12491e+06 0 3.26553e+07 0 3.60927e+07 3.26553e+07 1.71655e+07 3.12491e+06 0.0037075 -8.82929e-05 -9.09247e-05 0.00358965 0.0917993
53 57 1 0.710088 0.608091 0.00109845 0.00103144 5.55961e+07 2.21426e+08 1.05309e+08 1.91711e+07 0 2.00338e+08 0 2.21426e+08 2.00338e+08 1.05309e+08 1.91711e+07 0.000945635 0.00134063 0.00171998 0.00204106 0.097258
54 57 2 0.798999 0.83158 0.00132525 0.00152691 6.44543e+07 2.56706e+08 1.22088e+08 2.22256e+07 0 2.32258e+08 0 2.56706e+08 2.32258e+08 1.22088e+08 2.22256e+07 0.000912343 -0.000104042 -0.00180258 0.0017139 0.0931171
44 58 0 0.27752 0.200825 0.000192041 0.000383872 5.2121e+07 2.07585e+08 9.87265e+07 1.79728e+07 0 1.87815e+08 0 2.07585e+08 1.87815e+08 9.87265e+07 1.79728e+07 0.000771192 -0.00119904 0.000627841 0.00221923 0.117312
45 58 1 0.366318 0.375695 0.000396195 0.000746255 4.15119e+07 1.65332e+08 7.8631e+07 1.43145e+07 0 1.49586e+08 0 1.65332e+08 1.49586e+08 7.8631e+07 1.43145e+07 0.00138767 -0.000744187 -0.000806357 0.00243411 0.105878
37 58 2 0.0961125 0.390443 7.01947e-05 0.000840967 7.35454e+07 2.92914e+08 1.39308e+08 2.53605e+07 0 2.65017e+08 0 2.92914e+08 2.65017e+08 1.39308e+08 2.53605e+07 0.00101445 0.00025002 0.000607365 0.00135615 0.104716
30 59 0 -0.0848225 0.213036 -0.000116198 0.000571674 4.40731e+07 1.75532e+08 8.34823e+07 1.51976e+07 0 1.58815e+08 0 1.75532e+08 1.58815e+08 8.34823e+07 1.51976e+07 0.000926271 0.00025765 -0.000316036 0.00243628 0.116319
38 59 1 0.0961603 0.178344 6.27109e-05 0.000459101 5.58577e+07 2.22468e+08 1.05805e+08 1.92613e+07 0 2.0128e+08 0 2.22468e+08 2.0128e+08 1.05805e+08 1.92613e+07 0.000560781 -0.000220496 0.000132532 0.00253977 0.118961
37 59 2 0.0961125 0.390443 7.01947e-05 0.000840967 7.35454e+07 2.92914e+08 1.39308e+08 2.53605e+07 0 2.65017e+08 0 2.92914e+08 2.65017e+08 1.39308e+08 2.53605e+07 0.00101445 0.00025002 0.000607365 0.00135615 0.104716
39 60 0 0.2 3.09339e-24 -1.07421e-27 3.63676e-26 6.44255e+07 2.56591e+08 1.22033e+08 2.22157e+07 0 2.32154e+08 0 2.56591e+08 2.32154e+08 1.22033e+08 2.22157e+07 9.26995e-05 -0.000427347 0.000951213 0.00223152 0.134796
46 60 1 0.4 3.14907e-24 4.06216e-27 3.6774e-26 1.60671e+08 6.39913e+08 3.04339e+08 5.54037e+07 0 5.78969e+08 0 6.39913e+08 5.78969e+08 3.04339e+08 5.54037e+07 -0.000179132 -0.000109199 0.00143924 0.000545165 0.134847
44 60 2 0.27752 0.200825 0.000192041 0.000383872 5.2121e+07 2.07585e+08 9.87265e+07 1.79728e+07 0 1.87815e+08 0 2.07585e+08 1.87815e+08 9.87265e+07 1.79728e+07 0.000771192 -0.00119904 0.000627841 0.00221923 0.117312
59 61 0 0.903433 0.21881 0.000869206 0.000314536 2.77204e+07 1.10404e+08 5.25074e+07 9.55876e+06 0 9.98891e+07 0 1.10404e+08 9.98891e+07 5.25074e+07 9.55876e+06 0.00237381 -0.00222905 0.00143843 0.0022208 0.115634
57 61 1 0.8 3.09327e-24 -1.71453e-27 2.78648e-26 2.73253e+07 1.0883e+08 5.1759e+07 9.42252e+06 0 9.84653e+07 0 1.0883e+08 9.84653e+07 5.1759e+07 9.42252e+06 -1.24603e-26 -8.67897e-25 0.0040038 0.0035327 0.133861
61 61 2 1 8.91564e-25 -1.03456e-26 8.86183e-27 1.93866e+08 7.72123e+08 3.67218e+08 6.68505e+07 0 6.98588e+08 0 7.72123e+08 6.98588e+08 3.67218e+08 6.68505e+07 2.0255e-18 4.98286e-19 0.00674698 0.000474238 0.130339
58 62 0 0.93878 0.648671 0.00157725 0.00127617 3.05239e+07 1.21569e+08 5.78178e+07 1.05255e+07 0 1.09991e+08 0 1.21569e+08 1.09991e+08 5.78178e+07 1.05255e+07 0.00241505 0.000492841 0.00183122 0.00261803 0.0987888
53 62 1 0.710088 0.608091 0.00109845 0.00103144 5.55961e+07 2.21426e+08 1.05309e+08 1.91711e+07 0 2.00338e+08 0 2.21426e+08 2.00338e+08 1.05309e+08 1.91711e+07 0.000945635 0.00134063 0.00171998 0.00204106 0.097258
56 62 2 0.820047 0.423908 0.000987791 0.000758072 5.46432e+07 2.17631e+08 1.03504e+08 1.88425e+07 0 1.96904e+08 0 2.17631e+08 1.96904e+08 1.03504e+08 1.88425e+07 0.00142753 0.000702483 0.00126344 0.00148365 0.105
50 63 0 0.493065 0.198234 0.000395914 0.000316891 3.2358e+07 1.28874e+08 6.12919e+07 1.11579e+07 0 1.166e+08 0 1.28874e+08 1.166e+08 6.12919e+07 1.11579e+07 0.00134451 0.00110002 0.00200806 0.00218682 0.117643
52 63 1 0.6 3.11901e-24 6.10538e-27 3.60356e-26 5.3444e+07 2.12854e+08 1.01232e+08 1.8429e+07 0 1.92583e+08 0 2.12854e+08 1.92583e+08 1.01232e+08 1.8429e+07 1.22892e-25 -5.16339e-25 0.00286471 0.00193952 0.134715
55 63 2 0.703406 0.208151 0.000596833 0.000409987 1.1278e+08 4.49174e+08 2.13625e+08 3.88895e+07 0 4.06395e+08 0 4.49174e+08 4.06395e+08 2.13625e+08 3.88895e+07 0.000193819 0.00111585 0.00148409 0.000759977 0.116901
44 64 0 0.27752 0.200825 0.000192041 0.000383872 5.2121e+07 2.07585e+08 9.87265e+07 1.79728e+07 0 1.87815e+08 0 2.07585e+08 1.87815e+08 9.87265e+07 1.79728e+07 0.000771192 -0.00119904 0.000627841 0.00221923 0.117312
50 64 1 0.493065 0.198234 0.000395914 0.000316891 3.2358e+07 1.28874e+08 6.12919e+07 1.11579e+07 0 1.166e+08 0 1.28874e+08 1.166e+08 6.12919e+07 1.11579e+07 0.00134451 0.00110002 0.00200806 0.00218682 0.117643
45 64 2 0.366318 0.375695 0.000396195 0.000746255 4.15119e+07 1.65332e+08 7.8631e+07 1.43145e+07 0 1.49586e+08 0 1.65332e+08 1.49586e+08 7.8631e+07 1.43145e+07 0.00138767 -0.000744187 -0.000806357 0.00243411 0.105878
52 65 0 0.6 3.11901e-24 6.10538e-27 3.60356e-26 5.3444e+07 2.12854e+08 1.01232e+08 1.8429e+07 0 1.92583e+08 0 2.12854e+08 1.92583e+08 1.01232e+08 1.8429e+07 1.22892e-25 -5.16339e-25 0.00286471 0.00193952 0.134715
57 65 1 0.8 3.09327e-24 -1.71453e-27 2.78648e-26 2.73253e+07 1.0883e+08 5.1759e+07 9.42252e+06 0 9.84653e+07 0 1.0883e+08 9.84653e+07 5.1759e+07 9.42252e+06 -1.24603e-26 -8.67897e-25 0.0040038 0.0035327 0.133861
55 65 2 0.703406 0.208151 0.000596833 0.000409987 1.1278e+08 4.49174e+08 2.13625e+08 3.88895e+07 0 4.06395e+08 0 4.49174e+08 4.06395e+08 2.13625e+08 3.88895e+07 0.000193819 0.00111585 0.00148409 0.000759977 0.116901
42 66 0 0.440065 0.895536 0.000675482 0.00183412 3.61497e+07 1.43976e+08 6.8474e+07 1.24654e+07 0 1.30264e+08 0 1.43976e+08 1.30264e+08 6.8474e+07 1.24654e+07 0.00204763 0.00286632 0.000857609 0.00212439 0.0882058
49 66 1 0.626238 0.978446 0.000957106 0.00198025 8.88537e+07 3.53883e+08 1.68305e+08 3.06392e+07 0 3.2018e+08 0 3.53883e+08 3.2018e+08 1.68305e+08 3.06392e+07 0.00080773 -0.00236005 -0.00104379 0.000386601 0.0890555
41 66 2 0.429887 1.08617 0.000558939 0.00214331 5.97067e+07 2.37797e+08 1.13095e+08 2.05885e+07 0 2.1515e+08 0 2.37797e+08 2.1515e+08 1.13095e+08 2.05885e+07 0.00176662 0.00277081 -0.00187669 0.00142044 0.0863051
51 67 0 0.597752 0.399149 0.000716568 0.000657583 1.00454e+08 4.00084e+08 1.90278e+08 3.46393e+07 0 3.61981e+08 0 4.00084e+08 3.61981e+08 1.90278e+08 3.46393e+07 0.000710387 0.000239192 0.000265313 0.000536155 0.105222
47 67 1 0.482379 0.572551 0.000570435 0.000944624 2.17225e+07 8.65156e+07 4.11464e+07 7.49053e+06 0 7.8276e+07 0 8.65156e+07 7.8276e+07 4.11464e+07 7.49053e+06 0.00275376 -0.0017504 -0.000220441 0.0022684 0.0969629
45 67 2 0.366318 0.375695 0.000396195 0.000746255 4.15119e+07 1.65332e+08 7.8631e+07 1.43145e+07 0 1.49586e+08 0 1.65332e+08 1.49586e+08 7.8631e+07 1.43145e+07 0.00138767 -0.000744187 -0.000806357 0.00243411 0.105878
59 68 0 0.903433 0.21881 0.000869206 0.000314536 2.77204e+07 1.10404e+08 5.25074e+07 9.55876e+06 0 9.98891e+07 0 1.10404e+08 9.98891e+07 5.25074e+07 9.55876e+06 0.00237381 -0.00222905 0.00143843 0.0022208 0.115634
56 68 1 0.820047 0.423908 0.000987791 0.000758072 5.46432e+07 2.17631e+08 1.03504e+08 1.88425e+07 0 1.96904e+08 0 2.17631e+08 1.96904e+08 1.03504e+08 1.88425e+07 0.00142753 0.000702483 0.00126344 0.00148365 0.105
55 68 2 0.703406 0.208151 0.000596833 0.000409987 1.1278e+08 4.49174e+08 2.13625e+08 3.88895e+07 0 4.06395e+08 0 4.49174e+08 4.06395e+08 2.13625e+08 3.88895e+07 0.000193819 0.00111585 0.00148409 0.000759977 0.116901
53 69 0 0.710088 0.608091 0.00109845 0.00103144 5.55961e+07 2.21426e+08 1.05309e+08 1.91711e+07 0 2.00338e+08 0 2.21426e+08 2.00338e+08 1.05309e+08 1.91711e+07 0.000945635 0.00134063 0.00171998 0.00204106 0.097258
47 69 1 0.482379 0.572551 0.000570435 0.000944624 2.17225e+07 8.65156e+07 4.11464e+07 7.49053e+06 0 7.8276e+07 0 8.65156e+07 7.8276e+07 4.11464e+07 7.49053e+06 0.00275376 -0.0017504 -0.000220441 0.0022684 0.0969629
51 69 2 0.597752 0.399149 0.000716568 0.000657583 1.00454e+08 4.00084e+08 1.90278e+08 3.46393e+07 0 3.61981e+08 0 4.00084e+08 3.61981e+08 1.90278e+08 3.46393e+07 0.000710387 0.000239192 0.000265313 0.000536155 0.105222
49 70 0 0.626238 0.978446 0.000957106 0.00198025 8.88537e+07 3.53883e+08 1.68305e+08 3.06392e+07 0 3.2018e+08 0 3.53883e+08 3.2018e+08 1.68305e+08 3.06392e+07 0.00080773 -0.00236005 -0.00104379 0.000386601 0.0890555
48 70 1 0.571979 0.763771 0.000956409 0.00161987 9.06224e+06 3.60927e+07 1.71655e+07 3.12491e+06 0 3.26553e+07 0 3.60927e+07 3.26553e+07 1.71655e+07 3.12491e+06 0.0037075 -8.82929e-05 -9.09247e-05 0.00358965 0.0917993
54 70 2 0.798999 0.83158 0.00132525 0.00152691 6.44543e+07 2.56706e+08 1.22088e+08 2.22256e+07 0 2.32258e+08 0 2.56706e+08 2.32258e+08 1.22088e+08 2.22256e+07 0.000912343 -0.000104042 -0.00180258 0.0017139 0.0931171
40 71 0 0.324195 0.730656 0.000336217 0.00129548 6.65798e+07 2.65171e+08 1.26114e+08 2.29586e+07 0 2.39917e+08 0 2.65171e+08 2.39917e+08 1.26114e+08 2.29586e+07 0.000894746 0.000205754 0.000736513 0.00165284 0.0910138
43 71 1 0.280461 0.527189 0.000274654 0.0010112 1.26838e+08 5.05163e+08 2.40253e+08 4.37371e+07 0 4.57052e+08 0 5.05163e+08 4.57052e+08 2.40253e+08 4.37371e+07 0.000536422 8.07659e-05 0.000292245 0.000687619 0.098079
47 71 2 0.482379 0.572551 0.000570435 0.000944624 2.17225e+07 8.65156e+07 4.11464e+07 7.49053e+06 0 7.8276e+07 0 8.65156e+07 7.8276e+07 4.11464e+07 7.49053e+06 0.00275376 -0.0017504 -0.000220441 0.0022684 0.0969629
35 72 0 0.25535 0.94078 0.000411916 0.00165047 6.01817e+07 2.39689e+08 1.13995e+08 2.07523e+07 0 2.16862e+08 0 2.39689e+08 2.16862e+08 1.13995e+08 2.07523e+07 0.00101528 4.79868e-05 0.000609804 0.00180915 0.0864123
40 72 1 0.324195 0.730656 0.000336217 0.00129548 6.65798e+07 2.65171e+08 1.26114e+08 2.29586e+07 0 2.39917e+08 0 2.65171e+08 2.39917e+08 1.26114e+08 2.29586e+07 0.000894746 0.000205754 0.000736513 0.00165284 0.0910138
42 72 2 0.440065 0.895536 0.000675482 0.00183412 3.61497e+07 1.43976e+08 6.8474e+07 1.24654e+07 0 1.30264e+08 0 1.43976e+08 1.30264e+08 6.8474e+07 1.24654e+07 0.00204763 0.00286632 0.000857609 0.00212439 0.0882058
51 73 0 0.597752 0.399149 0.000716568 0.000657583 1.00454e+08 4.00084e+08 1.90278e+08 3.46393e+07 0 3.61981e+08 0 4.00084e+08 3.61981e+08 1.90278e+08 3.46393e+07 0.000710387 0.000239192 0.000265313 0.000536155 0.105222
45 73 1 0.366318 0.375695 0.000396195 0.000746255 4.15119e+07 1.65332e+08 7.8631e+07 1.43145e+07 0 1.49586e+08 0 1.65332e+08 1.49586e+08 7.8631e+07 1.43145e+07 0.00138767 -0.000744187 -0.000806357 0.00243411 0.105878
50 73 2 0.493065 0.198234 0.000395914 0.000316891 3.2358e+07 1.28874e+08 6.12919e+07 1.11579e+07 0 1.166e+08 0 1.28874e+08 1.166e+08 6.12919e+07 1.11579e+07 0.00134451 0.00110002 0.00200806 0.00218682 0.117643
36 74 0 0.133749 0.605809 0.000144631 0.00112947 6.8794e+07 2.7399e+08 1.30308e+08 2.37221e+07 0 2.47896e+08 0 2.7399e+08 2.47896e+08 1.30308e+08 2.37221e+07 0.00103927 -0.000734501 -0.000171907 0.00156908 0.0946002
43 74 1 0.280461 0.527189 0.000274654 0.0010112 1.26838e+08 5.05163e+08 2.40253e+08 4.37371e+07 0 4.57052e+08 0 5.05163e+08 4.57052e+08 2.40253e+08 4.37371e+07 0.000536422 8.07659e-05 0.000292245 0.000687619 0.098079
40 74 2 0.324195 0.730656 0.000336217 0.00129548 6.65798e+07 2.65171e+08 1.26114e+08 2.29586e+07 0 2.39917e+08 0 2.65171e+08 2.39917e+08 1.26114e+08 2.29586e+07 0.000894746 0.000205754 0.000736513 0.00165284 0.0910138
36 75 0 0.133749 0.605809 0.000144631 0.00112947 6.8794e+07 2.7399e+08 1.30308e+08 2.37221e+07 0 2.47896e+08 0 2.7399e+08 2.47896e+08 1.30308e+08 2.37221e+07 0.00103927 -0.000734501 -0.000171907 0.00156908 0.0946002
37 75 1 0.0961125 0.390443 7.01947e-05 0.000840967 7.35454e+07 2.92914e+08 1.39308e+08 2.53605e+07 0 2.65017e+08 0 2.92914e+08 2.65017e+08 1.39308e+08 2.53605e+07 0.00101445 0.00025002 0.000607365 0.00135615 0.104716
43 75 2 0.280461 0.527189 0.000274654 0.0010112 1.26838e+08 5.05163e+08 2.40253e+08 4.37371e+07 0 4.57052e+08 0 5.05163e+08 4.57052e+08 2.40253e+08 4.37371e+07 0.000536422 8.07659e-05 0.000292245 0.000687619 0.098079
32 76 0 -0.0572005 0.601503 -0.000141706 0.00114198 4.18763e+07 1.66783e+08 7.93213e+07 1.44401e+07 0 1.50899e+08 0 1.66783e+08 1.50899e+08 7.93213e+07 1.44401e+07 0.00195525 0.000400765 7.16704e-05 0.00201518 0.094814
36 76 1 0.133749 0.605809 0.000144631 0.00112947 6.8794e+07 2.7399e+08 1.30308e+08 2.37221e+07 0 2.47896e+08 0 2.7399e+08 2.47896e+08 1.30308e+08 2.37221e+07 0.00103927 -0.000734501 -0.000171907 0.00156908 0.0946002
33 76 2 0.0981258 0.785872 0.000150778 0.00143466 6.83108e+07 2.72065e+08 1.29393e+08 2.35554e+07 0 2.46154e+08 0 2.72065e+08 2.46154e+08 1.29393e+08 2.35554e+07 0.00108065 -0.000646342 0.000634442 0.00158447 0.0889729
37 77 0 0.0961125 0.390443 7.01947e-05 0.000840967 7.35454e+07 2.92914e+08 1.39308e+08 2.53605e+07 0 2.65017e+08 0 2.92914e+08 2.65017e+08 1.39308e+08 2.53605e+07 0.00101445 0.00025002 0.000607365 0.00135615 0.104716
45 77 1 0.366318 0.375695 0.000396195 0.000746255 4.15119e+07 1.65332e+08 7.8631e+07 1.43145e+07 0 1.49586e+08 0 1.65332e+08 1.49586e+08 7.8631e+07 1.43145e+07 0.00138767 -0.000744187 -0.000806357 0.00243411 0.105878
43 77 2 0.280461 0.527189 0.000274654 0.0010112 1.26838e+08 5.05163e+08 2.40253e+08 4.37371e+07 0 4.57052e+08 0 5.05163e+08 4.57052e+08 2.40253e+08 4.37371e+07 0.000536422 8.07659e-05 0.000292245 0.000687619 0.098079
48 78 0 0.571979 0.763771 0.000956409 0.00161987 9.06224e+06 3.60927e+07 1.71655e+07 3.12491e+06 0 3.26553e+07 0 3.60927e+07 3.26553e+07 1.71655e+07 3.12491e+06 0.0037075 -8.82929e-05 -9.09247e-05 0.00358965 0.0917993
49 78 1 0.626238 0.978446 0.000957106 0.00198025 8.88537e+07 3.53883e+08 1.68305e+08 3.06392e+07 0 3.2018e+08 0 3.53883e+08 3.2018e+08 1.68305e+08 3.06392e+07 0.00080773 -0.00236005 -0.00104379 0.000386601 0.0890555
42 78 2 0.440065 0.895536 0.000675482 0.00183412 3.61497e+07 1.43976e+08 6.8474e+07 1.24654e+07 0 1.30264e+08 0 1.43976e+08 1.30264e+08 6.8474e+07 1.24654e+07 0.00204763 0.00286632 0.000857609 0.00212439 0.0882058
40 79 0 0.324195 0.730656 0.000336217 0.00129548 6.65798e+07 2.65171e+08 1.26114e+08 2.29586e+07 0 2.39917e+08 0 2.65171e+08 2.39917e+08 1.26114e+08 2.29586e+07 0.000894746 0.000205754 0.000736513 0.00165284 0.0910138
33 79 1 0.0981258 0.785872 0.000150778 0.00143466 6.83108e+07 2.72065e+08 1.29393e+08 2.35554e+07 0 2.46154e+08 0 2.72065e+08 2.46154e+08 1.29393e+08 2.35554e+07 0.00108065 -0.000646342 0.000634442 0.00158447 0.0889729
36 79 2 0.133749 0.605809 0.000144631 0.00112947 6.8794e+07 2.7399e+08 1.30308e+08 2.37221e+07 0 2.47896e+08 0 2.7399e+08 2.47896e+08 1.30308e+08 2.37221e+07 0.00103927 -0.000734501 -0.000171907 0.00156908 0.0946002
35 80 0 0.25535 0.94078 0.000411916 0.00165047 6.01817e+07 2.39689e+08 1.13995e+08 2.07523e+07 0 2.16862e+08 0 2.39689e+08 2.16862e+08 1.13995e+08 2.07523e+07 0.00101528 4.79868e-05 0.000609804 0.00180915 0.0864123
41 80 1 0.429887 1.08617 0.000558939 0.00214331 5.97067e+07 2.37797e+08 1.13095e+08 2.05885e+07 0 2.1515e+08 0 2.37797e+08 2.1515e+08 1.13095e+08 2.05885e+07 0.00176662 0.00277081 -0.00187669 0.00142044 0.0863051
34 80 2 0.224169 1.15186 0.000314814 0.00194728 8.13812e+07 3.24122e+08 1.54151e+08 2.80625e+07 0 2.93253e+08 0 3.24122e+08 2.93253e+08 1.54151e+08 2.80625e+07 0.000355205 -0.000605996 0.000436601 0.00124726 0.0846939
35 81 0 0.25535 0.94078 0.000411916 0.00165047 6.01817e+07 2.39689e+08 1.13995e+08 2.07523e+07 0 2.16862e+08 0 2.39689e+08 2.16862e+08 1.13995e+08 2.07523e+07 0.00101528 4.79868e-05 0.000609804 0.00180915 0.0864123
42 81 1 0.440065 0.895536 0.000675482 0.00183412 3.61497e+07 1.43976e+08 6.8474e+07 1.24654e+07 0 1.30264e+08 0 1.43976e+08 1.30264e+08 6.8474e+07 1.24654e+07 0.00204763 0.00286632 0.000857609 0.00212439 0.0882058
41 81 2 0.429887 1.08617 0.000558939 0.00214331 5.97067e+07 2.37797e+08 1.13095e+08 2.05885e+07 0 2.1515e+08 0 2.37797e+08 2.1515e+08 1.13095e+08 2.05885e+07 0.00176662 0.00277081 -0.00187669 0.00142044 0.0863051
28 82 0 0.0611129 0.982088 0.000151642 0.00180881 5.05804e+07 2.01449e+08 9.58083e+07 1.74415e+07 0 1.82264e+08 0 2.01449e+08 1.82264e+08 9.58083e+07 1.74415e+07 0.00162346 -0.00185106 -0.000526651 0.0014471 0.0854387
35 82 1 0.25535 0.94078 0.000411916 0.00165047 6.01817e+07 2.39689e+08 1.13995e+08 2.07523e+07 0 2.16862e+08 0 2.39689e+08 2.16862e+08 1.13995e+08 2.07523e+07 0.00101528 4.79868e-05 0.000609804 0.00180915 0.0864123
34 82 2 0.224169 1.15186 0.000314814 0.00194728 8.13812e+07 3.24122e+08 1.54151e+08 2.80625e+07 0 2.93253e+08 0 3.24122e+08 2.93253e+08 1.54151e+08 2.80625e+07 0.000355205 -0.000605996 0.000436601 0.00124726 0.0846939
28 83 0 0.0611129 0.982088 0.000151642 0.00180881 5.05804e+07 2.01449e+08 9.58083e+07 1.74415e+07 0 1.82264e+08 0 2.01449e+08 1.82264e+08 9.58083e+07 1.74415e+07 0.00162346 -0.00185106 -0.000526651 0.0014471 0.0854387
33 83 1 0.0981258 0.785872 0.000150778 0.00143466 6.83108e+07 2.72065e+08 1.29393e+08 2.35554e+07 0 2.46154e+08 0 2.72065e+08 2.46154e+08 1.29393e+08 2.35554e+07 0.00108065 -0.000646342 0.000634442 0.00158447 0.0889729
35 83 2 0.25535 0.94078 0.000411916 0.00165047 6.01817e+07 2.39689e+08 1.13995e+08 2.07523e+07 0 2.16862e+08 0 2.39689e+08 2.16862e+08 1.13995e+08 2.07523e+07 0.00101528 4.79868e-05 0.000609804 0.00180915 0.0864123
52 84 0 0.6 3.11901e-24 6.10538e-27 3.60356e-26 5.3444e+07 2.12854e+08 1.01232e+08 1.8429e+07 0 1.92583e+08 0 2.12854e+08 1.92583e+08 1.01232e+08 1.8429e+07 1.22892e-25 -5.16339e-25 0.00286471 0.00193952 0.134715
50 84 1 0.493065 0.198234 0.000395914 0.000316891 3.2358e+07 1.28874e+08 6.12919e+07 1.11579e+07 0 1.166e+08 0 1.28874e+08 1.166e+08 6.12919e+07 1.11579e+07 0.00134451 0.00110002 0.00200806 0.00218682 0.117643
46 84 2 0.4 3.14907e-24 4.06216e-27 3.6774e-26 1.60671e+08 6.39913e+08 3.04339e+08 5.54037e+07 0 5.78969e+08 0 6.39913e+08 5.78969e+08 3.04339e+08 5.54037e+07 -0.000179132 -0.000109199 0.00143924 0.000545165 0.134847
28 85 0 0.0611129 0.982088 0.000151642 0.00180881 5.05804e+07 2.01449e+08 9.58083e+07 1.74415e+07 0 1.82264e+08 0 2.01449e+08 1.82264e+08 9.58083e+07 1.74415e+07 0.00162346 -0.00185106 -0.000526651 0.0014471 0.0854387
34 85 1 0.224169 1.15186 0.000314814 0.00194728 8.13812e+07 3.24122e+08 1.54151e+08 2.80625e+07 0 2.93253e+08 0 3.24122e+08 2.93253e+08 1.54151e+08 2.80625e+07 0.000355205 -0.000605996 0.000436601 0.00124726 0.0846939
27 85 2 0.00277504 1.17807 -1.98232e-05 0.00230727 2.63536e+07 1.0496e+08 4.99184e+07 9.08743e+06 0 9.49637e+07 0 1.0496e+08 9.49637e+07 4.99184e+07 9.08743e+06 0.00219885 -0.0004097 -8.53608e-05 0.00296661 0.0840902
20 86 0 -0.219047 1.1517 -0.000317903 0.00201164 1.11898e+08 4.45662e+08 2.11955e+08 3.85855e+07 0 4.03218e+08 0 4.45662e+08 4.03218e+08 2.11955e+08 3.85855e+07 0.000694033 0.00153394 -0.000560717 0.000158527 0.0846903
21 86 1 -0.120075 1.00425 -0.000147137 0.0019759 6.03212e+07 2.40245e+08 1.14259e+08 2.08004e+07 0 2.17364e+08 0 2.40245e+08 2.17364e+08 1.14259e+08 2.08004e+07 0.00148159 0.000296922 -0.00105092 0.000925773 0.0857056
27 86 2 0.00277504 1.17807 -1.98232e-05 0.00230727 2.63536e+07 1.0496e+08 4.99184e+07 9.08743e+06 0 9.49637e+07 0 1.0496e+08 9.49637e+07 4.99184e+07 9.08743e+06 0.00219885 -0.0004097 -8.53608e-05 0.00296661 0.0840902
33 87 0 0.0981258 0.785872 0.000150778 0.00143466 6.83108e+07 2.72065e+08 1.29393e+08 2.35554e+07 0 2.46154e+08 0 2.72065e+08 2.46154e+08 1.29393e+08 2.35554e+07 0.00108065 -0.000646342 0.000634442 0.00158447 0.0889729
40 87 1 0.324195 0.730656 0.000336217 0.00129548 6.65798e+07 2.65171e+08 1.26114e+08 2.29586e+07 0 2.39917e+08 0 2.65171e+08 2.39917e+08 1.26114e+08 2.29586e+07 0.000894746 0.000205754 0.000736513 0.00165284 0.0910138
35 87 2 0.25535 0.94078 0.000411916 0.00165047 6.01817e+07 2.39689e+08 1.13995e+08 2.07523e+07 0 2.16862e+08 0 2.39689e+08 2.16862e+08 1.13995e+08 2.07523e+07 0.00101528 4.79868e-05 0.000609804 0.00180915 0.0864123
21 88 0 -0.120075 1.00425 -0.000147137 0.0019759 6.03212e+07 2.40245e+08 1.14259e+08 2.08004e+07 0 2.17364e+08 0 2.40245e+08 2.17364e+08 1.14259e+08 2.08004e+07 0.00148159 0.000296922 -0.00105092 0.000925773 0.0857056
19 88 1 -0.294912 0.912231 -0.000417254 0.00160635 3.71053e+07 1.47782e+08 7.02842e+07 1.27949e+07 0 1.33707e+08 0 1.47782e+08 1.33707e+08 7.02842e+07 1.27949e+07 0.00146309 0.000916821 0.000707099 0.00244995 0.0870293
26 88 2 -0.110886 0.807277 -0.000178193 0.00153074 2.86239e+07 1.14002e+08 5.42188e+07 9.8703e+06 0 1.03145e+08 0 1.14002e+08 1.03145e+08 5.42188e+07 9.8703e+06 0.00243527 0.000172353 0.000927255 0.00270015 0.0887629
50 89 0 0.493065 0.198234 0.000395914 0.000316891 3.2358e+07 1.28874e+08 6.12919e+07 1.11579e+07 0 1.166e+08 0 1.28874e+08 1.166e+08 6.12919e+07 1.11579e+07 0.00134451 0.00110002 0.00200806 0.00218682 0.117643
44 89 1 0.27752 0.200825 0.000192041 0.000383872 5.2121e+07 2.07585e+08 9.87265e+07 1.79728e+07 0 1.87815e+08 0 2.07585e+08 1.87815e+08 9.87265e+07 1.79728e+07 0.000771192 -0.00119904 0.000627841 0.00221923 0.117312
46 89 2 0.4 3.14907e-24 4.06216e-27 3.6774e-26 1.60671e+08 6.39913e+08 3.04339e+08 5.54037e+07 0 5.78969e+08 0 6.39913e+08 5.78969e+08 3.04339e+08 5.54037e+07 -0.000179132 -0.000109199 0.00143924 0.000545165 0.134847
22 90 0 -0.392329 0.419327 -0.000526534 0.000832418 6.0976e+07 2.42853e+08 1.15499e+08 2.10262e+07 0 2.19724e+08 0 2.42853e+08 2.19724e+08 1.15499e+08 2.10262e+07 0.00116077 0.00167409 0.000385566 0.00185485 0.1035
29 90 1 -0.166415 0.421533 -0.000244472 0.000942849 7.56515e+07 3.01302e+08 1.43298e+08 2.60867e+07 0 2.72606e+08 0 3.01302e+08 2.72606e+08 1.43298e+08 2.60867e+07 0.00115715 -0.000897065 -9.91172e-05 0.00087397 0.103087
25 90 2 -0.294148 0.651491 -0.000435295 0.00121665 1.22234e+08 4.86829e+08 2.31533e+08 4.21497e+07 0 4.40465e+08 0 4.86829e+08 4.40465e+08 2.31533e+08 4.21497e+07 0.00052188 0.000243732 -0.00030942 0.000877538 0.0933774
15 91 0 -0.620785 0.384313 -0.000779699 0.000729233 7.70343e+07 3.06809e+08 1.45917e+08 2.65636e+07 0 2.77589e+08 0 3.06809e+08 2.77589e+08 1.45917e+08 2.65636e+07 0.000990111 -0.00127342 4.13186e-05 0.0014248 0.105846
22 91 1 -0.392329 0.419327 -0.000526534 0.000832418 6.0976e+07 2.42853e+08 1.15499e+08 2.10262e+07 0 2.19724e+08 0 2.42853e+08 2.19724e+08 1.15499e+08 2.10262e+07 0.00116077 0.00167409 0.000385566 0.00185485 0.1035
17 91 2 -0.531985 0.590077 -0.000649358 0.000995837 5.84212e+07 2.32677e+08 1.1066e+08 2.01452e+07 0 2.10518e+08 0 2.32677e+08 2.10518e+08 1.1066e+08 2.01452e+07 0.00133905 0.000230186 0.000220397 0.00161678 0.0964325
23 92 0 -0.288952 0.213321 -0.000414087 0.000554601 2.23473e+07 8.90041e+07 4.23299e+07 7.70598e+06 0 8.05275e+07 0 8.90041e+07 8.05275e+07 4.23299e+07 7.70598e+06 0.00199175 -8.21753e-05 -0.000124818 0.00343168 0.116374
30 92 1 -0.0848225 0.213036 -0.000116198 0.000571674 4.40731e+07 1.75532e+08 8.34823e+07 1.51976e+07 0 1.58815e+08 0 1.75532e+08 1.58815e+08 8.34823e+07 1.51976e+07 0.000926271 0.00025765 -0.000316036 0.00243628 0.116319
29 92 2 -0.166415 0.421533 -0.000244472 0.000942849 7.56515e+07 3.01302e+08 1.43298e+08 2.60867e+07 0 2.72606e+08 0 3.01302e+08 2.72606e+08 1.43298e+08 2.60867e+07 0.00115715 -0.000897065 -9.91172e-05 0.00087397 0.103087
21 93 0 -0.120075 1.00425 -0.000147137 0.0019759 6.03212e+07 2.40245e+08 1.14259e+08 2.08004e+07 0 2.17364e+08 0 2.40245e+08 2.17364e+08 1.14259e+08 2.08004e+07 0.00148159 0.000296922 -0.00105092 0.000925773 0.0857056
20 93 1 -0.219047 1.1517 -0.000317903 0.00201164 1.11898e+08 4.45662e+08 2.11955e+08 3.85855e+07 0 4.03218e+08 0 4.45662e+08 4.03218e+08 2.11955e+08 3.85855e+07 0.000694033 0.00153394 -0.000560717 0.000158527 0.0846903
19 93 2 -0.294912 0.912231 -0.000417254 0.00160635 3.71053e+07 1.47782e+08 7.02842e+07 1.27949e+07 0 1.33707e+08 0 1.47782e+08 1.33707e+08 7.02842e+07 1.27949e+07 0.00146309 0.000916821 0.000707099 0.00244995 0.0870293
28 94 0 0.0611129 0.982088 0.000151642 0.00180881 5.05804e+07 2.01449e+08 9.58083e+07 1.74415e+07 0 1.82264e+08 0 2.01449e+08 1.82264e+08 9.58083e+07 1.74415e+07 0.00162346 -0.00185106 -0.000526651 0.0014471 0.0854387
21 94 1 -0.120075 1.00425 -0.000147137 0.0019759 6.03212e+07 2.40245e+08 1.14259e+08 2.08004e+07 0 2.17364e+08 0 2.40245e+08 2.17364e+08 1.14259e+08 2.08004e+07 0.00148159 0.000296922 -0.00105092 0.000925773 0.0857056
26 94 2 -0.110886 0.807277 -0.000178193 0.00153074 2.86239e+07 1.14002e+08 5.42188e+07 9.8703e+06 0 1.03145e+08 0 1.14002e+08 1.03145e+08 5.42188e+07 9.8703e+06 0.00243527 0.000172353 0.000927255 0.00270015 0.0887629
28 95 0 0.0611129 0.982088 0.000151642 0.00180881 5.05804e+07 2.01449e+08 9.58083e+07 1.74415e+07 0 1.82264e+08 0 2.01449e+08 1.82264e+08 9.58083e+07 1.74415e+07 0.00162346 -0.00185106 -0.000526651 0.0014471 0.0854387
27 95 1 0.00277504 1.17807 -1.98232e-05 0.00230727 2.63536e+07 1.0496e+08 4.99184e+07 9.08743e+06 0 9.49637e+07 0 1.0496e+08 9.49637e+07 4.99184e+07 9.08743e+06 0.00219885 -0.0004097 -8.53608e-05 0.00296661 0.0840902
21 95 2 -0.120075 1.00425 -0.000147137 0.0019759 6.03212e+07 2.40245e+08 1.14259e+08 2.08004e+07 0 2.17364e+08 0 2.40245e+08 2.17364e+08 1.14259e+08 2.08004e+07 0.00148159 0.000296922 -0.00105092 0.000925773 0.0857056
13 96 0 -0.43302 1.08754 -0.00050373 0.00187007 7.4485e+07 2.96656e+08 1.41088e+08 2.56845e+07 0 2.68403e+08 0 2.96656e+08 2.68403e+08 1.41088e+08 2.56845e+07 0.000808935 -0.00152414 0.000943083 0.00116077 0.0862634
11 96 1 -0.630431 0.976223 -0.00097425 0.00178804 1.99474e+07 7.94455e+07 3.77839e+07 6.8784e+06 0 7.18793e+07 0 7.94455e+07 7.18793e+07 3.77839e+07 6.8784e+06 0.00319018 -9.06947e-05 0.0004185 0.00317664 0.0889832
18 96 2 -0.476566 0.821836 -0.000664176 0.00140522 4.49455e+07 1.79007e+08 8.51349e+07 1.54985e+07 0 1.61959e+08 0 1.79007e+08 1.61959e+08 8.51349e+07 1.54985e+07 0.00119602 0.000771888 -6.39843e-05 0.00246146 0.0896793
38 97 0 0.0961603 0.178344 6.27109e-05 0.000459101 5.58577e+07 2.22468e+08 1.05805e+08 1.92613e+07 0 2.0128e+08 0 2.22468e+08 2.0128e+08 1.05805e+08 1.92613e+07 0.000560781 -0.000220496 0.000132532 0.00253977 0.118961
39 97 1 0.2 3.09339e-24 -1.07421e-27 3.63676e-26 6.44255e+07 2.56591e+08 1.22033e+08 2.22157e+07 0 2.32154e+08 0 2.56591e+08 2.32154e+08 1.22033e+08 2.22157e+07 9.26995e-05 -0.000427347 0.000951213 0.00223152 0.134796
44 97 2 0.27752 0.200825 0.000192041 0.000383872 5.2121e+07 2.07585e+08 9.87265e+07 1.79728e+07 0 1.87815e+08 0 2.07585e+08 1.87815e+08 9.87265e+07 1.79728e+07 0.000771192 -0.00119904 0.000627841 0.00221923 0.117312
