Index_Vertex nbTriangle nbInTr x y ux uy Elast AR BR IR GR ER FR A1 A2 B12 C3 Defxx Defxy Defyx Defyy Density 
66 0 0 -0.948128 0.16579 -0.000649635 0.000206924 7.07745e+07 2.81878e+08 1.3406e+08 2.4405e+07 0 2.55032e+08 0 2.81878e+08 2.55032e+08 1.3406e+08 2.4405e+07 0.00148614 -0.000320755 -0.00186591 0.000683349 0.0976386
68 0 1 -1 2.2365e-24 5.06813e-27 2.10022e-26 5.72336e+07 2.27948e+08 1.08411e+08 1.97357e+07 0 2.06238e+08 0 2.27948e+08 2.06238e+08 1.08411e+08 1.97357e+07 0.00127011 0.00193134 -0.00745632 0.00121708 0.107834
65 0 2 -0.8 5.72943e-24 -5.03885e-27 3.57408e-26 8.48594e+07 3.37975e+08 1.60739e+08 2.92619e+07 0 3.05786e+08 0 3.37975e+08 3.05786e+08 1.60739e+08 2.92619e+07 0.000207702 0.000108027 -0.00445753 0.0016228 0.114521
66 1 0 -0.948128 0.16579 -0.000649635 0.000206924 7.07745e+07 2.81878e+08 1.3406e+08 2.4405e+07 0 2.55032e+08 0 2.81878e+08 2.55032e+08 1.3406e+08 2.4405e+07 0.00148614 -0.000320755 -0.00186591 0.000683349 0.0976386
67 1 1 -1.1701 0.222692 -0.00100325 0.000150351 6.62027e+07 2.63669e+08 1.254e+08 2.28285e+07 0 2.38558e+08 0 2.63669e+08 2.38558e+08 1.254e+08 2.28285e+07 0.00074443 0.000621001 -0.00282097 0.001897 0.0912356
68 1 2 -1 2.2365e-24 5.06813e-27 2.10022e-26 5.72336e+07 2.27948e+08 1.08411e+08 1.97357e+07 0 2.06238e+08 0 2.27948e+08 2.06238e+08 1.08411e+08 1.97357e+07 0.00127011 0.00193134 -0.00745632 0.00121708 0.107834
61 2 0 -0.6 5.82095e-24 -4.11982e-27 3.37607e-26 6.03072e+07 2.40189e+08 1.14233e+08 2.07956e+07 0 2.17314e+08 0 2.40189e+08 2.17314e+08 1.14233e+08 2.07956e+07 0.000399116 -0.000163636 -0.00348978 0.00198868 0.117222
62 2 1 -0.743622 0.193818 -0.000506903 0.000224312 1.69338e+08 6.74434e+08 3.20757e+08 5.83925e+07 0 6.10202e+08 0 6.74434e+08 6.10202e+08 3.20757e+08 5.83925e+07 0.000232681 0.000340047 -0.00127276 0.000456713 0.0991027
65 2 2 -0.8 5.72943e-24 -5.03885e-27 3.57408e-26 8.48594e+07 3.37975e+08 1.60739e+08 2.92619e+07 0 3.05786e+08 0 3.37975e+08 3.05786e+08 1.60739e+08 2.92619e+07 0.000207702 0.000108027 -0.00445753 0.0016228 0.114521
63 3 0 -0.938743 0.348978 -0.000911904 0.000508699 1.5245e+07 6.07173e+07 2.88768e+07 5.25691e+06 0 5.49347e+07 0 6.07173e+07 5.49347e+07 2.88768e+07 5.25691e+06 0.00228883 0.000229494 -0.0014175 0.00304029 0.0882926
67 3 1 -1.1701 0.222692 -0.00100325 0.000150351 6.62027e+07 2.63669e+08 1.254e+08 2.28285e+07 0 2.38558e+08 0 2.63669e+08 2.38558e+08 1.254e+08 2.28285e+07 0.00074443 0.000621001 -0.00282097 0.001897 0.0912356
66 3 2 -0.948128 0.16579 -0.000649635 0.000206924 7.07745e+07 2.81878e+08 1.3406e+08 2.4405e+07 0 2.55032e+08 0 2.81878e+08 2.55032e+08 1.3406e+08 2.4405e+07 0.00148614 -0.000320755 -0.00186591 0.000683349 0.0976386
59 4 0 -0.87539 0.548693 -0.000985995 0.000873526 7.30583e+07 2.90973e+08 1.38385e+08 2.51925e+07 0 2.63262e+08 0 2.90973e+08 2.63262e+08 1.38385e+08 2.51925e+07 0.00150784 7.1345e-05 -0.000528833 0.000517754 0.0806904
55 4 1 -0.785232 0.740595 -0.000843085 0.00122523 2.88042e+07 1.1472e+08 5.45602e+07 9.93247e+06 0 1.03794e+08 0 1.1472e+08 1.03794e+08 5.45602e+07 9.93247e+06 0.00204976 -3.97657e-05 0.000928423 0.00226377 0.0747938
60 4 2 -1.04564 0.729462 -0.00152238 0.00111072 2.60822e+07 1.03879e+08 4.94043e+07 8.99385e+06 0 9.39857e+07 0 1.03879e+08 9.39857e+07 4.94043e+07 8.99385e+06 0.00266076 0.001299 0.000814707 0.00398772 0.0770623
64 5 0 -1.14433 0.487576 -0.00123062 0.000530285 1.12769e+08 4.49133e+08 2.13606e+08 3.8886e+07 0 4.06359e+08 0 4.49133e+08 4.06359e+08 2.13606e+08 3.8886e+07 0.000286468 0.0021736 0.000638352 0.000835805 0.0835509
59 5 1 -0.87539 0.548693 -0.000985995 0.000873526 7.30583e+07 2.90973e+08 1.38385e+08 2.51925e+07 0 2.63262e+08 0 2.90973e+08 2.63262e+08 1.38385e+08 2.51925e+07 0.00150784 7.1345e-05 -0.000528833 0.000517754 0.0806904
60 5 2 -1.04564 0.729462 -0.00152238 0.00111072 2.60822e+07 1.03879e+08 4.94043e+07 8.99385e+06 0 9.39857e+07 0 1.03879e+08 9.39857e+07 4.94043e+07 8.99385e+06 0.00266076 0.001299 0.000814707 0.00398772 0.0770623
63 6 0 -0.938743 0.348978 -0.000911904 0.000508699 1.5245e+07 6.07173e+07 2.88768e+07 5.25691e+06 0 5.49347e+07 0 6.07173e+07 5.49347e+07 2.88768e+07 5.25691e+06 0.00228883 0.000229494 -0.0014175 0.00304029 0.0882926
62 6 1 -0.743622 0.193818 -0.000506903 0.000224312 1.69338e+08 6.74434e+08 3.20757e+08 5.83925e+07 0 6.10202e+08 0 6.74434e+08 6.10202e+08 3.20757e+08 5.83925e+07 0.000232681 0.000340047 -0.00127276 0.000456713 0.0991027
58 6 2 -0.688136 0.389978 -0.000512259 0.000519632 3.70629e+07 1.47613e+08 7.02038e+07 1.27803e+07 0 1.33554e+08 0 1.47613e+08 1.33554e+08 7.02038e+07 1.27803e+07 0.00152644 0.00159272 0.000663575 0.00200512 0.0876512
58 7 0 -0.688136 0.389978 -0.000512259 0.000519632 3.70629e+07 1.47613e+08 7.02038e+07 1.27803e+07 0 1.33554e+08 0 1.47613e+08 1.33554e+08 7.02038e+07 1.27803e+07 0.00152644 0.00159272 0.000663575 0.00200512 0.0876512
53 7 1 -0.606998 0.58399 -0.000600421 0.000944678 4.35892e+07 1.73605e+08 8.25658e+07 1.50308e+07 0 1.57072e+08 0 1.73605e+08 1.57072e+08 8.25658e+07 1.50308e+07 0.00143513 -0.000197389 -0.00159566 0.00205334 0.0791451
59 7 2 -0.87539 0.548693 -0.000985995 0.000873526 7.30583e+07 2.90973e+08 1.38385e+08 2.51925e+07 0 2.63262e+08 0 2.90973e+08 2.63262e+08 1.38385e+08 2.51925e+07 0.00150784 7.1345e-05 -0.000528833 0.000517754 0.0806904
63 8 0 -0.938743 0.348978 -0.000911904 0.000508699 1.5245e+07 6.07173e+07 2.88768e+07 5.25691e+06 0 5.49347e+07 0 6.07173e+07 5.49347e+07 2.88768e+07 5.25691e+06 0.00228883 0.000229494 -0.0014175 0.00304029 0.0882926
58 8 1 -0.688136 0.389978 -0.000512259 0.000519632 3.70629e+07 1.47613e+08 7.02038e+07 1.27803e+07 0 1.33554e+08 0 1.47613e+08 1.33554e+08 7.02038e+07 1.27803e+07 0.00152644 0.00159272 0.000663575 0.00200512 0.0876512
59 8 2 -0.87539 0.548693 -0.000985995 0.000873526 7.30583e+07 2.90973e+08 1.38385e+08 2.51925e+07 0 2.63262e+08 0 2.90973e+08 2.63262e+08 1.38385e+08 2.51925e+07 0.00150784 7.1345e-05 -0.000528833 0.000517754 0.0806904
62 9 0 -0.743622 0.193818 -0.000506903 0.000224312 1.69338e+08 6.74434e+08 3.20757e+08 5.83925e+07 0 6.10202e+08 0 6.74434e+08 6.10202e+08 3.20757e+08 5.83925e+07 0.000232681 0.000340047 -0.00127276 0.000456713 0.0991027
56 9 1 -0.524256 0.209098 -0.000364417 0.000403501 4.34533e+07 1.73064e+08 8.23083e+07 1.49839e+07 0 1.56582e+08 0 1.73064e+08 1.56582e+08 8.23083e+07 1.49839e+07 0.00134315 0.00113317 0.000301631 0.00174866 0.0998278
58 9 2 -0.688136 0.389978 -0.000512259 0.000519632 3.70629e+07 1.47613e+08 7.02038e+07 1.27803e+07 0 1.33554e+08 0 1.47613e+08 1.33554e+08 7.02038e+07 1.27803e+07 0.00152644 0.00159272 0.000663575 0.00200512 0.0876512
66 10 0 -0.948128 0.16579 -0.000649635 0.000206924 7.07745e+07 2.81878e+08 1.3406e+08 2.4405e+07 0 2.55032e+08 0 2.81878e+08 2.55032e+08 1.3406e+08 2.4405e+07 0.00148614 -0.000320755 -0.00186591 0.000683349 0.0976386
62 10 1 -0.743622 0.193818 -0.000506903 0.000224312 1.69338e+08 6.74434e+08 3.20757e+08 5.83925e+07 0 6.10202e+08 0 6.74434e+08 6.10202e+08 3.20757e+08 5.83925e+07 0.000232681 0.000340047 -0.00127276 0.000456713 0.0991027
63 10 2 -0.938743 0.348978 -0.000911904 0.000508699 1.5245e+07 6.07173e+07 2.88768e+07 5.25691e+06 0 5.49347e+07 0 6.07173e+07 5.49347e+07 2.88768e+07 5.25691e+06 0.00228883 0.000229494 -0.0014175 0.00304029 0.0882926
61 11 0 -0.6 5.82095e-24 -4.11982e-27 3.37607e-26 6.03072e+07 2.40189e+08 1.14233e+08 2.07956e+07 0 2.17314e+08 0 2.40189e+08 2.17314e+08 1.14233e+08 2.07956e+07 0.000399116 -0.000163636 -0.00348978 0.00198868 0.117222
57 11 1 -0.4 5.70068e-24 -2.6414e-27 3.57554e-26 8.27985e+07 3.29766e+08 1.56835e+08 2.85512e+07 0 2.9836e+08 0 3.29766e+08 2.9836e+08 1.56835e+08 2.85512e+07 1.93817e-26 7.55774e-25 -0.00168177 0.00172576 0.118578
56 11 2 -0.524256 0.209098 -0.000364417 0.000403501 4.34533e+07 1.73064e+08 8.23083e+07 1.49839e+07 0 1.56582e+08 0 1.73064e+08 1.56582e+08 8.23083e+07 1.49839e+07 0.00134315 0.00113317 0.000301631 0.00174866 0.0998278
48 12 0 -0.535337 0.780877 -0.000514343 0.00122596 1.20369e+08 4.79402e+08 2.28001e+08 4.15067e+07 0 4.33745e+08 0 4.79402e+08 4.33745e+08 2.28001e+08 4.15067e+07 0.000372611 -0.000420698 0.000366057 0.000628662 0.0727121
40 12 1 -0.337737 0.876414 -0.000305492 0.00124534 9.03257e+07 3.59746e+08 1.71093e+08 3.11468e+07 0 3.25484e+08 0 3.59746e+08 3.25484e+08 1.71093e+08 3.11468e+07 0.0012164 -0.000683382 0.000481057 0.000682043 0.0698154
42 12 2 -0.503989 1.01324 -0.000448734 0.00145093 1.13447e+08 4.51832e+08 2.14889e+08 3.91196e+07 0 4.088e+08 0 4.51832e+08 4.088e+08 2.14889e+08 3.91196e+07 0.000381264 -0.00046651 -0.000633579 0.000925887 0.0679694
55 13 0 -0.785232 0.740595 -0.000843085 0.00122523 2.88042e+07 1.1472e+08 5.45602e+07 9.93247e+06 0 1.03794e+08 0 1.1472e+08 1.03794e+08 5.45602e+07 9.93247e+06 0.00204976 -3.97657e-05 0.000928423 0.00226377 0.0747938
48 13 1 -0.535337 0.780877 -0.000514343 0.00122596 1.20369e+08 4.79402e+08 2.28001e+08 4.15067e+07 0 4.33745e+08 0 4.79402e+08 4.33745e+08 2.28001e+08 4.15067e+07 0.000372611 -0.000420698 0.000366057 0.000628662 0.0727121
49 13 2 -0.687735 0.916558 -0.000623959 0.00147992 5.96399e+07 2.37531e+08 1.12969e+08 2.05655e+07 0 2.14909e+08 0 2.37531e+08 2.14909e+08 1.12969e+08 2.05655e+07 0.00141238 -0.00151476 9.38343e-05 0.00143077 0.0705735
53 14 0 -0.606998 0.58399 -0.000600421 0.000944678 4.35892e+07 1.73605e+08 8.25658e+07 1.50308e+07 0 1.57072e+08 0 1.73605e+08 1.57072e+08 8.25658e+07 1.50308e+07 0.00143513 -0.000197389 -0.00159566 0.00205334 0.0791451
46 14 1 -0.339871 0.631545 -0.000292319 0.000861679 3.86334e+07 1.53867e+08 7.31786e+07 1.33219e+07 0 1.39213e+08 0 1.53867e+08 1.39213e+08 7.31786e+07 1.33219e+07 0.001476 -0.000179378 -0.000895128 0.002187 0.0771813
48 14 2 -0.535337 0.780877 -0.000514343 0.00122596 1.20369e+08 4.79402e+08 2.28001e+08 4.15067e+07 0 4.33745e+08 0 4.79402e+08 4.33745e+08 2.28001e+08 4.15067e+07 0.000372611 -0.000420698 0.000366057 0.000628662 0.0727121
56 15 0 -0.524256 0.209098 -0.000364417 0.000403501 4.34533e+07 1.73064e+08 8.23083e+07 1.49839e+07 0 1.56582e+08 0 1.73064e+08 1.56582e+08 8.23083e+07 1.49839e+07 0.00134315 0.00113317 0.000301631 0.00174866 0.0998278
57 15 1 -0.4 5.70068e-24 -2.6414e-27 3.57554e-26 8.27985e+07 3.29766e+08 1.56835e+08 2.85512e+07 0 2.9836e+08 0 3.29766e+08 2.9836e+08 1.56835e+08 2.85512e+07 1.93817e-26 7.55774e-25 -0.00168177 0.00172576 0.118578
50 15 2 -0.300639 0.221378 -0.000197441 0.000360941 7.42788e+07 2.95835e+08 1.40697e+08 2.56134e+07 0 2.6766e+08 0 2.95835e+08 2.6766e+08 1.40697e+08 2.56134e+07 0.00037221 -0.000486376 0.000276477 0.00187707 0.0998122
59 16 0 -0.87539 0.548693 -0.000985995 0.000873526 7.30583e+07 2.90973e+08 1.38385e+08 2.51925e+07 0 2.63262e+08 0 2.90973e+08 2.63262e+08 1.38385e+08 2.51925e+07 0.00150784 7.1345e-05 -0.000528833 0.000517754 0.0806904
53 16 1 -0.606998 0.58399 -0.000600421 0.000944678 4.35892e+07 1.73605e+08 8.25658e+07 1.50308e+07 0 1.57072e+08 0 1.73605e+08 1.57072e+08 8.25658e+07 1.50308e+07 0.00143513 -0.000197389 -0.00159566 0.00205334 0.0791451
55 16 2 -0.785232 0.740595 -0.000843085 0.00122523 2.88042e+07 1.1472e+08 5.45602e+07 9.93247e+06 0 1.03794e+08 0 1.1472e+08 1.03794e+08 5.45602e+07 9.93247e+06 0.00204976 -3.97657e-05 0.000928423 0.00226377 0.0747938
67 17 0 -1.1701 0.222692 -0.00100325 0.000150351 6.62027e+07 2.63669e+08 1.254e+08 2.28285e+07 0 2.38558e+08 0 2.63669e+08 2.38558e+08 1.254e+08 2.28285e+07 0.00074443 0.000621001 -0.00282097 0.001897 0.0912356
63 17 1 -0.938743 0.348978 -0.000911904 0.000508699 1.5245e+07 6.07173e+07 2.88768e+07 5.25691e+06 0 5.49347e+07 0 6.07173e+07 5.49347e+07 2.88768e+07 5.25691e+06 0.00228883 0.000229494 -0.0014175 0.00304029 0.0882926
64 17 2 -1.14433 0.487576 -0.00123062 0.000530285 1.12769e+08 4.49133e+08 2.13606e+08 3.8886e+07 0 4.06359e+08 0 4.49133e+08 4.06359e+08 2.13606e+08 3.8886e+07 0.000286468 0.0021736 0.000638352 0.000835805 0.0835509
66 18 0 -0.948128 0.16579 -0.000649635 0.000206924 7.07745e+07 2.81878e+08 1.3406e+08 2.4405e+07 0 2.55032e+08 0 2.81878e+08 2.55032e+08 1.3406e+08 2.4405e+07 0.00148614 -0.000320755 -0.00186591 0.000683349 0.0976386
65 18 1 -0.8 5.72943e-24 -5.03885e-27 3.57408e-26 8.48594e+07 3.37975e+08 1.60739e+08 2.92619e+07 0 3.05786e+08 0 3.37975e+08 3.05786e+08 1.60739e+08 2.92619e+07 0.000207702 0.000108027 -0.00445753 0.0016228 0.114521
62 18 2 -0.743622 0.193818 -0.000506903 0.000224312 1.69338e+08 6.74434e+08 3.20757e+08 5.83925e+07 0 6.10202e+08 0 6.74434e+08 6.10202e+08 3.20757e+08 5.83925e+07 0.000232681 0.000340047 -0.00127276 0.000456713 0.0991027
52 19 0 -0.433992 0.418373 -0.0002734 0.000661466 1.38943e+08 5.53378e+08 2.63184e+08 4.79115e+07 0 5.00675e+08 0 5.53378e+08 5.00675e+08 2.63184e+08 4.79115e+07 0.000666691 -0.000878041 -0.000173691 0.000550325 0.0868963
44 19 1 -0.174516 0.442756 -8.98804e-05 0.000667744 1.26664e+08 5.04471e+08 2.39924e+08 4.36771e+07 0 4.56426e+08 0 5.04471e+08 4.56426e+08 2.39924e+08 4.36771e+07 0.000814173 0.000994396 1.93537e-05 0.000605258 0.085902
46 19 2 -0.339871 0.631545 -0.000292319 0.000861679 3.86334e+07 1.53867e+08 7.31786e+07 1.33219e+07 0 1.39213e+08 0 1.53867e+08 1.39213e+08 7.31786e+07 1.33219e+07 0.001476 -0.000179378 -0.000895128 0.002187 0.0771813
56 20 0 -0.524256 0.209098 -0.000364417 0.000403501 4.34533e+07 1.73064e+08 8.23083e+07 1.49839e+07 0 1.56582e+08 0 1.73064e+08 1.56582e+08 8.23083e+07 1.49839e+07 0.00134315 0.00113317 0.000301631 0.00174866 0.0998278
50 20 1 -0.300639 0.221378 -0.000197441 0.000360941 7.42788e+07 2.95835e+08 1.40697e+08 2.56134e+07 0 2.6766e+08 0 2.95835e+08 2.6766e+08 1.40697e+08 2.56134e+07 0.00037221 -0.000486376 0.000276477 0.00187707 0.0998122
52 20 2 -0.433992 0.418373 -0.0002734 0.000661466 1.38943e+08 5.53378e+08 2.63184e+08 4.79115e+07 0 5.00675e+08 0 5.53378e+08 5.00675e+08 2.63184e+08 4.79115e+07 0.000666691 -0.000878041 -0.000173691 0.000550325 0.0868963
53 21 0 -0.606998 0.58399 -0.000600421 0.000944678 4.35892e+07 1.73605e+08 8.25658e+07 1.50308e+07 0 1.57072e+08 0 1.73605e+08 1.57072e+08 8.25658e+07 1.50308e+07 0.00143513 -0.000197389 -0.00159566 0.00205334 0.0791451
58 21 1 -0.688136 0.389978 -0.000512259 0.000519632 3.70629e+07 1.47613e+08 7.02038e+07 1.27803e+07 0 1.33554e+08 0 1.47613e+08 1.33554e+08 7.02038e+07 1.27803e+07 0.00152644 0.00159272 0.000663575 0.00200512 0.0876512
52 21 2 -0.433992 0.418373 -0.0002734 0.000661466 1.38943e+08 5.53378e+08 2.63184e+08 4.79115e+07 0 5.00675e+08 0 5.53378e+08 5.00675e+08 2.63184e+08 4.79115e+07 0.000666691 -0.000878041 -0.000173691 0.000550325 0.0868963
62 22 0 -0.743622 0.193818 -0.000506903 0.000224312 1.69338e+08 6.74434e+08 3.20757e+08 5.83925e+07 0 6.10202e+08 0 6.74434e+08 6.10202e+08 3.20757e+08 5.83925e+07 0.000232681 0.000340047 -0.00127276 0.000456713 0.0991027
61 22 1 -0.6 5.82095e-24 -4.11982e-27 3.37607e-26 6.03072e+07 2.40189e+08 1.14233e+08 2.07956e+07 0 2.17314e+08 0 2.40189e+08 2.17314e+08 1.14233e+08 2.07956e+07 0.000399116 -0.000163636 -0.00348978 0.00198868 0.117222
56 22 2 -0.524256 0.209098 -0.000364417 0.000403501 4.34533e+07 1.73064e+08 8.23083e+07 1.49839e+07 0 1.56582e+08 0 1.73064e+08 1.56582e+08 8.23083e+07 1.49839e+07 0.00134315 0.00113317 0.000301631 0.00174866 0.0998278
57 23 0 -0.4 5.70068e-24 -2.6414e-27 3.57554e-26 8.27985e+07 3.29766e+08 1.56835e+08 2.85512e+07 0 2.9836e+08 0 3.29766e+08 2.9836e+08 1.56835e+08 2.85512e+07 1.93817e-26 7.55774e-25 -0.00168177 0.00172576 0.118578
51 23 1 -0.2 5.75533e-24 -1.25636e-27 3.8546e-26 1.26213e+08 5.02674e+08 2.39069e+08 4.35216e+07 0 4.54801e+08 0 5.02674e+08 4.54801e+08 2.39069e+08 4.35216e+07 -9.32355e-26 5.9741e-25 -0.00129587 0.000935722 0.119237
50 23 2 -0.300639 0.221378 -0.000197441 0.000360941 7.42788e+07 2.95835e+08 1.40697e+08 2.56134e+07 0 2.6766e+08 0 2.95835e+08 2.6766e+08 1.40697e+08 2.56134e+07 0.00037221 -0.000486376 0.000276477 0.00187707 0.0998122
55 24 0 -0.785232 0.740595 -0.000843085 0.00122523 2.88042e+07 1.1472e+08 5.45602e+07 9.93247e+06 0 1.03794e+08 0 1.1472e+08 1.03794e+08 5.45602e+07 9.93247e+06 0.00204976 -3.97657e-05 0.000928423 0.00226377 0.0747938
54 24 1 -0.895148 0.945422 -0.00095359 0.00179506 4.44578e+07 1.77065e+08 8.4211e+07 1.53303e+07 0 1.60201e+08 0 1.77065e+08 1.60201e+08 8.4211e+07 1.53303e+07 0.00179388 -0.00103334 0.000105655 0.002095 0.0719968
60 24 2 -1.04564 0.729462 -0.00152238 0.00111072 2.60822e+07 1.03879e+08 4.94043e+07 8.99385e+06 0 9.39857e+07 0 1.03879e+08 9.39857e+07 4.94043e+07 8.99385e+06 0.00266076 0.001299 0.000814707 0.00398772 0.0770623
64 25 0 -1.14433 0.487576 -0.00123062 0.000530285 1.12769e+08 4.49133e+08 2.13606e+08 3.8886e+07 0 4.06359e+08 0 4.49133e+08 4.06359e+08 2.13606e+08 3.8886e+07 0.000286468 0.0021736 0.000638352 0.000835805 0.0835509
63 25 1 -0.938743 0.348978 -0.000911904 0.000508699 1.5245e+07 6.07173e+07 2.88768e+07 5.25691e+06 0 5.49347e+07 0 6.07173e+07 5.49347e+07 2.88768e+07 5.25691e+06 0.00228883 0.000229494 -0.0014175 0.00304029 0.0882926
59 25 2 -0.87539 0.548693 -0.000985995 0.000873526 7.30583e+07 2.90973e+08 1.38385e+08 2.51925e+07 0 2.63262e+08 0 2.90973e+08 2.63262e+08 1.38385e+08 2.51925e+07 0.00150784 7.1345e-05 -0.000528833 0.000517754 0.0806904
48 26 0 -0.535337 0.780877 -0.000514343 0.00122596 1.20369e+08 4.79402e+08 2.28001e+08 4.15067e+07 0 4.33745e+08 0 4.79402e+08 4.33745e+08 2.28001e+08 4.15067e+07 0.000372611 -0.000420698 0.000366057 0.000628662 0.0727121
46 26 1 -0.339871 0.631545 -0.000292319 0.000861679 3.86334e+07 1.53867e+08 7.31786e+07 1.33219e+07 0 1.39213e+08 0 1.53867e+08 1.39213e+08 7.31786e+07 1.33219e+07 0.001476 -0.000179378 -0.000895128 0.002187 0.0771813
40 26 2 -0.337737 0.876414 -0.000305492 0.00124534 9.03257e+07 3.59746e+08 1.71093e+08 3.11468e+07 0 3.25484e+08 0 3.59746e+08 3.25484e+08 1.71093e+08 3.11468e+07 0.0012164 -0.000683382 0.000481057 0.000682043 0.0698154
50 27 0 -0.300639 0.221378 -0.000197441 0.000360941 7.42788e+07 2.95835e+08 1.40697e+08 2.56134e+07 0 2.6766e+08 0 2.95835e+08 2.6766e+08 1.40697e+08 2.56134e+07 0.00037221 -0.000486376 0.000276477 0.00187707 0.0998122
51 27 1 -0.2 5.75533e-24 -1.25636e-27 3.8546e-26 1.26213e+08 5.02674e+08 2.39069e+08 4.35216e+07 0 4.54801e+08 0 5.02674e+08 4.54801e+08 2.39069e+08 4.35216e+07 -9.32355e-26 5.9741e-25 -0.00129587 0.000935722 0.119237
43 27 2 -0.0831435 0.228437 -5.08777e-05 0.00046649 3.37304e+07 1.3434e+08 6.38915e+07 1.16312e+07 0 1.21546e+08 0 1.3434e+08 1.21546e+08 6.38915e+07 1.16312e+07 0.000911183 0.000900381 0.00038431 0.00268788 0.0996534
55 28 0 -0.785232 0.740595 -0.000843085 0.00122523 2.88042e+07 1.1472e+08 5.45602e+07 9.93247e+06 0 1.03794e+08 0 1.1472e+08 1.03794e+08 5.45602e+07 9.93247e+06 0.00204976 -3.97657e-05 0.000928423 0.00226377 0.0747938
49 28 1 -0.687735 0.916558 -0.000623959 0.00147992 5.96399e+07 2.37531e+08 1.12969e+08 2.05655e+07 0 2.14909e+08 0 2.37531e+08 2.14909e+08 1.12969e+08 2.05655e+07 0.00141238 -0.00151476 9.38343e-05 0.00143077 0.0705735
54 28 2 -0.895148 0.945422 -0.00095359 0.00179506 4.44578e+07 1.77065e+08 8.4211e+07 1.53303e+07 0 1.60201e+08 0 1.77065e+08 1.60201e+08 8.4211e+07 1.53303e+07 0.00179388 -0.00103334 0.000105655 0.002095 0.0719968
34 29 0 -0.299905 1.09153 -0.000236634 0.00160201 1.3309e+07 5.30066e+07 2.52097e+07 4.58931e+06 0 4.79583e+07 0 5.30066e+07 4.79583e+07 2.52097e+07 4.58931e+06 0.00210324 0.000574116 -0.000424685 0.00265329 0.066107
32 29 1 -0.246632 1.31664 -0.000116817 0.00201595 1.11951e+08 4.45874e+08 2.12055e+08 3.86038e+07 0 4.03409e+08 0 4.45874e+08 4.03409e+08 2.12055e+08 3.86038e+07 0.000668896 0.000426231 0.000296537 0.0002586 0.0646133
39 29 2 -0.484326 1.24284 -0.000380683 0.00169833 9.01994e+07 3.59242e+08 1.70854e+08 3.11032e+07 0 3.25029e+08 0 3.59242e+08 3.25029e+08 1.70854e+08 3.11032e+07 0.000791135 0.0018307 0.000778975 0.00101174 0.0659617
47 30 0 -0.702463 1.11489 -0.000642601 0.00182073 5.2907e+07 2.10716e+08 1.00215e+08 1.82438e+07 0 1.90648e+08 0 2.10716e+08 1.90648e+08 1.00215e+08 1.82438e+07 0.00140501 -0.00207273 -7.26033e-05 0.00173961 0.0683879
42 30 1 -0.503989 1.01324 -0.000448734 0.00145093 1.13447e+08 4.51832e+08 2.14889e+08 3.91196e+07 0 4.088e+08 0 4.51832e+08 4.088e+08 2.14889e+08 3.91196e+07 0.000381264 -0.00046651 -0.000633579 0.000925887 0.0679694
39 30 2 -0.484326 1.24284 -0.000380683 0.00169833 9.01994e+07 3.59242e+08 1.70854e+08 3.11032e+07 0 3.25029e+08 0 3.59242e+08 3.25029e+08 1.70854e+08 3.11032e+07 0.000791135 0.0018307 0.000778975 0.00101174 0.0659617
22 31 0 0.294561 1.06922 0.000645217 0.00148157 1.21227e+08 4.8282e+08 2.29627e+08 4.18026e+07 0 4.36837e+08 0 4.8282e+08 4.36837e+08 2.29627e+08 4.18026e+07 0.000369268 -0.00135998 0.000304903 0.000846023 0.0664623
21 31 1 0.366964 0.827102 0.00057734 0.00119825 1.33386e+08 5.31243e+08 2.52656e+08 4.5995e+07 0 4.80648e+08 0 5.31243e+08 4.80648e+08 2.52656e+08 4.5995e+07 0.000508428 0.000293121 0.00123268 0.000589707 0.0711901
14 31 2 0.496168 1.02101 0.000781368 0.00135512 1.30094e+08 5.18134e+08 2.46422e+08 4.48601e+07 0 4.68788e+08 0 5.18134e+08 4.68788e+08 2.46422e+08 4.48601e+07 0.000473439 -0.000212987 0.000447607 0.000733121 0.0679954
15 32 0 0.476615 1.24261 0.000939888 0.00166637 2.60494e+07 1.03748e+08 4.93422e+07 8.98255e+06 0 9.38676e+07 0 1.03748e+08 9.38676e+07 4.93422e+07 8.98255e+06 0.00186791 0.000455427 0.000745013 0.0022352 0.0660805
22 32 1 0.294561 1.06922 0.000645217 0.00148157 1.21227e+08 4.8282e+08 2.29627e+08 4.18026e+07 0 4.36837e+08 0 4.8282e+08 4.36837e+08 2.29627e+08 4.18026e+07 0.000369268 -0.00135998 0.000304903 0.000846023 0.0664623
14 32 2 0.496168 1.02101 0.000781368 0.00135512 1.30094e+08 5.18134e+08 2.46422e+08 4.48601e+07 0 4.68788e+08 0 5.18134e+08 4.68788e+08 2.46422e+08 4.48601e+07 0.000473439 -0.000212987 0.000447607 0.000733121 0.0679954
24 33 0 0.0854277 1.12003 0.000442346 0.0017441 4.15397e+07 1.65442e+08 7.86836e+07 1.4324e+07 0 1.49686e+08 0 1.65442e+08 1.49686e+08 7.86836e+07 1.4324e+07 0.00164624 -0.000558039 -0.000141457 0.00185546 0.0653921
30 33 1 0.123177 0.885118 0.000312142 0.00130745 1.44223e+07 5.74405e+07 2.73184e+07 4.97321e+06 0 5.197e+07 0 5.74405e+07 5.197e+07 2.73184e+07 4.97321e+06 0.00244442 0.000379773 0.00106364 0.00203026 0.0693357
22 33 2 0.294561 1.06922 0.000645217 0.00148157 1.21227e+08 4.8282e+08 2.29627e+08 4.18026e+07 0 4.36837e+08 0 4.8282e+08 4.36837e+08 2.29627e+08 4.18026e+07 0.000369268 -0.00135998 0.000304903 0.000846023 0.0664623
23 34 0 7.58568e-05 1.34733 0.000251259 0.00219066 4.20731e+07 1.67567e+08 7.96939e+07 1.45079e+07 0 1.51608e+08 0 1.67567e+08 1.51608e+08 7.96939e+07 1.45079e+07 0.00254988 5.04617e-05 0.0001494 0.00203199 0.0641693
24 34 1 0.0854277 1.12003 0.000442346 0.0017441 4.15397e+07 1.65442e+08 7.86836e+07 1.4324e+07 0 1.49686e+08 0 1.65442e+08 1.49686e+08 7.86836e+07 1.4324e+07 0.00164624 -0.000558039 -0.000141457 0.00185546 0.0653921
16 34 2 0.248068 1.31663 0.000655475 0.00181529 7.40988e+07 2.95118e+08 1.40356e+08 2.55513e+07 0 2.67011e+08 0 2.95118e+08 2.67011e+08 1.40356e+08 2.55513e+07 0.000865492 -0.000551405 1.00485e-05 0.00149247 0.064688
30 35 0 0.123177 0.885118 0.000312142 0.00130745 1.44223e+07 5.74405e+07 2.73184e+07 4.97321e+06 0 5.197e+07 0 5.74405e+07 5.197e+07 2.73184e+07 4.97321e+06 0.00244442 0.000379773 0.00106364 0.00203026 0.0693357
31 35 1 0.158015 0.680462 0.000207809 0.000939245 5.54233e+07 2.20738e+08 1.04982e+08 1.91115e+07 0 1.99715e+08 0 2.20738e+08 1.99715e+08 1.04982e+08 1.91115e+07 0.00141077 0.0015872 0.00131605 0.00151484 0.0753603
21 35 2 0.366964 0.827102 0.00057734 0.00119825 1.33386e+08 5.31243e+08 2.52656e+08 4.5995e+07 0 4.80648e+08 0 5.31243e+08 4.80648e+08 2.52656e+08 4.5995e+07 0.000508428 0.000293121 0.00123268 0.000589707 0.0711901
33 36 0 -0.100189 0.939296 -2.73106e-05 0.00130126 1.07846e+08 4.29523e+08 2.04279e+08 3.71882e+07 0 3.88616e+08 0 4.29523e+08 3.88616e+08 2.04279e+08 3.71882e+07 0.000227831 0.000133339 0.00060249 0.00111358 0.0681097
30 36 1 0.123177 0.885118 0.000312142 0.00130745 1.44223e+07 5.74405e+07 2.73184e+07 4.97321e+06 0 5.197e+07 0 5.74405e+07 5.197e+07 2.73184e+07 4.97321e+06 0.00244442 0.000379773 0.00106364 0.00203026 0.0693357
24 36 2 0.0854277 1.12003 0.000442346 0.0017441 4.15397e+07 1.65442e+08 7.86836e+07 1.4324e+07 0 1.49686e+08 0 1.65442e+08 1.49686e+08 7.86836e+07 1.4324e+07 0.00164624 -0.000558039 -0.000141457 0.00185546 0.0653921
33 37 0 -0.100189 0.939296 -2.73106e-05 0.00130126 1.07846e+08 4.29523e+08 2.04279e+08 3.71882e+07 0 3.88616e+08 0 4.29523e+08 3.88616e+08 2.04279e+08 3.71882e+07 0.000227831 0.000133339 0.00060249 0.00111358 0.0681097
41 37 1 -0.19771 0.767225 -0.000168436 0.00109818 5.3836e+07 2.14416e+08 1.01975e+08 1.85641e+07 0 1.93995e+08 0 2.14416e+08 1.93995e+08 1.01975e+08 1.85641e+07 0.00127242 -0.000261238 -0.000158481 0.0017608 0.0724689
38 37 2 -0.0527851 0.666274 2.33517e-06 0.000951633 8.62939e+07 3.43688e+08 1.63456e+08 2.97565e+07 0 3.10956e+08 0 3.43688e+08 3.10956e+08 1.63456e+08 2.97565e+07 0.000571447 2.7562e-05 0.000110969 0.00140814 0.0758172
34 38 0 -0.299905 1.09153 -0.000236634 0.00160201 1.3309e+07 5.30066e+07 2.52097e+07 4.58931e+06 0 4.79583e+07 0 5.30066e+07 4.79583e+07 2.52097e+07 4.58931e+06 0.00210324 0.000574116 -0.000424685 0.00265329 0.066107
33 38 1 -0.100189 0.939296 -2.73106e-05 0.00130126 1.07846e+08 4.29523e+08 2.04279e+08 3.71882e+07 0 3.88616e+08 0 4.29523e+08 3.88616e+08 2.04279e+08 3.71882e+07 0.000227831 0.000133339 0.00060249 0.00111358 0.0681097
25 38 2 -0.109162 1.15974 0.000121413 0.0017249 2.85897e+07 1.13866e+08 5.4154e+07 9.85852e+06 0 1.03022e+08 0 1.13866e+08 1.03022e+08 5.4154e+07 9.85852e+06 0.00156774 -0.000815309 -0.00116284 0.00337929 0.0650098
31 39 0 0.158015 0.680462 0.000207809 0.000939245 5.54233e+07 2.20738e+08 1.04982e+08 1.91115e+07 0 1.99715e+08 0 2.20738e+08 1.99715e+08 1.04982e+08 1.91115e+07 0.00141077 0.0015872 0.00131605 0.00151484 0.0753603
38 39 1 -0.0527851 0.666274 2.33517e-06 0.000951633 8.62939e+07 3.43688e+08 1.63456e+08 2.97565e+07 0 3.10956e+08 0 3.43688e+08 3.10956e+08 1.63456e+08 2.97565e+07 0.000571447 2.7562e-05 0.000110969 0.00140814 0.0758172
35 39 2 0.107365 0.433846 0.000115157 0.000733999 1.67282e+08 6.66243e+08 3.16862e+08 5.76834e+07 0 6.02791e+08 0 6.66243e+08 6.02791e+08 3.16862e+08 5.76834e+07 0.000660793 -7.85749e-05 -0.000188663 0.000167418 0.0864712
34 40 0 -0.299905 1.09153 -0.000236634 0.00160201 1.3309e+07 5.30066e+07 2.52097e+07 4.58931e+06 0 4.79583e+07 0 5.30066e+07 4.79583e+07 2.52097e+07 4.58931e+06 0.00210324 0.000574116 -0.000424685 0.00265329 0.066107
40 40 1 -0.337737 0.876414 -0.000305492 0.00124534 9.03257e+07 3.59746e+08 1.71093e+08 3.11468e+07 0 3.25484e+08 0 3.59746e+08 3.25484e+08 1.71093e+08 3.11468e+07 0.0012164 -0.000683382 0.000481057 0.000682043 0.0698154
33 40 2 -0.100189 0.939296 -2.73106e-05 0.00130126 1.07846e+08 4.29523e+08 2.04279e+08 3.71882e+07 0 3.88616e+08 0 4.29523e+08 3.88616e+08 2.04279e+08 3.71882e+07 0.000227831 0.000133339 0.00060249 0.00111358 0.0681097
46 41 0 -0.339871 0.631545 -0.000292319 0.000861679 3.86334e+07 1.53867e+08 7.31786e+07 1.33219e+07 0 1.39213e+08 0 1.53867e+08 1.39213e+08 7.31786e+07 1.33219e+07 0.001476 -0.000179378 -0.000895128 0.002187 0.0771813
44 41 1 -0.174516 0.442756 -8.98804e-05 0.000667744 1.26664e+08 5.04471e+08 2.39924e+08 4.36771e+07 0 4.56426e+08 0 5.04471e+08 4.56426e+08 2.39924e+08 4.36771e+07 0.000814173 0.000994396 1.93537e-05 0.000605258 0.085902
38 41 2 -0.0527851 0.666274 2.33517e-06 0.000951633 8.62939e+07 3.43688e+08 1.63456e+08 2.97565e+07 0 3.10956e+08 0 3.43688e+08 3.10956e+08 1.63456e+08 2.97565e+07 0.000571447 2.7562e-05 0.000110969 0.00140814 0.0758172
40 42 0 -0.337737 0.876414 -0.000305492 0.00124534 9.03257e+07 3.59746e+08 1.71093e+08 3.11468e+07 0 3.25484e+08 0 3.59746e+08 3.25484e+08 1.71093e+08 3.11468e+07 0.0012164 -0.000683382 0.000481057 0.000682043 0.0698154
46 42 1 -0.339871 0.631545 -0.000292319 0.000861679 3.86334e+07 1.53867e+08 7.31786e+07 1.33219e+07 0 1.39213e+08 0 1.53867e+08 1.39213e+08 7.31786e+07 1.33219e+07 0.001476 -0.000179378 -0.000895128 0.002187 0.0771813
41 42 2 -0.19771 0.767225 -0.000168436 0.00109818 5.3836e+07 2.14416e+08 1.01975e+08 1.85641e+07 0 1.93995e+08 0 2.14416e+08 1.93995e+08 1.01975e+08 1.85641e+07 0.00127242 -0.000261238 -0.000158481 0.0017608 0.0724689
33 43 0 -0.100189 0.939296 -2.73106e-05 0.00130126 1.07846e+08 4.29523e+08 2.04279e+08 3.71882e+07 0 3.88616e+08 0 4.29523e+08 3.88616e+08 2.04279e+08 3.71882e+07 0.000227831 0.000133339 0.00060249 0.00111358 0.0681097
40 43 1 -0.337737 0.876414 -0.000305492 0.00124534 9.03257e+07 3.59746e+08 1.71093e+08 3.11468e+07 0 3.25484e+08 0 3.59746e+08 3.25484e+08 1.71093e+08 3.11468e+07 0.0012164 -0.000683382 0.000481057 0.000682043 0.0698154
41 43 2 -0.19771 0.767225 -0.000168436 0.00109818 5.3836e+07 2.14416e+08 1.01975e+08 1.85641e+07 0 1.93995e+08 0 2.14416e+08 1.93995e+08 1.01975e+08 1.85641e+07 0.00127242 -0.000261238 -0.000158481 0.0017608 0.0724689
42 44 0 -0.503989 1.01324 -0.000448734 0.00145093 1.13447e+08 4.51832e+08 2.14889e+08 3.91196e+07 0 4.088e+08 0 4.51832e+08 4.088e+08 2.14889e+08 3.91196e+07 0.000381264 -0.00046651 -0.000633579 0.000925887 0.0679694
49 44 1 -0.687735 0.916558 -0.000623959 0.00147992 5.96399e+07 2.37531e+08 1.12969e+08 2.05655e+07 0 2.14909e+08 0 2.37531e+08 2.14909e+08 1.12969e+08 2.05655e+07 0.00141238 -0.00151476 9.38343e-05 0.00143077 0.0705735
48 44 2 -0.535337 0.780877 -0.000514343 0.00122596 1.20369e+08 4.79402e+08 2.28001e+08 4.15067e+07 0 4.33745e+08 0 4.79402e+08 4.33745e+08 2.28001e+08 4.15067e+07 0.000372611 -0.000420698 0.000366057 0.000628662 0.0727121
39 45 0 -0.484326 1.24284 -0.000380683 0.00169833 9.01994e+07 3.59242e+08 1.70854e+08 3.11032e+07 0 3.25029e+08 0 3.59242e+08 3.25029e+08 1.70854e+08 3.11032e+07 0.000791135 0.0018307 0.000778975 0.00101174 0.0659617
42 45 1 -0.503989 1.01324 -0.000448734 0.00145093 1.13447e+08 4.51832e+08 2.14889e+08 3.91196e+07 0 4.088e+08 0 4.51832e+08 4.088e+08 2.14889e+08 3.91196e+07 0.000381264 -0.00046651 -0.000633579 0.000925887 0.0679694
34 45 2 -0.299905 1.09153 -0.000236634 0.00160201 1.3309e+07 5.30066e+07 2.52097e+07 4.58931e+06 0 4.79583e+07 0 5.30066e+07 4.79583e+07 2.52097e+07 4.58931e+06 0.00210324 0.000574116 -0.000424685 0.00265329 0.066107
48 46 0 -0.535337 0.780877 -0.000514343 0.00122596 1.20369e+08 4.79402e+08 2.28001e+08 4.15067e+07 0 4.33745e+08 0 4.79402e+08 4.33745e+08 2.28001e+08 4.15067e+07 0.000372611 -0.000420698 0.000366057 0.000628662 0.0727121
55 46 1 -0.785232 0.740595 -0.000843085 0.00122523 2.88042e+07 1.1472e+08 5.45602e+07 9.93247e+06 0 1.03794e+08 0 1.1472e+08 1.03794e+08 5.45602e+07 9.93247e+06 0.00204976 -3.97657e-05 0.000928423 0.00226377 0.0747938
53 46 2 -0.606998 0.58399 -0.000600421 0.000944678 4.35892e+07 1.73605e+08 8.25658e+07 1.50308e+07 0 1.57072e+08 0 1.73605e+08 1.57072e+08 8.25658e+07 1.50308e+07 0.00143513 -0.000197389 -0.00159566 0.00205334 0.0791451
47 47 0 -0.702463 1.11489 -0.000642601 0.00182073 5.2907e+07 2.10716e+08 1.00215e+08 1.82438e+07 0 1.90648e+08 0 2.10716e+08 1.90648e+08 1.00215e+08 1.82438e+07 0.00140501 -0.00207273 -7.26033e-05 0.00173961 0.0683879
49 47 1 -0.687735 0.916558 -0.000623959 0.00147992 5.96399e+07 2.37531e+08 1.12969e+08 2.05655e+07 0 2.14909e+08 0 2.37531e+08 2.14909e+08 1.12969e+08 2.05655e+07 0.00141238 -0.00151476 9.38343e-05 0.00143077 0.0705735
42 47 2 -0.503989 1.01324 -0.000448734 0.00145093 1.13447e+08 4.51832e+08 2.14889e+08 3.91196e+07 0 4.088e+08 0 4.51832e+08 4.088e+08 2.14889e+08 3.91196e+07 0.000381264 -0.00046651 -0.000633579 0.000925887 0.0679694
47 48 0 -0.702463 1.11489 -0.000642601 0.00182073 5.2907e+07 2.10716e+08 1.00215e+08 1.82438e+07 0 1.90648e+08 0 2.10716e+08 1.90648e+08 1.00215e+08 1.82438e+07 0.00140501 -0.00207273 -7.26033e-05 0.00173961 0.0683879
54 48 1 -0.895148 0.945422 -0.00095359 0.00179506 4.44578e+07 1.77065e+08 8.4211e+07 1.53303e+07 0 1.60201e+08 0 1.77065e+08 1.60201e+08 8.4211e+07 1.53303e+07 0.00179388 -0.00103334 0.000105655 0.002095 0.0719968
49 48 2 -0.687735 0.916558 -0.000623959 0.00147992 5.96399e+07 2.37531e+08 1.12969e+08 2.05655e+07 0 2.14909e+08 0 2.37531e+08 2.14909e+08 1.12969e+08 2.05655e+07 0.00141238 -0.00151476 9.38343e-05 0.00143077 0.0705735
43 49 0 -0.0831435 0.228437 -5.08777e-05 0.00046649 3.37304e+07 1.3434e+08 6.38915e+07 1.16312e+07 0 1.21546e+08 0 1.3434e+08 1.21546e+08 6.38915e+07 1.16312e+07 0.000911183 0.000900381 0.00038431 0.00268788 0.0996534
45 49 1 2.49704e-17 5.7534e-24 3.79556e-27 3.39582e-26 6.64985e+07 2.64847e+08 1.2596e+08 2.29305e+07 0 2.39624e+08 0 2.64847e+08 2.39624e+08 1.2596e+08 2.29305e+07 -1.84064e-25 5.76594e-25 -0.000420408 0.00228052 0.119447
37 49 2 0.100673 0.195173 9.07047e-05 0.000511971 5.28348e+07 2.10428e+08 1.00079e+08 1.82189e+07 0 1.90387e+08 0 2.10428e+08 1.90387e+08 1.00079e+08 1.82189e+07 0.00112336 0.00218821 0.000770444 0.0018371 0.102195
28 50 0 0.284761 0.222522 0.000228434 0.000478277 9.34377e+07 3.7214e+08 1.76988e+08 3.22199e+07 0 3.36698e+08 0 3.7214e+08 3.36698e+08 1.76988e+08 3.22199e+07 0.000333643 -0.00132398 0.000223085 0.00170421 0.0998568
37 50 1 0.100673 0.195173 9.07047e-05 0.000511971 5.28348e+07 2.10428e+08 1.00079e+08 1.82189e+07 0 1.90387e+08 0 2.10428e+08 1.90387e+08 1.00079e+08 1.82189e+07 0.00112336 0.00218821 0.000770444 0.0018371 0.102195
36 50 2 0.2 5.7336e-24 1.91671e-27 2.53605e-26 1.01922e+07 4.0593e+07 1.93058e+07 3.51455e+06 0 3.6727e+07 0 4.0593e+07 3.6727e+07 1.93058e+07 3.51455e+06 1.65307e-25 -6.61898e-25 0.000730731 0.00452285 0.119289
34 51 0 -0.299905 1.09153 -0.000236634 0.00160201 1.3309e+07 5.30066e+07 2.52097e+07 4.58931e+06 0 4.79583e+07 0 5.30066e+07 4.79583e+07 2.52097e+07 4.58931e+06 0.00210324 0.000574116 -0.000424685 0.00265329 0.066107
25 51 1 -0.109162 1.15974 0.000121413 0.0017249 2.85897e+07 1.13866e+08 5.4154e+07 9.85852e+06 0 1.03022e+08 0 1.13866e+08 1.03022e+08 5.4154e+07 9.85852e+06 0.00156774 -0.000815309 -0.00116284 0.00337929 0.0650098
32 51 2 -0.246632 1.31664 -0.000116817 0.00201595 1.11951e+08 4.45874e+08 2.12055e+08 3.86038e+07 0 4.03409e+08 0 4.45874e+08 4.03409e+08 2.12055e+08 3.86038e+07 0.000668896 0.000426231 0.000296537 0.0002586 0.0646133
25 52 0 -0.109162 1.15974 0.000121413 0.0017249 2.85897e+07 1.13866e+08 5.4154e+07 9.85852e+06 0 1.03022e+08 0 1.13866e+08 1.03022e+08 5.4154e+07 9.85852e+06 0.00156774 -0.000815309 -0.00116284 0.00337929 0.0650098
33 52 1 -0.100189 0.939296 -2.73106e-05 0.00130126 1.07846e+08 4.29523e+08 2.04279e+08 3.71882e+07 0 3.88616e+08 0 4.29523e+08 3.88616e+08 2.04279e+08 3.71882e+07 0.000227831 0.000133339 0.00060249 0.00111358 0.0681097
24 52 2 0.0854277 1.12003 0.000442346 0.0017441 4.15397e+07 1.65442e+08 7.86836e+07 1.4324e+07 0 1.49686e+08 0 1.65442e+08 1.49686e+08 7.86836e+07 1.4324e+07 0.00164624 -0.000558039 -0.000141457 0.00185546 0.0653921
32 53 0 -0.246632 1.31664 -0.000116817 0.00201595 1.11951e+08 4.45874e+08 2.12055e+08 3.86038e+07 0 4.03409e+08 0 4.45874e+08 4.03409e+08 2.12055e+08 3.86038e+07 0.000668896 0.000426231 0.000296537 0.0002586 0.0646133
25 53 1 -0.109162 1.15974 0.000121413 0.0017249 2.85897e+07 1.13866e+08 5.4154e+07 9.85852e+06 0 1.03022e+08 0 1.13866e+08 1.03022e+08 5.4154e+07 9.85852e+06 0.00156774 -0.000815309 -0.00116284 0.00337929 0.0650098
23 53 2 7.58568e-05 1.34733 0.000251259 0.00219066 4.20731e+07 1.67567e+08 7.96939e+07 1.45079e+07 0 1.51608e+08 0 1.67567e+08 1.51608e+08 7.96939e+07 1.45079e+07 0.00254988 5.04617e-05 0.0001494 0.00203199 0.0641693
34 54 0 -0.299905 1.09153 -0.000236634 0.00160201 1.3309e+07 5.30066e+07 2.52097e+07 4.58931e+06 0 4.79583e+07 0 5.30066e+07 4.79583e+07 2.52097e+07 4.58931e+06 0.00210324 0.000574116 -0.000424685 0.00265329 0.066107
42 54 1 -0.503989 1.01324 -0.000448734 0.00145093 1.13447e+08 4.51832e+08 2.14889e+08 3.91196e+07 0 4.088e+08 0 4.51832e+08 4.088e+08 2.14889e+08 3.91196e+07 0.000381264 -0.00046651 -0.000633579 0.000925887 0.0679694
40 54 2 -0.337737 0.876414 -0.000305492 0.00124534 9.03257e+07 3.59746e+08 1.71093e+08 3.11468e+07 0 3.25484e+08 0 3.59746e+08 3.25484e+08 1.71093e+08 3.11468e+07 0.0012164 -0.000683382 0.000481057 0.000682043 0.0698154
28 55 0 0.284761 0.222522 0.000228434 0.000478277 9.34377e+07 3.7214e+08 1.76988e+08 3.22199e+07 0 3.36698e+08 0 3.7214e+08 3.36698e+08 1.76988e+08 3.22199e+07 0.000333643 -0.00132398 0.000223085 0.00170421 0.0998568
36 55 1 0.2 5.7336e-24 1.91671e-27 2.53605e-26 1.01922e+07 4.0593e+07 1.93058e+07 3.51455e+06 0 3.6727e+07 0 4.0593e+07 3.6727e+07 1.93058e+07 3.51455e+06 1.65307e-25 -6.61898e-25 0.000730731 0.00452285 0.119289
27 55 2 0.4 5.80299e-24 -1.29295e-27 4.05077e-26 9.49842e+07 3.78299e+08 1.79917e+08 3.27532e+07 0 3.42271e+08 0 3.78299e+08 3.42271e+08 1.79917e+08 3.27532e+07 -8.97108e-05 -0.000287418 0.00195638 0.00175999 0.118688
18 56 0 0.6 5.69238e-24 2.80824e-27 3.22506e-26 9.44954e+07 3.76352e+08 1.78991e+08 3.25846e+07 0 3.40509e+08 0 3.76352e+08 3.40509e+08 1.78991e+08 3.25846e+07 1.03588e-25 7.16016e-25 0.00282225 0.00135037 0.11737
19 56 1 0.499697 0.21865 0.000328082 0.000299504 8.49517e+07 3.38342e+08 1.60914e+08 2.92937e+07 0 3.06119e+08 0 3.38342e+08 3.06119e+08 1.60914e+08 2.92937e+07 0.000724658 -0.000544681 0.000731374 0.00114883 0.0993868
27 56 2 0.4 5.80299e-24 -1.29295e-27 4.05077e-26 9.49842e+07 3.78299e+08 1.79917e+08 3.27532e+07 0 3.42271e+08 0 3.78299e+08 3.42271e+08 1.79917e+08 3.27532e+07 -8.97108e-05 -0.000287418 0.00195638 0.00175999 0.118688
52 57 0 -0.433992 0.418373 -0.0002734 0.000661466 1.38943e+08 5.53378e+08 2.63184e+08 4.79115e+07 0 5.00675e+08 0 5.53378e+08 5.00675e+08 2.63184e+08 4.79115e+07 0.000666691 -0.000878041 -0.000173691 0.000550325 0.0868963
46 57 1 -0.339871 0.631545 -0.000292319 0.000861679 3.86334e+07 1.53867e+08 7.31786e+07 1.33219e+07 0 1.39213e+08 0 1.53867e+08 1.39213e+08 7.31786e+07 1.33219e+07 0.001476 -0.000179378 -0.000895128 0.002187 0.0771813
53 57 2 -0.606998 0.58399 -0.000600421 0.000944678 4.35892e+07 1.73605e+08 8.25658e+07 1.50308e+07 0 1.57072e+08 0 1.73605e+08 1.57072e+08 8.25658e+07 1.50308e+07 0.00143513 -0.000197389 -0.00159566 0.00205334 0.0791451
58 58 0 -0.688136 0.389978 -0.000512259 0.000519632 3.70629e+07 1.47613e+08 7.02038e+07 1.27803e+07 0 1.33554e+08 0 1.47613e+08 1.33554e+08 7.02038e+07 1.27803e+07 0.00152644 0.00159272 0.000663575 0.00200512 0.0876512
56 58 1 -0.524256 0.209098 -0.000364417 0.000403501 4.34533e+07 1.73064e+08 8.23083e+07 1.49839e+07 0 1.56582e+08 0 1.73064e+08 1.56582e+08 8.23083e+07 1.49839e+07 0.00134315 0.00113317 0.000301631 0.00174866 0.0998278
52 58 2 -0.433992 0.418373 -0.0002734 0.000661466 1.38943e+08 5.53378e+08 2.63184e+08 4.79115e+07 0 5.00675e+08 0 5.53378e+08 5.00675e+08 2.63184e+08 4.79115e+07 0.000666691 -0.000878041 -0.000173691 0.000550325 0.0868963
50 59 0 -0.300639 0.221378 -0.000197441 0.000360941 7.42788e+07 2.95835e+08 1.40697e+08 2.56134e+07 0 2.6766e+08 0 2.95835e+08 2.6766e+08 1.40697e+08 2.56134e+07 0.00037221 -0.000486376 0.000276477 0.00187707 0.0998122
44 59 1 -0.174516 0.442756 -8.98804e-05 0.000667744 1.26664e+08 5.04471e+08 2.39924e+08 4.36771e+07 0 4.56426e+08 0 5.04471e+08 4.56426e+08 2.39924e+08 4.36771e+07 0.000814173 0.000994396 1.93537e-05 0.000605258 0.085902
52 59 2 -0.433992 0.418373 -0.0002734 0.000661466 1.38943e+08 5.53378e+08 2.63184e+08 4.79115e+07 0 5.00675e+08 0 5.53378e+08 5.00675e+08 2.63184e+08 4.79115e+07 0.000666691 -0.000878041 -0.000173691 0.000550325 0.0868963
35 60 0 0.107365 0.433846 0.000115157 0.000733999 1.67282e+08 6.66243e+08 3.16862e+08 5.76834e+07 0 6.02791e+08 0 6.66243e+08 6.02791e+08 3.16862e+08 5.76834e+07 0.000660793 -7.85749e-05 -0.000188663 0.000167418 0.0864712
44 60 1 -0.174516 0.442756 -8.98804e-05 0.000667744 1.26664e+08 5.04471e+08 2.39924e+08 4.36771e+07 0 4.56426e+08 0 5.04471e+08 4.56426e+08 2.39924e+08 4.36771e+07 0.000814173 0.000994396 1.93537e-05 0.000605258 0.085902
43 60 2 -0.0831435 0.228437 -5.08777e-05 0.00046649 3.37304e+07 1.3434e+08 6.38915e+07 1.16312e+07 0 1.21546e+08 0 1.3434e+08 1.21546e+08 6.38915e+07 1.16312e+07 0.000911183 0.000900381 0.00038431 0.00268788 0.0996534
35 61 0 0.107365 0.433846 0.000115157 0.000733999 1.67282e+08 6.66243e+08 3.16862e+08 5.76834e+07 0 6.02791e+08 0 6.66243e+08 6.02791e+08 3.16862e+08 5.76834e+07 0.000660793 -7.85749e-05 -0.000188663 0.000167418 0.0864712
29 61 1 0.31109 0.596684 0.000291608 0.00086023 4.29596e+07 1.71098e+08 8.13732e+07 1.48137e+07 0 1.54803e+08 0 1.71098e+08 1.54803e+08 8.13732e+07 1.48137e+07 0.00105545 -0.000440822 0.000368004 0.00202322 0.0786559
31 61 2 0.158015 0.680462 0.000207809 0.000939245 5.54233e+07 2.20738e+08 1.04982e+08 1.91115e+07 0 1.99715e+08 0 2.20738e+08 1.99715e+08 1.04982e+08 1.91115e+07 0.00141077 0.0015872 0.00131605 0.00151484 0.0753603
37 62 0 0.100673 0.195173 9.07047e-05 0.000511971 5.28348e+07 2.10428e+08 1.00079e+08 1.82189e+07 0 1.90387e+08 0 2.10428e+08 1.90387e+08 1.00079e+08 1.82189e+07 0.00112336 0.00218821 0.000770444 0.0018371 0.102195
35 62 1 0.107365 0.433846 0.000115157 0.000733999 1.67282e+08 6.66243e+08 3.16862e+08 5.76834e+07 0 6.02791e+08 0 6.66243e+08 6.02791e+08 3.16862e+08 5.76834e+07 0.000660793 -7.85749e-05 -0.000188663 0.000167418 0.0864712
43 62 2 -0.0831435 0.228437 -5.08777e-05 0.00046649 3.37304e+07 1.3434e+08 6.38915e+07 1.16312e+07 0 1.21546e+08 0 1.3434e+08 1.21546e+08 6.38915e+07 1.16312e+07 0.000911183 0.000900381 0.00038431 0.00268788 0.0996534
38 63 0 -0.0527851 0.666274 2.33517e-06 0.000951633 8.62939e+07 3.43688e+08 1.63456e+08 2.97565e+07 0 3.10956e+08 0 3.43688e+08 3.10956e+08 1.63456e+08 2.97565e+07 0.000571447 2.7562e-05 0.000110969 0.00140814 0.0758172
30 63 1 0.123177 0.885118 0.000312142 0.00130745 1.44223e+07 5.74405e+07 2.73184e+07 4.97321e+06 0 5.197e+07 0 5.74405e+07 5.197e+07 2.73184e+07 4.97321e+06 0.00244442 0.000379773 0.00106364 0.00203026 0.0693357
33 63 2 -0.100189 0.939296 -2.73106e-05 0.00130126 1.07846e+08 4.29523e+08 2.04279e+08 3.71882e+07 0 3.88616e+08 0 4.29523e+08 3.88616e+08 2.04279e+08 3.71882e+07 0.000227831 0.000133339 0.00060249 0.00111358 0.0681097
38 64 0 -0.0527851 0.666274 2.33517e-06 0.000951633 8.62939e+07 3.43688e+08 1.63456e+08 2.97565e+07 0 3.10956e+08 0 3.43688e+08 3.10956e+08 1.63456e+08 2.97565e+07 0.000571447 2.7562e-05 0.000110969 0.00140814 0.0758172
31 64 1 0.158015 0.680462 0.000207809 0.000939245 5.54233e+07 2.20738e+08 1.04982e+08 1.91115e+07 0 1.99715e+08 0 2.20738e+08 1.99715e+08 1.04982e+08 1.91115e+07 0.00141077 0.0015872 0.00131605 0.00151484 0.0753603
30 64 2 0.123177 0.885118 0.000312142 0.00130745 1.44223e+07 5.74405e+07 2.73184e+07 4.97321e+06 0 5.197e+07 0 5.74405e+07 5.197e+07 2.73184e+07 4.97321e+06 0.00244442 0.000379773 0.00106364 0.00203026 0.0693357
46 65 0 -0.339871 0.631545 -0.000292319 0.000861679 3.86334e+07 1.53867e+08 7.31786e+07 1.33219e+07 0 1.39213e+08 0 1.53867e+08 1.39213e+08 7.31786e+07 1.33219e+07 0.001476 -0.000179378 -0.000895128 0.002187 0.0771813
38 65 1 -0.0527851 0.666274 2.33517e-06 0.000951633 8.62939e+07 3.43688e+08 1.63456e+08 2.97565e+07 0 3.10956e+08 0 3.43688e+08 3.10956e+08 1.63456e+08 2.97565e+07 0.000571447 2.7562e-05 0.000110969 0.00140814 0.0758172
41 65 2 -0.19771 0.767225 -0.000168436 0.00109818 5.3836e+07 2.14416e+08 1.01975e+08 1.85641e+07 0 1.93995e+08 0 2.14416e+08 1.93995e+08 1.01975e+08 1.85641e+07 0.00127242 -0.000261238 -0.000158481 0.0017608 0.0724689
44 66 0 -0.174516 0.442756 -8.98804e-05 0.000667744 1.26664e+08 5.04471e+08 2.39924e+08 4.36771e+07 0 4.56426e+08 0 5.04471e+08 4.56426e+08 2.39924e+08 4.36771e+07 0.000814173 0.000994396 1.93537e-05 0.000605258 0.085902
35 66 1 0.107365 0.433846 0.000115157 0.000733999 1.67282e+08 6.66243e+08 3.16862e+08 5.76834e+07 0 6.02791e+08 0 6.66243e+08 6.02791e+08 3.16862e+08 5.76834e+07 0.000660793 -7.85749e-05 -0.000188663 0.000167418 0.0864712
38 66 2 -0.0527851 0.666274 2.33517e-06 0.000951633 8.62939e+07 3.43688e+08 1.63456e+08 2.97565e+07 0 3.10956e+08 0 3.43688e+08 3.10956e+08 1.63456e+08 2.97565e+07 0.000571447 2.7562e-05 0.000110969 0.00140814 0.0758172
29 67 0 0.31109 0.596684 0.000291608 0.00086023 4.29596e+07 1.71098e+08 8.13732e+07 1.48137e+07 0 1.54803e+08 0 1.71098e+08 1.54803e+08 8.13732e+07 1.48137e+07 0.00105545 -0.000440822 0.000368004 0.00202322 0.0786559
21 67 1 0.366964 0.827102 0.00057734 0.00119825 1.33386e+08 5.31243e+08 2.52656e+08 4.5995e+07 0 4.80648e+08 0 5.31243e+08 4.80648e+08 2.52656e+08 4.5995e+07 0.000508428 0.000293121 0.00123268 0.000589707 0.0711901
31 67 2 0.158015 0.680462 0.000207809 0.000939245 5.54233e+07 2.20738e+08 1.04982e+08 1.91115e+07 0 1.99715e+08 0 2.20738e+08 1.99715e+08 1.04982e+08 1.91115e+07 0.00141077 0.0015872 0.00131605 0.00151484 0.0753603
25 68 0 -0.109162 1.15974 0.000121413 0.0017249 2.85897e+07 1.13866e+08 5.4154e+07 9.85852e+06 0 1.03022e+08 0 1.13866e+08 1.03022e+08 5.4154e+07 9.85852e+06 0.00156774 -0.000815309 -0.00116284 0.00337929 0.0650098
24 68 1 0.0854277 1.12003 0.000442346 0.0017441 4.15397e+07 1.65442e+08 7.86836e+07 1.4324e+07 0 1.49686e+08 0 1.65442e+08 1.49686e+08 7.86836e+07 1.4324e+07 0.00164624 -0.000558039 -0.000141457 0.00185546 0.0653921
23 68 2 7.58568e-05 1.34733 0.000251259 0.00219066 4.20731e+07 1.67567e+08 7.96939e+07 1.45079e+07 0 1.51608e+08 0 1.67567e+08 1.51608e+08 7.96939e+07 1.45079e+07 0.00254988 5.04617e-05 0.0001494 0.00203199 0.0641693
24 69 0 0.0854277 1.12003 0.000442346 0.0017441 4.15397e+07 1.65442e+08 7.86836e+07 1.4324e+07 0 1.49686e+08 0 1.65442e+08 1.49686e+08 7.86836e+07 1.4324e+07 0.00164624 -0.000558039 -0.000141457 0.00185546 0.0653921
22 69 1 0.294561 1.06922 0.000645217 0.00148157 1.21227e+08 4.8282e+08 2.29627e+08 4.18026e+07 0 4.36837e+08 0 4.8282e+08 4.36837e+08 2.29627e+08 4.18026e+07 0.000369268 -0.00135998 0.000304903 0.000846023 0.0664623
16 69 2 0.248068 1.31663 0.000655475 0.00181529 7.40988e+07 2.95118e+08 1.40356e+08 2.55513e+07 0 2.67011e+08 0 2.95118e+08 2.67011e+08 1.40356e+08 2.55513e+07 0.000865492 -0.000551405 1.00485e-05 0.00149247 0.064688
26 70 0 0.384597 0.422014 0.000300216 0.000585615 1.38597e+08 5.52e+08 2.62528e+08 4.77922e+07 0 4.99428e+08 0 5.52e+08 4.99428e+08 2.62528e+08 4.77922e+07 0.000489314 -0.00091154 0.000183519 0.000552057 0.0868956
28 70 1 0.284761 0.222522 0.000228434 0.000478277 9.34377e+07 3.7214e+08 1.76988e+08 3.22199e+07 0 3.36698e+08 0 3.7214e+08 3.36698e+08 1.76988e+08 3.22199e+07 0.000333643 -0.00132398 0.000223085 0.00170421 0.0998568
19 70 2 0.499697 0.21865 0.000328082 0.000299504 8.49517e+07 3.38342e+08 1.60914e+08 2.92937e+07 0 3.06119e+08 0 3.38342e+08 3.06119e+08 1.60914e+08 2.92937e+07 0.000724658 -0.000544681 0.000731374 0.00114883 0.0993868
11 71 0 0.707537 0.212358 0.000460746 0.000236326 1.05706e+08 4.21003e+08 2.00227e+08 3.64505e+07 0 3.80908e+08 0 4.21003e+08 3.80908e+08 2.00227e+08 3.64505e+07 0.000527135 -1.5074e-05 0.00139657 0.00113021 0.0983407
17 71 1 0.616621 0.439638 0.000554137 0.000485206 5.4665e+07 2.17718e+08 1.03545e+08 1.885e+07 0 1.96983e+08 0 2.17718e+08 1.96983e+08 1.03545e+08 1.885e+07 0.00150191 -0.000170642 0.000320275 0.00119724 0.0855577
19 71 2 0.499697 0.21865 0.000328082 0.000299504 8.49517e+07 3.38342e+08 1.60914e+08 2.92937e+07 0 3.06119e+08 0 3.38342e+08 3.06119e+08 1.60914e+08 2.92937e+07 0.000724658 -0.000544681 0.000731374 0.00114883 0.0993868
29 72 0 0.31109 0.596684 0.000291608 0.00086023 4.29596e+07 1.71098e+08 8.13732e+07 1.48137e+07 0 1.54803e+08 0 1.71098e+08 1.54803e+08 8.13732e+07 1.48137e+07 0.00105545 -0.000440822 0.000368004 0.00202322 0.0786559
35 72 1 0.107365 0.433846 0.000115157 0.000733999 1.67282e+08 6.66243e+08 3.16862e+08 5.76834e+07 0 6.02791e+08 0 6.66243e+08 6.02791e+08 3.16862e+08 5.76834e+07 0.000660793 -7.85749e-05 -0.000188663 0.000167418 0.0864712
26 72 2 0.384597 0.422014 0.000300216 0.000585615 1.38597e+08 5.52e+08 2.62528e+08 4.77922e+07 0 4.99428e+08 0 5.52e+08 4.99428e+08 2.62528e+08 4.77922e+07 0.000489314 -0.00091154 0.000183519 0.000552057 0.0868956
22 73 0 0.294561 1.06922 0.000645217 0.00148157 1.21227e+08 4.8282e+08 2.29627e+08 4.18026e+07 0 4.36837e+08 0 4.8282e+08 4.36837e+08 2.29627e+08 4.18026e+07 0.000369268 -0.00135998 0.000304903 0.000846023 0.0664623
30 73 1 0.123177 0.885118 0.000312142 0.00130745 1.44223e+07 5.74405e+07 2.73184e+07 4.97321e+06 0 5.197e+07 0 5.74405e+07 5.197e+07 2.73184e+07 4.97321e+06 0.00244442 0.000379773 0.00106364 0.00203026 0.0693357
21 73 2 0.366964 0.827102 0.00057734 0.00119825 1.33386e+08 5.31243e+08 2.52656e+08 4.5995e+07 0 4.80648e+08 0 5.31243e+08 4.80648e+08 2.52656e+08 4.5995e+07 0.000508428 0.000293121 0.00123268 0.000589707 0.0711901
35 74 0 0.107365 0.433846 0.000115157 0.000733999 1.67282e+08 6.66243e+08 3.16862e+08 5.76834e+07 0 6.02791e+08 0 6.66243e+08 6.02791e+08 3.16862e+08 5.76834e+07 0.000660793 -7.85749e-05 -0.000188663 0.000167418 0.0864712
28 74 1 0.284761 0.222522 0.000228434 0.000478277 9.34377e+07 3.7214e+08 1.76988e+08 3.22199e+07 0 3.36698e+08 0 3.7214e+08 3.36698e+08 1.76988e+08 3.22199e+07 0.000333643 -0.00132398 0.000223085 0.00170421 0.0998568
26 74 2 0.384597 0.422014 0.000300216 0.000585615 1.38597e+08 5.52e+08 2.62528e+08 4.77922e+07 0 4.99428e+08 0 5.52e+08 4.99428e+08 2.62528e+08 4.77922e+07 0.000489314 -0.00091154 0.000183519 0.000552057 0.0868956
35 75 0 0.107365 0.433846 0.000115157 0.000733999 1.67282e+08 6.66243e+08 3.16862e+08 5.76834e+07 0 6.02791e+08 0 6.66243e+08 6.02791e+08 3.16862e+08 5.76834e+07 0.000660793 -7.85749e-05 -0.000188663 0.000167418 0.0864712
37 75 1 0.100673 0.195173 9.07047e-05 0.000511971 5.28348e+07 2.10428e+08 1.00079e+08 1.82189e+07 0 1.90387e+08 0 2.10428e+08 1.90387e+08 1.00079e+08 1.82189e+07 0.00112336 0.00218821 0.000770444 0.0018371 0.102195
28 75 2 0.284761 0.222522 0.000228434 0.000478277 9.34377e+07 3.7214e+08 1.76988e+08 3.22199e+07 0 3.36698e+08 0 3.7214e+08 3.36698e+08 1.76988e+08 3.22199e+07 0.000333643 -0.00132398 0.000223085 0.00170421 0.0998568
50 76 0 -0.300639 0.221378 -0.000197441 0.000360941 7.42788e+07 2.95835e+08 1.40697e+08 2.56134e+07 0 2.6766e+08 0 2.95835e+08 2.6766e+08 1.40697e+08 2.56134e+07 0.00037221 -0.000486376 0.000276477 0.00187707 0.0998122
43 76 1 -0.0831435 0.228437 -5.08777e-05 0.00046649 3.37304e+07 1.3434e+08 6.38915e+07 1.16312e+07 0 1.21546e+08 0 1.3434e+08 1.21546e+08 6.38915e+07 1.16312e+07 0.000911183 0.000900381 0.00038431 0.00268788 0.0996534
44 76 2 -0.174516 0.442756 -8.98804e-05 0.000667744 1.26664e+08 5.04471e+08 2.39924e+08 4.36771e+07 0 4.56426e+08 0 5.04471e+08 4.56426e+08 2.39924e+08 4.36771e+07 0.000814173 0.000994396 1.93537e-05 0.000605258 0.085902
51 77 0 -0.2 5.75533e-24 -1.25636e-27 3.8546e-26 1.26213e+08 5.02674e+08 2.39069e+08 4.35216e+07 0 4.54801e+08 0 5.02674e+08 4.54801e+08 2.39069e+08 4.35216e+07 -9.32355e-26 5.9741e-25 -0.00129587 0.000935722 0.119237
45 77 1 2.49704e-17 5.7534e-24 3.79556e-27 3.39582e-26 6.64985e+07 2.64847e+08 1.2596e+08 2.29305e+07 0 2.39624e+08 0 2.64847e+08 2.39624e+08 1.2596e+08 2.29305e+07 -1.84064e-25 5.76594e-25 -0.000420408 0.00228052 0.119447
43 77 2 -0.0831435 0.228437 -5.08777e-05 0.00046649 3.37304e+07 1.3434e+08 6.38915e+07 1.16312e+07 0 1.21546e+08 0 1.3434e+08 1.21546e+08 6.38915e+07 1.16312e+07 0.000911183 0.000900381 0.00038431 0.00268788 0.0996534
45 78 0 2.49704e-17 5.7534e-24 3.79556e-27 3.39582e-26 6.64985e+07 2.64847e+08 1.2596e+08 2.29305e+07 0 2.39624e+08 0 2.64847e+08 2.39624e+08 1.2596e+08 2.29305e+07 -1.84064e-25 5.76594e-25 -0.000420408 0.00228052 0.119447
36 78 1 0.2 5.7336e-24 1.91671e-27 2.53605e-26 1.01922e+07 4.0593e+07 1.93058e+07 3.51455e+06 0 3.6727e+07 0 4.0593e+07 3.6727e+07 1.93058e+07 3.51455e+06 1.65307e-25 -6.61898e-25 0.000730731 0.00452285 0.119289
37 78 2 0.100673 0.195173 9.07047e-05 0.000511971 5.28348e+07 2.10428e+08 1.00079e+08 1.82189e+07 0 1.90387e+08 0 2.10428e+08 1.90387e+08 1.00079e+08 1.82189e+07 0.00112336 0.00218821 0.000770444 0.0018371 0.102195
12 79 0 0.777989 0.670534 0.000963744 0.000761754 6.20882e+07 2.47282e+08 1.17606e+08 2.14097e+07 0 2.23732e+08 0 2.47282e+08 2.23732e+08 1.17606e+08 2.14097e+07 0.000936484 -0.000659951 0.000849686 0.00168835 0.0768544
6 79 1 1.04065 0.732639 0.00117689 0.000662863 1.04339e+08 4.15555e+08 1.97636e+08 3.59788e+07 0 3.75979e+08 0 4.15555e+08 3.75979e+08 1.97636e+08 3.59788e+07 0.000661332 -0.000718952 4.01573e-05 0.00102804 0.0772667
7 79 2 0.887607 0.948687 0.00107811 0.000960124 1.39084e+08 5.53937e+08 2.6345e+08 4.79599e+07 0 5.01181e+08 0 5.53937e+08 5.01181e+08 2.6345e+08 4.79599e+07 0.000565461 -0.00102368 0.000408857 0.000618656 0.0721141
17 80 0 0.616621 0.439638 0.000554137 0.000485206 5.4665e+07 2.17718e+08 1.03545e+08 1.885e+07 0 1.96983e+08 0 2.17718e+08 1.96983e+08 1.03545e+08 1.885e+07 0.00150191 -0.000170642 0.000320275 0.00119724 0.0855577
26 80 1 0.384597 0.422014 0.000300216 0.000585615 1.38597e+08 5.52e+08 2.62528e+08 4.77922e+07 0 4.99428e+08 0 5.52e+08 4.99428e+08 2.62528e+08 4.77922e+07 0.000489314 -0.00091154 0.000183519 0.000552057 0.0868956
19 80 2 0.499697 0.21865 0.000328082 0.000299504 8.49517e+07 3.38342e+08 1.60914e+08 2.92937e+07 0 3.06119e+08 0 3.38342e+08 3.06119e+08 1.60914e+08 2.92937e+07 0.000724658 -0.000544681 0.000731374 0.00114883 0.0993868
12 81 0 0.777989 0.670534 0.000963744 0.000761754 6.20882e+07 2.47282e+08 1.17606e+08 2.14097e+07 0 2.23732e+08 0 2.47282e+08 2.23732e+08 1.17606e+08 2.14097e+07 0.000936484 -0.000659951 0.000849686 0.00168835 0.0768544
17 81 1 0.616621 0.439638 0.000554137 0.000485206 5.4665e+07 2.17718e+08 1.03545e+08 1.885e+07 0 1.96983e+08 0 2.17718e+08 1.96983e+08 1.03545e+08 1.885e+07 0.00150191 -0.000170642 0.000320275 0.00119724 0.0855577
9 81 2 0.81647 0.410074 0.00074259 0.000428537 1.23689e+08 4.92624e+08 2.34289e+08 4.26514e+07 0 4.45707e+08 0 4.92624e+08 4.45707e+08 2.34289e+08 4.26514e+07 0.000716323 2.92931e-05 0.000765055 0.000742645 0.0863579
20 82 0 0.526732 0.644371 0.000582087 0.000884759 2.45387e+07 9.77318e+07 4.64807e+07 8.46163e+06 0 8.8424e+07 0 9.77318e+07 8.8424e+07 4.64807e+07 8.46163e+06 0.00220016 -0.000457338 0.000219965 0.00235682 0.077028
26 82 1 0.384597 0.422014 0.000300216 0.000585615 1.38597e+08 5.52e+08 2.62528e+08 4.77922e+07 0 4.99428e+08 0 5.52e+08 4.99428e+08 2.62528e+08 4.77922e+07 0.000489314 -0.00091154 0.000183519 0.000552057 0.0868956
17 82 2 0.616621 0.439638 0.000554137 0.000485206 5.4665e+07 2.17718e+08 1.03545e+08 1.885e+07 0 1.96983e+08 0 2.17718e+08 1.96983e+08 1.03545e+08 1.885e+07 0.00150191 -0.000170642 0.000320275 0.00119724 0.0855577
5 83 0 0.953734 0.55282 0.000999056 0.000524676 9.81112e+07 3.90753e+08 1.8584e+08 3.38314e+07 0 3.53538e+08 0 3.90753e+08 3.53538e+08 1.8584e+08 3.38314e+07 0.000745065 -0.000533591 0.00128761 0.00105192 0.0810211
1 83 1 1.15053 0.488891 0.00107414 0.000326059 8.82374e+07 3.51428e+08 1.67138e+08 3.04267e+07 0 3.17959e+08 0 3.51428e+08 3.17959e+08 1.67138e+08 3.04267e+07 0.000845486 -0.000787656 0.00125961 0.00109453 0.0837932
6 83 2 1.04065 0.732639 0.00117689 0.000662863 1.04339e+08 4.15555e+08 1.97636e+08 3.59788e+07 0 3.75979e+08 0 4.15555e+08 3.75979e+08 1.97636e+08 3.59788e+07 0.000661332 -0.000718952 4.01573e-05 0.00102804 0.0772667
12 84 0 0.777989 0.670534 0.000963744 0.000761754 6.20882e+07 2.47282e+08 1.17606e+08 2.14097e+07 0 2.23732e+08 0 2.47282e+08 2.23732e+08 1.17606e+08 2.14097e+07 0.000936484 -0.000659951 0.000849686 0.00168835 0.0768544
5 84 1 0.953734 0.55282 0.000999056 0.000524676 9.81112e+07 3.90753e+08 1.8584e+08 3.38314e+07 0 3.53538e+08 0 3.90753e+08 3.53538e+08 1.8584e+08 3.38314e+07 0.000745065 -0.000533591 0.00128761 0.00105192 0.0810211
6 84 2 1.04065 0.732639 0.00117689 0.000662863 1.04339e+08 4.15555e+08 1.97636e+08 3.59788e+07 0 3.75979e+08 0 4.15555e+08 3.75979e+08 1.97636e+08 3.59788e+07 0.000661332 -0.000718952 4.01573e-05 0.00102804 0.0772667
9 85 0 0.81647 0.410074 0.00074259 0.000428537 1.23689e+08 4.92624e+08 2.34289e+08 4.26514e+07 0 4.45707e+08 0 4.92624e+08 4.45707e+08 2.34289e+08 4.26514e+07 0.000716323 2.92931e-05 0.000765055 0.000742645 0.0863579
2 85 1 1.01635 0.356867 0.000840832 0.0003117 1.32114e+08 5.26178e+08 2.50248e+08 4.55566e+07 0 4.76066e+08 0 5.26178e+08 4.76066e+08 2.50248e+08 4.55566e+07 0.000645366 -0.000818738 0.000657384 0.000683546 0.0877332
5 85 2 0.953734 0.55282 0.000999056 0.000524676 9.81112e+07 3.90753e+08 1.8584e+08 3.38314e+07 0 3.53538e+08 0 3.90753e+08 3.53538e+08 1.8584e+08 3.38314e+07 0.000745065 -0.000533591 0.00128761 0.00105192 0.0810211
20 86 0 0.526732 0.644371 0.000582087 0.000884759 2.45387e+07 9.77318e+07 4.64807e+07 8.46163e+06 0 8.8424e+07 0 9.77318e+07 8.8424e+07 4.64807e+07 8.46163e+06 0.00220016 -0.000457338 0.000219965 0.00235682 0.077028
17 86 1 0.616621 0.439638 0.000554137 0.000485206 5.4665e+07 2.17718e+08 1.03545e+08 1.885e+07 0 1.96983e+08 0 2.17718e+08 1.96983e+08 1.03545e+08 1.885e+07 0.00150191 -0.000170642 0.000320275 0.00119724 0.0855577
12 86 2 0.777989 0.670534 0.000963744 0.000761754 6.20882e+07 2.47282e+08 1.17606e+08 2.14097e+07 0 2.23732e+08 0 2.47282e+08 2.23732e+08 1.17606e+08 2.14097e+07 0.000936484 -0.000659951 0.000849686 0.00168835 0.0768544
11 87 0 0.707537 0.212358 0.000460746 0.000236326 1.05706e+08 4.21003e+08 2.00227e+08 3.64505e+07 0 3.80908e+08 0 4.21003e+08 3.80908e+08 2.00227e+08 3.64505e+07 0.000527135 -1.5074e-05 0.00139657 0.00113021 0.0983407
10 87 1 0.8 5.75958e-24 5.79514e-27 3.70227e-26 1.33109e+08 5.30143e+08 2.52133e+08 4.58998e+07 0 4.79653e+08 0 5.30143e+08 4.79653e+08 2.52133e+08 4.58998e+07 1.20359e-25 6.27519e-25 0.00372864 0.00100128 0.114654
3 87 2 0.923435 0.193587 0.000591117 0.000211763 7.08136e+07 2.82033e+08 1.34134e+08 2.44185e+07 0 2.55173e+08 0 2.82033e+08 2.55173e+08 1.34134e+08 2.44185e+07 0.000983776 -0.00025211 0.00147432 0.00114991 0.0965704
19 88 0 0.499697 0.21865 0.000328082 0.000299504 8.49517e+07 3.38342e+08 1.60914e+08 2.92937e+07 0 3.06119e+08 0 3.38342e+08 3.06119e+08 1.60914e+08 2.92937e+07 0.000724658 -0.000544681 0.000731374 0.00114883 0.0993868
28 88 1 0.284761 0.222522 0.000228434 0.000478277 9.34377e+07 3.7214e+08 1.76988e+08 3.22199e+07 0 3.36698e+08 0 3.7214e+08 3.36698e+08 1.76988e+08 3.22199e+07 0.000333643 -0.00132398 0.000223085 0.00170421 0.0998568
27 88 2 0.4 5.80299e-24 -1.29295e-27 4.05077e-26 9.49842e+07 3.78299e+08 1.79917e+08 3.27532e+07 0 3.42271e+08 0 3.78299e+08 3.42271e+08 1.79917e+08 3.27532e+07 -8.97108e-05 -0.000287418 0.00195638 0.00175999 0.118688
9 89 0 0.81647 0.410074 0.00074259 0.000428537 1.23689e+08 4.92624e+08 2.34289e+08 4.26514e+07 0 4.45707e+08 0 4.92624e+08 4.45707e+08 2.34289e+08 4.26514e+07 0.000716323 2.92931e-05 0.000765055 0.000742645 0.0863579
17 89 1 0.616621 0.439638 0.000554137 0.000485206 5.4665e+07 2.17718e+08 1.03545e+08 1.885e+07 0 1.96983e+08 0 2.17718e+08 1.96983e+08 1.03545e+08 1.885e+07 0.00150191 -0.000170642 0.000320275 0.00119724 0.0855577
11 89 2 0.707537 0.212358 0.000460746 0.000236326 1.05706e+08 4.21003e+08 2.00227e+08 3.64505e+07 0 3.80908e+08 0 4.21003e+08 3.80908e+08 2.00227e+08 3.64505e+07 0.000527135 -1.5074e-05 0.00139657 0.00113021 0.0983407
20 90 0 0.526732 0.644371 0.000582087 0.000884759 2.45387e+07 9.77318e+07 4.64807e+07 8.46163e+06 0 8.8424e+07 0 9.77318e+07 8.8424e+07 4.64807e+07 8.46163e+06 0.00220016 -0.000457338 0.000219965 0.00235682 0.077028
21 90 1 0.366964 0.827102 0.00057734 0.00119825 1.33386e+08 5.31243e+08 2.52656e+08 4.5995e+07 0 4.80648e+08 0 5.31243e+08 4.80648e+08 2.52656e+08 4.5995e+07 0.000508428 0.000293121 0.00123268 0.000589707 0.0711901
29 90 2 0.31109 0.596684 0.000291608 0.00086023 4.29596e+07 1.71098e+08 8.13732e+07 1.48137e+07 0 1.54803e+08 0 1.71098e+08 1.54803e+08 8.13732e+07 1.48137e+07 0.00105545 -0.000440822 0.000368004 0.00202322 0.0786559
26 91 0 0.384597 0.422014 0.000300216 0.000585615 1.38597e+08 5.52e+08 2.62528e+08 4.77922e+07 0 4.99428e+08 0 5.52e+08 4.99428e+08 2.62528e+08 4.77922e+07 0.000489314 -0.00091154 0.000183519 0.000552057 0.0868956
20 91 1 0.526732 0.644371 0.000582087 0.000884759 2.45387e+07 9.77318e+07 4.64807e+07 8.46163e+06 0 8.8424e+07 0 9.77318e+07 8.8424e+07 4.64807e+07 8.46163e+06 0.00220016 -0.000457338 0.000219965 0.00235682 0.077028
29 91 2 0.31109 0.596684 0.000291608 0.00086023 4.29596e+07 1.71098e+08 8.13732e+07 1.48137e+07 0 1.54803e+08 0 1.71098e+08 1.54803e+08 8.13732e+07 1.48137e+07 0.00105545 -0.000440822 0.000368004 0.00202322 0.0786559
13 92 0 0.636697 0.865855 0.000834251 0.00115185 8.26171e+07 3.29044e+08 1.56492e+08 2.84887e+07 0 2.97707e+08 0 3.29044e+08 2.97707e+08 1.56492e+08 2.84887e+07 0.00102016 -0.000886827 0.000223519 0.000890983 0.0713925
7 92 1 0.887607 0.948687 0.00107811 0.000960124 1.39084e+08 5.53937e+08 2.6345e+08 4.79599e+07 0 5.01181e+08 0 5.53937e+08 5.01181e+08 2.6345e+08 4.79599e+07 0.000565461 -0.00102368 0.000408857 0.000618656 0.0721141
8 92 2 0.696835 1.11934 0.0010869 0.00141134 4.54171e+07 1.80885e+08 8.60282e+07 1.56611e+07 0 1.63658e+08 0 1.80885e+08 1.63658e+08 8.60282e+07 1.56611e+07 0.00181469 -0.000289302 0.00109734 0.00143546 0.0685174
21 93 0 0.366964 0.827102 0.00057734 0.00119825 1.33386e+08 5.31243e+08 2.52656e+08 4.5995e+07 0 4.80648e+08 0 5.31243e+08 4.80648e+08 2.52656e+08 4.5995e+07 0.000508428 0.000293121 0.00123268 0.000589707 0.0711901
13 93 1 0.636697 0.865855 0.000834251 0.00115185 8.26171e+07 3.29044e+08 1.56492e+08 2.84887e+07 0 2.97707e+08 0 3.29044e+08 2.97707e+08 1.56492e+08 2.84887e+07 0.00102016 -0.000886827 0.000223519 0.000890983 0.0713925
14 93 2 0.496168 1.02101 0.000781368 0.00135512 1.30094e+08 5.18134e+08 2.46422e+08 4.48601e+07 0 4.68788e+08 0 5.18134e+08 4.68788e+08 2.46422e+08 4.48601e+07 0.000473439 -0.000212987 0.000447607 0.000733121 0.0679954
12 94 0 0.777989 0.670534 0.000963744 0.000761754 6.20882e+07 2.47282e+08 1.17606e+08 2.14097e+07 0 2.23732e+08 0 2.47282e+08 2.23732e+08 1.17606e+08 2.14097e+07 0.000936484 -0.000659951 0.000849686 0.00168835 0.0768544
7 94 1 0.887607 0.948687 0.00107811 0.000960124 1.39084e+08 5.53937e+08 2.6345e+08 4.79599e+07 0 5.01181e+08 0 5.53937e+08 5.01181e+08 2.6345e+08 4.79599e+07 0.000565461 -0.00102368 0.000408857 0.000618656 0.0721141
13 94 2 0.636697 0.865855 0.000834251 0.00115185 8.26171e+07 3.29044e+08 1.56492e+08 2.84887e+07 0 2.97707e+08 0 3.29044e+08 2.97707e+08 1.56492e+08 2.84887e+07 0.00102016 -0.000886827 0.000223519 0.000890983 0.0713925
14 95 0 0.496168 1.02101 0.000781368 0.00135512 1.30094e+08 5.18134e+08 2.46422e+08 4.48601e+07 0 4.68788e+08 0 5.18134e+08 4.68788e+08 2.46422e+08 4.48601e+07 0.000473439 -0.000212987 0.000447607 0.000733121 0.0679954
8 95 1 0.696835 1.11934 0.0010869 0.00141134 4.54171e+07 1.80885e+08 8.60282e+07 1.56611e+07 0 1.63658e+08 0 1.80885e+08 1.63658e+08 8.60282e+07 1.56611e+07 0.00181469 -0.000289302 0.00109734 0.00143546 0.0685174
15 95 2 0.476615 1.24261 0.000939888 0.00166637 2.60494e+07 1.03748e+08 4.93422e+07 8.98255e+06 0 9.38676e+07 0 1.03748e+08 9.38676e+07 4.93422e+07 8.98255e+06 0.00186791 0.000455427 0.000745013 0.0022352 0.0660805
16 96 0 0.248068 1.31663 0.000655475 0.00181529 7.40988e+07 2.95118e+08 1.40356e+08 2.55513e+07 0 2.67011e+08 0 2.95118e+08 2.67011e+08 1.40356e+08 2.55513e+07 0.000865492 -0.000551405 1.00485e-05 0.00149247 0.064688
22 96 1 0.294561 1.06922 0.000645217 0.00148157 1.21227e+08 4.8282e+08 2.29627e+08 4.18026e+07 0 4.36837e+08 0 4.8282e+08 4.36837e+08 2.29627e+08 4.18026e+07 0.000369268 -0.00135998 0.000304903 0.000846023 0.0664623
15 96 2 0.476615 1.24261 0.000939888 0.00166637 2.60494e+07 1.03748e+08 4.93422e+07 8.98255e+06 0 9.38676e+07 0 1.03748e+08 9.38676e+07 4.93422e+07 8.98255e+06 0.00186791 0.000455427 0.000745013 0.0022352 0.0660805
21 97 0 0.366964 0.827102 0.00057734 0.00119825 1.33386e+08 5.31243e+08 2.52656e+08 4.5995e+07 0 4.80648e+08 0 5.31243e+08 4.80648e+08 2.52656e+08 4.5995e+07 0.000508428 0.000293121 0.00123268 0.000589707 0.0711901
20 97 1 0.526732 0.644371 0.000582087 0.000884759 2.45387e+07 9.77318e+07 4.64807e+07 8.46163e+06 0 8.8424e+07 0 9.77318e+07 8.8424e+07 4.64807e+07 8.46163e+06 0.00220016 -0.000457338 0.000219965 0.00235682 0.077028
13 97 2 0.636697 0.865855 0.000834251 0.00115185 8.26171e+07 3.29044e+08 1.56492e+08 2.84887e+07 0 2.97707e+08 0 3.29044e+08 2.97707e+08 1.56492e+08 2.84887e+07 0.00102016 -0.000886827 0.000223519 0.000890983 0.0713925
19 98 0 0.499697 0.21865 0.000328082 0.000299504 8.49517e+07 3.38342e+08 1.60914e+08 2.92937e+07 0 3.06119e+08 0 3.38342e+08 3.06119e+08 1.60914e+08 2.92937e+07 0.000724658 -0.000544681 0.000731374 0.00114883 0.0993868
18 98 1 0.6 5.69238e-24 2.80824e-27 3.22506e-26 9.44954e+07 3.76352e+08 1.78991e+08 3.25846e+07 0 3.40509e+08 0 3.76352e+08 3.40509e+08 1.78991e+08 3.25846e+07 1.03588e-25 7.16016e-25 0.00282225 0.00135037 0.11737
11 98 2 0.707537 0.212358 0.000460746 0.000236326 1.05706e+08 4.21003e+08 2.00227e+08 3.64505e+07 0 3.80908e+08 0 4.21003e+08 3.80908e+08 2.00227e+08 3.64505e+07 0.000527135 -1.5074e-05 0.00139657 0.00113021 0.0983407
13 99 0 0.636697 0.865855 0.000834251 0.00115185 8.26171e+07 3.29044e+08 1.56492e+08 2.84887e+07 0 2.97707e+08 0 3.29044e+08 2.97707e+08 1.56492e+08 2.84887e+07 0.00102016 -0.000886827 0.000223519 0.000890983 0.0713925
20 99 1 0.526732 0.644371 0.000582087 0.000884759 2.45387e+07 9.77318e+07 4.64807e+07 8.46163e+06 0 8.8424e+07 0 9.77318e+07 8.8424e+07 4.64807e+07 8.46163e+06 0.00220016 -0.000457338 0.000219965 0.00235682 0.077028
12 99 2 0.777989 0.670534 0.000963744 0.000761754 6.20882e+07 2.47282e+08 1.17606e+08 2.14097e+07 0 2.23732e+08 0 2.47282e+08 2.23732e+08 1.17606e+08 2.14097e+07 0.000936484 -0.000659951 0.000849686 0.00168835 0.0768544
10 100 0 0.8 5.75958e-24 5.79514e-27 3.70227e-26 1.33109e+08 5.30143e+08 2.52133e+08 4.58998e+07 0 4.79653e+08 0 5.30143e+08 4.79653e+08 2.52133e+08 4.58998e+07 1.20359e-25 6.27519e-25 0.00372864 0.00100128 0.114654
11 100 1 0.707537 0.212358 0.000460746 0.000236326 1.05706e+08 4.21003e+08 2.00227e+08 3.64505e+07 0 3.80908e+08 0 4.21003e+08 3.80908e+08 2.00227e+08 3.64505e+07 0.000527135 -1.5074e-05 0.00139657 0.00113021 0.0983407
18 100 2 0.6 5.69238e-24 2.80824e-27 3.22506e-26 9.44954e+07 3.76352e+08 1.78991e+08 3.25846e+07 0 3.40509e+08 0 3.76352e+08 3.40509e+08 1.78991e+08 3.25846e+07 1.03588e-25 7.16016e-25 0.00282225 0.00135037 0.11737
14 101 0 0.496168 1.02101 0.000781368 0.00135512 1.30094e+08 5.18134e+08 2.46422e+08 4.48601e+07 0 4.68788e+08 0 5.18134e+08 4.68788e+08 2.46422e+08 4.48601e+07 0.000473439 -0.000212987 0.000447607 0.000733121 0.0679954
13 101 1 0.636697 0.865855 0.000834251 0.00115185 8.26171e+07 3.29044e+08 1.56492e+08 2.84887e+07 0 2.97707e+08 0 3.29044e+08 2.97707e+08 1.56492e+08 2.84887e+07 0.00102016 -0.000886827 0.000223519 0.000890983 0.0713925
8 101 2 0.696835 1.11934 0.0010869 0.00141134 4.54171e+07 1.80885e+08 8.60282e+07 1.56611e+07 0 1.63658e+08 0 1.80885e+08 1.63658e+08 8.60282e+07 1.56611e+07 0.00181469 -0.000289302 0.00109734 0.00143546 0.0685174
10 102 0 0.8 5.75958e-24 5.79514e-27 3.70227e-26 1.33109e+08 5.30143e+08 2.52133e+08 4.58998e+07 0 4.79653e+08 0 5.30143e+08 4.79653e+08 2.52133e+08 4.58998e+07 1.20359e-25 6.27519e-25 0.00372864 0.00100128 0.114654
4 102 1 1 2.33661e-24 -4.55402e-27 2.02719e-26 9.82048e+07 3.91126e+08 1.86018e+08 3.38637e+07 0 3.53876e+08 0 3.91126e+08 3.53876e+08 1.86018e+08 3.38637e+07 0.00112184 -0.00212406 0.00572266 0.000250848 0.1077
3 102 2 0.923435 0.193587 0.000591117 0.000211763 7.08136e+07 2.82033e+08 1.34134e+08 2.44185e+07 0 2.55173e+08 0 2.82033e+08 2.55173e+08 1.34134e+08 2.44185e+07 0.000983776 -0.00025211 0.00147432 0.00114991 0.0965704
5 103 0 0.953734 0.55282 0.000999056 0.000524676 9.81112e+07 3.90753e+08 1.8584e+08 3.38314e+07 0 3.53538e+08 0 3.90753e+08 3.53538e+08 1.8584e+08 3.38314e+07 0.000745065 -0.000533591 0.00128761 0.00105192 0.0810211
12 103 1 0.777989 0.670534 0.000963744 0.000761754 6.20882e+07 2.47282e+08 1.17606e+08 2.14097e+07 0 2.23732e+08 0 2.47282e+08 2.23732e+08 1.17606e+08 2.14097e+07 0.000936484 -0.000659951 0.000849686 0.00168835 0.0768544
9 103 2 0.81647 0.410074 0.00074259 0.000428537 1.23689e+08 4.92624e+08 2.34289e+08 4.26514e+07 0 4.45707e+08 0 4.92624e+08 4.45707e+08 2.34289e+08 4.26514e+07 0.000716323 2.92931e-05 0.000765055 0.000742645 0.0863579
2 104 0 1.01635 0.356867 0.000840832 0.0003117 1.32114e+08 5.26178e+08 2.50248e+08 4.55566e+07 0 4.76066e+08 0 5.26178e+08 4.76066e+08 2.50248e+08 4.55566e+07 0.000645366 -0.000818738 0.000657384 0.000683546 0.0877332
0 104 1 1.17665 0.214626 0.000918207 -7.77196e-05 4.57787e+07 1.82326e+08 8.67131e+07 1.57858e+07 0 1.64961e+08 0 1.82326e+08 1.64961e+08 8.67131e+07 1.57858e+07 0.00136798 -0.00208011 0.000260278 0.00176367 0.0914573
1 104 2 1.15053 0.488891 0.00107414 0.000326059 8.82374e+07 3.51428e+08 1.67138e+08 3.04267e+07 0 3.17959e+08 0 3.51428e+08 3.17959e+08 1.67138e+08 3.04267e+07 0.000845486 -0.000787656 0.00125961 0.00109453 0.0837932
11 105 0 0.707537 0.212358 0.000460746 0.000236326 1.05706e+08 4.21003e+08 2.00227e+08 3.64505e+07 0 3.80908e+08 0 4.21003e+08 3.80908e+08 2.00227e+08 3.64505e+07 0.000527135 -1.5074e-05 0.00139657 0.00113021 0.0983407
3 105 1 0.923435 0.193587 0.000591117 0.000211763 7.08136e+07 2.82033e+08 1.34134e+08 2.44185e+07 0 2.55173e+08 0 2.82033e+08 2.55173e+08 1.34134e+08 2.44185e+07 0.000983776 -0.00025211 0.00147432 0.00114991 0.0965704
9 105 2 0.81647 0.410074 0.00074259 0.000428537 1.23689e+08 4.92624e+08 2.34289e+08 4.26514e+07 0 4.45707e+08 0 4.92624e+08 4.45707e+08 2.34289e+08 4.26514e+07 0.000716323 2.92931e-05 0.000765055 0.000742645 0.0863579
4 106 0 1 2.33661e-24 -4.55402e-27 2.02719e-26 9.82048e+07 3.91126e+08 1.86018e+08 3.38637e+07 0 3.53876e+08 0 3.91126e+08 3.53876e+08 1.86018e+08 3.38637e+07 0.00112184 -0.00212406 0.00572266 0.000250848 0.1077
0 106 1 1.17665 0.214626 0.000918207 -7.77196e-05 4.57787e+07 1.82326e+08 8.67131e+07 1.57858e+07 0 1.64961e+08 0 1.82326e+08 1.64961e+08 8.67131e+07 1.57858e+07 0.00136798 -0.00208011 0.000260278 0.00176367 0.0914573
3 106 2 0.923435 0.193587 0.000591117 0.000211763 7.08136e+07 2.82033e+08 1.34134e+08 2.44185e+07 0 2.55173e+08 0 2.82033e+08 2.55173e+08 1.34134e+08 2.44185e+07 0.000983776 -0.00025211 0.00147432 0.00114991 0.0965704
2 107 0 1.01635 0.356867 0.000840832 0.0003117 1.32114e+08 5.26178e+08 2.50248e+08 4.55566e+07 0 4.76066e+08 0 5.26178e+08 4.76066e+08 2.50248e+08 4.55566e+07 0.000645366 -0.000818738 0.000657384 0.000683546 0.0877332
3 107 1 0.923435 0.193587 0.000591117 0.000211763 7.08136e+07 2.82033e+08 1.34134e+08 2.44185e+07 0 2.55173e+08 0 2.82033e+08 2.55173e+08 1.34134e+08 2.44185e+07 0.000983776 -0.00025211 0.00147432 0.00114991 0.0965704
0 107 2 1.17665 0.214626 0.000918207 -7.77196e-05 4.57787e+07 1.82326e+08 8.67131e+07 1.57858e+07 0 1.64961e+08 0 1.82326e+08 1.64961e+08 8.67131e+07 1.57858e+07 0.00136798 -0.00208011 0.000260278 0.00176367 0.0914573
5 108 0 0.953734 0.55282 0.000999056 0.000524676 9.81112e+07 3.90753e+08 1.8584e+08 3.38314e+07 0 3.53538e+08 0 3.90753e+08 3.53538e+08 1.8584e+08 3.38314e+07 0.000745065 -0.000533591 0.00128761 0.00105192 0.0810211
2 108 1 1.01635 0.356867 0.000840832 0.0003117 1.32114e+08 5.26178e+08 2.50248e+08 4.55566e+07 0 4.76066e+08 0 5.26178e+08 4.76066e+08 2.50248e+08 4.55566e+07 0.000645366 -0.000818738 0.000657384 0.000683546 0.0877332
1 108 2 1.15053 0.488891 0.00107414 0.000326059 8.82374e+07 3.51428e+08 1.67138e+08 3.04267e+07 0 3.17959e+08 0 3.51428e+08 3.17959e+08 1.67138e+08 3.04267e+07 0.000845486 -0.000787656 0.00125961 0.00109453 0.0837932
9 109 0 0.81647 0.410074 0.00074259 0.000428537 1.23689e+08 4.92624e+08 2.34289e+08 4.26514e+07 0 4.45707e+08 0 4.92624e+08 4.45707e+08 2.34289e+08 4.26514e+07 0.000716323 2.92931e-05 0.000765055 0.000742645 0.0863579
3 109 1 0.923435 0.193587 0.000591117 0.000211763 7.08136e+07 2.82033e+08 1.34134e+08 2.44185e+07 0 2.55173e+08 0 2.82033e+08 2.55173e+08 1.34134e+08 2.44185e+07 0.000983776 -0.00025211 0.00147432 0.00114991 0.0965704
2 109 2 1.01635 0.356867 0.000840832 0.0003117 1.32114e+08 5.26178e+08 2.50248e+08 4.55566e+07 0 4.76066e+08 0 5.26178e+08 4.76066e+08 2.50248e+08 4.55566e+07 0.000645366 -0.000818738 0.000657384 0.000683546 0.0877332
