Index_Vertex nbTriangle nbInTr x y ux uy Elast AR BR IR GR ER FR A1 A2 B12 C3 Defxx Defxy Defyx Defyy Density 
2 0 0 -0.856053 0.142235 -0.000854807 0.00029177 5.88906e+07 2.34547e+08 1.11549e+08 2.03071e+07 0 2.12209e+08 0 2.34547e+08 2.12209e+08 1.11549e+08 2.03071e+07 0.000416914 0.000798371 -0.00538651 0.00208349 0.129229
0 0 1 -1 1.57815e-25 6.47832e-27 5.05098e-27 1.14184e+08 4.54767e+08 2.16285e+08 3.93738e+07 0 4.11456e+08 0 4.54767e+08 4.11456e+08 2.16285e+08 3.93738e+07 0.00106419 0.00115265 -0.00899475 -0.000149399 0.142075
1 0 2 -0.8 7.15166e-25 -4.27576e-27 3.84292e-26 6.65429e+07 2.65024e+08 1.26044e+08 2.29458e+07 0 2.39784e+08 0 2.65024e+08 2.39784e+08 1.26044e+08 2.29458e+07 5.97422e-05 -0.000646287 -0.00644529 0.0020791 0.141422
7 1 0 -0.668347 0.165469 -0.000658864 0.000570127 7.04712e+06 2.8067e+07 1.33485e+07 2.43004e+06 0 2.53939e+07 0 2.8067e+07 2.53939e+07 1.33485e+07 2.43004e+06 0.00287638 0.000847562 -0.00186343 0.00478011 0.1261
9 1 1 -0.793156 0.303718 -0.00108889 0.000751426 4.31963e+07 1.7204e+08 8.18215e+07 1.48953e+07 0 1.55656e+08 0 1.7204e+08 1.55656e+08 8.18215e+07 1.48953e+07 0.00222931 0.00318456 -0.000374185 0.00159388 0.117988
2 1 2 -0.856053 0.142235 -0.000854807 0.00029177 5.88906e+07 2.34547e+08 1.11549e+08 2.03071e+07 0 2.12209e+08 0 2.34547e+08 2.12209e+08 1.11549e+08 2.03071e+07 0.000416914 0.000798371 -0.00538651 0.00208349 0.129229
7 2 0 -0.668347 0.165469 -0.000658864 0.000570127 7.04712e+06 2.8067e+07 1.33485e+07 2.43004e+06 0 2.53939e+07 0 2.8067e+07 2.53939e+07 1.33485e+07 2.43004e+06 0.00287638 0.000847562 -0.00186343 0.00478011 0.1261
1 2 1 -0.8 7.15166e-25 -4.27576e-27 3.84292e-26 6.65429e+07 2.65024e+08 1.26044e+08 2.29458e+07 0 2.39784e+08 0 2.65024e+08 2.39784e+08 1.26044e+08 2.29458e+07 5.97422e-05 -0.000646287 -0.00644529 0.0020791 0.141422
8 2 2 -0.6 7.45095e-25 -1.18922e-27 2.81635e-26 4.68121e+07 1.86441e+08 8.86705e+07 1.61421e+07 0 1.68685e+08 0 1.86441e+08 1.68685e+08 8.86705e+07 1.61421e+07 0.000218589 0.000670816 -0.00259025 0.0019347 0.140166
2 3 0 -0.856053 0.142235 -0.000854807 0.00029177 5.88906e+07 2.34547e+08 1.11549e+08 2.03071e+07 0 2.12209e+08 0 2.34547e+08 2.12209e+08 1.11549e+08 2.03071e+07 0.000416914 0.000798371 -0.00538651 0.00208349 0.129229
9 3 1 -0.793156 0.303718 -0.00108889 0.000751426 4.31963e+07 1.7204e+08 8.18215e+07 1.48953e+07 0 1.55656e+08 0 1.7204e+08 1.55656e+08 8.18215e+07 1.48953e+07 0.00222931 0.00318456 -0.000374185 0.00159388 0.117988
3 3 2 -1.00199 0.201308 -0.00114963 9.93761e-05 1.08188e+08 4.30885e+08 2.04927e+08 3.73061e+07 0 3.89849e+08 0 4.30885e+08 3.89849e+08 2.04927e+08 3.73061e+07 0.000340381 0.00288347 -0.00220787 0.00102455 0.126141
0 4 0 -1 1.57815e-25 6.47832e-27 5.05098e-27 1.14184e+08 4.54767e+08 2.16285e+08 3.93738e+07 0 4.11456e+08 0 4.54767e+08 4.11456e+08 2.16285e+08 3.93738e+07 0.00106419 0.00115265 -0.00899475 -0.000149399 0.142075
2 4 1 -0.856053 0.142235 -0.000854807 0.00029177 5.88906e+07 2.34547e+08 1.11549e+08 2.03071e+07 0 2.12209e+08 0 2.34547e+08 2.12209e+08 1.11549e+08 2.03071e+07 0.000416914 0.000798371 -0.00538651 0.00208349 0.129229
3 4 2 -1.00199 0.201308 -0.00114963 9.93761e-05 1.08188e+08 4.30885e+08 2.04927e+08 3.73061e+07 0 3.89849e+08 0 4.30885e+08 3.89849e+08 2.04927e+08 3.73061e+07 0.000340381 0.00288347 -0.00220787 0.00102455 0.126141
1 5 0 -0.8 7.15166e-25 -4.27576e-27 3.84292e-26 6.65429e+07 2.65024e+08 1.26044e+08 2.29458e+07 0 2.39784e+08 0 2.65024e+08 2.39784e+08 1.26044e+08 2.29458e+07 5.97422e-05 -0.000646287 -0.00644529 0.0020791 0.141422
7 5 1 -0.668347 0.165469 -0.000658864 0.000570127 7.04712e+06 2.8067e+07 1.33485e+07 2.43004e+06 0 2.53939e+07 0 2.8067e+07 2.53939e+07 1.33485e+07 2.43004e+06 0.00287638 0.000847562 -0.00186343 0.00478011 0.1261
2 5 2 -0.856053 0.142235 -0.000854807 0.00029177 5.88906e+07 2.34547e+08 1.11549e+08 2.03071e+07 0 2.12209e+08 0 2.34547e+08 2.12209e+08 1.11549e+08 2.03071e+07 0.000416914 0.000798371 -0.00538651 0.00208349 0.129229
9 6 0 -0.793156 0.303718 -0.00108889 0.000751426 4.31963e+07 1.7204e+08 8.18215e+07 1.48953e+07 0 1.55656e+08 0 1.7204e+08 1.55656e+08 8.18215e+07 1.48953e+07 0.00222931 0.00318456 -0.000374185 0.00159388 0.117988
12 6 1 -0.712499 0.468464 -0.00112569 0.00122928 3.75044e+07 1.49371e+08 7.10401e+07 1.29326e+07 0 1.35145e+08 0 1.49371e+08 1.35145e+08 7.10401e+07 1.29326e+07 0.00189471 0.000539566 -0.00223606 0.00213031 0.10893
5 6 2 -0.948867 0.397542 -0.00139103 0.000570102 5.32945e+07 2.12259e+08 1.00949e+08 1.83774e+07 0 1.92044e+08 0 2.12259e+08 1.92044e+08 1.00949e+08 1.83774e+07 0.00101266 0.00324115 -0.000243171 0.0023362 0.115431
3 7 0 -1.00199 0.201308 -0.00114963 9.93761e-05 1.08188e+08 4.30885e+08 2.04927e+08 3.73061e+07 0 3.89849e+08 0 4.30885e+08 3.89849e+08 2.04927e+08 3.73061e+07 0.000340381 0.00288347 -0.00220787 0.00102455 0.126141
9 7 1 -0.793156 0.303718 -0.00108889 0.000751426 4.31963e+07 1.7204e+08 8.18215e+07 1.48953e+07 0 1.55656e+08 0 1.7204e+08 1.55656e+08 8.18215e+07 1.48953e+07 0.00222931 0.00318456 -0.000374185 0.00159388 0.117988
5 7 2 -0.948867 0.397542 -0.00139103 0.000570102 5.32945e+07 2.12259e+08 1.00949e+08 1.83774e+07 0 1.92044e+08 0 2.12259e+08 1.92044e+08 1.00949e+08 1.83774e+07 0.00101266 0.00324115 -0.000243171 0.0023362 0.115431
7 8 0 -0.668347 0.165469 -0.000658864 0.000570127 7.04712e+06 2.8067e+07 1.33485e+07 2.43004e+06 0 2.53939e+07 0 2.8067e+07 2.53939e+07 1.33485e+07 2.43004e+06 0.00287638 0.000847562 -0.00186343 0.00478011 0.1261
14 8 1 -0.47297 0.179647 -0.000260175 0.000421569 2.85724e+07 1.13797e+08 5.41212e+07 9.85255e+06 0 1.02959e+08 0 1.13797e+08 1.02959e+08 5.41212e+07 9.85255e+06 0.00103081 -0.00284659 -0.00118972 0.00429709 0.123652
15 8 2 -0.57551 0.340975 -0.00073672 0.00098124 7.45425e+07 2.96885e+08 1.41197e+08 2.57043e+07 0 2.6861e+08 0 2.96885e+08 2.6861e+08 1.41197e+08 2.57043e+07 0.00119751 -0.00141914 -0.000543402 0.000815739 0.113703
16 9 0 -0.4 7.73606e-25 -2.12585e-28 3.6352e-26 1.01296e+08 4.03438e+08 1.91873e+08 3.49297e+07 0 3.65015e+08 0 4.03438e+08 3.65015e+08 1.91873e+08 3.49297e+07 -5.98322e-05 0.00037039 -0.00113893 0.00121913 0.139014
14 9 1 -0.47297 0.179647 -0.000260175 0.000421569 2.85724e+07 1.13797e+08 5.41212e+07 9.85255e+06 0 1.02959e+08 0 1.13797e+08 1.02959e+08 5.41212e+07 9.85255e+06 0.00103081 -0.00284659 -0.00118972 0.00429709 0.123652
8 9 2 -0.6 7.45095e-25 -1.18922e-27 2.81635e-26 4.68121e+07 1.86441e+08 8.86705e+07 1.61421e+07 0 1.68685e+08 0 1.86441e+08 1.68685e+08 8.86705e+07 1.61421e+07 0.000218589 0.000670816 -0.00259025 0.0019347 0.140166
16 10 0 -0.4 7.73606e-25 -2.12585e-28 3.6352e-26 1.01296e+08 4.03438e+08 1.91873e+08 3.49297e+07 0 3.65015e+08 0 4.03438e+08 3.65015e+08 1.91873e+08 3.49297e+07 -5.98322e-05 0.00037039 -0.00113893 0.00121913 0.139014
23 10 1 -0.2 7.04402e-25 -1.46975e-27 2.60996e-26 8.63107e+06 3.43755e+07 1.63488e+07 2.97623e+06 0 3.11016e+07 0 3.43755e+07 3.11016e+07 1.63488e+07 2.97623e+06 1.59581e-25 7.24595e-25 7.77322e-05 0.0045665 0.138253
22 10 2 -0.278408 0.187532 -0.000129634 0.000416152 8.49421e+07 3.38304e+08 1.60896e+08 2.92904e+07 0 3.06084e+08 0 3.38304e+08 3.06084e+08 1.60896e+08 2.92904e+07 0.000698563 0.0016912 -0.000460401 0.000786784 0.122083
14 11 0 -0.47297 0.179647 -0.000260175 0.000421569 2.85724e+07 1.13797e+08 5.41212e+07 9.85255e+06 0 1.02959e+08 0 1.13797e+08 1.02959e+08 5.41212e+07 9.85255e+06 0.00103081 -0.00284659 -0.00118972 0.00429709 0.123652
21 11 1 -0.363002 0.371128 -0.000404375 0.00068528 4.09283e+07 1.63007e+08 7.75255e+07 1.41132e+07 0 1.47483e+08 0 1.63007e+08 1.47483e+08 7.75255e+07 1.41132e+07 0.00168111 -0.000566422 -0.000251438 0.00253597 0.110443
15 11 2 -0.57551 0.340975 -0.00073672 0.00098124 7.45425e+07 2.96885e+08 1.41197e+08 2.57043e+07 0 2.6861e+08 0 2.96885e+08 2.6861e+08 1.41197e+08 2.57043e+07 0.00119751 -0.00141914 -0.000543402 0.000815739 0.113703
25 12 0 -0.124383 0.760392 -0.000285965 0.00132379 1.52933e+08 6.09093e+08 2.89682e+08 5.27354e+07 0 5.51084e+08 0 6.09093e+08 5.51084e+08 2.89682e+08 5.27354e+07 0.000335757 -0.00130602 2.46703e-05 0.000695493 0.0947232
31 12 1 -0.0634026 0.545548 -2.89203e-05 0.000971576 5.80752e+07 2.313e+08 1.10005e+08 2.00259e+07 0 2.09271e+08 0 2.313e+08 2.09271e+08 1.10005e+08 2.00259e+07 0.00111595 -0.00228879 -0.0019968 0.00198624 0.101051
32 12 2 0.073386 0.706725 -6.5227e-05 0.00102873 3.48883e+07 1.38952e+08 6.60848e+07 1.20305e+07 0 1.25718e+08 0 1.38952e+08 1.25718e+08 6.60848e+07 1.20305e+07 0.00202514 -0.000602765 -0.000381223 0.00241086 0.0958517
26 13 0 0.0133779 0.890945 -0.000111604 0.00141145 4.7686e+07 1.89922e+08 9.03258e+07 1.64434e+07 0 1.71834e+08 0 1.89922e+08 1.71834e+08 9.03258e+07 1.64434e+07 0.00169167 -5.03012e-05 0.00122719 0.00167195 0.092476
25 13 1 -0.124383 0.760392 -0.000285965 0.00132379 1.52933e+08 6.09093e+08 2.89682e+08 5.27354e+07 0 5.51084e+08 0 6.09093e+08 5.51084e+08 2.89682e+08 5.27354e+07 0.000335757 -0.00130602 2.46703e-05 0.000695493 0.0947232
32 13 2 0.073386 0.706725 -6.5227e-05 0.00102873 3.48883e+07 1.38952e+08 6.60848e+07 1.20305e+07 0 1.25718e+08 0 1.38952e+08 1.25718e+08 6.60848e+07 1.20305e+07 0.00202514 -0.000602765 -0.000381223 0.00241086 0.0958517
34 14 0 0.214321 0.835819 0.000125515 0.00120325 6.21182e+07 2.47402e+08 1.17663e+08 2.14201e+07 0 2.2384e+08 0 2.47402e+08 2.2384e+08 1.17663e+08 2.14201e+07 0.000970096 -0.000716218 6.63468e-05 0.00173282 0.0937296
26 14 1 0.0133779 0.890945 -0.000111604 0.00141145 4.7686e+07 1.89922e+08 9.03258e+07 1.64434e+07 0 1.71834e+08 0 1.89922e+08 1.71834e+08 9.03258e+07 1.64434e+07 0.00169167 -5.03012e-05 0.00122719 0.00167195 0.092476
32 14 2 0.073386 0.706725 -6.5227e-05 0.00102873 3.48883e+07 1.38952e+08 6.60848e+07 1.20305e+07 0 1.25718e+08 0 1.38952e+08 1.25718e+08 6.60848e+07 1.20305e+07 0.00202514 -0.000602765 -0.000381223 0.00241086 0.0958517
27 15 0 0.00226059 1.03898 -3.78685e-07 0.00184219 1.19406e+07 4.75564e+07 2.26176e+07 4.11743e+06 0 4.30272e+07 0 4.75564e+07 4.30272e+07 2.26176e+07 4.11743e+06 0.00265488 -0.00220904 0.000601891 0.00397765 0.0916864
20 15 1 -0.198812 1.01925 -0.000241344 0.00167609 9.57525e+07 3.81359e+08 1.81373e+08 3.30181e+07 0 3.45039e+08 0 3.81359e+08 3.45039e+08 1.81373e+08 3.30181e+07 0.000597888 -0.00140263 0.000588536 0.00124762 0.0922395
26 15 2 0.0133779 0.890945 -0.000111604 0.00141145 4.7686e+07 1.89922e+08 9.03258e+07 1.64434e+07 0 1.71834e+08 0 1.89922e+08 1.71834e+08 9.03258e+07 1.64434e+07 0.00169167 -5.03012e-05 0.00122719 0.00167195 0.092476
19 16 0 -0.278602 0.812856 -0.000432089 0.00160517 3.34559e+07 1.33247e+08 6.33715e+07 1.15365e+07 0 1.20557e+08 0 1.33247e+08 1.20557e+08 6.33715e+07 1.15365e+07 0.00209338 -0.00222205 6.80774e-05 0.00199332 0.0944813
24 16 1 -0.270931 0.581819 -0.00035711 0.00116843 3.70119e+07 1.4741e+08 7.01072e+07 1.27627e+07 0 1.33371e+08 0 1.4741e+08 1.33371e+08 7.01072e+07 1.27627e+07 0.00170676 0.000591111 -0.000842745 0.00170555 0.100377
25 16 2 -0.124383 0.760392 -0.000285965 0.00132379 1.52933e+08 6.09093e+08 2.89682e+08 5.27354e+07 0 5.51084e+08 0 6.09093e+08 5.51084e+08 2.89682e+08 5.27354e+07 0.000335757 -0.00130602 2.46703e-05 0.000695493 0.0947232
18 17 0 -0.435097 0.725447 -0.000820009 0.00166709 4.30194e+07 1.71336e+08 8.14865e+07 1.48343e+07 0 1.55018e+08 0 1.71336e+08 1.55018e+08 8.14865e+07 1.48343e+07 0.00165088 -0.000485759 -0.000757002 0.00168518 0.0974923
17 17 1 -0.484485 0.520857 -0.00079289 0.00124217 2.37854e+07 9.47316e+07 4.50539e+07 8.20187e+06 0 8.57095e+07 0 9.47316e+07 8.57095e+07 4.50539e+07 8.20187e+06 0.00191929 -0.00176551 -0.00165831 0.00369685 0.104255
24 17 2 -0.270931 0.581819 -0.00035711 0.00116843 3.70119e+07 1.4741e+08 7.01072e+07 1.27627e+07 0 1.33371e+08 0 1.4741e+08 1.33371e+08 7.01072e+07 1.27627e+07 0.00170676 0.000591111 -0.000842745 0.00170555 0.100377
13 18 0 -0.392589 0.960327 -0.000693087 0.00235606 1.46584e+07 5.83809e+07 2.77657e+07 5.05463e+06 0 5.28208e+07 0 5.83809e+07 5.28208e+07 2.77657e+07 5.05463e+06 0.00292168 0.00348475 0.00101022 0.00363867 0.093968
18 18 1 -0.435097 0.725447 -0.000820009 0.00166709 4.30194e+07 1.71336e+08 8.14865e+07 1.48343e+07 0 1.55018e+08 0 1.71336e+08 1.55018e+08 8.14865e+07 1.48343e+07 0.00165088 -0.000485759 -0.000757002 0.00168518 0.0974923
19 18 2 -0.278602 0.812856 -0.000432089 0.00160517 3.34559e+07 1.33247e+08 6.33715e+07 1.15365e+07 0 1.20557e+08 0 1.33247e+08 1.20557e+08 6.33715e+07 1.15365e+07 0.00209338 -0.00222205 6.80774e-05 0.00199332 0.0944813
11 19 0 -0.571847 0.863495 -0.00101634 0.00179199 1.17944e+08 4.69742e+08 2.23407e+08 4.06703e+07 0 4.25005e+08 0 4.69742e+08 4.25005e+08 2.23407e+08 4.06703e+07 0.000249792 0.000674871 -0.000204655 0.000311582 0.0969868
4 19 1 -0.727849 0.734475 -0.00118662 0.00154664 6.08458e+07 2.42334e+08 1.15253e+08 2.09813e+07 0 2.19255e+08 0 2.42334e+08 2.19255e+08 1.15253e+08 2.09813e+07 0.00117011 0.00137807 5.77828e-05 0.00155593 0.101361
10 19 2 -0.620492 0.639515 -0.00108556 0.00153732 8.84418e+07 3.52243e+08 1.67525e+08 3.04972e+07 0 3.18696e+08 0 3.52243e+08 3.18696e+08 1.67525e+08 3.04972e+07 0.000834777 0.000790888 0.000272925 0.00113177 0.101825
21 20 0 -0.363002 0.371128 -0.000404375 0.00068528 4.09283e+07 1.63007e+08 7.75255e+07 1.41132e+07 0 1.47483e+08 0 1.63007e+08 1.47483e+08 7.75255e+07 1.41132e+07 0.00168111 -0.000566422 -0.000251438 0.00253597 0.110443
28 20 1 -0.155493 0.375504 -4.18203e-05 0.000774203 4.83655e+07 1.92628e+08 9.1613e+07 1.66778e+07 0 1.74283e+08 0 1.92628e+08 1.74283e+08 9.1613e+07 1.66778e+07 0.0014512 -0.00100656 0.000127434 0.00184577 0.109325
24 20 2 -0.270931 0.581819 -0.00035711 0.00116843 3.70119e+07 1.4741e+08 7.01072e+07 1.27627e+07 0 1.33371e+08 0 1.4741e+08 1.33371e+08 7.01072e+07 1.27627e+07 0.00170676 0.000591111 -0.000842745 0.00170555 0.100377
17 21 0 -0.484485 0.520857 -0.00079289 0.00124217 2.37854e+07 9.47316e+07 4.50539e+07 8.20187e+06 0 8.57095e+07 0 9.47316e+07 8.57095e+07 4.50539e+07 8.20187e+06 0.00191929 -0.00176551 -0.00165831 0.00369685 0.104255
15 21 1 -0.57551 0.340975 -0.00073672 0.00098124 7.45425e+07 2.96885e+08 1.41197e+08 2.57043e+07 0 2.6861e+08 0 2.96885e+08 2.6861e+08 1.41197e+08 2.57043e+07 0.00119751 -0.00141914 -0.000543402 0.000815739 0.113703
21 21 2 -0.363002 0.371128 -0.000404375 0.00068528 4.09283e+07 1.63007e+08 7.75255e+07 1.41132e+07 0 1.47483e+08 0 1.63007e+08 1.47483e+08 7.75255e+07 1.41132e+07 0.00168111 -0.000566422 -0.000251438 0.00253597 0.110443
19 22 0 -0.278602 0.812856 -0.000432089 0.00160517 3.34559e+07 1.33247e+08 6.33715e+07 1.15365e+07 0 1.20557e+08 0 1.33247e+08 1.20557e+08 6.33715e+07 1.15365e+07 0.00209338 -0.00222205 6.80774e-05 0.00199332 0.0944813
18 22 1 -0.435097 0.725447 -0.000820009 0.00166709 4.30194e+07 1.71336e+08 8.14865e+07 1.48343e+07 0 1.55018e+08 0 1.71336e+08 1.55018e+08 8.14865e+07 1.48343e+07 0.00165088 -0.000485759 -0.000757002 0.00168518 0.0974923
24 22 2 -0.270931 0.581819 -0.00035711 0.00116843 3.70119e+07 1.4741e+08 7.01072e+07 1.27627e+07 0 1.33371e+08 0 1.4741e+08 1.33371e+08 7.01072e+07 1.27627e+07 0.00170676 0.000591111 -0.000842745 0.00170555 0.100377
10 23 0 -0.620492 0.639515 -0.00108556 0.00153732 8.84418e+07 3.52243e+08 1.67525e+08 3.04972e+07 0 3.18696e+08 0 3.52243e+08 3.18696e+08 1.67525e+08 3.04972e+07 0.000834777 0.000790888 0.000272925 0.00113177 0.101825
6 23 1 -0.854449 0.577611 -0.00129782 0.00110937 1.31927e+08 5.25435e+08 2.49894e+08 4.54922e+07 0 4.75394e+08 0 5.25435e+08 4.75394e+08 2.49894e+08 4.54922e+07 0.000470263 0.00256037 0.000500797 0.000611415 0.10736
12 23 2 -0.712499 0.468464 -0.00112569 0.00122928 3.75044e+07 1.49371e+08 7.10401e+07 1.29326e+07 0 1.35145e+08 0 1.49371e+08 1.35145e+08 7.10401e+07 1.29326e+07 0.00189471 0.000539566 -0.00223606 0.00213031 0.10893
22 24 0 -0.278408 0.187532 -0.000129634 0.000416152 8.49421e+07 3.38304e+08 1.60896e+08 2.92904e+07 0 3.06084e+08 0 3.38304e+08 3.06084e+08 1.60896e+08 2.92904e+07 0.000698563 0.0016912 -0.000460401 0.000786784 0.122083
29 24 1 -0.0846651 0.188596 3.0733e-05 0.00043412 6.85541e+07 2.73035e+08 1.29854e+08 2.36394e+07 0 2.47031e+08 0 2.73035e+08 2.47031e+08 1.29854e+08 2.36394e+07 0.000445864 -0.000624884 -0.000369598 0.00214098 0.12151
28 24 2 -0.155493 0.375504 -4.18203e-05 0.000774203 4.83655e+07 1.92628e+08 9.1613e+07 1.66778e+07 0 1.74283e+08 0 1.92628e+08 1.74283e+08 9.1613e+07 1.66778e+07 0.0014512 -0.00100656 0.000127434 0.00184577 0.109325
14 25 0 -0.47297 0.179647 -0.000260175 0.000421569 2.85724e+07 1.13797e+08 5.41212e+07 9.85255e+06 0 1.02959e+08 0 1.13797e+08 1.02959e+08 5.41212e+07 9.85255e+06 0.00103081 -0.00284659 -0.00118972 0.00429709 0.123652
22 25 1 -0.278408 0.187532 -0.000129634 0.000416152 8.49421e+07 3.38304e+08 1.60896e+08 2.92904e+07 0 3.06084e+08 0 3.38304e+08 3.06084e+08 1.60896e+08 2.92904e+07 0.000698563 0.0016912 -0.000460401 0.000786784 0.122083
21 25 2 -0.363002 0.371128 -0.000404375 0.00068528 4.09283e+07 1.63007e+08 7.75255e+07 1.41132e+07 0 1.47483e+08 0 1.63007e+08 1.47483e+08 7.75255e+07 1.41132e+07 0.00168111 -0.000566422 -0.000251438 0.00253597 0.110443
14 26 0 -0.47297 0.179647 -0.000260175 0.000421569 2.85724e+07 1.13797e+08 5.41212e+07 9.85255e+06 0 1.02959e+08 0 1.13797e+08 1.02959e+08 5.41212e+07 9.85255e+06 0.00103081 -0.00284659 -0.00118972 0.00429709 0.123652
16 26 1 -0.4 7.73606e-25 -2.12585e-28 3.6352e-26 1.01296e+08 4.03438e+08 1.91873e+08 3.49297e+07 0 3.65015e+08 0 4.03438e+08 3.65015e+08 1.91873e+08 3.49297e+07 -5.98322e-05 0.00037039 -0.00113893 0.00121913 0.139014
22 26 2 -0.278408 0.187532 -0.000129634 0.000416152 8.49421e+07 3.38304e+08 1.60896e+08 2.92904e+07 0 3.06084e+08 0 3.38304e+08 3.06084e+08 1.60896e+08 2.92904e+07 0.000698563 0.0016912 -0.000460401 0.000786784 0.122083
8 27 0 -0.6 7.45095e-25 -1.18922e-27 2.81635e-26 4.68121e+07 1.86441e+08 8.86705e+07 1.61421e+07 0 1.68685e+08 0 1.86441e+08 1.68685e+08 8.86705e+07 1.61421e+07 0.000218589 0.000670816 -0.00259025 0.0019347 0.140166
14 27 1 -0.47297 0.179647 -0.000260175 0.000421569 2.85724e+07 1.13797e+08 5.41212e+07 9.85255e+06 0 1.02959e+08 0 1.13797e+08 1.02959e+08 5.41212e+07 9.85255e+06 0.00103081 -0.00284659 -0.00118972 0.00429709 0.123652
7 27 2 -0.668347 0.165469 -0.000658864 0.000570127 7.04712e+06 2.8067e+07 1.33485e+07 2.43004e+06 0 2.53939e+07 0 2.8067e+07 2.53939e+07 1.33485e+07 2.43004e+06 0.00287638 0.000847562 -0.00186343 0.00478011 0.1261
28 28 0 -0.155493 0.375504 -4.18203e-05 0.000774203 4.83655e+07 1.92628e+08 9.1613e+07 1.66778e+07 0 1.74283e+08 0 1.92628e+08 1.74283e+08 9.1613e+07 1.66778e+07 0.0014512 -0.00100656 0.000127434 0.00184577 0.109325
31 28 1 -0.0634026 0.545548 -2.89203e-05 0.000971576 5.80752e+07 2.313e+08 1.10005e+08 2.00259e+07 0 2.09271e+08 0 2.313e+08 2.09271e+08 1.10005e+08 2.00259e+07 0.00111595 -0.00228879 -0.0019968 0.00198624 0.101051
24 28 2 -0.270931 0.581819 -0.00035711 0.00116843 3.70119e+07 1.4741e+08 7.01072e+07 1.27627e+07 0 1.33371e+08 0 1.4741e+08 1.33371e+08 7.01072e+07 1.27627e+07 0.00170676 0.000591111 -0.000842745 0.00170555 0.100377
22 29 0 -0.278408 0.187532 -0.000129634 0.000416152 8.49421e+07 3.38304e+08 1.60896e+08 2.92904e+07 0 3.06084e+08 0 3.38304e+08 3.06084e+08 1.60896e+08 2.92904e+07 0.000698563 0.0016912 -0.000460401 0.000786784 0.122083
28 29 1 -0.155493 0.375504 -4.18203e-05 0.000774203 4.83655e+07 1.92628e+08 9.1613e+07 1.66778e+07 0 1.74283e+08 0 1.92628e+08 1.74283e+08 9.1613e+07 1.66778e+07 0.0014512 -0.00100656 0.000127434 0.00184577 0.109325
21 29 2 -0.363002 0.371128 -0.000404375 0.00068528 4.09283e+07 1.63007e+08 7.75255e+07 1.41132e+07 0 1.47483e+08 0 1.63007e+08 1.47483e+08 7.75255e+07 1.41132e+07 0.00168111 -0.000566422 -0.000251438 0.00253597 0.110443
29 30 0 -0.0846651 0.188596 3.0733e-05 0.00043412 6.85541e+07 2.73035e+08 1.29854e+08 2.36394e+07 0 2.47031e+08 0 2.73035e+08 2.47031e+08 1.29854e+08 2.36394e+07 0.000445864 -0.000624884 -0.000369598 0.00214098 0.12151
36 30 1 0.0849639 0.34489 0.000178909 0.000537644 1.32554e+08 5.27929e+08 2.5108e+08 4.57082e+07 0 4.7765e+08 0 5.27929e+08 4.7765e+08 2.5108e+08 4.57082e+07 0.000779147 -0.000561001 0.000217283 0.000556527 0.110941
28 30 2 -0.155493 0.375504 -4.18203e-05 0.000774203 4.83655e+07 1.92628e+08 9.1613e+07 1.66778e+07 0 1.74283e+08 0 1.92628e+08 1.74283e+08 9.1613e+07 1.66778e+07 0.0014512 -0.00100656 0.000127434 0.00184577 0.109325
22 31 0 -0.278408 0.187532 -0.000129634 0.000416152 8.49421e+07 3.38304e+08 1.60896e+08 2.92904e+07 0 3.06084e+08 0 3.38304e+08 3.06084e+08 1.60896e+08 2.92904e+07 0.000698563 0.0016912 -0.000460401 0.000786784 0.122083
23 31 1 -0.2 7.04402e-25 -1.46975e-27 2.60996e-26 8.63107e+06 3.43755e+07 1.63488e+07 2.97623e+06 0 3.11016e+07 0 3.43755e+07 3.11016e+07 1.63488e+07 2.97623e+06 1.59581e-25 7.24595e-25 7.77322e-05 0.0045665 0.138253
29 31 2 -0.0846651 0.188596 3.0733e-05 0.00043412 6.85541e+07 2.73035e+08 1.29854e+08 2.36394e+07 0 2.47031e+08 0 2.73035e+08 2.47031e+08 1.29854e+08 2.36394e+07 0.000445864 -0.000624884 -0.000369598 0.00214098 0.12151
15 32 0 -0.57551 0.340975 -0.00073672 0.00098124 7.45425e+07 2.96885e+08 1.41197e+08 2.57043e+07 0 2.6861e+08 0 2.96885e+08 2.6861e+08 1.41197e+08 2.57043e+07 0.00119751 -0.00141914 -0.000543402 0.000815739 0.113703
9 32 1 -0.793156 0.303718 -0.00108889 0.000751426 4.31963e+07 1.7204e+08 8.18215e+07 1.48953e+07 0 1.55656e+08 0 1.7204e+08 1.55656e+08 8.18215e+07 1.48953e+07 0.00222931 0.00318456 -0.000374185 0.00159388 0.117988
7 32 2 -0.668347 0.165469 -0.000658864 0.000570127 7.04712e+06 2.8067e+07 1.33485e+07 2.43004e+06 0 2.53939e+07 0 2.8067e+07 2.53939e+07 1.33485e+07 2.43004e+06 0.00287638 0.000847562 -0.00186343 0.00478011 0.1261
24 33 0 -0.270931 0.581819 -0.00035711 0.00116843 3.70119e+07 1.4741e+08 7.01072e+07 1.27627e+07 0 1.33371e+08 0 1.4741e+08 1.33371e+08 7.01072e+07 1.27627e+07 0.00170676 0.000591111 -0.000842745 0.00170555 0.100377
17 33 1 -0.484485 0.520857 -0.00079289 0.00124217 2.37854e+07 9.47316e+07 4.50539e+07 8.20187e+06 0 8.57095e+07 0 9.47316e+07 8.57095e+07 4.50539e+07 8.20187e+06 0.00191929 -0.00176551 -0.00165831 0.00369685 0.104255
21 33 2 -0.363002 0.371128 -0.000404375 0.00068528 4.09283e+07 1.63007e+08 7.75255e+07 1.41132e+07 0 1.47483e+08 0 1.63007e+08 1.47483e+08 7.75255e+07 1.41132e+07 0.00168111 -0.000566422 -0.000251438 0.00253597 0.110443
12 34 0 -0.712499 0.468464 -0.00112569 0.00122928 3.75044e+07 1.49371e+08 7.10401e+07 1.29326e+07 0 1.35145e+08 0 1.49371e+08 1.35145e+08 7.10401e+07 1.29326e+07 0.00189471 0.000539566 -0.00223606 0.00213031 0.10893
9 34 1 -0.793156 0.303718 -0.00108889 0.000751426 4.31963e+07 1.7204e+08 8.18215e+07 1.48953e+07 0 1.55656e+08 0 1.7204e+08 1.55656e+08 8.18215e+07 1.48953e+07 0.00222931 0.00318456 -0.000374185 0.00159388 0.117988
15 34 2 -0.57551 0.340975 -0.00073672 0.00098124 7.45425e+07 2.96885e+08 1.41197e+08 2.57043e+07 0 2.6861e+08 0 2.96885e+08 2.6861e+08 1.41197e+08 2.57043e+07 0.00119751 -0.00141914 -0.000543402 0.000815739 0.113703
10 35 0 -0.620492 0.639515 -0.00108556 0.00153732 8.84418e+07 3.52243e+08 1.67525e+08 3.04972e+07 0 3.18696e+08 0 3.52243e+08 3.18696e+08 1.67525e+08 3.04972e+07 0.000834777 0.000790888 0.000272925 0.00113177 0.101825
17 35 1 -0.484485 0.520857 -0.00079289 0.00124217 2.37854e+07 9.47316e+07 4.50539e+07 8.20187e+06 0 8.57095e+07 0 9.47316e+07 8.57095e+07 4.50539e+07 8.20187e+06 0.00191929 -0.00176551 -0.00165831 0.00369685 0.104255
18 35 2 -0.435097 0.725447 -0.000820009 0.00166709 4.30194e+07 1.71336e+08 8.14865e+07 1.48343e+07 0 1.55018e+08 0 1.71336e+08 1.55018e+08 8.14865e+07 1.48343e+07 0.00165088 -0.000485759 -0.000757002 0.00168518 0.0974923
6 36 0 -0.854449 0.577611 -0.00129782 0.00110937 1.31927e+08 5.25435e+08 2.49894e+08 4.54922e+07 0 4.75394e+08 0 5.25435e+08 4.75394e+08 2.49894e+08 4.54922e+07 0.000470263 0.00256037 0.000500797 0.000611415 0.10736
10 36 1 -0.620492 0.639515 -0.00108556 0.00153732 8.84418e+07 3.52243e+08 1.67525e+08 3.04972e+07 0 3.18696e+08 0 3.52243e+08 3.18696e+08 1.67525e+08 3.04972e+07 0.000834777 0.000790888 0.000272925 0.00113177 0.101825
4 36 2 -0.727849 0.734475 -0.00118662 0.00154664 6.08458e+07 2.42334e+08 1.15253e+08 2.09813e+07 0 2.19255e+08 0 2.42334e+08 2.19255e+08 1.15253e+08 2.09813e+07 0.00117011 0.00137807 5.77828e-05 0.00155593 0.101361
12 37 0 -0.712499 0.468464 -0.00112569 0.00122928 3.75044e+07 1.49371e+08 7.10401e+07 1.29326e+07 0 1.35145e+08 0 1.49371e+08 1.35145e+08 7.10401e+07 1.29326e+07 0.00189471 0.000539566 -0.00223606 0.00213031 0.10893
17 37 1 -0.484485 0.520857 -0.00079289 0.00124217 2.37854e+07 9.47316e+07 4.50539e+07 8.20187e+06 0 8.57095e+07 0 9.47316e+07 8.57095e+07 4.50539e+07 8.20187e+06 0.00191929 -0.00176551 -0.00165831 0.00369685 0.104255
10 37 2 -0.620492 0.639515 -0.00108556 0.00153732 8.84418e+07 3.52243e+08 1.67525e+08 3.04972e+07 0 3.18696e+08 0 3.52243e+08 3.18696e+08 1.67525e+08 3.04972e+07 0.000834777 0.000790888 0.000272925 0.00113177 0.101825
5 38 0 -0.948867 0.397542 -0.00139103 0.000570102 5.32945e+07 2.12259e+08 1.00949e+08 1.83774e+07 0 1.92044e+08 0 2.12259e+08 1.92044e+08 1.00949e+08 1.83774e+07 0.00101266 0.00324115 -0.000243171 0.0023362 0.115431
12 38 1 -0.712499 0.468464 -0.00112569 0.00122928 3.75044e+07 1.49371e+08 7.10401e+07 1.29326e+07 0 1.35145e+08 0 1.49371e+08 1.35145e+08 7.10401e+07 1.29326e+07 0.00189471 0.000539566 -0.00223606 0.00213031 0.10893
6 38 2 -0.854449 0.577611 -0.00129782 0.00110937 1.31927e+08 5.25435e+08 2.49894e+08 4.54922e+07 0 4.75394e+08 0 5.25435e+08 4.75394e+08 2.49894e+08 4.54922e+07 0.000470263 0.00256037 0.000500797 0.000611415 0.10736
15 39 0 -0.57551 0.340975 -0.00073672 0.00098124 7.45425e+07 2.96885e+08 1.41197e+08 2.57043e+07 0 2.6861e+08 0 2.96885e+08 2.6861e+08 1.41197e+08 2.57043e+07 0.00119751 -0.00141914 -0.000543402 0.000815739 0.113703
17 39 1 -0.484485 0.520857 -0.00079289 0.00124217 2.37854e+07 9.47316e+07 4.50539e+07 8.20187e+06 0 8.57095e+07 0 9.47316e+07 8.57095e+07 4.50539e+07 8.20187e+06 0.00191929 -0.00176551 -0.00165831 0.00369685 0.104255
12 39 2 -0.712499 0.468464 -0.00112569 0.00122928 3.75044e+07 1.49371e+08 7.10401e+07 1.29326e+07 0 1.35145e+08 0 1.49371e+08 1.35145e+08 7.10401e+07 1.29326e+07 0.00189471 0.000539566 -0.00223606 0.00213031 0.10893
37 40 0 0.0921585 0.159319 0.00011572 0.000305023 6.41455e+07 2.55476e+08 1.21503e+08 2.21191e+07 0 2.31145e+08 0 2.55476e+08 2.31145e+08 1.21503e+08 2.21191e+07 0.000500327 -0.000483972 0.000513349 0.00191005 0.1238
30 40 1 2.49704e-17 7.46147e-25 -1.81285e-27 3.94316e-26 7.75329e+07 3.08795e+08 1.46861e+08 2.67355e+07 0 2.79386e+08 0 3.08795e+08 2.79386e+08 1.46861e+08 2.67355e+07 -0.0001076 -0.000238916 0.000847368 0.00207494 0.137987
38 40 2 0.2 7.19414e-25 2.39025e-27 3.99006e-26 9.85012e+07 3.92306e+08 1.86579e+08 3.39659e+07 0 3.54944e+08 0 3.92306e+08 3.54944e+08 1.86579e+08 3.39659e+07 -5.32215e-19 -7.32599e-19 0.0012734 0.0017041 0.138262
10 41 0 -0.620492 0.639515 -0.00108556 0.00153732 8.84418e+07 3.52243e+08 1.67525e+08 3.04972e+07 0 3.18696e+08 0 3.52243e+08 3.18696e+08 1.67525e+08 3.04972e+07 0.000834777 0.000790888 0.000272925 0.00113177 0.101825
18 41 1 -0.435097 0.725447 -0.000820009 0.00166709 4.30194e+07 1.71336e+08 8.14865e+07 1.48343e+07 0 1.55018e+08 0 1.71336e+08 1.55018e+08 8.14865e+07 1.48343e+07 0.00165088 -0.000485759 -0.000757002 0.00168518 0.0974923
11 41 2 -0.571847 0.863495 -0.00101634 0.00179199 1.17944e+08 4.69742e+08 2.23407e+08 4.06703e+07 0 4.25005e+08 0 4.69742e+08 4.25005e+08 2.23407e+08 4.06703e+07 0.000249792 0.000674871 -0.000204655 0.000311582 0.0969868
23 42 0 -0.2 7.04402e-25 -1.46975e-27 2.60996e-26 8.63107e+06 3.43755e+07 1.63488e+07 2.97623e+06 0 3.11016e+07 0 3.43755e+07 3.11016e+07 1.63488e+07 2.97623e+06 1.59581e-25 7.24595e-25 7.77322e-05 0.0045665 0.138253
30 42 1 2.49704e-17 7.46147e-25 -1.81285e-27 3.94316e-26 7.75329e+07 3.08795e+08 1.46861e+08 2.67355e+07 0 2.79386e+08 0 3.08795e+08 2.79386e+08 1.46861e+08 2.67355e+07 -0.0001076 -0.000238916 0.000847368 0.00207494 0.137987
29 42 2 -0.0846651 0.188596 3.0733e-05 0.00043412 6.85541e+07 2.73035e+08 1.29854e+08 2.36394e+07 0 2.47031e+08 0 2.73035e+08 2.47031e+08 1.29854e+08 2.36394e+07 0.000445864 -0.000624884 -0.000369598 0.00214098 0.12151
26 43 0 0.0133779 0.890945 -0.000111604 0.00141145 4.7686e+07 1.89922e+08 9.03258e+07 1.64434e+07 0 1.71834e+08 0 1.89922e+08 1.71834e+08 9.03258e+07 1.64434e+07 0.00169167 -5.03012e-05 0.00122719 0.00167195 0.092476
34 43 1 0.214321 0.835819 0.000125515 0.00120325 6.21182e+07 2.47402e+08 1.17663e+08 2.14201e+07 0 2.2384e+08 0 2.47402e+08 2.2384e+08 1.17663e+08 2.14201e+07 0.000970096 -0.000716218 6.63468e-05 0.00173282 0.0937296
33 43 2 0.203165 1.01809 0.000252108 0.00144522 9.67726e+07 3.85422e+08 1.83305e+08 3.33699e+07 0 3.48715e+08 0 3.85422e+08 3.48715e+08 1.83305e+08 3.33699e+07 0.000548076 -0.000684676 0.00108727 0.00106403 0.0922511
20 44 0 -0.198812 1.01925 -0.000241344 0.00167609 9.57525e+07 3.81359e+08 1.81373e+08 3.30181e+07 0 3.45039e+08 0 3.81359e+08 3.45039e+08 1.81373e+08 3.30181e+07 0.000597888 -0.00140263 0.000588536 0.00124762 0.0922395
19 44 1 -0.278602 0.812856 -0.000432089 0.00160517 3.34559e+07 1.33247e+08 6.33715e+07 1.15365e+07 0 1.20557e+08 0 1.33247e+08 1.20557e+08 6.33715e+07 1.15365e+07 0.00209338 -0.00222205 6.80774e-05 0.00199332 0.0944813
25 44 2 -0.124383 0.760392 -0.000285965 0.00132379 1.52933e+08 6.09093e+08 2.89682e+08 5.27354e+07 0 5.51084e+08 0 6.09093e+08 5.51084e+08 2.89682e+08 5.27354e+07 0.000335757 -0.00130602 2.46703e-05 0.000695493 0.0947232
31 45 0 -0.0634026 0.545548 -2.89203e-05 0.000971576 5.80752e+07 2.313e+08 1.10005e+08 2.00259e+07 0 2.09271e+08 0 2.313e+08 2.09271e+08 1.10005e+08 2.00259e+07 0.00111595 -0.00228879 -0.0019968 0.00198624 0.101051
36 45 1 0.0849639 0.34489 0.000178909 0.000537644 1.32554e+08 5.27929e+08 2.5108e+08 4.57082e+07 0 4.7765e+08 0 5.27929e+08 4.7765e+08 2.5108e+08 4.57082e+07 0.000779147 -0.000561001 0.000217283 0.000556527 0.110941
35 45 2 0.113394 0.537971 0.00015785 0.000723318 8.10243e+07 3.227e+08 1.53475e+08 2.79394e+07 0 2.91967e+08 0 3.227e+08 2.91967e+08 1.53475e+08 2.79394e+07 0.000971228 -4.37155e-05 -0.000627867 0.00113854 0.101438
25 46 0 -0.124383 0.760392 -0.000285965 0.00132379 1.52933e+08 6.09093e+08 2.89682e+08 5.27354e+07 0 5.51084e+08 0 6.09093e+08 5.51084e+08 2.89682e+08 5.27354e+07 0.000335757 -0.00130602 2.46703e-05 0.000695493 0.0947232
24 46 1 -0.270931 0.581819 -0.00035711 0.00116843 3.70119e+07 1.4741e+08 7.01072e+07 1.27627e+07 0 1.33371e+08 0 1.4741e+08 1.33371e+08 7.01072e+07 1.27627e+07 0.00170676 0.000591111 -0.000842745 0.00170555 0.100377
31 46 2 -0.0634026 0.545548 -2.89203e-05 0.000971576 5.80752e+07 2.313e+08 1.10005e+08 2.00259e+07 0 2.09271e+08 0 2.313e+08 2.09271e+08 1.10005e+08 2.00259e+07 0.00111595 -0.00228879 -0.0019968 0.00198624 0.101051
13 47 0 -0.392589 0.960327 -0.000693087 0.00235606 1.46584e+07 5.83809e+07 2.77657e+07 5.05463e+06 0 5.28208e+07 0 5.83809e+07 5.28208e+07 2.77657e+07 5.05463e+06 0.00292168 0.00348475 0.00101022 0.00363867 0.093968
19 47 1 -0.278602 0.812856 -0.000432089 0.00160517 3.34559e+07 1.33247e+08 6.33715e+07 1.15365e+07 0 1.20557e+08 0 1.33247e+08 1.20557e+08 6.33715e+07 1.15365e+07 0.00209338 -0.00222205 6.80774e-05 0.00199332 0.0944813
20 47 2 -0.198812 1.01925 -0.000241344 0.00167609 9.57525e+07 3.81359e+08 1.81373e+08 3.30181e+07 0 3.45039e+08 0 3.81359e+08 3.45039e+08 1.81373e+08 3.30181e+07 0.000597888 -0.00140263 0.000588536 0.00124762 0.0922395
13 48 0 -0.392589 0.960327 -0.000693087 0.00235606 1.46584e+07 5.83809e+07 2.77657e+07 5.05463e+06 0 5.28208e+07 0 5.83809e+07 5.28208e+07 2.77657e+07 5.05463e+06 0.00292168 0.00348475 0.00101022 0.00363867 0.093968
11 48 1 -0.571847 0.863495 -0.00101634 0.00179199 1.17944e+08 4.69742e+08 2.23407e+08 4.06703e+07 0 4.25005e+08 0 4.69742e+08 4.25005e+08 2.23407e+08 4.06703e+07 0.000249792 0.000674871 -0.000204655 0.000311582 0.0969868
18 48 2 -0.435097 0.725447 -0.000820009 0.00166709 4.30194e+07 1.71336e+08 8.14865e+07 1.48343e+07 0 1.55018e+08 0 1.71336e+08 1.55018e+08 8.14865e+07 1.48343e+07 0.00165088 -0.000485759 -0.000757002 0.00168518 0.0974923
43 49 0 0.341691 0.327311 0.000343874 0.000558228 1.22426e+08 4.87595e+08 2.31898e+08 4.2216e+07 0 4.41157e+08 0 4.87595e+08 4.41157e+08 2.31898e+08 4.2216e+07 0.000687844 0.000706412 0.000368084 0.000613468 0.112849
44 49 1 0.266516 0.176553 0.000202196 0.000329878 8.07741e+07 3.21704e+08 1.53001e+08 2.78531e+07 0 2.91065e+08 0 3.21704e+08 2.91065e+08 1.53001e+08 2.78531e+07 0.00039761 0.000596322 0.000795579 0.00166838 0.122881
50 49 2 0.473983 0.172416 0.000339334 0.000425447 4.45826e+07 1.77562e+08 8.44474e+07 1.53733e+07 0 1.60651e+08 0 1.77562e+08 1.60651e+08 8.44474e+07 1.53733e+07 0.000900499 1.2553e-06 0.000993565 0.00272183 0.124249
26 50 0 0.0133779 0.890945 -0.000111604 0.00141145 4.7686e+07 1.89922e+08 9.03258e+07 1.64434e+07 0 1.71834e+08 0 1.89922e+08 1.71834e+08 9.03258e+07 1.64434e+07 0.00169167 -5.03012e-05 0.00122719 0.00167195 0.092476
20 50 1 -0.198812 1.01925 -0.000241344 0.00167609 9.57525e+07 3.81359e+08 1.81373e+08 3.30181e+07 0 3.45039e+08 0 3.81359e+08 3.45039e+08 1.81373e+08 3.30181e+07 0.000597888 -0.00140263 0.000588536 0.00124762 0.0922395
25 50 2 -0.124383 0.760392 -0.000285965 0.00132379 1.52933e+08 6.09093e+08 2.89682e+08 5.27354e+07 0 5.51084e+08 0 6.09093e+08 5.51084e+08 2.89682e+08 5.27354e+07 0.000335757 -0.00130602 2.46703e-05 0.000695493 0.0947232
36 51 0 0.0849639 0.34489 0.000178909 0.000537644 1.32554e+08 5.27929e+08 2.5108e+08 4.57082e+07 0 4.7765e+08 0 5.27929e+08 4.7765e+08 2.5108e+08 4.57082e+07 0.000779147 -0.000561001 0.000217283 0.000556527 0.110941
31 51 1 -0.0634026 0.545548 -2.89203e-05 0.000971576 5.80752e+07 2.313e+08 1.10005e+08 2.00259e+07 0 2.09271e+08 0 2.313e+08 2.09271e+08 1.10005e+08 2.00259e+07 0.00111595 -0.00228879 -0.0019968 0.00198624 0.101051
28 51 2 -0.155493 0.375504 -4.18203e-05 0.000774203 4.83655e+07 1.92628e+08 9.1613e+07 1.66778e+07 0 1.74283e+08 0 1.92628e+08 1.74283e+08 9.1613e+07 1.66778e+07 0.0014512 -0.00100656 0.000127434 0.00184577 0.109325
37 52 0 0.0921585 0.159319 0.00011572 0.000305023 6.41455e+07 2.55476e+08 1.21503e+08 2.21191e+07 0 2.31145e+08 0 2.55476e+08 2.31145e+08 1.21503e+08 2.21191e+07 0.000500327 -0.000483972 0.000513349 0.00191005 0.1238
36 52 1 0.0849639 0.34489 0.000178909 0.000537644 1.32554e+08 5.27929e+08 2.5108e+08 4.57082e+07 0 4.7765e+08 0 5.27929e+08 4.7765e+08 2.5108e+08 4.57082e+07 0.000779147 -0.000561001 0.000217283 0.000556527 0.110941
29 52 2 -0.0846651 0.188596 3.0733e-05 0.00043412 6.85541e+07 2.73035e+08 1.29854e+08 2.36394e+07 0 2.47031e+08 0 2.73035e+08 2.47031e+08 1.29854e+08 2.36394e+07 0.000445864 -0.000624884 -0.000369598 0.00214098 0.12151
30 53 0 2.49704e-17 7.46147e-25 -1.81285e-27 3.94316e-26 7.75329e+07 3.08795e+08 1.46861e+08 2.67355e+07 0 2.79386e+08 0 3.08795e+08 2.79386e+08 1.46861e+08 2.67355e+07 -0.0001076 -0.000238916 0.000847368 0.00207494 0.137987
37 53 1 0.0921585 0.159319 0.00011572 0.000305023 6.41455e+07 2.55476e+08 1.21503e+08 2.21191e+07 0 2.31145e+08 0 2.55476e+08 2.31145e+08 1.21503e+08 2.21191e+07 0.000500327 -0.000483972 0.000513349 0.00191005 0.1238
29 53 2 -0.0846651 0.188596 3.0733e-05 0.00043412 6.85541e+07 2.73035e+08 1.29854e+08 2.36394e+07 0 2.47031e+08 0 2.73035e+08 2.47031e+08 1.29854e+08 2.36394e+07 0.000445864 -0.000624884 -0.000369598 0.00214098 0.12151
44 54 0 0.266516 0.176553 0.000202196 0.000329878 8.07741e+07 3.21704e+08 1.53001e+08 2.78531e+07 0 2.91065e+08 0 3.21704e+08 2.91065e+08 1.53001e+08 2.78531e+07 0.00039761 0.000596322 0.000795579 0.00166838 0.122881
43 54 1 0.341691 0.327311 0.000343874 0.000558228 1.22426e+08 4.87595e+08 2.31898e+08 4.2216e+07 0 4.41157e+08 0 4.87595e+08 4.41157e+08 2.31898e+08 4.2216e+07 0.000687844 0.000706412 0.000368084 0.000613468 0.112849
36 54 2 0.0849639 0.34489 0.000178909 0.000537644 1.32554e+08 5.27929e+08 2.5108e+08 4.57082e+07 0 4.7765e+08 0 5.27929e+08 4.7765e+08 2.5108e+08 4.57082e+07 0.000779147 -0.000561001 0.000217283 0.000556527 0.110941
38 55 0 0.2 7.19414e-25 2.39025e-27 3.99006e-26 9.85012e+07 3.92306e+08 1.86579e+08 3.39659e+07 0 3.54944e+08 0 3.92306e+08 3.54944e+08 1.86579e+08 3.39659e+07 -5.32215e-19 -7.32599e-19 0.0012734 0.0017041 0.138262
44 55 1 0.266516 0.176553 0.000202196 0.000329878 8.07741e+07 3.21704e+08 1.53001e+08 2.78531e+07 0 2.91065e+08 0 3.21704e+08 2.91065e+08 1.53001e+08 2.78531e+07 0.00039761 0.000596322 0.000795579 0.00166838 0.122881
37 55 2 0.0921585 0.159319 0.00011572 0.000305023 6.41455e+07 2.55476e+08 1.21503e+08 2.21191e+07 0 2.31145e+08 0 2.55476e+08 2.31145e+08 1.21503e+08 2.21191e+07 0.000500327 -0.000483972 0.000513349 0.00191005 0.1238
38 56 0 0.2 7.19414e-25 2.39025e-27 3.99006e-26 9.85012e+07 3.92306e+08 1.86579e+08 3.39659e+07 0 3.54944e+08 0 3.92306e+08 3.54944e+08 1.86579e+08 3.39659e+07 -5.32215e-19 -7.32599e-19 0.0012734 0.0017041 0.138262
45 56 1 0.4 7.33682e-25 1.07195e-27 3.25035e-26 5.02986e+07 2.00327e+08 9.52745e+07 1.73443e+07 0 1.81248e+08 0 2.00327e+08 1.81248e+08 9.52745e+07 1.73443e+07 6.68796e-26 7.09279e-25 0.0022215 0.00253161 0.139046
44 56 2 0.266516 0.176553 0.000202196 0.000329878 8.07741e+07 3.21704e+08 1.53001e+08 2.78531e+07 0 2.91065e+08 0 3.21704e+08 2.91065e+08 1.53001e+08 2.78531e+07 0.00039761 0.000596322 0.000795579 0.00166838 0.122881
39 57 0 0.288568 0.645317 0.000268423 0.00089296 7.97501e+07 3.17625e+08 1.51061e+08 2.75e+07 0 2.87375e+08 0 3.17625e+08 2.87375e+08 1.51061e+08 2.75e+07 0.00107102 0.000425144 -0.000805727 0.00103029 0.0983892
47 57 1 0.442042 0.504352 0.000467861 0.000831208 6.8139e+07 2.71381e+08 1.29068e+08 2.34962e+07 0 2.45536e+08 0 2.71381e+08 2.45536e+08 1.29068e+08 2.34962e+07 0.00121716 0.00104045 7.37666e-05 0.00125561 0.104556
46 57 2 0.520437 0.673699 0.000486446 0.00113787 8.60495e+07 3.42715e+08 1.62993e+08 2.96723e+07 0 3.10075e+08 0 3.42715e+08 3.10075e+08 1.62993e+08 2.96723e+07 0.000922079 0.00102042 -0.000299752 0.00112651 0.0996514
34 58 0 0.214321 0.835819 0.000125515 0.00120325 6.21182e+07 2.47402e+08 1.17663e+08 2.14201e+07 0 2.2384e+08 0 2.47402e+08 2.2384e+08 1.17663e+08 2.14201e+07 0.000970096 -0.000716218 6.63468e-05 0.00173282 0.0937296
39 58 1 0.288568 0.645317 0.000268423 0.00089296 7.97501e+07 3.17625e+08 1.51061e+08 2.75e+07 0 2.87375e+08 0 3.17625e+08 2.87375e+08 1.51061e+08 2.75e+07 0.00107102 0.000425144 -0.000805727 0.00103029 0.0983892
41 58 2 0.393371 0.790071 0.000320663 0.00120656 3.7069e+07 1.47637e+08 7.02153e+07 1.27824e+07 0 1.33576e+08 0 1.47637e+08 1.33576e+08 7.02153e+07 1.27824e+07 0.00153816 0.000674059 -0.00036156 0.00250681 0.0957843
42 59 0 0.253663 0.459824 0.000296814 0.000646305 1.02756e+08 4.09252e+08 1.94638e+08 3.54331e+07 0 3.70275e+08 0 4.09252e+08 3.70275e+08 1.94638e+08 3.54331e+07 0.0006912 0.000268539 -0.000194343 0.00112941 0.105321
43 59 1 0.341691 0.327311 0.000343874 0.000558228 1.22426e+08 4.87595e+08 2.31898e+08 4.2216e+07 0 4.41157e+08 0 4.87595e+08 4.41157e+08 2.31898e+08 4.2216e+07 0.000687844 0.000706412 0.000368084 0.000613468 0.112849
47 59 2 0.442042 0.504352 0.000467861 0.000831208 6.8139e+07 2.71381e+08 1.29068e+08 2.34962e+07 0 2.45536e+08 0 2.71381e+08 2.45536e+08 1.29068e+08 2.34962e+07 0.00121716 0.00104045 7.37666e-05 0.00125561 0.104556
35 60 0 0.113394 0.537971 0.00015785 0.000723318 8.10243e+07 3.227e+08 1.53475e+08 2.79394e+07 0 2.91967e+08 0 3.227e+08 2.91967e+08 1.53475e+08 2.79394e+07 0.000971228 -4.37155e-05 -0.000627867 0.00113854 0.101438
42 60 1 0.253663 0.459824 0.000296814 0.000646305 1.02756e+08 4.09252e+08 1.94638e+08 3.54331e+07 0 3.70275e+08 0 4.09252e+08 3.70275e+08 1.94638e+08 3.54331e+07 0.0006912 0.000268539 -0.000194343 0.00112941 0.105321
39 60 2 0.288568 0.645317 0.000268423 0.00089296 7.97501e+07 3.17625e+08 1.51061e+08 2.75e+07 0 2.87375e+08 0 3.17625e+08 2.87375e+08 1.51061e+08 2.75e+07 0.00107102 0.000425144 -0.000805727 0.00103029 0.0983892
35 61 0 0.113394 0.537971 0.00015785 0.000723318 8.10243e+07 3.227e+08 1.53475e+08 2.79394e+07 0 2.91967e+08 0 3.227e+08 2.91967e+08 1.53475e+08 2.79394e+07 0.000971228 -4.37155e-05 -0.000627867 0.00113854 0.101438
36 61 1 0.0849639 0.34489 0.000178909 0.000537644 1.32554e+08 5.27929e+08 2.5108e+08 4.57082e+07 0 4.7765e+08 0 5.27929e+08 4.7765e+08 2.5108e+08 4.57082e+07 0.000779147 -0.000561001 0.000217283 0.000556527 0.110941
42 61 2 0.253663 0.459824 0.000296814 0.000646305 1.02756e+08 4.09252e+08 1.94638e+08 3.54331e+07 0 3.70275e+08 0 4.09252e+08 3.70275e+08 1.94638e+08 3.54331e+07 0.0006912 0.000268539 -0.000194343 0.00112941 0.105321
31 62 0 -0.0634026 0.545548 -2.89203e-05 0.000971576 5.80752e+07 2.313e+08 1.10005e+08 2.00259e+07 0 2.09271e+08 0 2.313e+08 2.09271e+08 1.10005e+08 2.00259e+07 0.00111595 -0.00228879 -0.0019968 0.00198624 0.101051
35 62 1 0.113394 0.537971 0.00015785 0.000723318 8.10243e+07 3.227e+08 1.53475e+08 2.79394e+07 0 2.91967e+08 0 3.227e+08 2.91967e+08 1.53475e+08 2.79394e+07 0.000971228 -4.37155e-05 -0.000627867 0.00113854 0.101438
32 62 2 0.073386 0.706725 -6.5227e-05 0.00102873 3.48883e+07 1.38952e+08 6.60848e+07 1.20305e+07 0 1.25718e+08 0 1.38952e+08 1.25718e+08 6.60848e+07 1.20305e+07 0.00202514 -0.000602765 -0.000381223 0.00241086 0.0958517
36 63 0 0.0849639 0.34489 0.000178909 0.000537644 1.32554e+08 5.27929e+08 2.5108e+08 4.57082e+07 0 4.7765e+08 0 5.27929e+08 4.7765e+08 2.5108e+08 4.57082e+07 0.000779147 -0.000561001 0.000217283 0.000556527 0.110941
43 63 1 0.341691 0.327311 0.000343874 0.000558228 1.22426e+08 4.87595e+08 2.31898e+08 4.2216e+07 0 4.41157e+08 0 4.87595e+08 4.41157e+08 2.31898e+08 4.2216e+07 0.000687844 0.000706412 0.000368084 0.000613468 0.112849
42 63 2 0.253663 0.459824 0.000296814 0.000646305 1.02756e+08 4.09252e+08 1.94638e+08 3.54331e+07 0 3.70275e+08 0 4.09252e+08 3.70275e+08 1.94638e+08 3.54331e+07 0.0006912 0.000268539 -0.000194343 0.00112941 0.105321
37 64 0 0.0921585 0.159319 0.00011572 0.000305023 6.41455e+07 2.55476e+08 1.21503e+08 2.21191e+07 0 2.31145e+08 0 2.55476e+08 2.31145e+08 1.21503e+08 2.21191e+07 0.000500327 -0.000483972 0.000513349 0.00191005 0.1238
44 64 1 0.266516 0.176553 0.000202196 0.000329878 8.07741e+07 3.21704e+08 1.53001e+08 2.78531e+07 0 2.91065e+08 0 3.21704e+08 2.91065e+08 1.53001e+08 2.78531e+07 0.00039761 0.000596322 0.000795579 0.00166838 0.122881
36 64 2 0.0849639 0.34489 0.000178909 0.000537644 1.32554e+08 5.27929e+08 2.5108e+08 4.57082e+07 0 4.7765e+08 0 5.27929e+08 4.7765e+08 2.5108e+08 4.57082e+07 0.000779147 -0.000561001 0.000217283 0.000556527 0.110941
49 65 0 0.557018 0.350343 0.000553573 0.000782966 8.2165e+07 3.27243e+08 1.55635e+08 2.83327e+07 0 2.96077e+08 0 3.27243e+08 2.96077e+08 1.55635e+08 2.83327e+07 0.00105635 0.00150214 0.00051045 0.00126906 0.113049
55 65 1 0.672462 0.181376 0.000567893 0.000508759 2.9902e+07 1.19092e+08 5.66397e+07 1.0311e+07 0 1.0775e+08 0 1.19092e+08 1.0775e+08 5.66397e+07 1.0311e+07 0.000668436 0.000704197 0.000218516 0.00302674 0.125006
54 65 2 0.759178 0.374192 0.000957869 0.00123221 2.16625e+07 8.62765e+07 4.10327e+07 7.46983e+06 0 7.80597e+07 0 8.62765e+07 7.80597e+07 4.10327e+07 7.46983e+06 0.00472055 0.00317035 -0.00117244 0.00127096 0.113943
26 66 0 0.0133779 0.890945 -0.000111604 0.00141145 4.7686e+07 1.89922e+08 9.03258e+07 1.64434e+07 0 1.71834e+08 0 1.89922e+08 1.71834e+08 9.03258e+07 1.64434e+07 0.00169167 -5.03012e-05 0.00122719 0.00167195 0.092476
33 66 1 0.203165 1.01809 0.000252108 0.00144522 9.67726e+07 3.85422e+08 1.83305e+08 3.33699e+07 0 3.48715e+08 0 3.85422e+08 3.48715e+08 1.83305e+08 3.33699e+07 0.000548076 -0.000684676 0.00108727 0.00106403 0.0922511
27 66 2 0.00226059 1.03898 -3.78685e-07 0.00184219 1.19406e+07 4.75564e+07 2.26176e+07 4.11743e+06 0 4.30272e+07 0 4.75564e+07 4.30272e+07 2.26176e+07 4.11743e+06 0.00265488 -0.00220904 0.000601891 0.00397765 0.0916864
44 67 0 0.266516 0.176553 0.000202196 0.000329878 8.07741e+07 3.21704e+08 1.53001e+08 2.78531e+07 0 2.91065e+08 0 3.21704e+08 2.91065e+08 1.53001e+08 2.78531e+07 0.00039761 0.000596322 0.000795579 0.00166838 0.122881
45 67 1 0.4 7.33682e-25 1.07195e-27 3.25035e-26 5.02986e+07 2.00327e+08 9.52745e+07 1.73443e+07 0 1.81248e+08 0 2.00327e+08 1.81248e+08 9.52745e+07 1.73443e+07 6.68796e-26 7.09279e-25 0.0022215 0.00253161 0.139046
50 67 2 0.473983 0.172416 0.000339334 0.000425447 4.45826e+07 1.77562e+08 8.44474e+07 1.53733e+07 0 1.60651e+08 0 1.77562e+08 1.60651e+08 8.44474e+07 1.53733e+07 0.000900499 1.2553e-06 0.000993565 0.00272183 0.124249
40 68 0 0.39103 0.961012 0.000295105 0.00140924 1.511e+08 6.01793e+08 2.8621e+08 5.21033e+07 0 5.4448e+08 0 6.01793e+08 5.4448e+08 2.8621e+08 5.21033e+07 -0.000145982 0.00218225 -0.000153532 0.000140411 0.0939189
33 68 1 0.203165 1.01809 0.000252108 0.00144522 9.67726e+07 3.85422e+08 1.83305e+08 3.33699e+07 0 3.48715e+08 0 3.85422e+08 3.48715e+08 1.83305e+08 3.33699e+07 0.000548076 -0.000684676 0.00108727 0.00106403 0.0922511
34 68 2 0.214321 0.835819 0.000125515 0.00120325 6.21182e+07 2.47402e+08 1.17663e+08 2.14201e+07 0 2.2384e+08 0 2.47402e+08 2.2384e+08 1.17663e+08 2.14201e+07 0.000970096 -0.000716218 6.63468e-05 0.00173282 0.0937296
41 69 0 0.393371 0.790071 0.000320663 0.00120656 3.7069e+07 1.47637e+08 7.02153e+07 1.27824e+07 0 1.33576e+08 0 1.47637e+08 1.33576e+08 7.02153e+07 1.27824e+07 0.00153816 0.000674059 -0.00036156 0.00250681 0.0957843
40 69 1 0.39103 0.961012 0.000295105 0.00140924 1.511e+08 6.01793e+08 2.8621e+08 5.21033e+07 0 5.4448e+08 0 6.01793e+08 5.4448e+08 2.8621e+08 5.21033e+07 -0.000145982 0.00218225 -0.000153532 0.000140411 0.0939189
34 69 2 0.214321 0.835819 0.000125515 0.00120325 6.21182e+07 2.47402e+08 1.17663e+08 2.14201e+07 0 2.2384e+08 0 2.47402e+08 2.2384e+08 1.17663e+08 2.14201e+07 0.000970096 -0.000716218 6.63468e-05 0.00173282 0.0937296
32 70 0 0.073386 0.706725 -6.5227e-05 0.00102873 3.48883e+07 1.38952e+08 6.60848e+07 1.20305e+07 0 1.25718e+08 0 1.38952e+08 1.25718e+08 6.60848e+07 1.20305e+07 0.00202514 -0.000602765 -0.000381223 0.00241086 0.0958517
35 70 1 0.113394 0.537971 0.00015785 0.000723318 8.10243e+07 3.227e+08 1.53475e+08 2.79394e+07 0 2.91967e+08 0 3.227e+08 2.91967e+08 1.53475e+08 2.79394e+07 0.000971228 -4.37155e-05 -0.000627867 0.00113854 0.101438
39 70 2 0.288568 0.645317 0.000268423 0.00089296 7.97501e+07 3.17625e+08 1.51061e+08 2.75e+07 0 2.87375e+08 0 3.17625e+08 2.87375e+08 1.51061e+08 2.75e+07 0.00107102 0.000425144 -0.000805727 0.00103029 0.0983892
46 71 0 0.520437 0.673699 0.000486446 0.00113787 8.60495e+07 3.42715e+08 1.62993e+08 2.96723e+07 0 3.10075e+08 0 3.42715e+08 3.10075e+08 1.62993e+08 2.96723e+07 0.000922079 0.00102042 -0.000299752 0.00112651 0.0996514
48 71 1 0.569823 0.866161 0.000658156 0.00171488 1.00098e+07 3.98666e+07 1.89604e+07 3.45165e+06 0 3.60698e+07 0 3.98666e+07 3.60698e+07 1.89604e+07 3.45165e+06 0.00333651 0.00274023 -0.00148756 0.00269368 0.0968889
41 71 2 0.393371 0.790071 0.000320663 0.00120656 3.7069e+07 1.47637e+08 7.02153e+07 1.27824e+07 0 1.33576e+08 0 1.47637e+08 1.33576e+08 7.02153e+07 1.27824e+07 0.00153816 0.000674059 -0.00036156 0.00250681 0.0957843
50 72 0 0.473983 0.172416 0.000339334 0.000425447 4.45826e+07 1.77562e+08 8.44474e+07 1.53733e+07 0 1.60651e+08 0 1.77562e+08 1.60651e+08 8.44474e+07 1.53733e+07 0.000900499 1.2553e-06 0.000993565 0.00272183 0.124249
45 72 1 0.4 7.33682e-25 1.07195e-27 3.25035e-26 5.02986e+07 2.00327e+08 9.52745e+07 1.73443e+07 0 1.81248e+08 0 2.00327e+08 1.81248e+08 9.52745e+07 1.73443e+07 6.68796e-26 7.09279e-25 0.0022215 0.00253161 0.139046
51 72 2 0.6 7.50017e-25 3.50268e-27 3.74776e-26 6.78331e+07 2.70163e+08 1.28488e+08 2.33907e+07 0 2.44433e+08 0 2.70163e+08 2.44433e+08 1.28488e+08 2.33907e+07 0.000147283 -0.000267307 0.00370848 0.00201885 0.140234
48 73 0 0.569823 0.866161 0.000658156 0.00171488 1.00098e+07 3.98666e+07 1.89604e+07 3.45165e+06 0 3.60698e+07 0 3.98666e+07 3.60698e+07 1.89604e+07 3.45165e+06 0.00333651 0.00274023 -0.00148756 0.00269368 0.0968889
46 73 1 0.520437 0.673699 0.000486446 0.00113787 8.60495e+07 3.42715e+08 1.62993e+08 2.96723e+07 0 3.10075e+08 0 3.42715e+08 3.10075e+08 1.62993e+08 2.96723e+07 0.000922079 0.00102042 -0.000299752 0.00112651 0.0996514
53 73 2 0.726721 0.735976 0.000744153 0.00165678 5.41374e+07 2.15616e+08 1.02546e+08 1.86681e+07 0 1.95081e+08 0 2.15616e+08 1.95081e+08 1.02546e+08 1.86681e+07 0.00142986 0.00319961 0.000785445 0.00155985 0.101331
42 74 0 0.253663 0.459824 0.000296814 0.000646305 1.02756e+08 4.09252e+08 1.94638e+08 3.54331e+07 0 3.70275e+08 0 4.09252e+08 3.70275e+08 1.94638e+08 3.54331e+07 0.0006912 0.000268539 -0.000194343 0.00112941 0.105321
47 74 1 0.442042 0.504352 0.000467861 0.000831208 6.8139e+07 2.71381e+08 1.29068e+08 2.34962e+07 0 2.45536e+08 0 2.71381e+08 2.45536e+08 1.29068e+08 2.34962e+07 0.00121716 0.00104045 7.37666e-05 0.00125561 0.104556
39 74 2 0.288568 0.645317 0.000268423 0.00089296 7.97501e+07 3.17625e+08 1.51061e+08 2.75e+07 0 2.87375e+08 0 3.17625e+08 2.87375e+08 1.51061e+08 2.75e+07 0.00107102 0.000425144 -0.000805727 0.00103029 0.0983892
41 75 0 0.393371 0.790071 0.000320663 0.00120656 3.7069e+07 1.47637e+08 7.02153e+07 1.27824e+07 0 1.33576e+08 0 1.47637e+08 1.33576e+08 7.02153e+07 1.27824e+07 0.00153816 0.000674059 -0.00036156 0.00250681 0.0957843
48 75 1 0.569823 0.866161 0.000658156 0.00171488 1.00098e+07 3.98666e+07 1.89604e+07 3.45165e+06 0 3.60698e+07 0 3.98666e+07 3.60698e+07 1.89604e+07 3.45165e+06 0.00333651 0.00274023 -0.00148756 0.00269368 0.0968889
40 75 2 0.39103 0.961012 0.000295105 0.00140924 1.511e+08 6.01793e+08 2.8621e+08 5.21033e+07 0 5.4448e+08 0 6.01793e+08 5.4448e+08 2.8621e+08 5.21033e+07 -0.000145982 0.00218225 -0.000153532 0.000140411 0.0939189
34 76 0 0.214321 0.835819 0.000125515 0.00120325 6.21182e+07 2.47402e+08 1.17663e+08 2.14201e+07 0 2.2384e+08 0 2.47402e+08 2.2384e+08 1.17663e+08 2.14201e+07 0.000970096 -0.000716218 6.63468e-05 0.00173282 0.0937296
32 76 1 0.073386 0.706725 -6.5227e-05 0.00102873 3.48883e+07 1.38952e+08 6.60848e+07 1.20305e+07 0 1.25718e+08 0 1.38952e+08 1.25718e+08 6.60848e+07 1.20305e+07 0.00202514 -0.000602765 -0.000381223 0.00241086 0.0958517
39 76 2 0.288568 0.645317 0.000268423 0.00089296 7.97501e+07 3.17625e+08 1.51061e+08 2.75e+07 0 2.87375e+08 0 3.17625e+08 2.87375e+08 1.51061e+08 2.75e+07 0.00107102 0.000425144 -0.000805727 0.00103029 0.0983892
54 77 0 0.759178 0.374192 0.000957869 0.00123221 2.16625e+07 8.62765e+07 4.10327e+07 7.46983e+06 0 7.80597e+07 0 8.62765e+07 7.80597e+07 4.10327e+07 7.46983e+06 0.00472055 0.00317035 -0.00117244 0.00127096 0.113943
55 77 1 0.672462 0.181376 0.000567893 0.000508759 2.9902e+07 1.19092e+08 5.66397e+07 1.0311e+07 0 1.0775e+08 0 1.19092e+08 1.0775e+08 5.66397e+07 1.0311e+07 0.000668436 0.000704197 0.000218516 0.00302674 0.125006
59 77 2 0.85464 0.190232 0.00158372 0.000787647 2.41954e+06 9.63646e+06 4.58305e+06 834325 0 8.7187e+06 0 9.63646e+06 8.7187e+06 4.58305e+06 834325 0.00444899 0.00107364 0.0033682 0.00609468 0.125881
52 78 0 0.651665 0.536868 0.000690146 0.00118241 8.85643e+07 3.5273e+08 1.67757e+08 3.05394e+07 0 3.19137e+08 0 3.5273e+08 3.19137e+08 1.67757e+08 3.05394e+07 0.000898068 0.00191723 -3.77727e-05 0.00127893 0.105534
54 78 1 0.759178 0.374192 0.000957869 0.00123221 2.16625e+07 8.62765e+07 4.10327e+07 7.46983e+06 0 7.80597e+07 0 8.62765e+07 7.80597e+07 4.10327e+07 7.46983e+06 0.00472055 0.00317035 -0.00117244 0.00127096 0.113943
57 78 2 0.854941 0.577681 0.000938243 0.00178353 4.24216e+07 1.68955e+08 8.03541e+07 1.46281e+07 0 1.52864e+08 0 1.68955e+08 1.52864e+08 8.03541e+07 1.46281e+07 0.00182002 0.000657911 -0.00209846 0.00234605 0.10748
53 79 0 0.726721 0.735976 0.000744153 0.00165678 5.41374e+07 2.15616e+08 1.02546e+08 1.86681e+07 0 1.95081e+08 0 2.15616e+08 1.95081e+08 1.02546e+08 1.86681e+07 0.00142986 0.00319961 0.000785445 0.00155985 0.101331
52 79 1 0.651665 0.536868 0.000690146 0.00118241 8.85643e+07 3.5273e+08 1.67757e+08 3.05394e+07 0 3.19137e+08 0 3.5273e+08 3.19137e+08 1.67757e+08 3.05394e+07 0.000898068 0.00191723 -3.77727e-05 0.00127893 0.105534
57 79 2 0.854941 0.577681 0.000938243 0.00178353 4.24216e+07 1.68955e+08 8.03541e+07 1.46281e+07 0 1.52864e+08 0 1.68955e+08 1.52864e+08 8.03541e+07 1.46281e+07 0.00182002 0.000657911 -0.00209846 0.00234605 0.10748
46 80 0 0.520437 0.673699 0.000486446 0.00113787 8.60495e+07 3.42715e+08 1.62993e+08 2.96723e+07 0 3.10075e+08 0 3.42715e+08 3.10075e+08 1.62993e+08 2.96723e+07 0.000922079 0.00102042 -0.000299752 0.00112651 0.0996514
47 80 1 0.442042 0.504352 0.000467861 0.000831208 6.8139e+07 2.71381e+08 1.29068e+08 2.34962e+07 0 2.45536e+08 0 2.71381e+08 2.45536e+08 1.29068e+08 2.34962e+07 0.00121716 0.00104045 7.37666e-05 0.00125561 0.104556
52 80 2 0.651665 0.536868 0.000690146 0.00118241 8.85643e+07 3.5273e+08 1.67757e+08 3.05394e+07 0 3.19137e+08 0 3.5273e+08 3.19137e+08 1.67757e+08 3.05394e+07 0.000898068 0.00191723 -3.77727e-05 0.00127893 0.105534
49 81 0 0.557018 0.350343 0.000553573 0.000782966 8.2165e+07 3.27243e+08 1.55635e+08 2.83327e+07 0 2.96077e+08 0 3.27243e+08 2.96077e+08 1.55635e+08 2.83327e+07 0.00105635 0.00150214 0.00051045 0.00126906 0.113049
50 81 1 0.473983 0.172416 0.000339334 0.000425447 4.45826e+07 1.77562e+08 8.44474e+07 1.53733e+07 0 1.60651e+08 0 1.77562e+08 1.60651e+08 8.44474e+07 1.53733e+07 0.000900499 1.2553e-06 0.000993565 0.00272183 0.124249
55 81 2 0.672462 0.181376 0.000567893 0.000508759 2.9902e+07 1.19092e+08 5.66397e+07 1.0311e+07 0 1.0775e+08 0 1.19092e+08 1.0775e+08 5.66397e+07 1.0311e+07 0.000668436 0.000704197 0.000218516 0.00302674 0.125006
52 82 0 0.651665 0.536868 0.000690146 0.00118241 8.85643e+07 3.5273e+08 1.67757e+08 3.05394e+07 0 3.19137e+08 0 3.5273e+08 3.19137e+08 1.67757e+08 3.05394e+07 0.000898068 0.00191723 -3.77727e-05 0.00127893 0.105534
49 82 1 0.557018 0.350343 0.000553573 0.000782966 8.2165e+07 3.27243e+08 1.55635e+08 2.83327e+07 0 2.96077e+08 0 3.27243e+08 2.96077e+08 1.55635e+08 2.83327e+07 0.00105635 0.00150214 0.00051045 0.00126906 0.113049
54 82 2 0.759178 0.374192 0.000957869 0.00123221 2.16625e+07 8.62765e+07 4.10327e+07 7.46983e+06 0 7.80597e+07 0 8.62765e+07 7.80597e+07 4.10327e+07 7.46983e+06 0.00472055 0.00317035 -0.00117244 0.00127096 0.113943
47 83 0 0.442042 0.504352 0.000467861 0.000831208 6.8139e+07 2.71381e+08 1.29068e+08 2.34962e+07 0 2.45536e+08 0 2.71381e+08 2.45536e+08 1.29068e+08 2.34962e+07 0.00121716 0.00104045 7.37666e-05 0.00125561 0.104556
43 83 1 0.341691 0.327311 0.000343874 0.000558228 1.22426e+08 4.87595e+08 2.31898e+08 4.2216e+07 0 4.41157e+08 0 4.87595e+08 4.41157e+08 2.31898e+08 4.2216e+07 0.000687844 0.000706412 0.000368084 0.000613468 0.112849
49 83 2 0.557018 0.350343 0.000553573 0.000782966 8.2165e+07 3.27243e+08 1.55635e+08 2.83327e+07 0 2.96077e+08 0 3.27243e+08 2.96077e+08 1.55635e+08 2.83327e+07 0.00105635 0.00150214 0.00051045 0.00126906 0.113049
41 84 0 0.393371 0.790071 0.000320663 0.00120656 3.7069e+07 1.47637e+08 7.02153e+07 1.27824e+07 0 1.33576e+08 0 1.47637e+08 1.33576e+08 7.02153e+07 1.27824e+07 0.00153816 0.000674059 -0.00036156 0.00250681 0.0957843
39 84 1 0.288568 0.645317 0.000268423 0.00089296 7.97501e+07 3.17625e+08 1.51061e+08 2.75e+07 0 2.87375e+08 0 3.17625e+08 2.87375e+08 1.51061e+08 2.75e+07 0.00107102 0.000425144 -0.000805727 0.00103029 0.0983892
46 84 2 0.520437 0.673699 0.000486446 0.00113787 8.60495e+07 3.42715e+08 1.62993e+08 2.96723e+07 0 3.10075e+08 0 3.42715e+08 3.10075e+08 1.62993e+08 2.96723e+07 0.000922079 0.00102042 -0.000299752 0.00112651 0.0996514
43 85 0 0.341691 0.327311 0.000343874 0.000558228 1.22426e+08 4.87595e+08 2.31898e+08 4.2216e+07 0 4.41157e+08 0 4.87595e+08 4.41157e+08 2.31898e+08 4.2216e+07 0.000687844 0.000706412 0.000368084 0.000613468 0.112849
50 85 1 0.473983 0.172416 0.000339334 0.000425447 4.45826e+07 1.77562e+08 8.44474e+07 1.53733e+07 0 1.60651e+08 0 1.77562e+08 1.60651e+08 8.44474e+07 1.53733e+07 0.000900499 1.2553e-06 0.000993565 0.00272183 0.124249
49 85 2 0.557018 0.350343 0.000553573 0.000782966 8.2165e+07 3.27243e+08 1.55635e+08 2.83327e+07 0 2.96077e+08 0 3.27243e+08 2.96077e+08 1.55635e+08 2.83327e+07 0.00105635 0.00150214 0.00051045 0.00126906 0.113049
52 86 0 0.651665 0.536868 0.000690146 0.00118241 8.85643e+07 3.5273e+08 1.67757e+08 3.05394e+07 0 3.19137e+08 0 3.5273e+08 3.19137e+08 1.67757e+08 3.05394e+07 0.000898068 0.00191723 -3.77727e-05 0.00127893 0.105534
53 86 1 0.726721 0.735976 0.000744153 0.00165678 5.41374e+07 2.15616e+08 1.02546e+08 1.86681e+07 0 1.95081e+08 0 2.15616e+08 1.95081e+08 1.02546e+08 1.86681e+07 0.00142986 0.00319961 0.000785445 0.00155985 0.101331
46 86 2 0.520437 0.673699 0.000486446 0.00113787 8.60495e+07 3.42715e+08 1.62993e+08 2.96723e+07 0 3.10075e+08 0 3.42715e+08 3.10075e+08 1.62993e+08 2.96723e+07 0.000922079 0.00102042 -0.000299752 0.00112651 0.0996514
55 87 0 0.672462 0.181376 0.000567893 0.000508759 2.9902e+07 1.19092e+08 5.66397e+07 1.0311e+07 0 1.0775e+08 0 1.19092e+08 1.0775e+08 5.66397e+07 1.0311e+07 0.000668436 0.000704197 0.000218516 0.00302674 0.125006
51 87 1 0.6 7.50017e-25 3.50268e-27 3.74776e-26 6.78331e+07 2.70163e+08 1.28488e+08 2.33907e+07 0 2.44433e+08 0 2.70163e+08 2.44433e+08 1.28488e+08 2.33907e+07 0.000147283 -0.000267307 0.00370848 0.00201885 0.140234
56 87 2 0.8 7.27348e-25 3.00934e-27 2.28809e-26 2.70267e+07 1.07641e+08 5.11933e+07 9.31954e+06 0 9.73891e+07 0 1.07641e+08 9.73891e+07 5.11933e+07 9.31954e+06 2.62022e-18 5.85348e-19 0.00812993 0.00254083 0.141549
58 88 0 0.949189 0.39792 0.00137918 0.00125226 6.74406e+07 2.686e+08 1.27745e+08 2.32554e+07 0 2.43019e+08 0 2.686e+08 2.43019e+08 1.27745e+08 2.32554e+07 0.000781034 -0.00402415 -0.0042667 0.00149724 0.115585
54 88 1 0.759178 0.374192 0.000957869 0.00123221 2.16625e+07 8.62765e+07 4.10327e+07 7.46983e+06 0 7.80597e+07 0 8.62765e+07 7.80597e+07 4.10327e+07 7.46983e+06 0.00472055 0.00317035 -0.00117244 0.00127096 0.113943
59 88 2 0.85464 0.190232 0.00158372 0.000787647 2.41954e+06 9.63646e+06 4.58305e+06 834325 0 8.7187e+06 0 9.63646e+06 8.7187e+06 4.58305e+06 834325 0.00444899 0.00107364 0.0033682 0.00609468 0.125881
50 89 0 0.473983 0.172416 0.000339334 0.000425447 4.45826e+07 1.77562e+08 8.44474e+07 1.53733e+07 0 1.60651e+08 0 1.77562e+08 1.60651e+08 8.44474e+07 1.53733e+07 0.000900499 1.2553e-06 0.000993565 0.00272183 0.124249
51 89 1 0.6 7.50017e-25 3.50268e-27 3.74776e-26 6.78331e+07 2.70163e+08 1.28488e+08 2.33907e+07 0 2.44433e+08 0 2.70163e+08 2.44433e+08 1.28488e+08 2.33907e+07 0.000147283 -0.000267307 0.00370848 0.00201885 0.140234
55 89 2 0.672462 0.181376 0.000567893 0.000508759 2.9902e+07 1.19092e+08 5.66397e+07 1.0311e+07 0 1.0775e+08 0 1.19092e+08 1.0775e+08 5.66397e+07 1.0311e+07 0.000668436 0.000704197 0.000218516 0.00302674 0.125006
47 90 0 0.442042 0.504352 0.000467861 0.000831208 6.8139e+07 2.71381e+08 1.29068e+08 2.34962e+07 0 2.45536e+08 0 2.71381e+08 2.45536e+08 1.29068e+08 2.34962e+07 0.00121716 0.00104045 7.37666e-05 0.00125561 0.104556
49 90 1 0.557018 0.350343 0.000553573 0.000782966 8.2165e+07 3.27243e+08 1.55635e+08 2.83327e+07 0 2.96077e+08 0 3.27243e+08 2.96077e+08 1.55635e+08 2.83327e+07 0.00105635 0.00150214 0.00051045 0.00126906 0.113049
52 90 2 0.651665 0.536868 0.000690146 0.00118241 8.85643e+07 3.5273e+08 1.67757e+08 3.05394e+07 0 3.19137e+08 0 3.5273e+08 3.19137e+08 1.67757e+08 3.05394e+07 0.000898068 0.00191723 -3.77727e-05 0.00127893 0.105534
54 91 0 0.759178 0.374192 0.000957869 0.00123221 2.16625e+07 8.62765e+07 4.10327e+07 7.46983e+06 0 7.80597e+07 0 8.62765e+07 7.80597e+07 4.10327e+07 7.46983e+06 0.00472055 0.00317035 -0.00117244 0.00127096 0.113943
58 91 1 0.949189 0.39792 0.00137918 0.00125226 6.74406e+07 2.686e+08 1.27745e+08 2.32554e+07 0 2.43019e+08 0 2.686e+08 2.43019e+08 1.27745e+08 2.32554e+07 0.000781034 -0.00402415 -0.0042667 0.00149724 0.115585
57 91 2 0.854941 0.577681 0.000938243 0.00178353 4.24216e+07 1.68955e+08 8.03541e+07 1.46281e+07 0 1.52864e+08 0 1.68955e+08 1.52864e+08 8.03541e+07 1.46281e+07 0.00182002 0.000657911 -0.00209846 0.00234605 0.10748
56 92 0 0.8 7.27348e-25 3.00934e-27 2.28809e-26 2.70267e+07 1.07641e+08 5.11933e+07 9.31954e+06 0 9.73891e+07 0 1.07641e+08 9.73891e+07 5.11933e+07 9.31954e+06 2.62022e-18 5.85348e-19 0.00812993 0.00254083 0.141549
59 92 1 0.85464 0.190232 0.00158372 0.000787647 2.41954e+06 9.63646e+06 4.58305e+06 834325 0 8.7187e+06 0 9.63646e+06 8.7187e+06 4.58305e+06 834325 0.00444899 0.00107364 0.0033682 0.00609468 0.125881
55 92 2 0.672462 0.181376 0.000567893 0.000508759 2.9902e+07 1.19092e+08 5.66397e+07 1.0311e+07 0 1.0775e+08 0 1.19092e+08 1.0775e+08 5.66397e+07 1.0311e+07 0.000668436 0.000704197 0.000218516 0.00302674 0.125006
56 93 0 0.8 7.27348e-25 3.00934e-27 2.28809e-26 2.70267e+07 1.07641e+08 5.11933e+07 9.31954e+06 0 9.73891e+07 0 1.07641e+08 9.73891e+07 5.11933e+07 9.31954e+06 2.62022e-18 5.85348e-19 0.00812993 0.00254083 0.141549
60 93 1 1 1.65226e-25 -1.28619e-26 1.42898e-26 5.06729e+07 2.01818e+08 9.59836e+07 1.74734e+07 0 1.82597e+08 0 2.01818e+08 1.82597e+08 9.59836e+07 1.74734e+07 0.00137994 -0.00205726 0.0177362 0.00143463 0.142181
59 93 2 0.85464 0.190232 0.00158372 0.000787647 2.41954e+06 9.63646e+06 4.58305e+06 834325 0 8.7187e+06 0 9.63646e+06 8.7187e+06 4.58305e+06 834325 0.00444899 0.00107364 0.0033682 0.00609468 0.125881
58 94 0 0.949189 0.39792 0.00137918 0.00125226 6.74406e+07 2.686e+08 1.27745e+08 2.32554e+07 0 2.43019e+08 0 2.686e+08 2.43019e+08 1.27745e+08 2.32554e+07 0.000781034 -0.00402415 -0.0042667 0.00149724 0.115585
59 94 1 0.85464 0.190232 0.00158372 0.000787647 2.41954e+06 9.63646e+06 4.58305e+06 834325 0 8.7187e+06 0 9.63646e+06 8.7187e+06 4.58305e+06 834325 0.00444899 0.00107364 0.0033682 0.00609468 0.125881
61 94 2 1.00371 0.20097 0.00193584 0.000490604 5.5727e+07 2.21947e+08 1.05557e+08 1.92162e+07 0 2.00809e+08 0 2.21947e+08 2.00809e+08 1.05557e+08 1.92162e+07 -7.57891e-05 -0.00575663 0.00150472 0.00359205 0.126328
59 95 0 0.85464 0.190232 0.00158372 0.000787647 2.41954e+06 9.63646e+06 4.58305e+06 834325 0 8.7187e+06 0 9.63646e+06 8.7187e+06 4.58305e+06 834325 0.00444899 0.00107364 0.0033682 0.00609468 0.125881
60 95 1 1 1.65226e-25 -1.28619e-26 1.42898e-26 5.06729e+07 2.01818e+08 9.59836e+07 1.74734e+07 0 1.82597e+08 0 2.01818e+08 1.82597e+08 9.59836e+07 1.74734e+07 0.00137994 -0.00205726 0.0177362 0.00143463 0.142181
61 95 2 1.00371 0.20097 0.00193584 0.000490604 5.5727e+07 2.21947e+08 1.05557e+08 1.92162e+07 0 2.00809e+08 0 2.21947e+08 2.00809e+08 1.05557e+08 1.92162e+07 -7.57891e-05 -0.00575663 0.00150472 0.00359205 0.126328
