Index_Vertex nbTriangle nbInTr x y ux uy Elast AR BR IR GR ER FR A1 A2 B12 C3 Defxx Defxy Defyx Defyy Density 
0 0 0 -1 1.16452e-24 5.63911e-27 1.29265e-26 1.29974e+08 5.17656e+08 2.46194e+08 4.48187e+07 0 4.68355e+08 0 5.17656e+08 4.68355e+08 2.46194e+08 4.48187e+07 0.000658341 0.00189614 -0.00843979 6.36492e-05 0.123612
1 0 1 -0.8 3.84324e-24 -4.66848e-27 3.40678e-26 3.04235e+06 1.21169e+07 5.76276e+06 1.04909e+06 0 1.09629e+07 0 1.21169e+07 1.09629e+07 5.76276e+06 1.04909e+06 0.000232502 0.00126802 -0.00709653 0.00471674 0.127991
2 0 2 -0.908418 0.163885 -0.000859816 0.000240594 1.30371e+08 5.19234e+08 2.46945e+08 4.49554e+07 0 4.69783e+08 0 5.19234e+08 4.69783e+08 2.46945e+08 4.49554e+07 0.000596131 0.00183476 -0.00215202 0.000324484 0.112878
2 1 0 -0.908418 0.163885 -0.000859816 0.000240594 1.30371e+08 5.19234e+08 2.46945e+08 4.49554e+07 0 4.69783e+08 0 5.19234e+08 4.69783e+08 2.46945e+08 4.49554e+07 0.000596131 0.00183476 -0.00215202 0.000324484 0.112878
3 1 1 -1.10403 0.220568 -0.00113115 -1.08514e-05 7.82399e+07 3.11611e+08 1.482e+08 2.69793e+07 0 2.81934e+08 0 3.11611e+08 2.81934e+08 1.482e+08 2.69793e+07 0.000757064 0.00165943 -0.00569438 0.00136139 0.107856
0 1 2 -1 1.16452e-24 5.63911e-27 1.29265e-26 1.29974e+08 5.17656e+08 2.46194e+08 4.48187e+07 0 4.68355e+08 0 5.17656e+08 4.68355e+08 2.46194e+08 4.48187e+07 0.000658341 0.00189614 -0.00843979 6.36492e-05 0.123612
8 2 0 -0.6 3.84554e-24 -8.04487e-27 3.62372e-26 1.10604e+07 4.40508e+07 2.09503e+07 3.81392e+06 0 3.98555e+07 0 4.40508e+07 3.98555e+07 2.09503e+07 3.81392e+06 -9.9261e-19 9.65815e-19 -0.00585937 0.00539026 0.129499
14 2 1 -0.498999 0.211567 -0.000549561 0.000645856 3.13897e+07 1.25018e+08 5.94577e+07 1.0824e+07 0 1.13111e+08 0 1.25018e+08 1.13111e+08 5.94577e+07 1.0824e+07 0.0020398 -0.00102902 -0.00165635 0.00279865 0.111714
7 2 2 -0.708281 0.193915 -0.000773961 0.00054863 1.30478e+08 5.19663e+08 2.47149e+08 4.49925e+07 0 4.70171e+08 0 5.19663e+08 4.70171e+08 2.47149e+08 4.49925e+07 0.000711267 0.00117854 -0.000843383 0.000108396 0.112392
9 3 0 -0.873824 0.345346 -0.00125482 0.000614407 3.61359e+06 1.43921e+07 6.84479e+06 1.24607e+06 0 1.30214e+07 0 1.43921e+07 1.30214e+07 6.84479e+06 1.24607e+06 0.00188084 0.00108821 -0.00267383 0.00323833 0.102788
3 3 1 -1.10403 0.220568 -0.00113115 -1.08514e-05 7.82399e+07 3.11611e+08 1.482e+08 2.69793e+07 0 2.81934e+08 0 3.11611e+08 2.81934e+08 1.482e+08 2.69793e+07 0.000757064 0.00165943 -0.00569438 0.00136139 0.107856
2 3 2 -0.908418 0.163885 -0.000859816 0.000240594 1.30371e+08 5.19234e+08 2.46945e+08 4.49554e+07 0 4.69783e+08 0 5.19234e+08 4.69783e+08 2.46945e+08 4.49554e+07 0.000596131 0.00183476 -0.00215202 0.000324484 0.112878
1 4 0 -0.8 3.84324e-24 -4.66848e-27 3.40678e-26 3.04235e+06 1.21169e+07 5.76276e+06 1.04909e+06 0 1.09629e+07 0 1.21169e+07 1.09629e+07 5.76276e+06 1.04909e+06 0.000232502 0.00126802 -0.00709653 0.00471674 0.127991
8 4 1 -0.6 3.84554e-24 -8.04487e-27 3.62372e-26 1.10604e+07 4.40508e+07 2.09503e+07 3.81392e+06 0 3.98555e+07 0 4.40508e+07 3.98555e+07 2.09503e+07 3.81392e+06 -9.9261e-19 9.65815e-19 -0.00585937 0.00539026 0.129499
7 4 2 -0.708281 0.193915 -0.000773961 0.00054863 1.30478e+08 5.19663e+08 2.47149e+08 4.49925e+07 0 4.70171e+08 0 5.19663e+08 4.70171e+08 2.47149e+08 4.49925e+07 0.000711267 0.00117854 -0.000843383 0.000108396 0.112392
7 5 0 -0.708281 0.193915 -0.000773961 0.00054863 1.30478e+08 5.19663e+08 2.47149e+08 4.49925e+07 0 4.70171e+08 0 5.19663e+08 4.70171e+08 2.47149e+08 4.49925e+07 0.000711267 0.00117854 -0.000843383 0.000108396 0.112392
2 5 1 -0.908418 0.163885 -0.000859816 0.000240594 1.30371e+08 5.19234e+08 2.46945e+08 4.49554e+07 0 4.69783e+08 0 5.19234e+08 4.69783e+08 2.46945e+08 4.49554e+07 0.000596131 0.00183476 -0.00215202 0.000324484 0.112878
1 5 2 -0.8 3.84324e-24 -4.66848e-27 3.40678e-26 3.04235e+06 1.21169e+07 5.76276e+06 1.04909e+06 0 1.09629e+07 0 1.21169e+07 1.09629e+07 5.76276e+06 1.04909e+06 0.000232502 0.00126802 -0.00709653 0.00471674 0.127991
15 6 0 -0.632398 0.396699 -0.000946016 0.0010159 3.64326e+07 1.45102e+08 6.90099e+07 1.2563e+07 0 1.31283e+08 0 1.45102e+08 1.31283e+08 6.90099e+07 1.2563e+07 0.00160262 0.00136329 -0.00152285 0.0024767 0.100151
7 6 1 -0.708281 0.193915 -0.000773961 0.00054863 1.30478e+08 5.19663e+08 2.47149e+08 4.49925e+07 0 4.70171e+08 0 5.19663e+08 4.70171e+08 2.47149e+08 4.49925e+07 0.000711267 0.00117854 -0.000843383 0.000108396 0.112392
14 6 2 -0.498999 0.211567 -0.000549561 0.000645856 3.13897e+07 1.25018e+08 5.94577e+07 1.0824e+07 0 1.13111e+08 0 1.25018e+08 1.13111e+08 5.94577e+07 1.0824e+07 0.0020398 -0.00102902 -0.00165635 0.00279865 0.111714
15 7 0 -0.632398 0.396699 -0.000946016 0.0010159 3.64326e+07 1.45102e+08 6.90099e+07 1.2563e+07 0 1.31283e+08 0 1.45102e+08 1.31283e+08 6.90099e+07 1.2563e+07 0.00160262 0.00136329 -0.00152285 0.0024767 0.100151
9 7 1 -0.873824 0.345346 -0.00125482 0.000614407 3.61359e+06 1.43921e+07 6.84479e+06 1.24607e+06 0 1.30214e+07 0 1.43921e+07 1.30214e+07 6.84479e+06 1.24607e+06 0.00188084 0.00108821 -0.00267383 0.00323833 0.102788
7 7 2 -0.708281 0.193915 -0.000773961 0.00054863 1.30478e+08 5.19663e+08 2.47149e+08 4.49925e+07 0 4.70171e+08 0 5.19663e+08 4.70171e+08 2.47149e+08 4.49925e+07 0.000711267 0.00117854 -0.000843383 0.000108396 0.112392
12 8 0 -0.796688 0.542904 -0.00120933 0.00117766 9.87986e+07 3.93491e+08 1.87142e+08 3.40685e+07 0 3.56016e+08 0 3.93491e+08 3.56016e+08 1.87142e+08 3.40685e+07 0.000690818 0.00119035 2.49801e-05 0.0010339 0.0943619
9 8 1 -0.873824 0.345346 -0.00125482 0.000614407 3.61359e+06 1.43921e+07 6.84479e+06 1.24607e+06 0 1.30214e+07 0 1.43921e+07 1.30214e+07 6.84479e+06 1.24607e+06 0.00188084 0.00108821 -0.00267383 0.00323833 0.102788
15 8 2 -0.632398 0.396699 -0.000946016 0.0010159 3.64326e+07 1.45102e+08 6.90099e+07 1.2563e+07 0 1.31283e+08 0 1.45102e+08 1.31283e+08 6.90099e+07 1.2563e+07 0.00160262 0.00136329 -0.00152285 0.0024767 0.100151
5 9 0 -1.0623 0.457516 -0.00157652 0.000561979 6.26092e+07 2.49357e+08 1.18593e+08 2.15894e+07 0 2.25609e+08 0 2.49357e+08 2.25609e+08 1.18593e+08 2.15894e+07 0.00117748 0.00332924 0.00160284 0.00186355 0.0992518
3 9 1 -1.10403 0.220568 -0.00113115 -1.08514e-05 7.82399e+07 3.11611e+08 1.482e+08 2.69793e+07 0 2.81934e+08 0 3.11611e+08 2.81934e+08 1.482e+08 2.69793e+07 0.000757064 0.00165943 -0.00569438 0.00136139 0.107856
9 9 2 -0.873824 0.345346 -0.00125482 0.000614407 3.61359e+06 1.43921e+07 6.84479e+06 1.24607e+06 0 1.30214e+07 0 1.43921e+07 1.30214e+07 6.84479e+06 1.24607e+06 0.00188084 0.00108821 -0.00267383 0.00323833 0.102788
9 10 0 -0.873824 0.345346 -0.00125482 0.000614407 3.61359e+06 1.43921e+07 6.84479e+06 1.24607e+06 0 1.30214e+07 0 1.43921e+07 1.30214e+07 6.84479e+06 1.24607e+06 0.00188084 0.00108821 -0.00267383 0.00323833 0.102788
12 10 1 -0.796688 0.542904 -0.00120933 0.00117766 9.87986e+07 3.93491e+08 1.87142e+08 3.40685e+07 0 3.56016e+08 0 3.93491e+08 3.56016e+08 1.87142e+08 3.40685e+07 0.000690818 0.00119035 2.49801e-05 0.0010339 0.0943619
5 10 2 -1.0623 0.457516 -0.00157652 0.000561979 6.26092e+07 2.49357e+08 1.18593e+08 2.15894e+07 0 2.25609e+08 0 2.49357e+08 2.25609e+08 1.18593e+08 2.15894e+07 0.00117748 0.00332924 0.00160284 0.00186355 0.0992518
12 11 0 -0.796688 0.542904 -0.00120933 0.00117766 9.87986e+07 3.93491e+08 1.87142e+08 3.40685e+07 0 3.56016e+08 0 3.93491e+08 3.56016e+08 1.87142e+08 3.40685e+07 0.000690818 0.00119035 2.49801e-05 0.0010339 0.0943619
10 11 1 -0.701738 0.750896 -0.00115486 0.0015554 7.77644e+07 3.09717e+08 1.473e+08 2.68153e+07 0 2.8022e+08 0 3.09717e+08 2.8022e+08 1.473e+08 2.68153e+07 0.000650176 0.00188843 -0.0013982 0.000461334 0.0876862
6 11 2 -0.964991 0.669729 -0.00138284 0.00110703 1.02738e+08 4.09181e+08 1.94604e+08 3.54269e+07 0 3.70212e+08 0 4.09181e+08 3.70212e+08 1.94604e+08 3.54269e+07 0.000808096 0.00121935 -0.000285407 0.000651783 0.0923296
5 12 0 -1.0623 0.457516 -0.00157652 0.000561979 6.26092e+07 2.49357e+08 1.18593e+08 2.15894e+07 0 2.25609e+08 0 2.49357e+08 2.25609e+08 1.18593e+08 2.15894e+07 0.00117748 0.00332924 0.00160284 0.00186355 0.0992518
12 12 1 -0.796688 0.542904 -0.00120933 0.00117766 9.87986e+07 3.93491e+08 1.87142e+08 3.40685e+07 0 3.56016e+08 0 3.93491e+08 3.56016e+08 1.87142e+08 3.40685e+07 0.000690818 0.00119035 2.49801e-05 0.0010339 0.0943619
6 12 2 -0.964991 0.669729 -0.00138284 0.00110703 1.02738e+08 4.09181e+08 1.94604e+08 3.54269e+07 0 3.70212e+08 0 4.09181e+08 3.70212e+08 1.94604e+08 3.54269e+07 0.000808096 0.00121935 -0.000285407 0.000651783 0.0923296
15 13 0 -0.632398 0.396699 -0.000946016 0.0010159 3.64326e+07 1.45102e+08 6.90099e+07 1.2563e+07 0 1.31283e+08 0 1.45102e+08 1.31283e+08 6.90099e+07 1.2563e+07 0.00160262 0.00136329 -0.00152285 0.0024767 0.100151
17 13 1 -0.541839 0.609899 -0.0008817 0.00154927 4.96477e+07 1.97735e+08 9.40416e+07 1.71199e+07 0 1.78903e+08 0 1.97735e+08 1.78903e+08 9.40416e+07 1.71199e+07 0.00231605 0.00126075 0.0004617 0.00141225 0.09073
12 13 2 -0.796688 0.542904 -0.00120933 0.00117766 9.87986e+07 3.93491e+08 1.87142e+08 3.40685e+07 0 3.56016e+08 0 3.93491e+08 3.56016e+08 1.87142e+08 3.40685e+07 0.000690818 0.00119035 2.49801e-05 0.0010339 0.0943619
2 14 0 -0.908418 0.163885 -0.000859816 0.000240594 1.30371e+08 5.19234e+08 2.46945e+08 4.49554e+07 0 4.69783e+08 0 5.19234e+08 4.69783e+08 2.46945e+08 4.49554e+07 0.000596131 0.00183476 -0.00215202 0.000324484 0.112878
7 14 1 -0.708281 0.193915 -0.000773961 0.00054863 1.30478e+08 5.19663e+08 2.47149e+08 4.49925e+07 0 4.70171e+08 0 5.19663e+08 4.70171e+08 2.47149e+08 4.49925e+07 0.000711267 0.00117854 -0.000843383 0.000108396 0.112392
9 14 2 -0.873824 0.345346 -0.00125482 0.000614407 3.61359e+06 1.43921e+07 6.84479e+06 1.24607e+06 0 1.30214e+07 0 1.43921e+07 1.30214e+07 6.84479e+06 1.24607e+06 0.00188084 0.00108821 -0.00267383 0.00323833 0.102788
14 15 0 -0.498999 0.211567 -0.000549561 0.000645856 3.13897e+07 1.25018e+08 5.94577e+07 1.0824e+07 0 1.13111e+08 0 1.25018e+08 1.13111e+08 5.94577e+07 1.0824e+07 0.0020398 -0.00102902 -0.00165635 0.00279865 0.111714
23 15 1 -0.290097 0.219353 -0.000266634 0.000425969 5.95894e+07 2.3733e+08 1.12873e+08 2.05481e+07 0 2.14727e+08 0 2.3733e+08 2.14727e+08 1.12873e+08 2.05481e+07 0.000782406 -0.00196947 -0.000824912 0.00114651 0.111283
22 15 2 -0.396958 0.432193 -0.000614475 0.00120515 3.18642e+07 1.26907e+08 6.03565e+07 1.09876e+07 0 1.14821e+08 0 1.26907e+08 1.14821e+08 6.03565e+07 1.09876e+07 0.00149758 -0.000583254 -0.000359989 0.00301306 0.0980436
16 16 0 -0.4 3.79595e-24 -4.59031e-27 3.44368e-26 4.85644e+07 1.9342e+08 9.19897e+07 1.67463e+07 0 1.74999e+08 0 1.9342e+08 1.74999e+08 9.19897e+07 1.67463e+07 0.000329686 -0.000278379 -0.00243005 0.00269504 0.130078
14 16 1 -0.498999 0.211567 -0.000549561 0.000645856 3.13897e+07 1.25018e+08 5.94577e+07 1.0824e+07 0 1.13111e+08 0 1.25018e+08 1.13111e+08 5.94577e+07 1.0824e+07 0.0020398 -0.00102902 -0.00165635 0.00279865 0.111714
8 16 2 -0.6 3.84554e-24 -8.04487e-27 3.62372e-26 1.10604e+07 4.40508e+07 2.09503e+07 3.81392e+06 0 3.98555e+07 0 4.40508e+07 3.98555e+07 2.09503e+07 3.81392e+06 -9.9261e-19 9.65815e-19 -0.00585937 0.00539026 0.129499
16 17 0 -0.4 3.79595e-24 -4.59031e-27 3.44368e-26 4.85644e+07 1.9342e+08 9.19897e+07 1.67463e+07 0 1.74999e+08 0 1.9342e+08 1.74999e+08 9.19897e+07 1.67463e+07 0.000329686 -0.000278379 -0.00243005 0.00269504 0.130078
24 17 1 -0.2 3.80097e-24 -2.56512e-27 3.53204e-26 1.14216e+08 4.54893e+08 2.16345e+08 3.93847e+07 0 4.1157e+08 0 4.54893e+08 4.1157e+08 2.16345e+08 3.93847e+07 -1.77008e-05 -0.000123813 -0.00145137 0.00105932 0.130275
23 17 2 -0.290097 0.219353 -0.000266634 0.000425969 5.95894e+07 2.3733e+08 1.12873e+08 2.05481e+07 0 2.14727e+08 0 2.3733e+08 2.14727e+08 1.12873e+08 2.05481e+07 0.000782406 -0.00196947 -0.000824912 0.00114651 0.111283
32 18 0 -0.047147 0.616223 -3.79299e-05 0.00156728 4.99238e+07 1.98835e+08 9.45647e+07 1.72151e+07 0 1.79898e+08 0 1.98835e+08 1.79898e+08 9.45647e+07 1.72151e+07 0.00151001 -0.00204896 -0.000633631 0.00198144 0.0893842
37 18 1 0.105817 0.398636 0.000470564 0.000944351 5.45409e+07 2.17223e+08 1.0331e+08 1.88072e+07 0 1.96535e+08 0 2.17223e+08 1.96535e+08 1.0331e+08 1.88072e+07 0.00148007 -0.000213866 -0.000836818 0.00150421 0.099653
36 18 2 0.1496 0.618578 0.000423412 0.00138863 2.68453e+07 1.06918e+08 5.08499e+07 9.25701e+06 0 9.67358e+07 0 1.06918e+08 9.67358e+07 5.08499e+07 9.25701e+06 0.00281945 0.000601078 0.000224312 0.00249755 0.0893548
26 19 0 -0.101337 0.831064 -0.000117277 0.00197231 5.78294e+07 2.30321e+08 1.09539e+08 1.99412e+07 0 2.08385e+08 0 2.30321e+08 2.08385e+08 1.09539e+08 1.99412e+07 0.00172327 0.000143103 0.000660989 0.00132764 0.0829065
32 19 1 -0.047147 0.616223 -3.79299e-05 0.00156728 4.99238e+07 1.98835e+08 9.45647e+07 1.72151e+07 0 1.79898e+08 0 1.98835e+08 1.79898e+08 9.45647e+07 1.72151e+07 0.00151001 -0.00204896 -0.000633631 0.00198144 0.0893842
33 19 2 0.114461 0.80422 0.000337274 0.00186322 2.27607e+07 9.06504e+07 4.31128e+07 7.84852e+06 0 8.2017e+07 0 9.06504e+07 8.2017e+07 4.31128e+07 7.84852e+06 0.00285604 -0.000788619 -0.000345098 0.0022773 0.0835386
28 20 0 0.0725352 1.01151 0.000250947 0.00227936 5.81565e+07 2.31623e+08 1.10159e+08 2.0054e+07 0 2.09564e+08 0 2.31623e+08 2.09564e+08 1.10159e+08 2.0054e+07 0.00122338 0.000129268 0.000580949 0.00181304 0.079765
26 20 1 -0.101337 0.831064 -0.000117277 0.00197231 5.78294e+07 2.30321e+08 1.09539e+08 1.99412e+07 0 2.08385e+08 0 2.30321e+08 2.08385e+08 1.09539e+08 1.99412e+07 0.00172327 0.000143103 0.000660989 0.00132764 0.0829065
33 20 2 0.114461 0.80422 0.000337274 0.00186322 2.27607e+07 9.06504e+07 4.31128e+07 7.84852e+06 0 8.2017e+07 0 9.06504e+07 8.2017e+07 4.31128e+07 7.84852e+06 0.00285604 -0.000788619 -0.000345098 0.0022773 0.0835386
19 21 0 -0.29328 0.942959 -0.000313878 0.00220586 6.94669e+07 2.7667e+08 1.31583e+08 2.39541e+07 0 2.5032e+08 0 2.7667e+08 2.5032e+08 1.31583e+08 2.39541e+07 0.00103016 -0.000564135 0.000810657 0.00164398 0.0813263
18 21 1 -0.484746 0.850112 -0.000725281 0.00212061 1.95745e+07 7.79604e+07 3.70776e+07 6.74982e+06 0 7.05356e+07 0 7.79604e+07 7.05356e+07 3.70776e+07 6.74982e+06 0.00304083 0.0011304 0.00130896 0.00318471 0.083956
25 21 2 -0.29343 0.671896 -0.000463534 0.00177026 7.4043e+07 2.94895e+08 1.40251e+08 2.55321e+07 0 2.6681e+08 0 2.94895e+08 2.6681e+08 1.40251e+08 2.55321e+07 0.00106018 0.00134964 0.000419588 0.000641852 0.0877626
17 22 0 -0.541839 0.609899 -0.0008817 0.00154927 4.96477e+07 1.97735e+08 9.40416e+07 1.71199e+07 0 1.78903e+08 0 1.97735e+08 1.78903e+08 9.40416e+07 1.71199e+07 0.00231605 0.00126075 0.0004617 0.00141225 0.09073
10 22 1 -0.701738 0.750896 -0.00115486 0.0015554 7.77644e+07 3.09717e+08 1.473e+08 2.68153e+07 0 2.8022e+08 0 3.09717e+08 2.8022e+08 1.473e+08 2.68153e+07 0.000650176 0.00188843 -0.0013982 0.000461334 0.0876862
12 22 2 -0.796688 0.542904 -0.00120933 0.00117766 9.87986e+07 3.93491e+08 1.87142e+08 3.40685e+07 0 3.56016e+08 0 3.93491e+08 3.56016e+08 1.87142e+08 3.40685e+07 0.000690818 0.00119035 2.49801e-05 0.0010339 0.0943619
14 23 0 -0.498999 0.211567 -0.000549561 0.000645856 3.13897e+07 1.25018e+08 5.94577e+07 1.0824e+07 0 1.13111e+08 0 1.25018e+08 1.13111e+08 5.94577e+07 1.0824e+07 0.0020398 -0.00102902 -0.00165635 0.00279865 0.111714
22 23 1 -0.396958 0.432193 -0.000614475 0.00120515 3.18642e+07 1.26907e+08 6.03565e+07 1.09876e+07 0 1.14821e+08 0 1.26907e+08 1.14821e+08 6.03565e+07 1.09876e+07 0.00149758 -0.000583254 -0.000359989 0.00301306 0.0980436
15 23 2 -0.632398 0.396699 -0.000946016 0.0010159 3.64326e+07 1.45102e+08 6.90099e+07 1.2563e+07 0 1.31283e+08 0 1.45102e+08 1.31283e+08 6.90099e+07 1.2563e+07 0.00160262 0.00136329 -0.00152285 0.0024767 0.100151
18 24 0 -0.484746 0.850112 -0.000725281 0.00212061 1.95745e+07 7.79604e+07 3.70776e+07 6.74982e+06 0 7.05356e+07 0 7.79604e+07 7.05356e+07 3.70776e+07 6.74982e+06 0.00304083 0.0011304 0.00130896 0.00318471 0.083956
10 24 1 -0.701738 0.750896 -0.00115486 0.0015554 7.77644e+07 3.09717e+08 1.473e+08 2.68153e+07 0 2.8022e+08 0 3.09717e+08 2.8022e+08 1.473e+08 2.68153e+07 0.000650176 0.00188843 -0.0013982 0.000461334 0.0876862
17 24 2 -0.541839 0.609899 -0.0008817 0.00154927 4.96477e+07 1.97735e+08 9.40416e+07 1.71199e+07 0 1.78903e+08 0 1.97735e+08 1.78903e+08 9.40416e+07 1.71199e+07 0.00231605 0.00126075 0.0004617 0.00141225 0.09073
25 25 0 -0.29343 0.671896 -0.000463534 0.00177026 7.4043e+07 2.94895e+08 1.40251e+08 2.55321e+07 0 2.6681e+08 0 2.94895e+08 2.6681e+08 1.40251e+08 2.55321e+07 0.00106018 0.00134964 0.000419588 0.000641852 0.0877626
18 25 1 -0.484746 0.850112 -0.000725281 0.00212061 1.95745e+07 7.79604e+07 3.70776e+07 6.74982e+06 0 7.05356e+07 0 7.79604e+07 7.05356e+07 3.70776e+07 6.74982e+06 0.00304083 0.0011304 0.00130896 0.00318471 0.083956
17 25 2 -0.541839 0.609899 -0.0008817 0.00154927 4.96477e+07 1.97735e+08 9.40416e+07 1.71199e+07 0 1.78903e+08 0 1.97735e+08 1.78903e+08 9.40416e+07 1.71199e+07 0.00231605 0.00126075 0.0004617 0.00141225 0.09073
19 26 0 -0.29328 0.942959 -0.000313878 0.00220586 6.94669e+07 2.7667e+08 1.31583e+08 2.39541e+07 0 2.5032e+08 0 2.7667e+08 2.5032e+08 1.31583e+08 2.39541e+07 0.00103016 -0.000564135 0.000810657 0.00164398 0.0813263
13 26 1 -0.446796 1.12558 -0.000267749 0.00259871 8.93709e+07 3.55943e+08 1.69285e+08 3.08176e+07 0 3.22044e+08 0 3.55943e+08 3.22044e+08 1.69285e+08 3.08176e+07 0.000967414 -0.00149766 0.0013738 0.000925291 0.0806138
18 26 2 -0.484746 0.850112 -0.000725281 0.00212061 1.95745e+07 7.79604e+07 3.70776e+07 6.74982e+06 0 7.05356e+07 0 7.79604e+07 7.05356e+07 3.70776e+07 6.74982e+06 0.00304083 0.0011304 0.00130896 0.00318471 0.083956
6 27 0 -0.964991 0.669729 -0.00138284 0.00110703 1.02738e+08 4.09181e+08 1.94604e+08 3.54269e+07 0 3.70212e+08 0 4.09181e+08 3.70212e+08 1.94604e+08 3.54269e+07 0.000808096 0.00121935 -0.000285407 0.000651783 0.0923296
10 27 1 -0.701738 0.750896 -0.00115486 0.0015554 7.77644e+07 3.09717e+08 1.473e+08 2.68153e+07 0 2.8022e+08 0 3.09717e+08 2.8022e+08 1.473e+08 2.68153e+07 0.000650176 0.00188843 -0.0013982 0.000461334 0.0876862
4 27 2 -0.827102 0.858876 -0.00154564 0.00158833 2.45823e+07 9.79054e+07 4.65633e+07 8.47666e+06 0 8.85811e+07 0 9.79054e+07 8.85811e+07 4.65633e+07 8.47666e+06 0.00301437 0.00121602 -0.00215985 0.00283123 0.0870718
25 28 0 -0.29343 0.671896 -0.000463534 0.00177026 7.4043e+07 2.94895e+08 1.40251e+08 2.55321e+07 0 2.6681e+08 0 2.94895e+08 2.6681e+08 1.40251e+08 2.55321e+07 0.00106018 0.00134964 0.000419588 0.000641852 0.0877626
17 28 1 -0.541839 0.609899 -0.0008817 0.00154927 4.96477e+07 1.97735e+08 9.40416e+07 1.71199e+07 0 1.78903e+08 0 1.97735e+08 1.78903e+08 9.40416e+07 1.71199e+07 0.00231605 0.00126075 0.0004617 0.00141225 0.09073
22 28 2 -0.396958 0.432193 -0.000614475 0.00120515 3.18642e+07 1.26907e+08 6.03565e+07 1.09876e+07 0 1.14821e+08 0 1.26907e+08 1.14821e+08 6.03565e+07 1.09876e+07 0.00149758 -0.000583254 -0.000359989 0.00301306 0.0980436
26 29 0 -0.101337 0.831064 -0.000117277 0.00197231 5.78294e+07 2.30321e+08 1.09539e+08 1.99412e+07 0 2.08385e+08 0 2.30321e+08 2.08385e+08 1.09539e+08 1.99412e+07 0.00172327 0.000143103 0.000660989 0.00132764 0.0829065
25 29 1 -0.29343 0.671896 -0.000463534 0.00177026 7.4043e+07 2.94895e+08 1.40251e+08 2.55321e+07 0 2.6681e+08 0 2.94895e+08 2.6681e+08 1.40251e+08 2.55321e+07 0.00106018 0.00134964 0.000419588 0.000641852 0.0877626
32 29 2 -0.047147 0.616223 -3.79299e-05 0.00156728 4.99238e+07 1.98835e+08 9.45647e+07 1.72151e+07 0 1.79898e+08 0 1.98835e+08 1.79898e+08 9.45647e+07 1.72151e+07 0.00151001 -0.00204896 -0.000633631 0.00198144 0.0893842
26 30 0 -0.101337 0.831064 -0.000117277 0.00197231 5.78294e+07 2.30321e+08 1.09539e+08 1.99412e+07 0 2.08385e+08 0 2.30321e+08 2.08385e+08 1.09539e+08 1.99412e+07 0.00172327 0.000143103 0.000660989 0.00132764 0.0829065
19 30 1 -0.29328 0.942959 -0.000313878 0.00220586 6.94669e+07 2.7667e+08 1.31583e+08 2.39541e+07 0 2.5032e+08 0 2.7667e+08 2.5032e+08 1.31583e+08 2.39541e+07 0.00103016 -0.000564135 0.000810657 0.00164398 0.0813263
25 30 2 -0.29343 0.671896 -0.000463534 0.00177026 7.4043e+07 2.94895e+08 1.40251e+08 2.55321e+07 0 2.6681e+08 0 2.94895e+08 2.6681e+08 1.40251e+08 2.55321e+07 0.00106018 0.00134964 0.000419588 0.000641852 0.0877626
30 31 0 -0.0820277 0.217927 -5.83138e-05 0.000399358 4.61919e+07 1.83971e+08 8.74958e+07 1.59282e+07 0 1.6645e+08 0 1.83971e+08 1.6645e+08 8.74958e+07 1.59282e+07 0.00122547 0.00173221 0.00162171 0.00155721 0.111429
24 31 1 -0.2 3.80097e-24 -2.56512e-27 3.53204e-26 1.14216e+08 4.54893e+08 2.16345e+08 3.93847e+07 0 4.1157e+08 0 4.54893e+08 4.1157e+08 2.16345e+08 3.93847e+07 -1.77008e-05 -0.000123813 -0.00145137 0.00105932 0.130275
31 31 2 2.49704e-17 3.79785e-24 -6.47756e-28 3.17243e-26 6.25484e+07 2.49115e+08 1.18478e+08 2.15684e+07 0 2.2539e+08 0 2.49115e+08 2.2539e+08 1.18478e+08 2.15684e+07 0.000241839 -0.000342529 -0.00033738 0.00192635 0.130323
29 32 0 -0.16402 0.432687 -9.51564e-05 0.00112454 5.23782e+06 2.0861e+07 9.92138e+06 1.80615e+06 0 1.88742e+07 0 2.0861e+07 1.88742e+07 9.92138e+06 1.80615e+06 0.00356413 0.000728823 -0.000136228 0.00613583 0.0978178
22 32 1 -0.396958 0.432193 -0.000614475 0.00120515 3.18642e+07 1.26907e+08 6.03565e+07 1.09876e+07 0 1.14821e+08 0 1.26907e+08 1.14821e+08 6.03565e+07 1.09876e+07 0.00149758 -0.000583254 -0.000359989 0.00301306 0.0980436
23 32 2 -0.290097 0.219353 -0.000266634 0.000425969 5.95894e+07 2.3733e+08 1.12873e+08 2.05481e+07 0 2.14727e+08 0 2.3733e+08 2.14727e+08 1.12873e+08 2.05481e+07 0.000782406 -0.00196947 -0.000824912 0.00114651 0.111283
37 33 0 0.105817 0.398636 0.000470564 0.000944351 5.45409e+07 2.17223e+08 1.0331e+08 1.88072e+07 0 1.96535e+08 0 2.17223e+08 1.96535e+08 1.0331e+08 1.88072e+07 0.00148007 -0.000213866 -0.000836818 0.00150421 0.099653
29 33 1 -0.16402 0.432687 -9.51564e-05 0.00112454 5.23782e+06 2.0861e+07 9.92138e+06 1.80615e+06 0 1.88742e+07 0 2.0861e+07 1.88742e+07 9.92138e+06 1.80615e+06 0.00356413 0.000728823 -0.000136228 0.00613583 0.0978178
30 33 2 -0.0820277 0.217927 -5.83138e-05 0.000399358 4.61919e+07 1.83971e+08 8.74958e+07 1.59282e+07 0 1.6645e+08 0 1.83971e+08 1.6645e+08 8.74958e+07 1.59282e+07 0.00122547 0.00173221 0.00162171 0.00155721 0.111429
32 34 0 -0.047147 0.616223 -3.79299e-05 0.00156728 4.99238e+07 1.98835e+08 9.45647e+07 1.72151e+07 0 1.79898e+08 0 1.98835e+08 1.79898e+08 9.45647e+07 1.72151e+07 0.00151001 -0.00204896 -0.000633631 0.00198144 0.0893842
25 34 1 -0.29343 0.671896 -0.000463534 0.00177026 7.4043e+07 2.94895e+08 1.40251e+08 2.55321e+07 0 2.6681e+08 0 2.94895e+08 2.6681e+08 1.40251e+08 2.55321e+07 0.00106018 0.00134964 0.000419588 0.000641852 0.0877626
29 34 2 -0.16402 0.432687 -9.51564e-05 0.00112454 5.23782e+06 2.0861e+07 9.92138e+06 1.80615e+06 0 1.88742e+07 0 2.0861e+07 1.88742e+07 9.92138e+06 1.80615e+06 0.00356413 0.000728823 -0.000136228 0.00613583 0.0978178
14 35 0 -0.498999 0.211567 -0.000549561 0.000645856 3.13897e+07 1.25018e+08 5.94577e+07 1.0824e+07 0 1.13111e+08 0 1.25018e+08 1.13111e+08 5.94577e+07 1.0824e+07 0.0020398 -0.00102902 -0.00165635 0.00279865 0.111714
16 35 1 -0.4 3.79595e-24 -4.59031e-27 3.44368e-26 4.85644e+07 1.9342e+08 9.19897e+07 1.67463e+07 0 1.74999e+08 0 1.9342e+08 1.74999e+08 9.19897e+07 1.67463e+07 0.000329686 -0.000278379 -0.00243005 0.00269504 0.130078
23 35 2 -0.290097 0.219353 -0.000266634 0.000425969 5.95894e+07 2.3733e+08 1.12873e+08 2.05481e+07 0 2.14727e+08 0 2.3733e+08 2.14727e+08 1.12873e+08 2.05481e+07 0.000782406 -0.00196947 -0.000824912 0.00114651 0.111283
4 36 0 -0.827102 0.858876 -0.00154564 0.00158833 2.45823e+07 9.79054e+07 4.65633e+07 8.47666e+06 0 8.85811e+07 0 9.79054e+07 8.85811e+07 4.65633e+07 8.47666e+06 0.00301437 0.00121602 -0.00215985 0.00283123 0.0870718
10 36 1 -0.701738 0.750896 -0.00115486 0.0015554 7.77644e+07 3.09717e+08 1.473e+08 2.68153e+07 0 2.8022e+08 0 3.09717e+08 2.8022e+08 1.473e+08 2.68153e+07 0.000650176 0.00188843 -0.0013982 0.000461334 0.0876862
11 36 2 -0.649107 1.01039 -0.000989369 0.0024457 1.20751e+07 4.80921e+07 2.28724e+07 4.16382e+06 0 4.35119e+07 0 4.80921e+07 4.35119e+07 2.28724e+07 4.16382e+06 0.00449586 0.00204568 0.00312438 0.00412891 0.0832571
11 37 0 -0.649107 1.01039 -0.000989369 0.0024457 1.20751e+07 4.80921e+07 2.28724e+07 4.16382e+06 0 4.35119e+07 0 4.80921e+07 4.35119e+07 2.28724e+07 4.16382e+06 0.00449586 0.00204568 0.00312438 0.00412891 0.0832571
10 37 1 -0.701738 0.750896 -0.00115486 0.0015554 7.77644e+07 3.09717e+08 1.473e+08 2.68153e+07 0 2.8022e+08 0 3.09717e+08 2.8022e+08 1.473e+08 2.68153e+07 0.000650176 0.00188843 -0.0013982 0.000461334 0.0876862
18 37 2 -0.484746 0.850112 -0.000725281 0.00212061 1.95745e+07 7.79604e+07 3.70776e+07 6.74982e+06 0 7.05356e+07 0 7.79604e+07 7.05356e+07 3.70776e+07 6.74982e+06 0.00304083 0.0011304 0.00130896 0.00318471 0.083956
38 38 0 0.100302 0.18149 0.000133278 0.00038806 2.45924e+07 9.79455e+07 4.65824e+07 8.48013e+06 0 8.86174e+07 0 9.79455e+07 8.86174e+07 4.65824e+07 8.48013e+06 0.00136533 -0.00107111 0.00105706 0.0028606 0.11422
31 38 1 2.49704e-17 3.79785e-24 -6.47756e-28 3.17243e-26 6.25484e+07 2.49115e+08 1.18478e+08 2.15684e+07 0 2.2539e+08 0 2.49115e+08 2.2539e+08 1.18478e+08 2.15684e+07 0.000241839 -0.000342529 -0.00033738 0.00192635 0.130323
39 38 2 0.2 3.8017e-24 2.10453e-27 3.96273e-26 1.22422e+08 4.87576e+08 2.31888e+08 4.22143e+07 0 4.4114e+08 0 4.87576e+08 4.4114e+08 2.31888e+08 4.22143e+07 -0.000236687 6.01743e-05 0.00103164 0.000860438 0.130302
37 39 0 0.105817 0.398636 0.000470564 0.000944351 5.45409e+07 2.17223e+08 1.0331e+08 1.88072e+07 0 1.96535e+08 0 2.17223e+08 1.96535e+08 1.0331e+08 1.88072e+07 0.00148007 -0.000213866 -0.000836818 0.00150421 0.099653
38 39 1 0.100302 0.18149 0.000133278 0.00038806 2.45924e+07 9.79455e+07 4.65824e+07 8.48013e+06 0 8.86174e+07 0 9.79455e+07 8.86174e+07 4.65824e+07 8.48013e+06 0.00136533 -0.00107111 0.00105706 0.0028606 0.11422
44 39 2 0.284574 0.205283 0.000344692 0.000524277 3.68217e+07 1.46652e+08 6.97469e+07 1.26971e+07 0 1.32685e+08 0 1.46652e+08 1.32685e+08 6.97469e+07 1.26971e+07 0.000506733 0.00172683 0.00221531 0.00351119 0.112388
30 40 0 -0.0820277 0.217927 -5.83138e-05 0.000399358 4.61919e+07 1.83971e+08 8.74958e+07 1.59282e+07 0 1.6645e+08 0 1.83971e+08 1.6645e+08 8.74958e+07 1.59282e+07 0.00122547 0.00173221 0.00162171 0.00155721 0.111429
31 40 1 2.49704e-17 3.79785e-24 -6.47756e-28 3.17243e-26 6.25484e+07 2.49115e+08 1.18478e+08 2.15684e+07 0 2.2539e+08 0 2.49115e+08 2.2539e+08 1.18478e+08 2.15684e+07 0.000241839 -0.000342529 -0.00033738 0.00192635 0.130323
38 40 2 0.100302 0.18149 0.000133278 0.00038806 2.45924e+07 9.79455e+07 4.65824e+07 8.48013e+06 0 8.86174e+07 0 9.79455e+07 8.86174e+07 4.65824e+07 8.48013e+06 0.00136533 -0.00107111 0.00105706 0.0028606 0.11422
32 41 0 -0.047147 0.616223 -3.79299e-05 0.00156728 4.99238e+07 1.98835e+08 9.45647e+07 1.72151e+07 0 1.79898e+08 0 1.98835e+08 1.79898e+08 9.45647e+07 1.72151e+07 0.00151001 -0.00204896 -0.000633631 0.00198144 0.0893842
29 41 1 -0.16402 0.432687 -9.51564e-05 0.00112454 5.23782e+06 2.0861e+07 9.92138e+06 1.80615e+06 0 1.88742e+07 0 2.0861e+07 1.88742e+07 9.92138e+06 1.80615e+06 0.00356413 0.000728823 -0.000136228 0.00613583 0.0978178
37 41 2 0.105817 0.398636 0.000470564 0.000944351 5.45409e+07 2.17223e+08 1.0331e+08 1.88072e+07 0 1.96535e+08 0 2.17223e+08 1.96535e+08 1.0331e+08 1.88072e+07 0.00148007 -0.000213866 -0.000836818 0.00150421 0.099653
23 42 0 -0.290097 0.219353 -0.000266634 0.000425969 5.95894e+07 2.3733e+08 1.12873e+08 2.05481e+07 0 2.14727e+08 0 2.3733e+08 2.14727e+08 1.12873e+08 2.05481e+07 0.000782406 -0.00196947 -0.000824912 0.00114651 0.111283
24 42 1 -0.2 3.80097e-24 -2.56512e-27 3.53204e-26 1.14216e+08 4.54893e+08 2.16345e+08 3.93847e+07 0 4.1157e+08 0 4.54893e+08 4.1157e+08 2.16345e+08 3.93847e+07 -1.77008e-05 -0.000123813 -0.00145137 0.00105932 0.130275
30 42 2 -0.0820277 0.217927 -5.83138e-05 0.000399358 4.61919e+07 1.83971e+08 8.74958e+07 1.59282e+07 0 1.6645e+08 0 1.83971e+08 1.6645e+08 8.74958e+07 1.59282e+07 0.00122547 0.00173221 0.00162171 0.00155721 0.111429
61 43 0 1 1.19958e-24 -3.95373e-27 2.45435e-26 6.25872e+07 2.4927e+08 1.18551e+08 2.15818e+07 0 2.2553e+08 0 2.4927e+08 2.2553e+08 1.18551e+08 2.15818e+07 -1.27273e-25 -9.04234e-25 0.0133095 0.00236179 0.123875
62 43 1 1.10524 0.212107 0.00163868 0.000377836 7.68095e+07 3.05914e+08 1.45491e+08 2.6486e+07 0 2.76779e+08 0 3.05914e+08 2.76779e+08 1.45491e+08 2.6486e+07 0.000557823 1.06955e-05 -0.0002455 0.00196752 0.108579
59 43 2 0.919477 0.22539 0.00148102 0.00058117 4.48732e+07 1.78719e+08 8.4998e+07 1.54735e+07 0 1.61698e+08 0 1.78719e+08 1.61698e+08 8.4998e+07 1.54735e+07 0.000822385 -0.00194363 -0.000547821 0.00250577 0.109347
59 44 0 0.919477 0.22539 0.00148102 0.00058117 4.48732e+07 1.78719e+08 8.4998e+07 1.54735e+07 0 1.61698e+08 0 1.78719e+08 1.61698e+08 8.4998e+07 1.54735e+07 0.000822385 -0.00194363 -0.000547821 0.00250577 0.109347
55 44 1 0.71554 0.214296 0.00103966 0.000875462 7.96466e+06 3.17213e+07 1.50865e+07 2.74643e+06 0 2.87002e+07 0 3.17213e+07 2.87002e+07 1.50865e+07 2.74643e+06 0.00352077 -0.00128274 0.000276312 0.00374934 0.111182
57 44 2 0.8 3.79788e-24 3.75821e-27 3.14579e-26 3.37001e+07 1.34219e+08 6.3834e+07 1.16207e+07 0 1.21436e+08 0 1.34219e+08 1.21436e+08 6.3834e+07 1.16207e+07 9.89595e-27 -4.51224e-25 0.00966252 0.00266537 0.12833
60 45 0 1.06731 0.454381 0.00145221 0.000761509 9.9869e+07 3.97754e+08 1.8917e+08 3.44376e+07 0 3.59873e+08 0 3.97754e+08 3.59873e+08 1.8917e+08 3.44376e+07 0.000624367 -0.00103895 -0.000246956 0.00119508 0.0998125
59 45 1 0.919477 0.22539 0.00148102 0.00058117 4.48732e+07 1.78719e+08 8.4998e+07 1.54735e+07 0 1.61698e+08 0 1.78719e+08 1.61698e+08 8.4998e+07 1.54735e+07 0.000822385 -0.00194363 -0.000547821 0.00250577 0.109347
62 45 2 1.10524 0.212107 0.00163868 0.000377836 7.68095e+07 3.05914e+08 1.45491e+08 2.6486e+07 0 2.76779e+08 0 3.05914e+08 2.76779e+08 1.45491e+08 2.6486e+07 0.000557823 1.06955e-05 -0.0002455 0.00196752 0.108579
56 46 0 0.841563 0.437091 0.00125422 0.0011319 7.25769e+07 2.89056e+08 1.37474e+08 2.50265e+07 0 2.61527e+08 0 2.89056e+08 2.61527e+08 1.37474e+08 2.50265e+07 0.0010179 -0.00289558 -0.000917559 0.000916125 0.0989623
53 46 1 0.732185 0.627932 0.00112106 0.00146838 1.30917e+08 5.21409e+08 2.47979e+08 4.51436e+07 0 4.71751e+08 0 5.21409e+08 4.71751e+08 2.47979e+08 4.51436e+07 0.000762601 -0.000427796 -2.41336e-05 0.000498895 0.0913636
51 46 2 0.615359 0.410622 0.000982341 0.0012853 7.62854e+07 3.03826e+08 1.44498e+08 2.63053e+07 0 2.74891e+08 0 3.03826e+08 2.74891e+08 1.44498e+08 2.63053e+07 0.00118523 0.00021531 0.000502997 0.00106091 0.0995746
60 47 0 1.06731 0.454381 0.00145221 0.000761509 9.9869e+07 3.97754e+08 1.8917e+08 3.44376e+07 0 3.59873e+08 0 3.97754e+08 3.59873e+08 1.8917e+08 3.44376e+07 0.000624367 -0.00103895 -0.000246956 0.00119508 0.0998125
56 47 1 0.841563 0.437091 0.00125422 0.0011319 7.25769e+07 2.89056e+08 1.37474e+08 2.50265e+07 0 2.61527e+08 0 2.89056e+08 2.61527e+08 1.37474e+08 2.50265e+07 0.0010179 -0.00289558 -0.000917559 0.000916125 0.0989623
59 47 2 0.919477 0.22539 0.00148102 0.00058117 4.48732e+07 1.78719e+08 8.4998e+07 1.54735e+07 0 1.61698e+08 0 1.78719e+08 1.61698e+08 8.4998e+07 1.54735e+07 0.000822385 -0.00194363 -0.000547821 0.00250577 0.109347
60 48 0 1.06731 0.454381 0.00145221 0.000761509 9.9869e+07 3.97754e+08 1.8917e+08 3.44376e+07 0 3.59873e+08 0 3.97754e+08 3.59873e+08 1.8917e+08 3.44376e+07 0.000624367 -0.00103895 -0.000246956 0.00119508 0.0998125
58 48 1 0.964749 0.670578 0.00133966 0.00119242 6.8622e+07 2.73305e+08 1.29982e+08 2.36627e+07 0 2.47276e+08 0 2.73305e+08 2.47276e+08 1.29982e+08 2.36627e+07 0.00119508 -0.00182735 2.33417e-05 0.00144128 0.0926809
56 48 2 0.841563 0.437091 0.00125422 0.0011319 7.25769e+07 2.89056e+08 1.37474e+08 2.50265e+07 0 2.61527e+08 0 2.89056e+08 2.61527e+08 1.37474e+08 2.50265e+07 0.0010179 -0.00289558 -0.000917559 0.000916125 0.0989623
56 49 0 0.841563 0.437091 0.00125422 0.0011319 7.25769e+07 2.89056e+08 1.37474e+08 2.50265e+07 0 2.61527e+08 0 2.89056e+08 2.61527e+08 1.37474e+08 2.50265e+07 0.0010179 -0.00289558 -0.000917559 0.000916125 0.0989623
51 49 1 0.615359 0.410622 0.000982341 0.0012853 7.62854e+07 3.03826e+08 1.44498e+08 2.63053e+07 0 2.74891e+08 0 3.03826e+08 2.74891e+08 1.44498e+08 2.63053e+07 0.00118523 0.00021531 0.000502997 0.00106091 0.0995746
55 49 2 0.71554 0.214296 0.00103966 0.000875462 7.96466e+06 3.17213e+07 1.50865e+07 2.74643e+06 0 2.87002e+07 0 3.17213e+07 2.87002e+07 1.50865e+07 2.74643e+06 0.00352077 -0.00128274 0.000276312 0.00374934 0.111182
54 50 0 0.821665 0.86236 0.00132433 0.00164945 5.25591e+07 2.0933e+08 9.95564e+07 1.81238e+07 0 1.89394e+08 0 2.0933e+08 1.89394e+08 9.95564e+07 1.81238e+07 0.00138949 -0.00084799 0.000972302 0.00183172 0.0870973
53 50 1 0.732185 0.627932 0.00112106 0.00146838 1.30917e+08 5.21409e+08 2.47979e+08 4.51436e+07 0 4.71751e+08 0 5.21409e+08 4.71751e+08 2.47979e+08 4.51436e+07 0.000762601 -0.000427796 -2.41336e-05 0.000498895 0.0913636
58 50 2 0.964749 0.670578 0.00133966 0.00119242 6.8622e+07 2.73305e+08 1.29982e+08 2.36627e+07 0 2.47276e+08 0 2.73305e+08 2.47276e+08 1.29982e+08 2.36627e+07 0.00119508 -0.00182735 2.33417e-05 0.00144128 0.0926809
47 51 0 0.501864 0.588424 0.000931756 0.00142247 1.00657e+08 4.00894e+08 1.90663e+08 3.47094e+07 0 3.62714e+08 0 4.00894e+08 3.62714e+08 1.90663e+08 3.47094e+07 0.000788395 0.000469611 0.000187811 0.000919245 0.0913862
43 51 1 0.297413 0.540244 0.000722411 0.00126823 4.46055e+07 1.77653e+08 8.44908e+07 1.53812e+07 0 1.60733e+08 0 1.77653e+08 1.60733e+08 8.44908e+07 1.53812e+07 0.00126456 0.000487827 0.000185789 0.00231473 0.0927611
45 51 2 0.380551 0.3848 0.000733052 0.00107862 8.60382e+07 3.42669e+08 1.62972e+08 2.96683e+07 0 3.10034e+08 0 3.42669e+08 3.10034e+08 1.62972e+08 2.96683e+07 0.000792399 0.00127226 0.000822081 0.00142033 0.100625
48 52 0 0.592646 0.789126 0.00099903 0.00165649 7.49155e+07 2.9837e+08 1.41903e+08 2.58329e+07 0 2.69954e+08 0 2.9837e+08 2.69954e+08 1.41903e+08 2.58329e+07 0.000972325 0.000242658 0.000105024 0.00108345 0.0859878
47 52 1 0.501864 0.588424 0.000931756 0.00142247 1.00657e+08 4.00894e+08 1.90663e+08 3.47094e+07 0 3.62714e+08 0 4.00894e+08 3.62714e+08 1.90663e+08 3.47094e+07 0.000788395 0.000469611 0.000187811 0.000919245 0.0913862
53 52 2 0.732185 0.627932 0.00112106 0.00146838 1.30917e+08 5.21409e+08 2.47979e+08 4.51436e+07 0 4.71751e+08 0 5.21409e+08 4.71751e+08 2.47979e+08 4.51436e+07 0.000762601 -0.000427796 -2.41336e-05 0.000498895 0.0913636
48 53 0 0.592646 0.789126 0.00099903 0.00165649 7.49155e+07 2.9837e+08 1.41903e+08 2.58329e+07 0 2.69954e+08 0 2.9837e+08 2.69954e+08 1.41903e+08 2.58329e+07 0.000972325 0.000242658 0.000105024 0.00108345 0.0859878
40 53 1 0.343224 0.750476 0.000738792 0.00162301 8.91241e+07 3.5496e+08 1.68817e+08 3.07325e+07 0 3.21154e+08 0 3.5496e+08 3.21154e+08 1.68817e+08 3.07325e+07 0.000451207 -0.000455395 -0.000519334 0.00136669 0.0855071
47 53 2 0.501864 0.588424 0.000931756 0.00142247 1.00657e+08 4.00894e+08 1.90663e+08 3.47094e+07 0 3.62714e+08 0 4.00894e+08 3.62714e+08 1.90663e+08 3.47094e+07 0.000788395 0.000469611 0.000187811 0.000919245 0.0913862
55 54 0 0.71554 0.214296 0.00103966 0.000875462 7.96466e+06 3.17213e+07 1.50865e+07 2.74643e+06 0 2.87002e+07 0 3.17213e+07 2.87002e+07 1.50865e+07 2.74643e+06 0.00352077 -0.00128274 0.000276312 0.00374934 0.111182
51 54 1 0.615359 0.410622 0.000982341 0.0012853 7.62854e+07 3.03826e+08 1.44498e+08 2.63053e+07 0 2.74891e+08 0 3.03826e+08 2.74891e+08 1.44498e+08 2.63053e+07 0.00118523 0.00021531 0.000502997 0.00106091 0.0995746
50 54 2 0.50275 0.203409 0.000540849 0.000761305 2.59781e+07 1.03465e+08 4.92072e+07 8.95797e+06 0 9.36108e+07 0 1.03465e+08 9.36108e+07 4.92072e+07 8.95797e+06 0.00110013 0.00031209 0.00257881 0.00436756 0.11241
42 55 0 0.458215 0.925023 0.000810938 0.00186299 4.02929e+07 1.60477e+08 7.63221e+07 1.38941e+07 0 1.45194e+08 0 1.60477e+08 1.45194e+08 7.63221e+07 1.38941e+07 0.00196814 0.000240807 2.39074e-05 0.00221546 0.0824634
40 55 1 0.343224 0.750476 0.000738792 0.00162301 8.91241e+07 3.5496e+08 1.68817e+08 3.07325e+07 0 3.21154e+08 0 3.5496e+08 3.21154e+08 1.68817e+08 3.07325e+07 0.000451207 -0.000455395 -0.000519334 0.00136669 0.0855071
48 55 2 0.592646 0.789126 0.00099903 0.00165649 7.49155e+07 2.9837e+08 1.41903e+08 2.58329e+07 0 2.69954e+08 0 2.9837e+08 2.69954e+08 1.41903e+08 2.58329e+07 0.000972325 0.000242658 0.000105024 0.00108345 0.0859878
48 56 0 0.592646 0.789126 0.00099903 0.00165649 7.49155e+07 2.9837e+08 1.41903e+08 2.58329e+07 0 2.69954e+08 0 2.9837e+08 2.69954e+08 1.41903e+08 2.58329e+07 0.000972325 0.000242658 0.000105024 0.00108345 0.0859878
53 56 1 0.732185 0.627932 0.00112106 0.00146838 1.30917e+08 5.21409e+08 2.47979e+08 4.51436e+07 0 4.71751e+08 0 5.21409e+08 4.71751e+08 2.47979e+08 4.51436e+07 0.000762601 -0.000427796 -2.41336e-05 0.000498895 0.0913636
54 56 2 0.821665 0.86236 0.00132433 0.00164945 5.25591e+07 2.0933e+08 9.95564e+07 1.81238e+07 0 1.89394e+08 0 2.0933e+08 1.89394e+08 9.95564e+07 1.81238e+07 0.00138949 -0.00084799 0.000972302 0.00183172 0.0870973
44 57 0 0.284574 0.205283 0.000344692 0.000524277 3.68217e+07 1.46652e+08 6.97469e+07 1.26971e+07 0 1.32685e+08 0 1.46652e+08 1.32685e+08 6.97469e+07 1.26971e+07 0.000506733 0.00172683 0.00221531 0.00351119 0.112388
45 57 1 0.380551 0.3848 0.000733052 0.00107862 8.60382e+07 3.42669e+08 1.62972e+08 2.96683e+07 0 3.10034e+08 0 3.42669e+08 3.10034e+08 1.62972e+08 2.96683e+07 0.000792399 0.00127226 0.000822081 0.00142033 0.100625
37 57 2 0.105817 0.398636 0.000470564 0.000944351 5.45409e+07 2.17223e+08 1.0331e+08 1.88072e+07 0 1.96535e+08 0 2.17223e+08 1.96535e+08 1.0331e+08 1.88072e+07 0.00148007 -0.000213866 -0.000836818 0.00150421 0.099653
30 58 0 -0.0820277 0.217927 -5.83138e-05 0.000399358 4.61919e+07 1.83971e+08 8.74958e+07 1.59282e+07 0 1.6645e+08 0 1.83971e+08 1.6645e+08 8.74958e+07 1.59282e+07 0.00122547 0.00173221 0.00162171 0.00155721 0.111429
38 58 1 0.100302 0.18149 0.000133278 0.00038806 2.45924e+07 9.79455e+07 4.65824e+07 8.48013e+06 0 8.86174e+07 0 9.79455e+07 8.86174e+07 4.65824e+07 8.48013e+06 0.00136533 -0.00107111 0.00105706 0.0028606 0.11422
37 58 2 0.105817 0.398636 0.000470564 0.000944351 5.45409e+07 2.17223e+08 1.0331e+08 1.88072e+07 0 1.96535e+08 0 2.17223e+08 1.96535e+08 1.0331e+08 1.88072e+07 0.00148007 -0.000213866 -0.000836818 0.00150421 0.099653
39 59 0 0.2 3.8017e-24 2.10453e-27 3.96273e-26 1.22422e+08 4.87576e+08 2.31888e+08 4.22143e+07 0 4.4114e+08 0 4.87576e+08 4.4114e+08 2.31888e+08 4.22143e+07 -0.000236687 6.01743e-05 0.00103164 0.000860438 0.130302
46 59 1 0.4 3.86105e-24 2.4835e-27 3.41436e-26 4.53667e+07 1.80685e+08 8.59327e+07 1.56437e+07 0 1.63477e+08 0 1.80685e+08 1.63477e+08 8.59327e+07 1.56437e+07 0.0005619 0.00031574 0.00189948 0.00280075 0.130161
44 59 2 0.284574 0.205283 0.000344692 0.000524277 3.68217e+07 1.46652e+08 6.97469e+07 1.26971e+07 0 1.32685e+08 0 1.46652e+08 1.32685e+08 6.97469e+07 1.26971e+07 0.000506733 0.00172683 0.00221531 0.00351119 0.112388
59 60 0 0.919477 0.22539 0.00148102 0.00058117 4.48732e+07 1.78719e+08 8.4998e+07 1.54735e+07 0 1.61698e+08 0 1.78719e+08 1.61698e+08 8.4998e+07 1.54735e+07 0.000822385 -0.00194363 -0.000547821 0.00250577 0.109347
57 60 1 0.8 3.79788e-24 3.75821e-27 3.14579e-26 3.37001e+07 1.34219e+08 6.3834e+07 1.16207e+07 0 1.21436e+08 0 1.34219e+08 1.21436e+08 6.3834e+07 1.16207e+07 9.89595e-27 -4.51224e-25 0.00966252 0.00266537 0.12833
61 60 2 1 1.19958e-24 -3.95373e-27 2.45435e-26 6.25872e+07 2.4927e+08 1.18551e+08 2.15818e+07 0 2.2553e+08 0 2.4927e+08 2.2553e+08 1.18551e+08 2.15818e+07 -1.27273e-25 -9.04234e-25 0.0133095 0.00236179 0.123875
58 61 0 0.964749 0.670578 0.00133966 0.00119242 6.8622e+07 2.73305e+08 1.29982e+08 2.36627e+07 0 2.47276e+08 0 2.73305e+08 2.47276e+08 1.29982e+08 2.36627e+07 0.00119508 -0.00182735 2.33417e-05 0.00144128 0.0926809
53 61 1 0.732185 0.627932 0.00112106 0.00146838 1.30917e+08 5.21409e+08 2.47979e+08 4.51436e+07 0 4.71751e+08 0 5.21409e+08 4.71751e+08 2.47979e+08 4.51436e+07 0.000762601 -0.000427796 -2.41336e-05 0.000498895 0.0913636
56 61 2 0.841563 0.437091 0.00125422 0.0011319 7.25769e+07 2.89056e+08 1.37474e+08 2.50265e+07 0 2.61527e+08 0 2.89056e+08 2.61527e+08 1.37474e+08 2.50265e+07 0.0010179 -0.00289558 -0.000917559 0.000916125 0.0989623
50 62 0 0.50275 0.203409 0.000540849 0.000761305 2.59781e+07 1.03465e+08 4.92072e+07 8.95797e+06 0 9.36108e+07 0 1.03465e+08 9.36108e+07 4.92072e+07 8.95797e+06 0.00110013 0.00031209 0.00257881 0.00436756 0.11241
52 62 1 0.6 3.77035e-24 2.45522e-27 3.22029e-26 4.18162e+07 1.66544e+08 7.92074e+07 1.44194e+07 0 1.50683e+08 0 1.66544e+08 1.50683e+08 7.92074e+07 1.44194e+07 2.23951e-26 -6.81243e-25 0.003895 0.00287678 0.129688
55 62 2 0.71554 0.214296 0.00103966 0.000875462 7.96466e+06 3.17213e+07 1.50865e+07 2.74643e+06 0 2.87002e+07 0 3.17213e+07 2.87002e+07 1.50865e+07 2.74643e+06 0.00352077 -0.00128274 0.000276312 0.00374934 0.111182
44 63 0 0.284574 0.205283 0.000344692 0.000524277 3.68217e+07 1.46652e+08 6.97469e+07 1.26971e+07 0 1.32685e+08 0 1.46652e+08 1.32685e+08 6.97469e+07 1.26971e+07 0.000506733 0.00172683 0.00221531 0.00351119 0.112388
50 63 1 0.50275 0.203409 0.000540849 0.000761305 2.59781e+07 1.03465e+08 4.92072e+07 8.95797e+06 0 9.36108e+07 0 1.03465e+08 9.36108e+07 4.92072e+07 8.95797e+06 0.00110013 0.00031209 0.00257881 0.00436756 0.11241
45 63 2 0.380551 0.3848 0.000733052 0.00107862 8.60382e+07 3.42669e+08 1.62972e+08 2.96683e+07 0 3.10034e+08 0 3.42669e+08 3.10034e+08 1.62972e+08 2.96683e+07 0.000792399 0.00127226 0.000822081 0.00142033 0.100625
52 64 0 0.6 3.77035e-24 2.45522e-27 3.22029e-26 4.18162e+07 1.66544e+08 7.92074e+07 1.44194e+07 0 1.50683e+08 0 1.66544e+08 1.50683e+08 7.92074e+07 1.44194e+07 2.23951e-26 -6.81243e-25 0.003895 0.00287678 0.129688
57 64 1 0.8 3.79788e-24 3.75821e-27 3.14579e-26 3.37001e+07 1.34219e+08 6.3834e+07 1.16207e+07 0 1.21436e+08 0 1.34219e+08 1.21436e+08 6.3834e+07 1.16207e+07 9.89595e-27 -4.51224e-25 0.00966252 0.00266537 0.12833
55 64 2 0.71554 0.214296 0.00103966 0.000875462 7.96466e+06 3.17213e+07 1.50865e+07 2.74643e+06 0 2.87002e+07 0 3.17213e+07 2.87002e+07 1.50865e+07 2.74643e+06 0.00352077 -0.00128274 0.000276312 0.00374934 0.111182
36 65 0 0.1496 0.618578 0.000423412 0.00138863 2.68453e+07 1.06918e+08 5.08499e+07 9.25701e+06 0 9.67358e+07 0 1.06918e+08 9.67358e+07 5.08499e+07 9.25701e+06 0.00281945 0.000601078 0.000224312 0.00249755 0.0893548
33 65 1 0.114461 0.80422 0.000337274 0.00186322 2.27607e+07 9.06504e+07 4.31128e+07 7.84852e+06 0 8.2017e+07 0 9.06504e+07 8.2017e+07 4.31128e+07 7.84852e+06 0.00285604 -0.000788619 -0.000345098 0.0022773 0.0835386
32 65 2 -0.047147 0.616223 -3.79299e-05 0.00156728 4.99238e+07 1.98835e+08 9.45647e+07 1.72151e+07 0 1.79898e+08 0 1.98835e+08 1.79898e+08 9.45647e+07 1.72151e+07 0.00151001 -0.00204896 -0.000633631 0.00198144 0.0893842
45 66 0 0.380551 0.3848 0.000733052 0.00107862 8.60382e+07 3.42669e+08 1.62972e+08 2.96683e+07 0 3.10034e+08 0 3.42669e+08 3.10034e+08 1.62972e+08 2.96683e+07 0.000792399 0.00127226 0.000822081 0.00142033 0.100625
43 66 1 0.297413 0.540244 0.000722411 0.00126823 4.46055e+07 1.77653e+08 8.44908e+07 1.53812e+07 0 1.60733e+08 0 1.77653e+08 1.60733e+08 8.44908e+07 1.53812e+07 0.00126456 0.000487827 0.000185789 0.00231473 0.0927611
37 66 2 0.105817 0.398636 0.000470564 0.000944351 5.45409e+07 2.17223e+08 1.0331e+08 1.88072e+07 0 1.96535e+08 0 2.17223e+08 1.96535e+08 1.0331e+08 1.88072e+07 0.00148007 -0.000213866 -0.000836818 0.00150421 0.099653
40 67 0 0.343224 0.750476 0.000738792 0.00162301 8.91241e+07 3.5496e+08 1.68817e+08 3.07325e+07 0 3.21154e+08 0 3.5496e+08 3.21154e+08 1.68817e+08 3.07325e+07 0.000451207 -0.000455395 -0.000519334 0.00136669 0.0855071
42 67 1 0.458215 0.925023 0.000810938 0.00186299 4.02929e+07 1.60477e+08 7.63221e+07 1.38941e+07 0 1.45194e+08 0 1.60477e+08 1.45194e+08 7.63221e+07 1.38941e+07 0.00196814 0.000240807 2.39074e-05 0.00221546 0.0824634
35 67 2 0.270309 0.969951 0.000515088 0.00201913 6.92961e+07 2.7599e+08 1.31259e+08 2.38952e+07 0 2.49705e+08 0 2.7599e+08 2.49705e+08 1.31259e+08 2.38952e+07 0.000922904 -0.00137199 -0.00106269 0.00163595 0.0807869
43 68 0 0.297413 0.540244 0.000722411 0.00126823 4.46055e+07 1.77653e+08 8.44908e+07 1.53812e+07 0 1.60733e+08 0 1.77653e+08 1.60733e+08 8.44908e+07 1.53812e+07 0.00126456 0.000487827 0.000185789 0.00231473 0.0927611
40 68 1 0.343224 0.750476 0.000738792 0.00162301 8.91241e+07 3.5496e+08 1.68817e+08 3.07325e+07 0 3.21154e+08 0 3.5496e+08 3.21154e+08 1.68817e+08 3.07325e+07 0.000451207 -0.000455395 -0.000519334 0.00136669 0.0855071
36 68 2 0.1496 0.618578 0.000423412 0.00138863 2.68453e+07 1.06918e+08 5.08499e+07 9.25701e+06 0 9.67358e+07 0 1.06918e+08 9.67358e+07 5.08499e+07 9.25701e+06 0.00281945 0.000601078 0.000224312 0.00249755 0.0893548
37 69 0 0.105817 0.398636 0.000470564 0.000944351 5.45409e+07 2.17223e+08 1.0331e+08 1.88072e+07 0 1.96535e+08 0 2.17223e+08 1.96535e+08 1.0331e+08 1.88072e+07 0.00148007 -0.000213866 -0.000836818 0.00150421 0.099653
43 69 1 0.297413 0.540244 0.000722411 0.00126823 4.46055e+07 1.77653e+08 8.44908e+07 1.53812e+07 0 1.60733e+08 0 1.77653e+08 1.60733e+08 8.44908e+07 1.53812e+07 0.00126456 0.000487827 0.000185789 0.00231473 0.0927611
36 69 2 0.1496 0.618578 0.000423412 0.00138863 2.68453e+07 1.06918e+08 5.08499e+07 9.25701e+06 0 9.67358e+07 0 1.06918e+08 9.67358e+07 5.08499e+07 9.25701e+06 0.00281945 0.000601078 0.000224312 0.00249755 0.0893548
45 70 0 0.380551 0.3848 0.000733052 0.00107862 8.60382e+07 3.42669e+08 1.62972e+08 2.96683e+07 0 3.10034e+08 0 3.42669e+08 3.10034e+08 1.62972e+08 2.96683e+07 0.000792399 0.00127226 0.000822081 0.00142033 0.100625
50 70 1 0.50275 0.203409 0.000540849 0.000761305 2.59781e+07 1.03465e+08 4.92072e+07 8.95797e+06 0 9.36108e+07 0 1.03465e+08 9.36108e+07 4.92072e+07 8.95797e+06 0.00110013 0.00031209 0.00257881 0.00436756 0.11241
51 70 2 0.615359 0.410622 0.000982341 0.0012853 7.62854e+07 3.03826e+08 1.44498e+08 2.63053e+07 0 2.74891e+08 0 3.03826e+08 2.74891e+08 1.44498e+08 2.63053e+07 0.00118523 0.00021531 0.000502997 0.00106091 0.0995746
48 71 0 0.592646 0.789126 0.00099903 0.00165649 7.49155e+07 2.9837e+08 1.41903e+08 2.58329e+07 0 2.69954e+08 0 2.9837e+08 2.69954e+08 1.41903e+08 2.58329e+07 0.000972325 0.000242658 0.000105024 0.00108345 0.0859878
54 71 1 0.821665 0.86236 0.00132433 0.00164945 5.25591e+07 2.0933e+08 9.95564e+07 1.81238e+07 0 1.89394e+08 0 2.0933e+08 1.89394e+08 9.95564e+07 1.81238e+07 0.00138949 -0.00084799 0.000972302 0.00183172 0.0870973
49 71 2 0.642664 1.01481 0.00119141 0.00203138 4.15271e+07 1.65393e+08 7.86599e+07 1.43197e+07 0 1.49641e+08 0 1.65393e+08 1.49641e+08 7.86599e+07 1.43197e+07 0.00156752 -0.000730919 0.00141377 0.00255431 0.0831389
43 72 0 0.297413 0.540244 0.000722411 0.00126823 4.46055e+07 1.77653e+08 8.44908e+07 1.53812e+07 0 1.60733e+08 0 1.77653e+08 1.60733e+08 8.44908e+07 1.53812e+07 0.00126456 0.000487827 0.000185789 0.00231473 0.0927611
47 72 1 0.501864 0.588424 0.000931756 0.00142247 1.00657e+08 4.00894e+08 1.90663e+08 3.47094e+07 0 3.62714e+08 0 4.00894e+08 3.62714e+08 1.90663e+08 3.47094e+07 0.000788395 0.000469611 0.000187811 0.000919245 0.0913862
40 72 2 0.343224 0.750476 0.000738792 0.00162301 8.91241e+07 3.5496e+08 1.68817e+08 3.07325e+07 0 3.21154e+08 0 3.5496e+08 3.21154e+08 1.68817e+08 3.07325e+07 0.000451207 -0.000455395 -0.000519334 0.00136669 0.0855071
56 73 0 0.841563 0.437091 0.00125422 0.0011319 7.25769e+07 2.89056e+08 1.37474e+08 2.50265e+07 0 2.61527e+08 0 2.89056e+08 2.61527e+08 1.37474e+08 2.50265e+07 0.0010179 -0.00289558 -0.000917559 0.000916125 0.0989623
55 73 1 0.71554 0.214296 0.00103966 0.000875462 7.96466e+06 3.17213e+07 1.50865e+07 2.74643e+06 0 2.87002e+07 0 3.17213e+07 2.87002e+07 1.50865e+07 2.74643e+06 0.00352077 -0.00128274 0.000276312 0.00374934 0.111182
59 73 2 0.919477 0.22539 0.00148102 0.00058117 4.48732e+07 1.78719e+08 8.4998e+07 1.54735e+07 0 1.61698e+08 0 1.78719e+08 1.61698e+08 8.4998e+07 1.54735e+07 0.000822385 -0.00194363 -0.000547821 0.00250577 0.109347
47 74 0 0.501864 0.588424 0.000931756 0.00142247 1.00657e+08 4.00894e+08 1.90663e+08 3.47094e+07 0 3.62714e+08 0 4.00894e+08 3.62714e+08 1.90663e+08 3.47094e+07 0.000788395 0.000469611 0.000187811 0.000919245 0.0913862
51 74 1 0.615359 0.410622 0.000982341 0.0012853 7.62854e+07 3.03826e+08 1.44498e+08 2.63053e+07 0 2.74891e+08 0 3.03826e+08 2.74891e+08 1.44498e+08 2.63053e+07 0.00118523 0.00021531 0.000502997 0.00106091 0.0995746
53 74 2 0.732185 0.627932 0.00112106 0.00146838 1.30917e+08 5.21409e+08 2.47979e+08 4.51436e+07 0 4.71751e+08 0 5.21409e+08 4.71751e+08 2.47979e+08 4.51436e+07 0.000762601 -0.000427796 -2.41336e-05 0.000498895 0.0913636
47 75 0 0.501864 0.588424 0.000931756 0.00142247 1.00657e+08 4.00894e+08 1.90663e+08 3.47094e+07 0 3.62714e+08 0 4.00894e+08 3.62714e+08 1.90663e+08 3.47094e+07 0.000788395 0.000469611 0.000187811 0.000919245 0.0913862
45 75 1 0.380551 0.3848 0.000733052 0.00107862 8.60382e+07 3.42669e+08 1.62972e+08 2.96683e+07 0 3.10034e+08 0 3.42669e+08 3.10034e+08 1.62972e+08 2.96683e+07 0.000792399 0.00127226 0.000822081 0.00142033 0.100625
51 75 2 0.615359 0.410622 0.000982341 0.0012853 7.62854e+07 3.03826e+08 1.44498e+08 2.63053e+07 0 2.74891e+08 0 3.03826e+08 2.74891e+08 1.44498e+08 2.63053e+07 0.00118523 0.00021531 0.000502997 0.00106091 0.0995746
49 76 0 0.642664 1.01481 0.00119141 0.00203138 4.15271e+07 1.65393e+08 7.86599e+07 1.43197e+07 0 1.49641e+08 0 1.65393e+08 1.49641e+08 7.86599e+07 1.43197e+07 0.00156752 -0.000730919 0.00141377 0.00255431 0.0831389
42 76 1 0.458215 0.925023 0.000810938 0.00186299 4.02929e+07 1.60477e+08 7.63221e+07 1.38941e+07 0 1.45194e+08 0 1.60477e+08 1.45194e+08 7.63221e+07 1.38941e+07 0.00196814 0.000240807 2.39074e-05 0.00221546 0.0824634
48 76 2 0.592646 0.789126 0.00099903 0.00165649 7.49155e+07 2.9837e+08 1.41903e+08 2.58329e+07 0 2.69954e+08 0 2.9837e+08 2.69954e+08 1.41903e+08 2.58329e+07 0.000972325 0.000242658 0.000105024 0.00108345 0.0859878
49 77 0 0.642664 1.01481 0.00119141 0.00203138 4.15271e+07 1.65393e+08 7.86599e+07 1.43197e+07 0 1.49641e+08 0 1.65393e+08 1.49641e+08 7.86599e+07 1.43197e+07 0.00156752 -0.000730919 0.00141377 0.00255431 0.0831389
41 77 1 0.441075 1.12486 0.000696241 0.00247763 1.90854e+07 7.60124e+07 3.61511e+07 6.58116e+06 0 6.87731e+07 0 7.60124e+07 6.87731e+07 3.61511e+07 6.58116e+06 0.0027683 0.00173423 -0.00076557 0.0041054 0.0805156
42 77 2 0.458215 0.925023 0.000810938 0.00186299 4.02929e+07 1.60477e+08 7.63221e+07 1.38941e+07 0 1.45194e+08 0 1.60477e+08 1.45194e+08 7.63221e+07 1.38941e+07 0.00196814 0.000240807 2.39074e-05 0.00221546 0.0824634
33 78 0 0.114461 0.80422 0.000337274 0.00186322 2.27607e+07 9.06504e+07 4.31128e+07 7.84852e+06 0 8.2017e+07 0 9.06504e+07 8.2017e+07 4.31128e+07 7.84852e+06 0.00285604 -0.000788619 -0.000345098 0.0022773 0.0835386
36 78 1 0.1496 0.618578 0.000423412 0.00138863 2.68453e+07 1.06918e+08 5.08499e+07 9.25701e+06 0 9.67358e+07 0 1.06918e+08 9.67358e+07 5.08499e+07 9.25701e+06 0.00281945 0.000601078 0.000224312 0.00249755 0.0893548
40 78 2 0.343224 0.750476 0.000738792 0.00162301 8.91241e+07 3.5496e+08 1.68817e+08 3.07325e+07 0 3.21154e+08 0 3.5496e+08 3.21154e+08 1.68817e+08 3.07325e+07 0.000451207 -0.000455395 -0.000519334 0.00136669 0.0855071
35 79 0 0.270309 0.969951 0.000515088 0.00201913 6.92961e+07 2.7599e+08 1.31259e+08 2.38952e+07 0 2.49705e+08 0 2.7599e+08 2.49705e+08 1.31259e+08 2.38952e+07 0.000922904 -0.00137199 -0.00106269 0.00163595 0.0807869
41 79 1 0.441075 1.12486 0.000696241 0.00247763 1.90854e+07 7.60124e+07 3.61511e+07 6.58116e+06 0 6.87731e+07 0 7.60124e+07 6.87731e+07 3.61511e+07 6.58116e+06 0.0027683 0.00173423 -0.00076557 0.0041054 0.0805156
34 79 2 0.229136 1.19381 0.000339841 0.00234119 9.94102e+07 3.95927e+08 1.88301e+08 3.42794e+07 0 3.5822e+08 0 3.95927e+08 3.5822e+08 1.88301e+08 3.42794e+07 0.000895242 -0.00111114 -0.000262474 0.000883196 0.0790364
35 80 0 0.270309 0.969951 0.000515088 0.00201913 6.92961e+07 2.7599e+08 1.31259e+08 2.38952e+07 0 2.49705e+08 0 2.7599e+08 2.49705e+08 1.31259e+08 2.38952e+07 0.000922904 -0.00137199 -0.00106269 0.00163595 0.0807869
34 80 1 0.229136 1.19381 0.000339841 0.00234119 9.94102e+07 3.95927e+08 1.88301e+08 3.42794e+07 0 3.5822e+08 0 3.95927e+08 3.5822e+08 1.88301e+08 3.42794e+07 0.000895242 -0.00111114 -0.000262474 0.000883196 0.0790364
28 80 2 0.0725352 1.01151 0.000250947 0.00227936 5.81565e+07 2.31623e+08 1.10159e+08 2.0054e+07 0 2.09564e+08 0 2.31623e+08 2.09564e+08 1.10159e+08 2.0054e+07 0.00122338 0.000129268 0.000580949 0.00181304 0.079765
33 81 0 0.114461 0.80422 0.000337274 0.00186322 2.27607e+07 9.06504e+07 4.31128e+07 7.84852e+06 0 8.2017e+07 0 9.06504e+07 8.2017e+07 4.31128e+07 7.84852e+06 0.00285604 -0.000788619 -0.000345098 0.0022773 0.0835386
35 81 1 0.270309 0.969951 0.000515088 0.00201913 6.92961e+07 2.7599e+08 1.31259e+08 2.38952e+07 0 2.49705e+08 0 2.7599e+08 2.49705e+08 1.31259e+08 2.38952e+07 0.000922904 -0.00137199 -0.00106269 0.00163595 0.0807869
28 81 2 0.0725352 1.01151 0.000250947 0.00227936 5.81565e+07 2.31623e+08 1.10159e+08 2.0054e+07 0 2.09564e+08 0 2.31623e+08 2.09564e+08 1.10159e+08 2.0054e+07 0.00122338 0.000129268 0.000580949 0.00181304 0.079765
42 82 0 0.458215 0.925023 0.000810938 0.00186299 4.02929e+07 1.60477e+08 7.63221e+07 1.38941e+07 0 1.45194e+08 0 1.60477e+08 1.45194e+08 7.63221e+07 1.38941e+07 0.00196814 0.000240807 2.39074e-05 0.00221546 0.0824634
41 82 1 0.441075 1.12486 0.000696241 0.00247763 1.90854e+07 7.60124e+07 3.61511e+07 6.58116e+06 0 6.87731e+07 0 7.60124e+07 6.87731e+07 3.61511e+07 6.58116e+06 0.0027683 0.00173423 -0.00076557 0.0041054 0.0805156
35 82 2 0.270309 0.969951 0.000515088 0.00201913 6.92961e+07 2.7599e+08 1.31259e+08 2.38952e+07 0 2.49705e+08 0 2.7599e+08 2.49705e+08 1.31259e+08 2.38952e+07 0.000922904 -0.00137199 -0.00106269 0.00163595 0.0807869
52 83 0 0.6 3.77035e-24 2.45522e-27 3.22029e-26 4.18162e+07 1.66544e+08 7.92074e+07 1.44194e+07 0 1.50683e+08 0 1.66544e+08 1.50683e+08 7.92074e+07 1.44194e+07 2.23951e-26 -6.81243e-25 0.003895 0.00287678 0.129688
50 83 1 0.50275 0.203409 0.000540849 0.000761305 2.59781e+07 1.03465e+08 4.92072e+07 8.95797e+06 0 9.36108e+07 0 1.03465e+08 9.36108e+07 4.92072e+07 8.95797e+06 0.00110013 0.00031209 0.00257881 0.00436756 0.11241
46 83 2 0.4 3.86105e-24 2.4835e-27 3.41436e-26 4.53667e+07 1.80685e+08 8.59327e+07 1.56437e+07 0 1.63477e+08 0 1.80685e+08 1.63477e+08 8.59327e+07 1.56437e+07 0.0005619 0.00031574 0.00189948 0.00280075 0.130161
28 84 0 0.0725352 1.01151 0.000250947 0.00227936 5.81565e+07 2.31623e+08 1.10159e+08 2.0054e+07 0 2.09564e+08 0 2.31623e+08 2.09564e+08 1.10159e+08 2.0054e+07 0.00122338 0.000129268 0.000580949 0.00181304 0.079765
34 84 1 0.229136 1.19381 0.000339841 0.00234119 9.94102e+07 3.95927e+08 1.88301e+08 3.42794e+07 0 3.5822e+08 0 3.95927e+08 3.5822e+08 1.88301e+08 3.42794e+07 0.000895242 -0.00111114 -0.000262474 0.000883196 0.0790364
27 84 2 0.000620323 1.21962 0.000177851 0.0024771 1.67004e+08 6.65135e+08 3.16335e+08 5.75874e+07 0 6.01789e+08 0 6.65135e+08 6.01789e+08 3.16335e+08 5.75874e+07 0.000407267 -0.000553748 0.000351629 0.000191165 0.0785505
20 85 0 -0.226968 1.19345 3.81412e-06 0.00249419 1.15516e+08 4.60072e+08 2.18808e+08 3.98331e+07 0 4.16256e+08 0 4.60072e+08 4.16256e+08 2.18808e+08 3.98331e+07 0.000686475 1.27281e-05 0.00127142 0.00080411 0.0790917
21 85 1 -0.114441 1.03768 -5.65499e-06 0.00235307 3.67316e+07 1.46293e+08 6.95763e+07 1.26661e+07 0 1.32361e+08 0 1.46293e+08 1.32361e+08 6.95763e+07 1.26661e+07 0.00169167 -0.000335852 0.000636095 0.00234591 0.0795703
27 85 2 0.000620323 1.21962 0.000177851 0.0024771 1.67004e+08 6.65135e+08 3.16335e+08 5.75874e+07 0 6.01789e+08 0 6.65135e+08 6.01789e+08 3.16335e+08 5.75874e+07 0.000407267 -0.000553748 0.000351629 0.000191165 0.0785505
33 86 0 0.114461 0.80422 0.000337274 0.00186322 2.27607e+07 9.06504e+07 4.31128e+07 7.84852e+06 0 8.2017e+07 0 9.06504e+07 8.2017e+07 4.31128e+07 7.84852e+06 0.00285604 -0.000788619 -0.000345098 0.0022773 0.0835386
40 86 1 0.343224 0.750476 0.000738792 0.00162301 8.91241e+07 3.5496e+08 1.68817e+08 3.07325e+07 0 3.21154e+08 0 3.5496e+08 3.21154e+08 1.68817e+08 3.07325e+07 0.000451207 -0.000455395 -0.000519334 0.00136669 0.0855071
35 86 2 0.270309 0.969951 0.000515088 0.00201913 6.92961e+07 2.7599e+08 1.31259e+08 2.38952e+07 0 2.49705e+08 0 2.7599e+08 2.49705e+08 1.31259e+08 2.38952e+07 0.000922904 -0.00137199 -0.00106269 0.00163595 0.0807869
21 87 0 -0.114441 1.03768 -5.65499e-06 0.00235307 3.67316e+07 1.46293e+08 6.95763e+07 1.26661e+07 0 1.32361e+08 0 1.46293e+08 1.32361e+08 6.95763e+07 1.26661e+07 0.00169167 -0.000335852 0.000636095 0.00234591 0.0795703
19 87 1 -0.29328 0.942959 -0.000313878 0.00220586 6.94669e+07 2.7667e+08 1.31583e+08 2.39541e+07 0 2.5032e+08 0 2.7667e+08 2.5032e+08 1.31583e+08 2.39541e+07 0.00103016 -0.000564135 0.000810657 0.00164398 0.0813263
26 87 2 -0.101337 0.831064 -0.000117277 0.00197231 5.78294e+07 2.30321e+08 1.09539e+08 1.99412e+07 0 2.08385e+08 0 2.30321e+08 2.08385e+08 1.09539e+08 1.99412e+07 0.00172327 0.000143103 0.000660989 0.00132764 0.0829065
27 88 0 0.000620323 1.21962 0.000177851 0.0024771 1.67004e+08 6.65135e+08 3.16335e+08 5.75874e+07 0 6.01789e+08 0 6.65135e+08 6.01789e+08 3.16335e+08 5.75874e+07 0.000407267 -0.000553748 0.000351629 0.000191165 0.0785505
21 88 1 -0.114441 1.03768 -5.65499e-06 0.00235307 3.67316e+07 1.46293e+08 6.95763e+07 1.26661e+07 0 1.32361e+08 0 1.46293e+08 1.32361e+08 6.95763e+07 1.26661e+07 0.00169167 -0.000335852 0.000636095 0.00234591 0.0795703
28 88 2 0.0725352 1.01151 0.000250947 0.00227936 5.81565e+07 2.31623e+08 1.10159e+08 2.0054e+07 0 2.09564e+08 0 2.31623e+08 2.09564e+08 1.10159e+08 2.0054e+07 0.00122338 0.000129268 0.000580949 0.00181304 0.079765
20 89 0 -0.226968 1.19345 3.81412e-06 0.00249419 1.15516e+08 4.60072e+08 2.18808e+08 3.98331e+07 0 4.16256e+08 0 4.60072e+08 4.16256e+08 2.18808e+08 3.98331e+07 0.000686475 1.27281e-05 0.00127142 0.00080411 0.0790917
19 89 1 -0.29328 0.942959 -0.000313878 0.00220586 6.94669e+07 2.7667e+08 1.31583e+08 2.39541e+07 0 2.5032e+08 0 2.7667e+08 2.5032e+08 1.31583e+08 2.39541e+07 0.00103016 -0.000564135 0.000810657 0.00164398 0.0813263
21 89 2 -0.114441 1.03768 -5.65499e-06 0.00235307 3.67316e+07 1.46293e+08 6.95763e+07 1.26661e+07 0 1.32361e+08 0 1.46293e+08 1.32361e+08 6.95763e+07 1.26661e+07 0.00169167 -0.000335852 0.000636095 0.00234591 0.0795703
50 90 0 0.50275 0.203409 0.000540849 0.000761305 2.59781e+07 1.03465e+08 4.92072e+07 8.95797e+06 0 9.36108e+07 0 1.03465e+08 9.36108e+07 4.92072e+07 8.95797e+06 0.00110013 0.00031209 0.00257881 0.00436756 0.11241
44 90 1 0.284574 0.205283 0.000344692 0.000524277 3.68217e+07 1.46652e+08 6.97469e+07 1.26971e+07 0 1.32685e+08 0 1.46652e+08 1.32685e+08 6.97469e+07 1.26971e+07 0.000506733 0.00172683 0.00221531 0.00351119 0.112388
46 90 2 0.4 3.86105e-24 2.4835e-27 3.41436e-26 4.53667e+07 1.80685e+08 8.59327e+07 1.56437e+07 0 1.63477e+08 0 1.80685e+08 1.63477e+08 8.59327e+07 1.56437e+07 0.0005619 0.00031574 0.00189948 0.00280075 0.130161
22 91 0 -0.396958 0.432193 -0.000614475 0.00120515 3.18642e+07 1.26907e+08 6.03565e+07 1.09876e+07 0 1.14821e+08 0 1.26907e+08 1.14821e+08 6.03565e+07 1.09876e+07 0.00149758 -0.000583254 -0.000359989 0.00301306 0.0980436
29 91 1 -0.16402 0.432687 -9.51564e-05 0.00112454 5.23782e+06 2.0861e+07 9.92138e+06 1.80615e+06 0 1.88742e+07 0 2.0861e+07 1.88742e+07 9.92138e+06 1.80615e+06 0.00356413 0.000728823 -0.000136228 0.00613583 0.0978178
25 91 2 -0.29343 0.671896 -0.000463534 0.00177026 7.4043e+07 2.94895e+08 1.40251e+08 2.55321e+07 0 2.6681e+08 0 2.94895e+08 2.6681e+08 1.40251e+08 2.55321e+07 0.00106018 0.00134964 0.000419588 0.000641852 0.0877626
15 92 0 -0.632398 0.396699 -0.000946016 0.0010159 3.64326e+07 1.45102e+08 6.90099e+07 1.2563e+07 0 1.31283e+08 0 1.45102e+08 1.31283e+08 6.90099e+07 1.2563e+07 0.00160262 0.00136329 -0.00152285 0.0024767 0.100151
22 92 1 -0.396958 0.432193 -0.000614475 0.00120515 3.18642e+07 1.26907e+08 6.03565e+07 1.09876e+07 0 1.14821e+08 0 1.26907e+08 1.14821e+08 6.03565e+07 1.09876e+07 0.00149758 -0.000583254 -0.000359989 0.00301306 0.0980436
17 92 2 -0.541839 0.609899 -0.0008817 0.00154927 4.96477e+07 1.97735e+08 9.40416e+07 1.71199e+07 0 1.78903e+08 0 1.97735e+08 1.78903e+08 9.40416e+07 1.71199e+07 0.00231605 0.00126075 0.0004617 0.00141225 0.09073
23 93 0 -0.290097 0.219353 -0.000266634 0.000425969 5.95894e+07 2.3733e+08 1.12873e+08 2.05481e+07 0 2.14727e+08 0 2.3733e+08 2.14727e+08 1.12873e+08 2.05481e+07 0.000782406 -0.00196947 -0.000824912 0.00114651 0.111283
30 93 1 -0.0820277 0.217927 -5.83138e-05 0.000399358 4.61919e+07 1.83971e+08 8.74958e+07 1.59282e+07 0 1.6645e+08 0 1.83971e+08 1.6645e+08 8.74958e+07 1.59282e+07 0.00122547 0.00173221 0.00162171 0.00155721 0.111429
29 93 2 -0.16402 0.432687 -9.51564e-05 0.00112454 5.23782e+06 2.0861e+07 9.92138e+06 1.80615e+06 0 1.88742e+07 0 2.0861e+07 1.88742e+07 9.92138e+06 1.80615e+06 0.00356413 0.000728823 -0.000136228 0.00613583 0.0978178
28 94 0 0.0725352 1.01151 0.000250947 0.00227936 5.81565e+07 2.31623e+08 1.10159e+08 2.0054e+07 0 2.09564e+08 0 2.31623e+08 2.09564e+08 1.10159e+08 2.0054e+07 0.00122338 0.000129268 0.000580949 0.00181304 0.079765
21 94 1 -0.114441 1.03768 -5.65499e-06 0.00235307 3.67316e+07 1.46293e+08 6.95763e+07 1.26661e+07 0 1.32361e+08 0 1.46293e+08 1.32361e+08 6.95763e+07 1.26661e+07 0.00169167 -0.000335852 0.000636095 0.00234591 0.0795703
26 94 2 -0.101337 0.831064 -0.000117277 0.00197231 5.78294e+07 2.30321e+08 1.09539e+08 1.99412e+07 0 2.08385e+08 0 2.30321e+08 2.08385e+08 1.09539e+08 1.99412e+07 0.00172327 0.000143103 0.000660989 0.00132764 0.0829065
13 95 0 -0.446796 1.12558 -0.000267749 0.00259871 8.93709e+07 3.55943e+08 1.69285e+08 3.08176e+07 0 3.22044e+08 0 3.55943e+08 3.22044e+08 1.69285e+08 3.08176e+07 0.000967414 -0.00149766 0.0013738 0.000925291 0.0806138
11 95 1 -0.649107 1.01039 -0.000989369 0.0024457 1.20751e+07 4.80921e+07 2.28724e+07 4.16382e+06 0 4.35119e+07 0 4.80921e+07 4.35119e+07 2.28724e+07 4.16382e+06 0.00449586 0.00204568 0.00312438 0.00412891 0.0832571
18 95 2 -0.484746 0.850112 -0.000725281 0.00212061 1.95745e+07 7.79604e+07 3.70776e+07 6.74982e+06 0 7.05356e+07 0 7.79604e+07 7.05356e+07 3.70776e+07 6.74982e+06 0.00304083 0.0011304 0.00130896 0.00318471 0.083956
38 96 0 0.100302 0.18149 0.000133278 0.00038806 2.45924e+07 9.79455e+07 4.65824e+07 8.48013e+06 0 8.86174e+07 0 9.79455e+07 8.86174e+07 4.65824e+07 8.48013e+06 0.00136533 -0.00107111 0.00105706 0.0028606 0.11422
39 96 1 0.2 3.8017e-24 2.10453e-27 3.96273e-26 1.22422e+08 4.87576e+08 2.31888e+08 4.22143e+07 0 4.4114e+08 0 4.87576e+08 4.4114e+08 2.31888e+08 4.22143e+07 -0.000236687 6.01743e-05 0.00103164 0.000860438 0.130302
44 96 2 0.284574 0.205283 0.000344692 0.000524277 3.68217e+07 1.46652e+08 6.97469e+07 1.26971e+07 0 1.32685e+08 0 1.46652e+08 1.32685e+08 6.97469e+07 1.26971e+07 0.000506733 0.00172683 0.00221531 0.00351119 0.112388
13 97 0 -0.446796 1.12558 -0.000267749 0.00259871 8.93709e+07 3.55943e+08 1.69285e+08 3.08176e+07 0 3.22044e+08 0 3.55943e+08 3.22044e+08 1.69285e+08 3.08176e+07 0.000967414 -0.00149766 0.0013738 0.000925291 0.0806138
19 97 1 -0.29328 0.942959 -0.000313878 0.00220586 6.94669e+07 2.7667e+08 1.31583e+08 2.39541e+07 0 2.5032e+08 0 2.7667e+08 2.5032e+08 1.31583e+08 2.39541e+07 0.00103016 -0.000564135 0.000810657 0.00164398 0.0813263
20 97 2 -0.226968 1.19345 3.81412e-06 0.00249419 1.15516e+08 4.60072e+08 2.18808e+08 3.98331e+07 0 4.16256e+08 0 4.60072e+08 4.16256e+08 2.18808e+08 3.98331e+07 0.000686475 1.27281e-05 0.00127142 0.00080411 0.0790917
