Index_Vertex nbTriangle nbInTr x y ux uy Elast AR BR IR GR ER FR A1 A2 B12 C3 Defxx Defxy Defyx Defyy Density 
65 0 0 -0.941975 0.165557 -0.000658813 0.000171405 1.03629e+08 4.1273e+08 1.96292e+08 3.57342e+07 0 3.73422e+08 0 4.1273e+08 3.73422e+08 1.96292e+08 3.57342e+07 0.000788006 -0.000137087 -0.00186701 0.000854043 0.0997604
67 0 1 -1 2.06946e-24 5.47733e-27 2.32565e-26 1.03444e+08 4.11993e+08 1.95942e+08 3.56704e+07 0 3.72755e+08 0 4.11993e+08 3.72755e+08 1.95942e+08 3.56704e+07 0.000760126 0.00137637 -0.00637223 0.00077134 0.109948
64 0 2 -0.8 5.46129e-24 -5.56352e-27 3.26061e-26 1.03062e+08 4.10473e+08 1.95219e+08 3.55388e+07 0 3.7138e+08 0 4.10473e+08 3.7138e+08 1.95219e+08 3.55388e+07 0.000271718 3.96181e-06 -0.00442189 0.00123275 0.116364
61 1 0 -0.73762 0.193517 -0.000539068 0.000215017 9.48592e+07 3.77801e+08 1.7968e+08 3.27101e+07 0 3.4182e+08 0 3.77801e+08 3.4182e+08 1.7968e+08 3.27101e+07 0.000838557 0.000124235 -0.00185223 0.000864708 0.100997
57 1 1 -0.679106 0.388569 -0.000700593 0.000521394 3.84304e+07 1.53059e+08 7.27942e+07 1.32519e+07 0 1.38482e+08 0 1.53059e+08 1.38482e+08 7.27942e+07 1.32519e+07 0.00155228 0.000729536 -0.000521222 0.00202067 0.0895403
62 1 2 -0.929411 0.347774 -0.0010345 0.00038268 6.53176e+07 2.60144e+08 1.23723e+08 2.25233e+07 0 2.35369e+08 0 2.60144e+08 2.35369e+08 1.23723e+08 2.25233e+07 0.00111572 -0.00032157 -0.00238774 0.00149653 0.0903232
60 2 0 -0.6 5.53497e-24 -3.89258e-28 3.97284e-26 9.43121e+07 3.75622e+08 1.78644e+08 3.25214e+07 0 3.39849e+08 0 3.75622e+08 3.39849e+08 1.78644e+08 3.25214e+07 2.4867e-05 0.000228965 -0.00327766 0.00168555 0.118923
61 2 1 -0.73762 0.193517 -0.000539068 0.000215017 9.48592e+07 3.77801e+08 1.7968e+08 3.27101e+07 0 3.4182e+08 0 3.77801e+08 3.4182e+08 1.7968e+08 3.27101e+07 0.000838557 0.000124235 -0.00185223 0.000864708 0.100997
64 2 2 -0.8 5.46129e-24 -5.56352e-27 3.26061e-26 1.03062e+08 4.10473e+08 1.95219e+08 3.55388e+07 0 3.7138e+08 0 4.10473e+08 3.7138e+08 1.95219e+08 3.55388e+07 0.000271718 3.96181e-06 -0.00442189 0.00123275 0.116364
60 3 0 -0.6 5.53497e-24 -3.89258e-28 3.97284e-26 9.43121e+07 3.75622e+08 1.78644e+08 3.25214e+07 0 3.39849e+08 0 3.75622e+08 3.39849e+08 1.78644e+08 3.25214e+07 2.4867e-05 0.000228965 -0.00327766 0.00168555 0.118923
56 3 1 -0.4 5.41578e-24 -1.99347e-27 3.04152e-26 1.35755e+07 5.40679e+07 2.57144e+07 4.68121e+06 0 4.89186e+07 0 5.40679e+07 4.89186e+07 2.57144e+07 4.68121e+06 1.09678e-25 7.13718e-25 -0.00226392 0.0044039 0.12018
55 3 2 -0.518745 0.208577 -0.000417193 0.000400574 9.55636e+07 3.80607e+08 1.81015e+08 3.2953e+07 0 3.44359e+08 0 3.80607e+08 3.44359e+08 1.81015e+08 3.2953e+07 0.000459993 0.00142633 -0.000835004 0.00124257 0.101614
62 4 0 -0.929411 0.347774 -0.0010345 0.00038268 6.53176e+07 2.60144e+08 1.23723e+08 2.25233e+07 0 2.35369e+08 0 2.60144e+08 2.35369e+08 1.23723e+08 2.25233e+07 0.00111572 -0.00032157 -0.00238774 0.00149653 0.0903232
66 4 1 -1.16112 0.22259 -0.000942856 -1.2067e-05 8.26756e+07 3.29277e+08 1.56602e+08 2.85088e+07 0 2.97917e+08 0 3.29277e+08 2.97917e+08 1.56602e+08 2.85088e+07 0.000816805 0.00214161 -0.00253197 0.00132497 0.0934654
65 4 2 -0.941975 0.165557 -0.000658813 0.000171405 1.03629e+08 4.1273e+08 1.96292e+08 3.57342e+07 0 3.73422e+08 0 4.1273e+08 3.73422e+08 1.96292e+08 3.57342e+07 0.000788006 -0.000137087 -0.00186701 0.000854043 0.0997604
65 5 0 -0.941975 0.165557 -0.000658813 0.000171405 1.03629e+08 4.1273e+08 1.96292e+08 3.57342e+07 0 3.73422e+08 0 4.1273e+08 3.73422e+08 1.96292e+08 3.57342e+07 0.000788006 -0.000137087 -0.00186701 0.000854043 0.0997604
66 5 1 -1.16112 0.22259 -0.000942856 -1.2067e-05 8.26756e+07 3.29277e+08 1.56602e+08 2.85088e+07 0 2.97917e+08 0 3.29277e+08 2.97917e+08 1.56602e+08 2.85088e+07 0.000816805 0.00214161 -0.00253197 0.00132497 0.0934654
67 5 2 -1 2.06946e-24 5.47733e-27 2.32565e-26 1.03444e+08 4.11993e+08 1.95942e+08 3.56704e+07 0 3.72755e+08 0 4.11993e+08 3.72755e+08 1.95942e+08 3.56704e+07 0.000760126 0.00137637 -0.00637223 0.00077134 0.109948
61 6 0 -0.73762 0.193517 -0.000539068 0.000215017 9.48592e+07 3.77801e+08 1.7968e+08 3.27101e+07 0 3.4182e+08 0 3.77801e+08 3.4182e+08 1.7968e+08 3.27101e+07 0.000838557 0.000124235 -0.00185223 0.000864708 0.100997
65 6 1 -0.941975 0.165557 -0.000658813 0.000171405 1.03629e+08 4.1273e+08 1.96292e+08 3.57342e+07 0 3.73422e+08 0 4.1273e+08 3.73422e+08 1.96292e+08 3.57342e+07 0.000788006 -0.000137087 -0.00186701 0.000854043 0.0997604
64 6 2 -0.8 5.46129e-24 -5.56352e-27 3.26061e-26 1.03062e+08 4.10473e+08 1.95219e+08 3.55388e+07 0 3.7138e+08 0 4.10473e+08 3.7138e+08 1.95219e+08 3.55388e+07 0.000271718 3.96181e-06 -0.00442189 0.00123275 0.116364
62 7 0 -0.929411 0.347774 -0.0010345 0.00038268 6.53176e+07 2.60144e+08 1.23723e+08 2.25233e+07 0 2.35369e+08 0 2.60144e+08 2.35369e+08 1.23723e+08 2.25233e+07 0.00111572 -0.00032157 -0.00238774 0.00149653 0.0903232
63 7 1 -1.13334 0.484315 -0.00146011 0.000341992 1.41173e+08 5.62259e+08 2.67408e+08 4.86805e+07 0 5.08711e+08 0 5.62259e+08 5.08711e+08 2.67408e+08 4.86805e+07 7.30052e-05 0.00195651 -0.00166713 0.000691351 0.0856635
66 7 2 -1.16112 0.22259 -0.000942856 -1.2067e-05 8.26756e+07 3.29277e+08 1.56602e+08 2.85088e+07 0 2.97917e+08 0 3.29277e+08 2.97917e+08 1.56602e+08 2.85088e+07 0.000816805 0.00214161 -0.00253197 0.00132497 0.0934654
56 8 0 -0.4 5.41578e-24 -1.99347e-27 3.04152e-26 1.35755e+07 5.40679e+07 2.57144e+07 4.68121e+06 0 4.89186e+07 0 5.40679e+07 4.89186e+07 2.57144e+07 4.68121e+06 1.09678e-25 7.13718e-25 -0.00226392 0.0044039 0.12018
49 8 1 -0.295696 0.220251 -0.000266987 0.000520078 8.43275e+07 3.35856e+08 1.59731e+08 2.90784e+07 0 3.0387e+08 0 3.35856e+08 3.0387e+08 1.59731e+08 2.90784e+07 0.000524519 -0.00107311 -0.000572306 0.00156179 0.101529
55 8 2 -0.518745 0.208577 -0.000417193 0.000400574 9.55636e+07 3.80607e+08 1.81015e+08 3.2953e+07 0 3.44359e+08 0 3.80607e+08 3.44359e+08 1.81015e+08 3.2953e+07 0.000459993 0.00142633 -0.000835004 0.00124257 0.101614
58 9 0 -0.864863 0.544446 -0.00127494 0.000902027 7.47844e+06 2.97848e+07 1.41655e+07 2.57877e+06 0 2.69482e+07 0 2.97848e+07 2.69482e+07 1.41655e+07 2.57877e+06 0.00454545 0.000847985 0.00124976 0.00478776 0.0826895
63 9 1 -1.13334 0.484315 -0.00146011 0.000341992 1.41173e+08 5.62259e+08 2.67408e+08 4.86805e+07 0 5.08711e+08 0 5.62259e+08 5.08711e+08 2.67408e+08 4.86805e+07 7.30052e-05 0.00195651 -0.00166713 0.000691351 0.0856635
62 9 2 -0.929411 0.347774 -0.0010345 0.00038268 6.53176e+07 2.60144e+08 1.23723e+08 2.25233e+07 0 2.35369e+08 0 2.60144e+08 2.35369e+08 1.23723e+08 2.25233e+07 0.00111572 -0.00032157 -0.00238774 0.00149653 0.0903232
58 10 0 -0.864863 0.544446 -0.00127494 0.000902027 7.47844e+06 2.97848e+07 1.41655e+07 2.57877e+06 0 2.69482e+07 0 2.97848e+07 2.69482e+07 1.41655e+07 2.57877e+06 0.00454545 0.000847985 0.00124976 0.00478776 0.0826895
59 10 1 -1.0335 0.721993 -0.00123707 0.000893171 7.8654e+07 3.1326e+08 1.48985e+08 2.71221e+07 0 2.83426e+08 0 3.1326e+08 2.83426e+08 1.48985e+08 2.71221e+07 0.000798693 0.00413191 0.000666046 0.00161898 0.0790952
63 10 2 -1.13334 0.484315 -0.00146011 0.000341992 1.41173e+08 5.62259e+08 2.67408e+08 4.86805e+07 0 5.08711e+08 0 5.62259e+08 5.08711e+08 2.67408e+08 4.86805e+07 7.30052e-05 0.00195651 -0.00166713 0.000691351 0.0856635
57 11 0 -0.679106 0.388569 -0.000700593 0.000521394 3.84304e+07 1.53059e+08 7.27942e+07 1.32519e+07 0 1.38482e+08 0 1.53059e+08 1.38482e+08 7.27942e+07 1.32519e+07 0.00155228 0.000729536 -0.000521222 0.00202067 0.0895403
58 11 1 -0.864863 0.544446 -0.00127494 0.000902027 7.47844e+06 2.97848e+07 1.41655e+07 2.57877e+06 0 2.69482e+07 0 2.97848e+07 2.69482e+07 1.41655e+07 2.57877e+06 0.00454545 0.000847985 0.00124976 0.00478776 0.0826895
62 11 2 -0.929411 0.347774 -0.0010345 0.00038268 6.53176e+07 2.60144e+08 1.23723e+08 2.25233e+07 0 2.35369e+08 0 2.60144e+08 2.35369e+08 1.23723e+08 2.25233e+07 0.00111572 -0.00032157 -0.00238774 0.00149653 0.0903232
52 12 0 -0.597175 0.580167 -0.000529801 0.00107217 4.38308e+07 1.74567e+08 8.30233e+07 1.51141e+07 0 1.57942e+08 0 1.74567e+08 1.57942e+08 8.30233e+07 1.51141e+07 0.00102166 -0.000555527 -0.00124907 0.00254665 0.0810711
46 12 1 -0.526903 0.774238 -0.000451697 0.00144512 6.00521e+07 2.39173e+08 1.13749e+08 2.07076e+07 0 2.16395e+08 0 2.39173e+08 2.16395e+08 1.13749e+08 2.07076e+07 0.00110443 -0.000350146 0.00126101 0.00175401 0.074645
53 12 2 -0.774913 0.732539 -0.000887242 0.00144897 5.65278e+07 2.25136e+08 1.07074e+08 1.94923e+07 0 2.03695e+08 0 2.25136e+08 2.03695e+08 1.07074e+08 1.94923e+07 0.00171882 -0.000330692 4.5791e-05 0.000999645 0.076799
53 13 0 -0.774913 0.732539 -0.000887242 0.00144897 5.65278e+07 2.25136e+08 1.07074e+08 1.94923e+07 0 2.03695e+08 0 2.25136e+08 2.03695e+08 1.07074e+08 1.94923e+07 0.00171882 -0.000330692 4.5791e-05 0.000999645 0.076799
46 13 1 -0.526903 0.774238 -0.000451697 0.00144512 6.00521e+07 2.39173e+08 1.13749e+08 2.07076e+07 0 2.16395e+08 0 2.39173e+08 2.16395e+08 1.13749e+08 2.07076e+07 0.00110443 -0.000350146 0.00126101 0.00175401 0.074645
48 13 2 -0.679549 0.906206 -0.000574007 0.00170934 2.87297e+07 1.14423e+08 5.44192e+07 9.90679e+06 0 1.03526e+08 0 1.14423e+08 1.03526e+08 5.44192e+07 9.90679e+06 0.00274436 -0.000249914 0.0016773 0.0022172 0.0725599
57 14 0 -0.679106 0.388569 -0.000700593 0.000521394 3.84304e+07 1.53059e+08 7.27942e+07 1.32519e+07 0 1.38482e+08 0 1.53059e+08 1.38482e+08 7.27942e+07 1.32519e+07 0.00155228 0.000729536 -0.000521222 0.00202067 0.0895403
52 14 1 -0.597175 0.580167 -0.000529801 0.00107217 4.38308e+07 1.74567e+08 8.30233e+07 1.51141e+07 0 1.57942e+08 0 1.74567e+08 1.57942e+08 8.30233e+07 1.51141e+07 0.00102166 -0.000555527 -0.00124907 0.00254665 0.0810711
58 14 2 -0.864863 0.544446 -0.00127494 0.000902027 7.47844e+06 2.97848e+07 1.41655e+07 2.57877e+06 0 2.69482e+07 0 2.97848e+07 2.69482e+07 1.41655e+07 2.57877e+06 0.00454545 0.000847985 0.00124976 0.00478776 0.0826895
65 15 0 -0.941975 0.165557 -0.000658813 0.000171405 1.03629e+08 4.1273e+08 1.96292e+08 3.57342e+07 0 3.73422e+08 0 4.1273e+08 3.73422e+08 1.96292e+08 3.57342e+07 0.000788006 -0.000137087 -0.00186701 0.000854043 0.0997604
61 15 1 -0.73762 0.193517 -0.000539068 0.000215017 9.48592e+07 3.77801e+08 1.7968e+08 3.27101e+07 0 3.4182e+08 0 3.77801e+08 3.4182e+08 1.7968e+08 3.27101e+07 0.000838557 0.000124235 -0.00185223 0.000864708 0.100997
62 15 2 -0.929411 0.347774 -0.0010345 0.00038268 6.53176e+07 2.60144e+08 1.23723e+08 2.25233e+07 0 2.35369e+08 0 2.60144e+08 2.35369e+08 1.23723e+08 2.25233e+07 0.00111572 -0.00032157 -0.00238774 0.00149653 0.0903232
51 16 0 -0.425596 0.416616 -0.000418518 0.000818196 7.36428e+07 2.93301e+08 1.39493e+08 2.53941e+07 0 2.65368e+08 0 2.93301e+08 2.65368e+08 1.39493e+08 2.53941e+07 0.000696578 0.000382592 0.000175899 0.00142271 0.0887602
52 16 1 -0.597175 0.580167 -0.000529801 0.00107217 4.38308e+07 1.74567e+08 8.30233e+07 1.51141e+07 0 1.57942e+08 0 1.74567e+08 1.57942e+08 8.30233e+07 1.51141e+07 0.00102166 -0.000555527 -0.00124907 0.00254665 0.0810711
57 16 2 -0.679106 0.388569 -0.000700593 0.000521394 3.84304e+07 1.53059e+08 7.27942e+07 1.32519e+07 0 1.38482e+08 0 1.53059e+08 1.38482e+08 7.27942e+07 1.32519e+07 0.00155228 0.000729536 -0.000521222 0.00202067 0.0895403
51 17 0 -0.425596 0.416616 -0.000418518 0.000818196 7.36428e+07 2.93301e+08 1.39493e+08 2.53941e+07 0 2.65368e+08 0 2.93301e+08 2.65368e+08 1.39493e+08 2.53941e+07 0.000696578 0.000382592 0.000175899 0.00142271 0.0887602
45 17 1 -0.332414 0.626779 -0.000254662 0.0012138 7.29577e+07 2.90573e+08 1.38195e+08 2.51578e+07 0 2.62899e+08 0 2.90573e+08 2.62899e+08 1.38195e+08 2.51578e+07 0.000547212 -0.000603698 5.29649e-05 0.00102327 0.0792036
52 17 2 -0.597175 0.580167 -0.000529801 0.00107217 4.38308e+07 1.74567e+08 8.30233e+07 1.51141e+07 0 1.57942e+08 0 1.74567e+08 1.57942e+08 8.30233e+07 1.51141e+07 0.00102166 -0.000555527 -0.00124907 0.00254665 0.0810711
55 18 0 -0.518745 0.208577 -0.000417193 0.000400574 9.55636e+07 3.80607e+08 1.81015e+08 3.2953e+07 0 3.44359e+08 0 3.80607e+08 3.44359e+08 1.81015e+08 3.2953e+07 0.000459993 0.00142633 -0.000835004 0.00124257 0.101614
51 18 1 -0.425596 0.416616 -0.000418518 0.000818196 7.36428e+07 2.93301e+08 1.39493e+08 2.53941e+07 0 2.65368e+08 0 2.93301e+08 2.65368e+08 1.39493e+08 2.53941e+07 0.000696578 0.000382592 0.000175899 0.00142271 0.0887602
57 18 2 -0.679106 0.388569 -0.000700593 0.000521394 3.84304e+07 1.53059e+08 7.27942e+07 1.32519e+07 0 1.38482e+08 0 1.53059e+08 1.38482e+08 7.27942e+07 1.32519e+07 0.00155228 0.000729536 -0.000521222 0.00202067 0.0895403
60 19 0 -0.6 5.53497e-24 -3.89258e-28 3.97284e-26 9.43121e+07 3.75622e+08 1.78644e+08 3.25214e+07 0 3.39849e+08 0 3.75622e+08 3.39849e+08 1.78644e+08 3.25214e+07 2.4867e-05 0.000228965 -0.00327766 0.00168555 0.118923
55 19 1 -0.518745 0.208577 -0.000417193 0.000400574 9.55636e+07 3.80607e+08 1.81015e+08 3.2953e+07 0 3.44359e+08 0 3.80607e+08 3.44359e+08 1.81015e+08 3.2953e+07 0.000459993 0.00142633 -0.000835004 0.00124257 0.101614
61 19 2 -0.73762 0.193517 -0.000539068 0.000215017 9.48592e+07 3.77801e+08 1.7968e+08 3.27101e+07 0 3.4182e+08 0 3.77801e+08 3.4182e+08 1.7968e+08 3.27101e+07 0.000838557 0.000124235 -0.00185223 0.000864708 0.100997
49 20 0 -0.295696 0.220251 -0.000266987 0.000520078 8.43275e+07 3.35856e+08 1.59731e+08 2.90784e+07 0 3.0387e+08 0 3.35856e+08 3.0387e+08 1.59731e+08 2.90784e+07 0.000524519 -0.00107311 -0.000572306 0.00156179 0.101529
51 20 1 -0.425596 0.416616 -0.000418518 0.000818196 7.36428e+07 2.93301e+08 1.39493e+08 2.53941e+07 0 2.65368e+08 0 2.93301e+08 2.65368e+08 1.39493e+08 2.53941e+07 0.000696578 0.000382592 0.000175899 0.00142271 0.0887602
55 20 2 -0.518745 0.208577 -0.000417193 0.000400574 9.55636e+07 3.80607e+08 1.81015e+08 3.2953e+07 0 3.44359e+08 0 3.80607e+08 3.44359e+08 1.81015e+08 3.2953e+07 0.000459993 0.00142633 -0.000835004 0.00124257 0.101614
50 21 0 -0.2 5.48504e-24 -1.23773e-27 4.11348e-26 6.2707e+07 2.49747e+08 1.18778e+08 2.16231e+07 0 2.25961e+08 0 2.49747e+08 2.25961e+08 1.18778e+08 2.16231e+07 -1.47927e-25 5.51302e-25 -0.00176998 0.00268346 0.120766
49 21 1 -0.295696 0.220251 -0.000266987 0.000520078 8.43275e+07 3.35856e+08 1.59731e+08 2.90784e+07 0 3.0387e+08 0 3.35856e+08 3.0387e+08 1.59731e+08 2.90784e+07 0.000524519 -0.00107311 -0.000572306 0.00156179 0.101529
56 21 2 -0.4 5.41578e-24 -1.99347e-27 3.04152e-26 1.35755e+07 5.40679e+07 2.57144e+07 4.68121e+06 0 4.89186e+07 0 5.40679e+07 4.89186e+07 2.57144e+07 4.68121e+06 1.09678e-25 7.13718e-25 -0.00226392 0.0044039 0.12018
42 22 0 -0.0783576 0.226952 -0.000117218 0.00050396 7.41469e+07 2.95309e+08 1.40447e+08 2.55679e+07 0 2.67184e+08 0 2.95309e+08 2.67184e+08 1.40447e+08 2.55679e+07 0.00127224 0.000268033 0.000189442 0.000463946 0.101313
43 22 1 -0.167386 0.4396 -0.000204654 0.000833362 5.3169e+07 2.11759e+08 1.00712e+08 1.83341e+07 0 1.91592e+08 0 2.11759e+08 1.91592e+08 1.00712e+08 1.83341e+07 0.000816105 -0.000387511 0.000614675 0.00216773 0.0876818
49 22 2 -0.295696 0.220251 -0.000266987 0.000520078 8.43275e+07 3.35856e+08 1.59731e+08 2.90784e+07 0 3.0387e+08 0 3.35856e+08 3.0387e+08 1.59731e+08 2.90784e+07 0.000524519 -0.00107311 -0.000572306 0.00156179 0.101529
43 23 0 -0.167386 0.4396 -0.000204654 0.000833362 5.3169e+07 2.11759e+08 1.00712e+08 1.83341e+07 0 1.91592e+08 0 2.11759e+08 1.91592e+08 1.00712e+08 1.83341e+07 0.000816105 -0.000387511 0.000614675 0.00216773 0.0876818
34 23 1 0.114952 0.429705 0.000395393 0.00106296 6.26606e+06 2.49562e+07 1.1869e+07 2.16071e+06 0 2.25794e+07 0 2.49562e+07 2.25794e+07 1.1869e+07 2.16071e+06 0.00256617 0.000463933 0.00241651 0.00480726 0.0883028
37 23 2 -0.0476567 0.659655 0.000218267 0.00145092 2.95737e+07 1.17785e+08 5.60179e+07 1.01978e+07 0 1.06567e+08 0 1.17785e+08 1.06567e+08 5.60179e+07 1.01978e+07 0.00242702 0.00177967 -0.000391052 0.00210197 0.0776958
30 24 0 0.161695 0.672784 0.000527911 0.00161292 1.22727e+08 4.88792e+08 2.32467e+08 4.23197e+07 0 4.42241e+08 0 4.88792e+08 4.42241e+08 2.32467e+08 4.23197e+07 0.0003008 -0.00135618 -0.000934359 0.0007891 0.07732
34 24 1 0.114952 0.429705 0.000395393 0.00106296 6.26606e+06 2.49562e+07 1.1869e+07 2.16071e+06 0 2.25794e+07 0 2.49562e+07 2.25794e+07 1.1869e+07 2.16071e+06 0.00256617 0.000463933 0.00241651 0.00480726 0.0883028
28 24 2 0.316135 0.590307 0.000758393 0.00126026 6.43356e+07 2.56233e+08 1.21863e+08 2.21847e+07 0 2.3183e+08 0 2.56233e+08 2.3183e+08 1.21863e+08 2.21847e+07 0.00128452 -0.00127764 -0.000597542 0.00169642 0.0806223
39 25 0 -0.192023 0.760743 -8.95291e-05 0.00144821 5.43572e+07 2.16492e+08 1.02962e+08 1.87439e+07 0 1.95873e+08 0 2.16492e+08 1.95873e+08 1.02962e+08 1.87439e+07 0.00147666 0.00061246 0.000261563 0.00185859 0.0747611
37 25 1 -0.0476567 0.659655 0.000218267 0.00145092 2.95737e+07 1.17785e+08 5.60179e+07 1.01978e+07 0 1.06567e+08 0 1.17785e+08 1.06567e+08 5.60179e+07 1.01978e+07 0.00242702 0.00177967 -0.000391052 0.00210197 0.0776958
31 25 2 -0.0971093 0.929534 0.000175039 0.00185146 4.73939e+07 1.88758e+08 8.97725e+07 1.63427e+07 0 1.70781e+08 0 1.88758e+08 1.70781e+08 8.97725e+07 1.63427e+07 0.00204492 0.00156121 0.000890142 0.00147846 0.0702248
33 26 0 -0.296029 1.07931 -1.62421e-05 0.00179716 1.29432e+08 5.15498e+08 2.45168e+08 4.46319e+07 0 4.66403e+08 0 5.15498e+08 4.66403e+08 2.45168e+08 4.46319e+07 0.000474327 0.000623697 0.000256608 0.000523249 0.0680743
38 26 1 -0.332219 0.868433 -0.000174978 0.00156387 9.74644e+07 3.88177e+08 1.84615e+08 3.36084e+07 0 3.51208e+08 0 3.88177e+08 3.51208e+08 1.84615e+08 3.36084e+07 0.000806398 0.000235557 0.000665114 0.0010042 0.0717266
31 26 2 -0.0971093 0.929534 0.000175039 0.00185146 4.73939e+07 1.88758e+08 8.97725e+07 1.63427e+07 0 1.70781e+08 0 1.88758e+08 1.70781e+08 8.97725e+07 1.63427e+07 0.00204492 0.00156121 0.000890142 0.00147846 0.0702248
45 27 0 -0.332414 0.626779 -0.000254662 0.0012138 7.29577e+07 2.90573e+08 1.38195e+08 2.51578e+07 0 2.62899e+08 0 2.90573e+08 2.62899e+08 1.38195e+08 2.51578e+07 0.000547212 -0.000603698 5.29649e-05 0.00102327 0.0792036
51 27 1 -0.425596 0.416616 -0.000418518 0.000818196 7.36428e+07 2.93301e+08 1.39493e+08 2.53941e+07 0 2.65368e+08 0 2.93301e+08 2.65368e+08 1.39493e+08 2.53941e+07 0.000696578 0.000382592 0.000175899 0.00142271 0.0887602
43 27 2 -0.167386 0.4396 -0.000204654 0.000833362 5.3169e+07 2.11759e+08 1.00712e+08 1.83341e+07 0 1.91592e+08 0 2.11759e+08 1.91592e+08 1.00712e+08 1.83341e+07 0.000816105 -0.000387511 0.000614675 0.00216773 0.0876818
38 28 0 -0.332219 0.868433 -0.000174978 0.00156387 9.74644e+07 3.88177e+08 1.84615e+08 3.36084e+07 0 3.51208e+08 0 3.88177e+08 3.51208e+08 1.84615e+08 3.36084e+07 0.000806398 0.000235557 0.000665114 0.0010042 0.0717266
45 28 1 -0.332414 0.626779 -0.000254662 0.0012138 7.29577e+07 2.90573e+08 1.38195e+08 2.51578e+07 0 2.62899e+08 0 2.90573e+08 2.62899e+08 1.38195e+08 2.51578e+07 0.000547212 -0.000603698 5.29649e-05 0.00102327 0.0792036
39 28 2 -0.192023 0.760743 -8.95291e-05 0.00144821 5.43572e+07 2.16492e+08 1.02962e+08 1.87439e+07 0 1.95873e+08 0 2.16492e+08 1.95873e+08 1.02962e+08 1.87439e+07 0.00147666 0.00061246 0.000261563 0.00185859 0.0747611
46 29 0 -0.526903 0.774238 -0.000451697 0.00144512 6.00521e+07 2.39173e+08 1.13749e+08 2.07076e+07 0 2.16395e+08 0 2.39173e+08 2.16395e+08 1.13749e+08 2.07076e+07 0.00110443 -0.000350146 0.00126101 0.00175401 0.074645
52 29 1 -0.597175 0.580167 -0.000529801 0.00107217 4.38308e+07 1.74567e+08 8.30233e+07 1.51141e+07 0 1.57942e+08 0 1.74567e+08 1.57942e+08 8.30233e+07 1.51141e+07 0.00102166 -0.000555527 -0.00124907 0.00254665 0.0810711
45 29 2 -0.332414 0.626779 -0.000254662 0.0012138 7.29577e+07 2.90573e+08 1.38195e+08 2.51578e+07 0 2.62899e+08 0 2.90573e+08 2.62899e+08 1.38195e+08 2.51578e+07 0.000547212 -0.000603698 5.29649e-05 0.00102327 0.0792036
43 30 0 -0.167386 0.4396 -0.000204654 0.000833362 5.3169e+07 2.11759e+08 1.00712e+08 1.83341e+07 0 1.91592e+08 0 2.11759e+08 1.91592e+08 1.00712e+08 1.83341e+07 0.000816105 -0.000387511 0.000614675 0.00216773 0.0876818
42 30 1 -0.0783576 0.226952 -0.000117218 0.00050396 7.41469e+07 2.95309e+08 1.40447e+08 2.55679e+07 0 2.67184e+08 0 2.95309e+08 2.67184e+08 1.40447e+08 2.55679e+07 0.00127224 0.000268033 0.000189442 0.000463946 0.101313
34 30 2 0.114952 0.429705 0.000395393 0.00106296 6.26606e+06 2.49562e+07 1.1869e+07 2.16071e+06 0 2.25794e+07 0 2.49562e+07 2.25794e+07 1.1869e+07 2.16071e+06 0.00256617 0.000463933 0.00241651 0.00480726 0.0883028
39 31 0 -0.192023 0.760743 -8.95291e-05 0.00144821 5.43572e+07 2.16492e+08 1.02962e+08 1.87439e+07 0 1.95873e+08 0 2.16492e+08 1.95873e+08 1.02962e+08 1.87439e+07 0.00147666 0.00061246 0.000261563 0.00185859 0.0747611
45 31 1 -0.332414 0.626779 -0.000254662 0.0012138 7.29577e+07 2.90573e+08 1.38195e+08 2.51578e+07 0 2.62899e+08 0 2.90573e+08 2.62899e+08 1.38195e+08 2.51578e+07 0.000547212 -0.000603698 5.29649e-05 0.00102327 0.0792036
37 31 2 -0.0476567 0.659655 0.000218267 0.00145092 2.95737e+07 1.17785e+08 5.60179e+07 1.01978e+07 0 1.06567e+08 0 1.17785e+08 1.06567e+08 5.60179e+07 1.01978e+07 0.00242702 0.00177967 -0.000391052 0.00210197 0.0776958
51 32 0 -0.425596 0.416616 -0.000418518 0.000818196 7.36428e+07 2.93301e+08 1.39493e+08 2.53941e+07 0 2.65368e+08 0 2.93301e+08 2.65368e+08 1.39493e+08 2.53941e+07 0.000696578 0.000382592 0.000175899 0.00142271 0.0887602
49 32 1 -0.295696 0.220251 -0.000266987 0.000520078 8.43275e+07 3.35856e+08 1.59731e+08 2.90784e+07 0 3.0387e+08 0 3.35856e+08 3.0387e+08 1.59731e+08 2.90784e+07 0.000524519 -0.00107311 -0.000572306 0.00156179 0.101529
43 32 2 -0.167386 0.4396 -0.000204654 0.000833362 5.3169e+07 2.11759e+08 1.00712e+08 1.83341e+07 0 1.91592e+08 0 2.11759e+08 1.91592e+08 1.00712e+08 1.83341e+07 0.000816105 -0.000387511 0.000614675 0.00216773 0.0876818
42 33 0 -0.0783576 0.226952 -0.000117218 0.00050396 7.41469e+07 2.95309e+08 1.40447e+08 2.55679e+07 0 2.67184e+08 0 2.95309e+08 2.67184e+08 1.40447e+08 2.55679e+07 0.00127224 0.000268033 0.000189442 0.000463946 0.101313
49 33 1 -0.295696 0.220251 -0.000266987 0.000520078 8.43275e+07 3.35856e+08 1.59731e+08 2.90784e+07 0 3.0387e+08 0 3.35856e+08 3.0387e+08 1.59731e+08 2.90784e+07 0.000524519 -0.00107311 -0.000572306 0.00156179 0.101529
50 33 2 -0.2 5.48504e-24 -1.23773e-27 4.11348e-26 6.2707e+07 2.49747e+08 1.18778e+08 2.16231e+07 0 2.25961e+08 0 2.49747e+08 2.25961e+08 1.18778e+08 2.16231e+07 -1.47927e-25 5.51302e-25 -0.00176998 0.00268346 0.120766
55 34 0 -0.518745 0.208577 -0.000417193 0.000400574 9.55636e+07 3.80607e+08 1.81015e+08 3.2953e+07 0 3.44359e+08 0 3.80607e+08 3.44359e+08 1.81015e+08 3.2953e+07 0.000459993 0.00142633 -0.000835004 0.00124257 0.101614
57 34 1 -0.679106 0.388569 -0.000700593 0.000521394 3.84304e+07 1.53059e+08 7.27942e+07 1.32519e+07 0 1.38482e+08 0 1.53059e+08 1.38482e+08 7.27942e+07 1.32519e+07 0.00155228 0.000729536 -0.000521222 0.00202067 0.0895403
61 34 2 -0.73762 0.193517 -0.000539068 0.000215017 9.48592e+07 3.77801e+08 1.7968e+08 3.27101e+07 0 3.4182e+08 0 3.77801e+08 3.4182e+08 1.7968e+08 3.27101e+07 0.000838557 0.000124235 -0.00185223 0.000864708 0.100997
38 35 0 -0.332219 0.868433 -0.000174978 0.00156387 9.74644e+07 3.88177e+08 1.84615e+08 3.36084e+07 0 3.51208e+08 0 3.88177e+08 3.51208e+08 1.84615e+08 3.36084e+07 0.000806398 0.000235557 0.000665114 0.0010042 0.0717266
46 35 1 -0.526903 0.774238 -0.000451697 0.00144512 6.00521e+07 2.39173e+08 1.13749e+08 2.07076e+07 0 2.16395e+08 0 2.39173e+08 2.16395e+08 1.13749e+08 2.07076e+07 0.00110443 -0.000350146 0.00126101 0.00175401 0.074645
45 35 2 -0.332414 0.626779 -0.000254662 0.0012138 7.29577e+07 2.90573e+08 1.38195e+08 2.51578e+07 0 2.62899e+08 0 2.90573e+08 2.62899e+08 1.38195e+08 2.51578e+07 0.000547212 -0.000603698 5.29649e-05 0.00102327 0.0792036
31 36 0 -0.0971093 0.929534 0.000175039 0.00185146 4.73939e+07 1.88758e+08 8.97725e+07 1.63427e+07 0 1.70781e+08 0 1.88758e+08 1.70781e+08 8.97725e+07 1.63427e+07 0.00204492 0.00156121 0.000890142 0.00147846 0.0702248
38 36 1 -0.332219 0.868433 -0.000174978 0.00156387 9.74644e+07 3.88177e+08 1.84615e+08 3.36084e+07 0 3.51208e+08 0 3.88177e+08 3.51208e+08 1.84615e+08 3.36084e+07 0.000806398 0.000235557 0.000665114 0.0010042 0.0717266
39 36 2 -0.192023 0.760743 -8.95291e-05 0.00144821 5.43572e+07 2.16492e+08 1.02962e+08 1.87439e+07 0 1.95873e+08 0 2.16492e+08 1.95873e+08 1.02962e+08 1.87439e+07 0.00147666 0.00061246 0.000261563 0.00185859 0.0747611
33 37 0 -0.296029 1.07931 -1.62421e-05 0.00179716 1.29432e+08 5.15498e+08 2.45168e+08 4.46319e+07 0 4.66403e+08 0 5.15498e+08 4.66403e+08 2.45168e+08 4.46319e+07 0.000474327 0.000623697 0.000256608 0.000523249 0.0680743
41 37 1 -0.497948 1.00266 -0.00023556 0.00171322 1.20366e+08 4.79388e+08 2.27995e+08 4.15055e+07 0 4.33732e+08 0 4.79388e+08 4.33732e+08 2.27995e+08 4.15055e+07 0.000781206 -0.000642107 0.000392391 0.00071918 0.0699209
38 37 2 -0.332219 0.868433 -0.000174978 0.00156387 9.74644e+07 3.88177e+08 1.84615e+08 3.36084e+07 0 3.51208e+08 0 3.88177e+08 3.51208e+08 1.84615e+08 3.36084e+07 0.000806398 0.000235557 0.000665114 0.0010042 0.0717266
22 38 0 0.0851318 1.10687 0.000500144 0.00213263 8.86807e+07 3.53194e+08 1.67977e+08 3.05796e+07 0 3.19556e+08 0 3.53194e+08 3.19556e+08 1.67977e+08 3.05796e+07 0.00113636 -0.000718126 -0.00026958 0.000823426 0.0674438
24 38 1 -0.107417 1.14585 0.000230961 0.00213148 4.64069e+07 1.84828e+08 8.7903e+07 1.60024e+07 0 1.67225e+08 0 1.84828e+08 1.67225e+08 8.7903e+07 1.60024e+07 0.00170401 0.00159174 0.00024982 0.00149158 0.067073
31 38 2 -0.0971093 0.929534 0.000175039 0.00185146 4.73939e+07 1.88758e+08 8.97725e+07 1.63427e+07 0 1.70781e+08 0 1.88758e+08 1.70781e+08 8.97725e+07 1.63427e+07 0.00204492 0.00156121 0.000890142 0.00147846 0.0702248
41 39 0 -0.497948 1.00266 -0.00023556 0.00171322 1.20366e+08 4.79388e+08 2.27995e+08 4.15055e+07 0 4.33732e+08 0 4.79388e+08 4.33732e+08 2.27995e+08 4.15055e+07 0.000781206 -0.000642107 0.000392391 0.00071918 0.0699209
47 39 1 -0.695358 1.10068 -0.000488095 0.00210125 4.13263e+07 1.64593e+08 7.82794e+07 1.42504e+07 0 1.48917e+08 0 1.64593e+08 1.48917e+08 7.82794e+07 1.42504e+07 0.00218964 0.000752653 -0.000392661 0.0018541 0.0703841
48 39 2 -0.679549 0.906206 -0.000574007 0.00170934 2.87297e+07 1.14423e+08 5.44192e+07 9.90679e+06 0 1.03526e+08 0 1.14423e+08 1.03526e+08 5.44192e+07 9.90679e+06 0.00274436 -0.000249914 0.0016773 0.0022172 0.0725599
53 40 0 -0.774913 0.732539 -0.000887242 0.00144897 5.65278e+07 2.25136e+08 1.07074e+08 1.94923e+07 0 2.03695e+08 0 2.25136e+08 2.03695e+08 1.07074e+08 1.94923e+07 0.00171882 -0.000330692 4.5791e-05 0.000999645 0.076799
59 40 1 -1.0335 0.721993 -0.00123707 0.000893171 7.8654e+07 3.1326e+08 1.48985e+08 2.71221e+07 0 2.83426e+08 0 3.1326e+08 2.83426e+08 1.48985e+08 2.71221e+07 0.000798693 0.00413191 0.000666046 0.00161898 0.0790952
58 40 2 -0.864863 0.544446 -0.00127494 0.000902027 7.47844e+06 2.97848e+07 1.41655e+07 2.57877e+06 0 2.69482e+07 0 2.97848e+07 2.69482e+07 1.41655e+07 2.57877e+06 0.00454545 0.000847985 0.00124976 0.00478776 0.0826895
41 41 0 -0.497948 1.00266 -0.00023556 0.00171322 1.20366e+08 4.79388e+08 2.27995e+08 4.15055e+07 0 4.33732e+08 0 4.79388e+08 4.33732e+08 2.27995e+08 4.15055e+07 0.000781206 -0.000642107 0.000392391 0.00071918 0.0699209
48 41 1 -0.679549 0.906206 -0.000574007 0.00170934 2.87297e+07 1.14423e+08 5.44192e+07 9.90679e+06 0 1.03526e+08 0 1.14423e+08 1.03526e+08 5.44192e+07 9.90679e+06 0.00274436 -0.000249914 0.0016773 0.0022172 0.0725599
46 41 2 -0.526903 0.774238 -0.000451697 0.00144512 6.00521e+07 2.39173e+08 1.13749e+08 2.07076e+07 0 2.16395e+08 0 2.39173e+08 2.16395e+08 1.13749e+08 2.07076e+07 0.00110443 -0.000350146 0.00126101 0.00175401 0.074645
40 42 0 -0.478913 1.22721 -0.000364147 0.00213078 3.65354e+06 1.45512e+07 6.92045e+06 1.25984e+06 0 1.31653e+07 0 1.45512e+07 1.31653e+07 6.92045e+06 1.25984e+06 0.0027919 -0.0017084 -0.00140339 0.00364275 0.0679281
41 42 1 -0.497948 1.00266 -0.00023556 0.00171322 1.20366e+08 4.79388e+08 2.27995e+08 4.15055e+07 0 4.33732e+08 0 4.79388e+08 4.33732e+08 2.27995e+08 4.15055e+07 0.000781206 -0.000642107 0.000392391 0.00071918 0.0699209
33 42 2 -0.296029 1.07931 -1.62421e-05 0.00179716 1.29432e+08 5.15498e+08 2.45168e+08 4.46319e+07 0 4.66403e+08 0 5.15498e+08 4.66403e+08 2.45168e+08 4.46319e+07 0.000474327 0.000623697 0.000256608 0.000523249 0.0680743
40 43 0 -0.478913 1.22721 -0.000364147 0.00213078 3.65354e+06 1.45512e+07 6.92045e+06 1.25984e+06 0 1.31653e+07 0 1.45512e+07 1.31653e+07 6.92045e+06 1.25984e+06 0.0027919 -0.0017084 -0.00140339 0.00364275 0.0679281
47 43 1 -0.695358 1.10068 -0.000488095 0.00210125 4.13263e+07 1.64593e+08 7.82794e+07 1.42504e+07 0 1.48917e+08 0 1.64593e+08 1.48917e+08 7.82794e+07 1.42504e+07 0.00218964 0.000752653 -0.000392661 0.0018541 0.0703841
41 43 2 -0.497948 1.00266 -0.00023556 0.00171322 1.20366e+08 4.79388e+08 2.27995e+08 4.15055e+07 0 4.33732e+08 0 4.79388e+08 4.33732e+08 2.27995e+08 4.15055e+07 0.000781206 -0.000642107 0.000392391 0.00071918 0.0699209
36 44 0 0.105963 0.193834 6.46659e-05 0.00037299 7.16549e+07 2.85384e+08 1.35727e+08 2.47086e+07 0 2.58205e+08 0 2.85384e+08 2.58205e+08 1.35727e+08 2.47086e+07 0.000774169 -0.00141954 0.000215995 0.00103657 0.103835
44 44 1 2.49704e-17 5.47571e-24 8.4073e-28 2.40626e-26 1.29255e+07 5.1479e+07 2.44832e+07 4.45706e+06 0 4.65763e+07 0 5.1479e+07 4.65763e+07 2.44832e+07 4.45706e+06 0.000909471 -0.000540077 -0.000469155 0.00388324 0.120964
35 44 2 0.2 5.46549e-24 -5.88383e-28 3.8065e-26 1.03924e+08 4.13903e+08 1.9685e+08 3.58358e+07 0 3.74484e+08 0 4.13903e+08 3.74484e+08 1.9685e+08 3.58358e+07 1.17473e-26 7.28569e-25 0.000799425 0.00136149 0.120844
43 45 0 -0.167386 0.4396 -0.000204654 0.000833362 5.3169e+07 2.11759e+08 1.00712e+08 1.83341e+07 0 1.91592e+08 0 2.11759e+08 1.91592e+08 1.00712e+08 1.83341e+07 0.000816105 -0.000387511 0.000614675 0.00216773 0.0876818
37 45 1 -0.0476567 0.659655 0.000218267 0.00145092 2.95737e+07 1.17785e+08 5.60179e+07 1.01978e+07 0 1.06567e+08 0 1.17785e+08 1.06567e+08 5.60179e+07 1.01978e+07 0.00242702 0.00177967 -0.000391052 0.00210197 0.0776958
45 45 2 -0.332414 0.626779 -0.000254662 0.0012138 7.29577e+07 2.90573e+08 1.38195e+08 2.51578e+07 0 2.62899e+08 0 2.90573e+08 2.62899e+08 1.38195e+08 2.51578e+07 0.000547212 -0.000603698 5.29649e-05 0.00102327 0.0792036
22 46 0 0.0851318 1.10687 0.000500144 0.00213263 8.86807e+07 3.53194e+08 1.67977e+08 3.05796e+07 0 3.19556e+08 0 3.53194e+08 3.19556e+08 1.67977e+08 3.05796e+07 0.00113636 -0.000718126 -0.00026958 0.000823426 0.0674438
31 46 1 -0.0971093 0.929534 0.000175039 0.00185146 4.73939e+07 1.88758e+08 8.97725e+07 1.63427e+07 0 1.70781e+08 0 1.88758e+08 1.70781e+08 8.97725e+07 1.63427e+07 0.00204492 0.00156121 0.000890142 0.00147846 0.0702248
29 46 2 0.124015 0.875164 0.000427713 0.00188069 8.59222e+07 3.42208e+08 1.62752e+08 2.96284e+07 0 3.09616e+08 0 3.42208e+08 3.09616e+08 1.62752e+08 2.96284e+07 0.000466609 -0.000684094 2.97468e-05 0.00101365 0.07133
53 47 0 -0.774913 0.732539 -0.000887242 0.00144897 5.65278e+07 2.25136e+08 1.07074e+08 1.94923e+07 0 2.03695e+08 0 2.25136e+08 2.03695e+08 1.07074e+08 1.94923e+07 0.00171882 -0.000330692 4.5791e-05 0.000999645 0.076799
54 47 1 -0.885746 0.932191 -0.0008888 0.00161699 8.12621e+07 3.23647e+08 1.53925e+08 2.80214e+07 0 2.92824e+08 0 3.23647e+08 2.92824e+08 1.53925e+08 2.80214e+07 0.00075054 0.00158321 0.0018268 0.0012547 0.0740411
59 47 2 -1.0335 0.721993 -0.00123707 0.000893171 7.8654e+07 3.1326e+08 1.48985e+08 2.71221e+07 0 2.83426e+08 0 3.1326e+08 2.83426e+08 1.48985e+08 2.71221e+07 0.000798693 0.00413191 0.000666046 0.00161898 0.0790952
52 48 0 -0.597175 0.580167 -0.000529801 0.00107217 4.38308e+07 1.74567e+08 8.30233e+07 1.51141e+07 0 1.57942e+08 0 1.74567e+08 1.57942e+08 8.30233e+07 1.51141e+07 0.00102166 -0.000555527 -0.00124907 0.00254665 0.0810711
53 48 1 -0.774913 0.732539 -0.000887242 0.00144897 5.65278e+07 2.25136e+08 1.07074e+08 1.94923e+07 0 2.03695e+08 0 2.25136e+08 2.03695e+08 1.07074e+08 1.94923e+07 0.00171882 -0.000330692 4.5791e-05 0.000999645 0.076799
58 48 2 -0.864863 0.544446 -0.00127494 0.000902027 7.47844e+06 2.97848e+07 1.41655e+07 2.57877e+06 0 2.69482e+07 0 2.97848e+07 2.69482e+07 1.41655e+07 2.57877e+06 0.00454545 0.000847985 0.00124976 0.00478776 0.0826895
48 49 0 -0.679549 0.906206 -0.000574007 0.00170934 2.87297e+07 1.14423e+08 5.44192e+07 9.90679e+06 0 1.03526e+08 0 1.14423e+08 1.03526e+08 5.44192e+07 9.90679e+06 0.00274436 -0.000249914 0.0016773 0.0022172 0.0725599
54 49 1 -0.885746 0.932191 -0.0008888 0.00161699 8.12621e+07 3.23647e+08 1.53925e+08 2.80214e+07 0 2.92824e+08 0 3.23647e+08 2.92824e+08 1.53925e+08 2.80214e+07 0.00075054 0.00158321 0.0018268 0.0012547 0.0740411
53 49 2 -0.774913 0.732539 -0.000887242 0.00144897 5.65278e+07 2.25136e+08 1.07074e+08 1.94923e+07 0 2.03695e+08 0 2.25136e+08 2.03695e+08 1.07074e+08 1.94923e+07 0.00171882 -0.000330692 4.5791e-05 0.000999645 0.076799
38 50 0 -0.332219 0.868433 -0.000174978 0.00156387 9.74644e+07 3.88177e+08 1.84615e+08 3.36084e+07 0 3.51208e+08 0 3.88177e+08 3.51208e+08 1.84615e+08 3.36084e+07 0.000806398 0.000235557 0.000665114 0.0010042 0.0717266
41 50 1 -0.497948 1.00266 -0.00023556 0.00171322 1.20366e+08 4.79388e+08 2.27995e+08 4.15055e+07 0 4.33732e+08 0 4.79388e+08 4.33732e+08 2.27995e+08 4.15055e+07 0.000781206 -0.000642107 0.000392391 0.00071918 0.0699209
46 50 2 -0.526903 0.774238 -0.000451697 0.00144512 6.00521e+07 2.39173e+08 1.13749e+08 2.07076e+07 0 2.16395e+08 0 2.39173e+08 2.16395e+08 1.13749e+08 2.07076e+07 0.00110443 -0.000350146 0.00126101 0.00175401 0.074645
47 51 0 -0.695358 1.10068 -0.000488095 0.00210125 4.13263e+07 1.64593e+08 7.82794e+07 1.42504e+07 0 1.48917e+08 0 1.64593e+08 1.48917e+08 7.82794e+07 1.42504e+07 0.00218964 0.000752653 -0.000392661 0.0018541 0.0703841
54 51 1 -0.885746 0.932191 -0.0008888 0.00161699 8.12621e+07 3.23647e+08 1.53925e+08 2.80214e+07 0 2.92824e+08 0 3.23647e+08 2.92824e+08 1.53925e+08 2.80214e+07 0.00075054 0.00158321 0.0018268 0.0012547 0.0740411
48 51 2 -0.679549 0.906206 -0.000574007 0.00170934 2.87297e+07 1.14423e+08 5.44192e+07 9.90679e+06 0 1.03526e+08 0 1.14423e+08 1.03526e+08 5.44192e+07 9.90679e+06 0.00274436 -0.000249914 0.0016773 0.0022172 0.0725599
50 52 0 -0.2 5.48504e-24 -1.23773e-27 4.11348e-26 6.2707e+07 2.49747e+08 1.18778e+08 2.16231e+07 0 2.25961e+08 0 2.49747e+08 2.25961e+08 1.18778e+08 2.16231e+07 -1.47927e-25 5.51302e-25 -0.00176998 0.00268346 0.120766
44 52 1 2.49704e-17 5.47571e-24 8.4073e-28 2.40626e-26 1.29255e+07 5.1479e+07 2.44832e+07 4.45706e+06 0 4.65763e+07 0 5.1479e+07 4.65763e+07 2.44832e+07 4.45706e+06 0.000909471 -0.000540077 -0.000469155 0.00388324 0.120964
42 52 2 -0.0783576 0.226952 -0.000117218 0.00050396 7.41469e+07 2.95309e+08 1.40447e+08 2.55679e+07 0 2.67184e+08 0 2.95309e+08 2.67184e+08 1.40447e+08 2.55679e+07 0.00127224 0.000268033 0.000189442 0.000463946 0.101313
22 53 0 0.0851318 1.10687 0.000500144 0.00213263 8.86807e+07 3.53194e+08 1.67977e+08 3.05796e+07 0 3.19556e+08 0 3.53194e+08 3.19556e+08 1.67977e+08 3.05796e+07 0.00113636 -0.000718126 -0.00026958 0.000823426 0.0674438
21 53 1 0.291684 1.05662 0.000685205 0.00208191 1.53616e+08 6.11815e+08 2.90976e+08 5.2971e+07 0 5.53546e+08 0 6.11815e+08 5.53546e+08 2.90976e+08 5.2971e+07 0.000841333 0.000258093 0.000318857 2.656e-05 0.0684495
15 53 2 0.244699 1.30028 0.000692252 0.0023931 2.50898e+07 9.99266e+07 4.75246e+07 8.65165e+06 0 9.04098e+07 0 9.99266e+07 9.04098e+07 4.75246e+07 8.65165e+06 0.00164874 0.000241956 0.000322205 0.00243682 0.0666748
40 54 0 -0.478913 1.22721 -0.000364147 0.00213078 3.65354e+06 1.45512e+07 6.92045e+06 1.25984e+06 0 1.31653e+07 0 1.45512e+07 1.31653e+07 6.92045e+06 1.25984e+06 0.0027919 -0.0017084 -0.00140339 0.00364275 0.0679281
33 54 1 -0.296029 1.07931 -1.62421e-05 0.00179716 1.29432e+08 5.15498e+08 2.45168e+08 4.46319e+07 0 4.66403e+08 0 5.15498e+08 4.66403e+08 2.45168e+08 4.46319e+07 0.000474327 0.000623697 0.000256608 0.000523249 0.0680743
32 54 2 -0.244044 1.29959 2.52568e-05 0.00213456 4.54832e+07 1.81149e+08 8.61534e+07 1.56839e+07 0 1.63897e+08 0 1.81149e+08 1.63897e+08 8.61534e+07 1.56839e+07 0.00159931 0.00255948 9.81789e-06 0.0022377 0.0666087
17 55 0 0.513969 0.221188 0.00045151 0.000629608 1.12469e+07 4.47937e+07 2.13037e+07 3.87824e+06 0 4.05276e+07 0 4.47937e+07 4.05276e+07 2.13037e+07 3.87824e+06 0.00327314 0.000283968 0.00119263 0.00435557 0.100882
27 55 1 0.292977 0.221916 0.000197762 0.000458208 6.04728e+07 2.40848e+08 1.14546e+08 2.08527e+07 0 2.1791e+08 0 2.40848e+08 2.1791e+08 1.14546e+08 2.08527e+07 0.000489777 0.000807198 0.000777683 0.00242987 0.101482
26 55 2 0.4 5.51174e-24 1.95373e-27 3.3675e-26 6.59751e+07 2.62763e+08 1.24969e+08 2.275e+07 0 2.37738e+08 0 2.62763e+08 2.37738e+08 1.24969e+08 2.275e+07 1.37716e-18 7.20628e-19 0.00143649 0.00148223 0.120322
24 56 0 -0.107417 1.14585 0.000230961 0.00213148 4.64069e+07 1.84828e+08 8.7903e+07 1.60024e+07 0 1.67225e+08 0 1.84828e+08 1.67225e+08 8.7903e+07 1.60024e+07 0.00170401 0.00159174 0.00024982 0.00149158 0.067073
33 56 1 -0.296029 1.07931 -1.62421e-05 0.00179716 1.29432e+08 5.15498e+08 2.45168e+08 4.46319e+07 0 4.66403e+08 0 5.15498e+08 4.66403e+08 2.45168e+08 4.46319e+07 0.000474327 0.000623697 0.000256608 0.000523249 0.0680743
31 56 2 -0.0971093 0.929534 0.000175039 0.00185146 4.73939e+07 1.88758e+08 8.97725e+07 1.63427e+07 0 1.70781e+08 0 1.88758e+08 1.70781e+08 8.97725e+07 1.63427e+07 0.00204492 0.00156121 0.000890142 0.00147846 0.0702248
23 57 0 -0.000237704 1.3306 0.000327121 0.002416 8.40453e+07 3.34732e+08 1.59197e+08 2.89811e+07 0 3.02853e+08 0 3.34732e+08 3.02853e+08 1.59197e+08 2.89811e+07 0.000972547 -0.000669265 -0.000761627 0.00105347 0.0661939
24 57 1 -0.107417 1.14585 0.000230961 0.00213148 4.64069e+07 1.84828e+08 8.7903e+07 1.60024e+07 0 1.67225e+08 0 1.84828e+08 1.67225e+08 8.7903e+07 1.60024e+07 0.00170401 0.00159174 0.00024982 0.00149158 0.067073
22 57 2 0.0851318 1.10687 0.000500144 0.00213263 8.86807e+07 3.53194e+08 1.67977e+08 3.05796e+07 0 3.19556e+08 0 3.53194e+08 3.19556e+08 1.67977e+08 3.05796e+07 0.00113636 -0.000718126 -0.00026958 0.000823426 0.0674438
32 58 0 -0.244044 1.29959 2.52568e-05 0.00213456 4.54832e+07 1.81149e+08 8.61534e+07 1.56839e+07 0 1.63897e+08 0 1.81149e+08 1.63897e+08 8.61534e+07 1.56839e+07 0.00159931 0.00255948 9.81789e-06 0.0022377 0.0666087
33 58 1 -0.296029 1.07931 -1.62421e-05 0.00179716 1.29432e+08 5.15498e+08 2.45168e+08 4.46319e+07 0 4.66403e+08 0 5.15498e+08 4.66403e+08 2.45168e+08 4.46319e+07 0.000474327 0.000623697 0.000256608 0.000523249 0.0680743
24 58 2 -0.107417 1.14585 0.000230961 0.00213148 4.64069e+07 1.84828e+08 8.7903e+07 1.60024e+07 0 1.67225e+08 0 1.84828e+08 1.67225e+08 8.7903e+07 1.60024e+07 0.00170401 0.00159174 0.00024982 0.00149158 0.067073
27 59 0 0.292977 0.221916 0.000197762 0.000458208 6.04728e+07 2.40848e+08 1.14546e+08 2.08527e+07 0 2.1791e+08 0 2.40848e+08 2.1791e+08 1.14546e+08 2.08527e+07 0.000489777 0.000807198 0.000777683 0.00242987 0.101482
25 59 1 0.398671 0.4201 0.000802236 0.000949561 7.11442e+07 2.8335e+08 1.3476e+08 2.45325e+07 0 2.56364e+08 0 2.8335e+08 2.56364e+08 1.3476e+08 2.45325e+07 0.000949437 0.00196234 0.00209188 0.0010895 0.0886883
34 59 2 0.114952 0.429705 0.000395393 0.00106296 6.26606e+06 2.49562e+07 1.1869e+07 2.16071e+06 0 2.25794e+07 0 2.49562e+07 2.25794e+07 1.1869e+07 2.16071e+06 0.00256617 0.000463933 0.00241651 0.00480726 0.0883028
35 60 0 0.2 5.46549e-24 -5.88383e-28 3.8065e-26 1.03924e+08 4.13903e+08 1.9685e+08 3.58358e+07 0 3.74484e+08 0 4.13903e+08 3.74484e+08 1.9685e+08 3.58358e+07 1.17473e-26 7.28569e-25 0.000799425 0.00136149 0.120844
27 60 1 0.292977 0.221916 0.000197762 0.000458208 6.04728e+07 2.40848e+08 1.14546e+08 2.08527e+07 0 2.1791e+08 0 2.40848e+08 2.1791e+08 1.14546e+08 2.08527e+07 0.000489777 0.000807198 0.000777683 0.00242987 0.101482
36 60 2 0.105963 0.193834 6.46659e-05 0.00037299 7.16549e+07 2.85384e+08 1.35727e+08 2.47086e+07 0 2.58205e+08 0 2.85384e+08 2.58205e+08 1.35727e+08 2.47086e+07 0.000774169 -0.00141954 0.000215995 0.00103657 0.103835
17 61 0 0.513969 0.221188 0.00045151 0.000629608 1.12469e+07 4.47937e+07 2.13037e+07 3.87824e+06 0 4.05276e+07 0 4.47937e+07 4.05276e+07 2.13037e+07 3.87824e+06 0.00327314 0.000283968 0.00119263 0.00435557 0.100882
25 61 1 0.398671 0.4201 0.000802236 0.000949561 7.11442e+07 2.8335e+08 1.3476e+08 2.45325e+07 0 2.56364e+08 0 2.8335e+08 2.56364e+08 1.3476e+08 2.45325e+07 0.000949437 0.00196234 0.00209188 0.0010895 0.0886883
27 61 2 0.292977 0.221916 0.000197762 0.000458208 6.04728e+07 2.40848e+08 1.14546e+08 2.08527e+07 0 2.1791e+08 0 2.40848e+08 2.1791e+08 1.14546e+08 2.08527e+07 0.000489777 0.000807198 0.000777683 0.00242987 0.101482
22 62 0 0.0851318 1.10687 0.000500144 0.00213263 8.86807e+07 3.53194e+08 1.67977e+08 3.05796e+07 0 3.19556e+08 0 3.53194e+08 3.19556e+08 1.67977e+08 3.05796e+07 0.00113636 -0.000718126 -0.00026958 0.000823426 0.0674438
15 62 1 0.244699 1.30028 0.000692252 0.0023931 2.50898e+07 9.99266e+07 4.75246e+07 8.65165e+06 0 9.04098e+07 0 9.99266e+07 9.04098e+07 4.75246e+07 8.65165e+06 0.00164874 0.000241956 0.000322205 0.00243682 0.0666748
23 62 2 -0.000237704 1.3306 0.000327121 0.002416 8.40453e+07 3.34732e+08 1.59197e+08 2.89811e+07 0 3.02853e+08 0 3.34732e+08 3.02853e+08 1.59197e+08 2.89811e+07 0.000972547 -0.000669265 -0.000761627 0.00105347 0.0661939
32 63 0 -0.244044 1.29959 2.52568e-05 0.00213456 4.54832e+07 1.81149e+08 8.61534e+07 1.56839e+07 0 1.63897e+08 0 1.81149e+08 1.63897e+08 8.61534e+07 1.56839e+07 0.00159931 0.00255948 9.81789e-06 0.0022377 0.0666087
24 63 1 -0.107417 1.14585 0.000230961 0.00213148 4.64069e+07 1.84828e+08 8.7903e+07 1.60024e+07 0 1.67225e+08 0 1.84828e+08 1.67225e+08 8.7903e+07 1.60024e+07 0.00170401 0.00159174 0.00024982 0.00149158 0.067073
23 63 2 -0.000237704 1.3306 0.000327121 0.002416 8.40453e+07 3.34732e+08 1.59197e+08 2.89811e+07 0 3.02853e+08 0 3.34732e+08 3.02853e+08 1.59197e+08 2.89811e+07 0.000972547 -0.000669265 -0.000761627 0.00105347 0.0661939
21 64 0 0.291684 1.05662 0.000685205 0.00208191 1.53616e+08 6.11815e+08 2.90976e+08 5.2971e+07 0 5.53546e+08 0 6.11815e+08 5.53546e+08 2.90976e+08 5.2971e+07 0.000841333 0.000258093 0.000318857 2.656e-05 0.0684495
13 64 1 0.490946 1.01014 0.000837879 0.00196009 1.57236e+08 6.26231e+08 2.97832e+08 5.42191e+07 0 5.6659e+08 0 6.26231e+08 5.6659e+08 2.97832e+08 5.42191e+07 0.000336634 -0.00123507 -0.000355465 6.46901e-05 0.0699771
14 64 2 0.471147 1.22686 0.000950189 0.00216642 6.33833e+07 2.52441e+08 1.20059e+08 2.18563e+07 0 2.28399e+08 0 2.52441e+08 2.28399e+08 1.20059e+08 2.18563e+07 0.00107502 -0.000781086 0.00135901 0.00130494 0.0680411
29 65 0 0.124015 0.875164 0.000427713 0.00188069 8.59222e+07 3.42208e+08 1.62752e+08 2.96284e+07 0 3.09616e+08 0 3.42208e+08 3.09616e+08 1.62752e+08 2.96284e+07 0.000466609 -0.000684094 2.97468e-05 0.00101365 0.07133
21 65 1 0.291684 1.05662 0.000685205 0.00208191 1.53616e+08 6.11815e+08 2.90976e+08 5.2971e+07 0 5.53546e+08 0 6.11815e+08 5.53546e+08 2.90976e+08 5.2971e+07 0.000841333 0.000258093 0.000318857 2.656e-05 0.0684495
22 65 2 0.0851318 1.10687 0.000500144 0.00213263 8.86807e+07 3.53194e+08 1.67977e+08 3.05796e+07 0 3.19556e+08 0 3.53194e+08 3.19556e+08 1.67977e+08 3.05796e+07 0.00113636 -0.000718126 -0.00026958 0.000823426 0.0674438
29 66 0 0.124015 0.875164 0.000427713 0.00188069 8.59222e+07 3.42208e+08 1.62752e+08 2.96284e+07 0 3.09616e+08 0 3.42208e+08 3.09616e+08 1.62752e+08 2.96284e+07 0.000466609 -0.000684094 2.97468e-05 0.00101365 0.07133
20 66 1 0.366327 0.818521 0.000728479 0.0017982 2.94954e+06 1.17473e+07 5.58696e+06 1.01708e+06 0 1.06285e+07 0 1.17473e+07 1.06285e+07 5.58696e+06 1.01708e+06 0.00282227 -0.000235992 -0.000557079 0.00258171 0.0731846
21 66 2 0.291684 1.05662 0.000685205 0.00208191 1.53616e+08 6.11815e+08 2.90976e+08 5.2971e+07 0 5.53546e+08 0 6.11815e+08 5.53546e+08 2.90976e+08 5.2971e+07 0.000841333 0.000258093 0.000318857 2.656e-05 0.0684495
21 67 0 0.291684 1.05662 0.000685205 0.00208191 1.53616e+08 6.11815e+08 2.90976e+08 5.2971e+07 0 5.53546e+08 0 6.11815e+08 5.53546e+08 2.90976e+08 5.2971e+07 0.000841333 0.000258093 0.000318857 2.656e-05 0.0684495
14 67 1 0.471147 1.22686 0.000950189 0.00216642 6.33833e+07 2.52441e+08 1.20059e+08 2.18563e+07 0 2.28399e+08 0 2.52441e+08 2.28399e+08 1.20059e+08 2.18563e+07 0.00107502 -0.000781086 0.00135901 0.00130494 0.0680411
15 67 2 0.244699 1.30028 0.000692252 0.0023931 2.50898e+07 9.99266e+07 4.75246e+07 8.65165e+06 0 9.04098e+07 0 9.99266e+07 9.04098e+07 4.75246e+07 8.65165e+06 0.00164874 0.000241956 0.000322205 0.00243682 0.0666748
16 68 0 0.643413 0.446012 0.0011373 0.00113636 6.28406e+07 2.50279e+08 1.19031e+08 2.16692e+07 0 2.26443e+08 0 2.50279e+08 2.26443e+08 1.19031e+08 2.16692e+07 0.00134466 -0.000952734 0.000597064 0.000768958 0.0870647
17 68 1 0.513969 0.221188 0.00045151 0.000629608 1.12469e+07 4.47937e+07 2.13037e+07 3.87824e+06 0 4.05276e+07 0 4.47937e+07 4.05276e+07 2.13037e+07 3.87824e+06 0.00327314 0.000283968 0.00119263 0.00435557 0.100882
8 68 2 0.728782 0.230723 0.00105659 0.000595891 1.99103e+07 7.92979e+07 3.77137e+07 6.86561e+06 0 7.17457e+07 0 7.92979e+07 7.17457e+07 3.77137e+07 6.86561e+06 0.00118782 -0.00117104 0.00267734 0.00313865 0.0988053
19 69 0 0.530957 0.641177 0.00107819 0.00138128 6.53487e+07 2.60268e+08 1.23782e+08 2.2534e+07 0 2.35481e+08 0 2.60268e+08 2.35481e+08 1.23782e+08 2.2534e+07 0.00135724 -0.000155283 0.00149316 0.00130374 0.0789567
25 69 1 0.398671 0.4201 0.000802236 0.000949561 7.11442e+07 2.8335e+08 1.3476e+08 2.45325e+07 0 2.56364e+08 0 2.8335e+08 2.56364e+08 1.3476e+08 2.45325e+07 0.000949437 0.00196234 0.00209188 0.0010895 0.0886883
16 69 2 0.643413 0.446012 0.0011373 0.00113636 6.28406e+07 2.50279e+08 1.19031e+08 2.16692e+07 0 2.26443e+08 0 2.50279e+08 2.26443e+08 1.19031e+08 2.16692e+07 0.00134466 -0.000952734 0.000597064 0.000768958 0.0870647
29 70 0 0.124015 0.875164 0.000427713 0.00188069 8.59222e+07 3.42208e+08 1.62752e+08 2.96284e+07 0 3.09616e+08 0 3.42208e+08 3.09616e+08 1.62752e+08 2.96284e+07 0.000466609 -0.000684094 2.97468e-05 0.00101365 0.07133
30 70 1 0.161695 0.672784 0.000527911 0.00161292 1.22727e+08 4.88792e+08 2.32467e+08 4.23197e+07 0 4.42241e+08 0 4.88792e+08 4.42241e+08 2.32467e+08 4.23197e+07 0.0003008 -0.00135618 -0.000934359 0.0007891 0.07732
20 70 2 0.366327 0.818521 0.000728479 0.0017982 2.94954e+06 1.17473e+07 5.58696e+06 1.01708e+06 0 1.06285e+07 0 1.17473e+07 1.06285e+07 5.58696e+06 1.01708e+06 0.00282227 -0.000235992 -0.000557079 0.00258171 0.0731846
34 71 0 0.114952 0.429705 0.000395393 0.00106296 6.26606e+06 2.49562e+07 1.1869e+07 2.16071e+06 0 2.25794e+07 0 2.49562e+07 2.25794e+07 1.1869e+07 2.16071e+06 0.00256617 0.000463933 0.00241651 0.00480726 0.0883028
25 71 1 0.398671 0.4201 0.000802236 0.000949561 7.11442e+07 2.8335e+08 1.3476e+08 2.45325e+07 0 2.56364e+08 0 2.8335e+08 2.56364e+08 1.3476e+08 2.45325e+07 0.000949437 0.00196234 0.00209188 0.0010895 0.0886883
28 71 2 0.316135 0.590307 0.000758393 0.00126026 6.43356e+07 2.56233e+08 1.21863e+08 2.21847e+07 0 2.3183e+08 0 2.56233e+08 2.3183e+08 1.21863e+08 2.21847e+07 0.00128452 -0.00127764 -0.000597542 0.00169642 0.0806223
34 72 0 0.114952 0.429705 0.000395393 0.00106296 6.26606e+06 2.49562e+07 1.1869e+07 2.16071e+06 0 2.25794e+07 0 2.49562e+07 2.25794e+07 1.1869e+07 2.16071e+06 0.00256617 0.000463933 0.00241651 0.00480726 0.0883028
36 72 1 0.105963 0.193834 6.46659e-05 0.00037299 7.16549e+07 2.85384e+08 1.35727e+08 2.47086e+07 0 2.58205e+08 0 2.85384e+08 2.58205e+08 1.35727e+08 2.47086e+07 0.000774169 -0.00141954 0.000215995 0.00103657 0.103835
27 72 2 0.292977 0.221916 0.000197762 0.000458208 6.04728e+07 2.40848e+08 1.14546e+08 2.08527e+07 0 2.1791e+08 0 2.40848e+08 2.1791e+08 1.14546e+08 2.08527e+07 0.000489777 0.000807198 0.000777683 0.00242987 0.101482
30 73 0 0.161695 0.672784 0.000527911 0.00161292 1.22727e+08 4.88792e+08 2.32467e+08 4.23197e+07 0 4.42241e+08 0 4.88792e+08 4.42241e+08 2.32467e+08 4.23197e+07 0.0003008 -0.00135618 -0.000934359 0.0007891 0.07732
37 73 1 -0.0476567 0.659655 0.000218267 0.00145092 2.95737e+07 1.17785e+08 5.60179e+07 1.01978e+07 0 1.06567e+08 0 1.17785e+08 1.06567e+08 5.60179e+07 1.01978e+07 0.00242702 0.00177967 -0.000391052 0.00210197 0.0776958
34 73 2 0.114952 0.429705 0.000395393 0.00106296 6.26606e+06 2.49562e+07 1.1869e+07 2.16071e+06 0 2.25794e+07 0 2.49562e+07 2.25794e+07 1.1869e+07 2.16071e+06 0.00256617 0.000463933 0.00241651 0.00480726 0.0883028
20 74 0 0.366327 0.818521 0.000728479 0.0017982 2.94954e+06 1.17473e+07 5.58696e+06 1.01708e+06 0 1.06285e+07 0 1.17473e+07 1.06285e+07 5.58696e+06 1.01708e+06 0.00282227 -0.000235992 -0.000557079 0.00258171 0.0731846
30 74 1 0.161695 0.672784 0.000527911 0.00161292 1.22727e+08 4.88792e+08 2.32467e+08 4.23197e+07 0 4.42241e+08 0 4.88792e+08 4.42241e+08 2.32467e+08 4.23197e+07 0.0003008 -0.00135618 -0.000934359 0.0007891 0.07732
28 74 2 0.316135 0.590307 0.000758393 0.00126026 6.43356e+07 2.56233e+08 1.21863e+08 2.21847e+07 0 2.3183e+08 0 2.56233e+08 2.3183e+08 1.21863e+08 2.21847e+07 0.00128452 -0.00127764 -0.000597542 0.00169642 0.0806223
29 75 0 0.124015 0.875164 0.000427713 0.00188069 8.59222e+07 3.42208e+08 1.62752e+08 2.96284e+07 0 3.09616e+08 0 3.42208e+08 3.09616e+08 1.62752e+08 2.96284e+07 0.000466609 -0.000684094 2.97468e-05 0.00101365 0.07133
37 75 1 -0.0476567 0.659655 0.000218267 0.00145092 2.95737e+07 1.17785e+08 5.60179e+07 1.01978e+07 0 1.06567e+08 0 1.17785e+08 1.06567e+08 5.60179e+07 1.01978e+07 0.00242702 0.00177967 -0.000391052 0.00210197 0.0776958
30 75 2 0.161695 0.672784 0.000527911 0.00161292 1.22727e+08 4.88792e+08 2.32467e+08 4.23197e+07 0 4.42241e+08 0 4.88792e+08 4.42241e+08 2.32467e+08 4.23197e+07 0.0003008 -0.00135618 -0.000934359 0.0007891 0.07732
27 76 0 0.292977 0.221916 0.000197762 0.000458208 6.04728e+07 2.40848e+08 1.14546e+08 2.08527e+07 0 2.1791e+08 0 2.40848e+08 2.1791e+08 1.14546e+08 2.08527e+07 0.000489777 0.000807198 0.000777683 0.00242987 0.101482
35 76 1 0.2 5.46549e-24 -5.88383e-28 3.8065e-26 1.03924e+08 4.13903e+08 1.9685e+08 3.58358e+07 0 3.74484e+08 0 4.13903e+08 3.74484e+08 1.9685e+08 3.58358e+07 1.17473e-26 7.28569e-25 0.000799425 0.00136149 0.120844
26 76 2 0.4 5.51174e-24 1.95373e-27 3.3675e-26 6.59751e+07 2.62763e+08 1.24969e+08 2.275e+07 0 2.37738e+08 0 2.62763e+08 2.37738e+08 1.24969e+08 2.275e+07 1.37716e-18 7.20628e-19 0.00143649 0.00148223 0.120322
42 77 0 -0.0783576 0.226952 -0.000117218 0.00050396 7.41469e+07 2.95309e+08 1.40447e+08 2.55679e+07 0 2.67184e+08 0 2.95309e+08 2.67184e+08 1.40447e+08 2.55679e+07 0.00127224 0.000268033 0.000189442 0.000463946 0.101313
36 77 1 0.105963 0.193834 6.46659e-05 0.00037299 7.16549e+07 2.85384e+08 1.35727e+08 2.47086e+07 0 2.58205e+08 0 2.85384e+08 2.58205e+08 1.35727e+08 2.47086e+07 0.000774169 -0.00141954 0.000215995 0.00103657 0.103835
34 77 2 0.114952 0.429705 0.000395393 0.00106296 6.26606e+06 2.49562e+07 1.1869e+07 2.16071e+06 0 2.25794e+07 0 2.49562e+07 2.25794e+07 1.1869e+07 2.16071e+06 0.00256617 0.000463933 0.00241651 0.00480726 0.0883028
42 78 0 -0.0783576 0.226952 -0.000117218 0.00050396 7.41469e+07 2.95309e+08 1.40447e+08 2.55679e+07 0 2.67184e+08 0 2.95309e+08 2.67184e+08 1.40447e+08 2.55679e+07 0.00127224 0.000268033 0.000189442 0.000463946 0.101313
44 78 1 2.49704e-17 5.47571e-24 8.4073e-28 2.40626e-26 1.29255e+07 5.1479e+07 2.44832e+07 4.45706e+06 0 4.65763e+07 0 5.1479e+07 4.65763e+07 2.44832e+07 4.45706e+06 0.000909471 -0.000540077 -0.000469155 0.00388324 0.120964
36 78 2 0.105963 0.193834 6.46659e-05 0.00037299 7.16549e+07 2.85384e+08 1.35727e+08 2.47086e+07 0 2.58205e+08 0 2.85384e+08 2.58205e+08 1.35727e+08 2.47086e+07 0.000774169 -0.00141954 0.000215995 0.00103657 0.103835
7 79 0 0.689522 1.10635 0.00102506 0.00180497 9.75678e+07 3.88589e+08 1.84811e+08 3.36441e+07 0 3.5158e+08 0 3.88589e+08 3.5158e+08 1.84811e+08 3.36441e+07 0.000892958 -0.00126913 0.000818936 0.000871719 0.0705775
14 79 1 0.471147 1.22686 0.000950189 0.00216642 6.33833e+07 2.52441e+08 1.20059e+08 2.18563e+07 0 2.28399e+08 0 2.52441e+08 2.28399e+08 1.20059e+08 2.18563e+07 0.00107502 -0.000781086 0.00135901 0.00130494 0.0680411
13 79 2 0.490946 1.01014 0.000837879 0.00196009 1.57236e+08 6.26231e+08 2.97832e+08 5.42191e+07 0 5.6659e+08 0 6.26231e+08 5.6659e+08 2.97832e+08 5.42191e+07 0.000336634 -0.00123507 -0.000355465 6.46901e-05 0.0699771
17 80 0 0.513969 0.221188 0.00045151 0.000629608 1.12469e+07 4.47937e+07 2.13037e+07 3.87824e+06 0 4.05276e+07 0 4.47937e+07 4.05276e+07 2.13037e+07 3.87824e+06 0.00327314 0.000283968 0.00119263 0.00435557 0.100882
26 80 1 0.4 5.51174e-24 1.95373e-27 3.3675e-26 6.59751e+07 2.62763e+08 1.24969e+08 2.275e+07 0 2.37738e+08 0 2.62763e+08 2.37738e+08 1.24969e+08 2.275e+07 1.37716e-18 7.20628e-19 0.00143649 0.00148223 0.120322
18 80 2 0.6 5.41961e-24 1.89473e-27 2.78848e-26 5.16642e+07 2.05766e+08 9.78613e+07 1.78152e+07 0 1.86169e+08 0 2.05766e+08 1.86169e+08 9.78613e+07 1.78152e+07 0.000493191 0.000286945 0.00435487 0.00155946 0.119138
9 81 0 0.8 5.47438e-24 7.07205e-27 4.17352e-26 7.81228e+07 3.11144e+08 1.47979e+08 2.69389e+07 0 2.81511e+08 0 3.11144e+08 2.81511e+08 1.47979e+08 2.69389e+07 0.000496861 0.000770973 0.0070016 0.00190327 0.116611
8 81 1 0.728782 0.230723 0.00105659 0.000595891 1.99103e+07 7.92979e+07 3.77137e+07 6.86561e+06 0 7.17457e+07 0 7.92979e+07 7.17457e+07 3.77137e+07 6.86561e+06 0.00118782 -0.00117104 0.00267734 0.00313865 0.0988053
18 81 2 0.6 5.41961e-24 1.89473e-27 2.78848e-26 5.16642e+07 2.05766e+08 9.78613e+07 1.78152e+07 0 1.86169e+08 0 2.05766e+08 1.86169e+08 9.78613e+07 1.78152e+07 0.000493191 0.000286945 0.00435487 0.00155946 0.119138
37 82 0 -0.0476567 0.659655 0.000218267 0.00145092 2.95737e+07 1.17785e+08 5.60179e+07 1.01978e+07 0 1.06567e+08 0 1.17785e+08 1.06567e+08 5.60179e+07 1.01978e+07 0.00242702 0.00177967 -0.000391052 0.00210197 0.0776958
29 82 1 0.124015 0.875164 0.000427713 0.00188069 8.59222e+07 3.42208e+08 1.62752e+08 2.96284e+07 0 3.09616e+08 0 3.42208e+08 3.09616e+08 1.62752e+08 2.96284e+07 0.000466609 -0.000684094 2.97468e-05 0.00101365 0.07133
31 82 2 -0.0971093 0.929534 0.000175039 0.00185146 4.73939e+07 1.88758e+08 8.97725e+07 1.63427e+07 0 1.70781e+08 0 1.88758e+08 1.70781e+08 8.97725e+07 1.63427e+07 0.00204492 0.00156121 0.000890142 0.00147846 0.0702248
19 83 0 0.530957 0.641177 0.00107819 0.00138128 6.53487e+07 2.60268e+08 1.23782e+08 2.2534e+07 0 2.35481e+08 0 2.60268e+08 2.35481e+08 1.23782e+08 2.2534e+07 0.00135724 -0.000155283 0.00149316 0.00130374 0.0789567
16 83 1 0.643413 0.446012 0.0011373 0.00113636 6.28406e+07 2.50279e+08 1.19031e+08 2.16692e+07 0 2.26443e+08 0 2.50279e+08 2.26443e+08 1.19031e+08 2.16692e+07 0.00134466 -0.000952734 0.000597064 0.000768958 0.0870647
11 83 2 0.777065 0.680287 0.00135176 0.00116629 1.32962e+08 5.29557e+08 2.51855e+08 4.58491e+07 0 4.79123e+08 0 5.29557e+08 4.79123e+08 2.51855e+08 4.58491e+07 0.000382394 -0.00164884 0.00070573 0.000704155 0.0785798
13 84 0 0.490946 1.01014 0.000837879 0.00196009 1.57236e+08 6.26231e+08 2.97832e+08 5.42191e+07 0 5.6659e+08 0 6.26231e+08 5.6659e+08 2.97832e+08 5.42191e+07 0.000336634 -0.00123507 -0.000355465 6.46901e-05 0.0699771
21 84 1 0.291684 1.05662 0.000685205 0.00208191 1.53616e+08 6.11815e+08 2.90976e+08 5.2971e+07 0 5.53546e+08 0 6.11815e+08 5.53546e+08 2.90976e+08 5.2971e+07 0.000841333 0.000258093 0.000318857 2.656e-05 0.0684495
20 84 2 0.366327 0.818521 0.000728479 0.0017982 2.94954e+06 1.17473e+07 5.58696e+06 1.01708e+06 0 1.06285e+07 0 1.17473e+07 1.06285e+07 5.58696e+06 1.01708e+06 0.00282227 -0.000235992 -0.000557079 0.00258171 0.0731846
12 85 0 0.631407 0.860464 0.00115277 0.00161888 6.08168e+07 2.42219e+08 1.15198e+08 2.09713e+07 0 2.1915e+08 0 2.42219e+08 2.1915e+08 1.15198e+08 2.09713e+07 0.00121218 -0.00207103 -0.00162545 0.00131246 0.073372
7 85 1 0.689522 1.10635 0.00102506 0.00180497 9.75678e+07 3.88589e+08 1.84811e+08 3.36441e+07 0 3.5158e+08 0 3.88589e+08 3.5158e+08 1.84811e+08 3.36441e+07 0.000892958 -0.00126913 0.000818936 0.000871719 0.0705775
13 85 2 0.490946 1.01014 0.000837879 0.00196009 1.57236e+08 6.26231e+08 2.97832e+08 5.42191e+07 0 5.6659e+08 0 6.26231e+08 5.6659e+08 2.97832e+08 5.42191e+07 0.000336634 -0.00123507 -0.000355465 6.46901e-05 0.0699771
19 86 0 0.530957 0.641177 0.00107819 0.00138128 6.53487e+07 2.60268e+08 1.23782e+08 2.2534e+07 0 2.35481e+08 0 2.60268e+08 2.35481e+08 1.23782e+08 2.2534e+07 0.00135724 -0.000155283 0.00149316 0.00130374 0.0789567
20 86 1 0.366327 0.818521 0.000728479 0.0017982 2.94954e+06 1.17473e+07 5.58696e+06 1.01708e+06 0 1.06285e+07 0 1.17473e+07 1.06285e+07 5.58696e+06 1.01708e+06 0.00282227 -0.000235992 -0.000557079 0.00258171 0.0731846
28 86 2 0.316135 0.590307 0.000758393 0.00126026 6.43356e+07 2.56233e+08 1.21863e+08 2.21847e+07 0 2.3183e+08 0 2.56233e+08 2.3183e+08 1.21863e+08 2.21847e+07 0.00128452 -0.00127764 -0.000597542 0.00169642 0.0806223
19 87 0 0.530957 0.641177 0.00107819 0.00138128 6.53487e+07 2.60268e+08 1.23782e+08 2.2534e+07 0 2.35481e+08 0 2.60268e+08 2.35481e+08 1.23782e+08 2.2534e+07 0.00135724 -0.000155283 0.00149316 0.00130374 0.0789567
12 87 1 0.631407 0.860464 0.00115277 0.00161888 6.08168e+07 2.42219e+08 1.15198e+08 2.09713e+07 0 2.1915e+08 0 2.42219e+08 2.1915e+08 1.15198e+08 2.09713e+07 0.00121218 -0.00207103 -0.00162545 0.00131246 0.073372
20 87 2 0.366327 0.818521 0.000728479 0.0017982 2.94954e+06 1.17473e+07 5.58696e+06 1.01708e+06 0 1.06285e+07 0 1.17473e+07 1.06285e+07 5.58696e+06 1.01708e+06 0.00282227 -0.000235992 -0.000557079 0.00258171 0.0731846
25 88 0 0.398671 0.4201 0.000802236 0.000949561 7.11442e+07 2.8335e+08 1.3476e+08 2.45325e+07 0 2.56364e+08 0 2.8335e+08 2.56364e+08 1.3476e+08 2.45325e+07 0.000949437 0.00196234 0.00209188 0.0010895 0.0886883
19 88 1 0.530957 0.641177 0.00107819 0.00138128 6.53487e+07 2.60268e+08 1.23782e+08 2.2534e+07 0 2.35481e+08 0 2.60268e+08 2.35481e+08 1.23782e+08 2.2534e+07 0.00135724 -0.000155283 0.00149316 0.00130374 0.0789567
28 88 2 0.316135 0.590307 0.000758393 0.00126026 6.43356e+07 2.56233e+08 1.21863e+08 2.21847e+07 0 2.3183e+08 0 2.56233e+08 2.3183e+08 1.21863e+08 2.21847e+07 0.00128452 -0.00127764 -0.000597542 0.00169642 0.0806223
16 89 0 0.643413 0.446012 0.0011373 0.00113636 6.28406e+07 2.50279e+08 1.19031e+08 2.16692e+07 0 2.26443e+08 0 2.50279e+08 2.26443e+08 1.19031e+08 2.16692e+07 0.00134466 -0.000952734 0.000597064 0.000768958 0.0870647
10 89 1 0.884712 0.464065 0.00135792 0.000728006 1.25467e+08 4.99704e+08 2.37657e+08 4.32644e+07 0 4.52113e+08 0 4.99704e+08 4.52113e+08 2.37657e+08 4.32644e+07 0.000413145 -0.00176068 -7.26228e-05 0.00107789 0.0860693
11 89 2 0.777065 0.680287 0.00135176 0.00116629 1.32962e+08 5.29557e+08 2.51855e+08 4.58491e+07 0 4.79123e+08 0 5.29557e+08 4.79123e+08 2.51855e+08 4.58491e+07 0.000382394 -0.00164884 0.00070573 0.000704155 0.0785798
17 90 0 0.513969 0.221188 0.00045151 0.000629608 1.12469e+07 4.47937e+07 2.13037e+07 3.87824e+06 0 4.05276e+07 0 4.47937e+07 4.05276e+07 2.13037e+07 3.87824e+06 0.00327314 0.000283968 0.00119263 0.00435557 0.100882
16 90 1 0.643413 0.446012 0.0011373 0.00113636 6.28406e+07 2.50279e+08 1.19031e+08 2.16692e+07 0 2.26443e+08 0 2.50279e+08 2.26443e+08 1.19031e+08 2.16692e+07 0.00134466 -0.000952734 0.000597064 0.000768958 0.0870647
25 90 2 0.398671 0.4201 0.000802236 0.000949561 7.11442e+07 2.8335e+08 1.3476e+08 2.45325e+07 0 2.56364e+08 0 2.8335e+08 2.56364e+08 1.3476e+08 2.45325e+07 0.000949437 0.00196234 0.00209188 0.0010895 0.0886883
8 91 0 0.728782 0.230723 0.00105659 0.000595891 1.99103e+07 7.92979e+07 3.77137e+07 6.86561e+06 0 7.17457e+07 0 7.92979e+07 7.17457e+07 3.77137e+07 6.86561e+06 0.00118782 -0.00117104 0.00267734 0.00313865 0.0988053
1 91 1 0.927685 0.202546 0.00111651 0.000320052 1.02919e+08 4.099e+08 1.94946e+08 3.54892e+07 0 3.70862e+08 0 4.099e+08 3.70862e+08 1.94946e+08 3.54892e+07 0.000511316 -0.00143147 0.00200177 0.00117292 0.0981247
10 91 2 0.884712 0.464065 0.00135792 0.000728006 1.25467e+08 4.99704e+08 2.37657e+08 4.32644e+07 0 4.52113e+08 0 4.99704e+08 4.52113e+08 2.37657e+08 4.32644e+07 0.000413145 -0.00176068 -7.26228e-05 0.00107789 0.0860693
6 92 0 0.878814 0.937204 0.0013173 0.00138518 5.92875e+07 2.36128e+08 1.12301e+08 2.0444e+07 0 2.13639e+08 0 2.36128e+08 2.13639e+08 1.12301e+08 2.0444e+07 0.00110712 -0.000841271 -0.00156385 0.00198597 0.0743055
7 92 1 0.689522 1.10635 0.00102506 0.00180497 9.75678e+07 3.88589e+08 1.84811e+08 3.36441e+07 0 3.5158e+08 0 3.88589e+08 3.5158e+08 1.84811e+08 3.36441e+07 0.000892958 -0.00126913 0.000818936 0.000871719 0.0705775
12 92 2 0.631407 0.860464 0.00115277 0.00161888 6.08168e+07 2.42219e+08 1.15198e+08 2.09713e+07 0 2.1915e+08 0 2.42219e+08 2.1915e+08 1.15198e+08 2.09713e+07 0.00121218 -0.00207103 -0.00162545 0.00131246 0.073372
20 93 0 0.366327 0.818521 0.000728479 0.0017982 2.94954e+06 1.17473e+07 5.58696e+06 1.01708e+06 0 1.06285e+07 0 1.17473e+07 1.06285e+07 5.58696e+06 1.01708e+06 0.00282227 -0.000235992 -0.000557079 0.00258171 0.0731846
12 93 1 0.631407 0.860464 0.00115277 0.00161888 6.08168e+07 2.42219e+08 1.15198e+08 2.09713e+07 0 2.1915e+08 0 2.42219e+08 2.1915e+08 1.15198e+08 2.09713e+07 0.00121218 -0.00207103 -0.00162545 0.00131246 0.073372
13 93 2 0.490946 1.01014 0.000837879 0.00196009 1.57236e+08 6.26231e+08 2.97832e+08 5.42191e+07 0 5.6659e+08 0 6.26231e+08 5.6659e+08 2.97832e+08 5.42191e+07 0.000336634 -0.00123507 -0.000355465 6.46901e-05 0.0699771
10 94 0 0.884712 0.464065 0.00135792 0.000728006 1.25467e+08 4.99704e+08 2.37657e+08 4.32644e+07 0 4.52113e+08 0 4.99704e+08 4.52113e+08 2.37657e+08 4.32644e+07 0.000413145 -0.00176068 -7.26228e-05 0.00107789 0.0860693
3 94 1 1.1393 0.484638 0.00156635 0.000406209 7.04223e+07 2.80475e+08 1.33393e+08 2.42836e+07 0 2.53763e+08 0 2.80475e+08 2.53763e+08 1.33393e+08 2.42836e+07 0.00122289 -0.000993696 -0.000271626 0.00132756 0.0861759
5 94 2 1.03059 0.724142 0.00165233 0.000937893 2.49577e+07 9.94003e+07 4.72743e+07 8.60609e+06 0 8.99336e+07 0 9.94003e+07 8.99336e+07 4.72743e+07 8.60609e+06 0.0018648 -0.000468942 0.000676208 0.00252019 0.0795889
10 95 0 0.884712 0.464065 0.00135792 0.000728006 1.25467e+08 4.99704e+08 2.37657e+08 4.32644e+07 0 4.52113e+08 0 4.99704e+08 4.52113e+08 2.37657e+08 4.32644e+07 0.000413145 -0.00176068 -7.26228e-05 0.00107789 0.0860693
2 95 1 1.03172 0.345478 0.00140294 0.000350701 7.57643e+07 3.01751e+08 1.43511e+08 2.61256e+07 0 2.73013e+08 0 3.01751e+08 2.73013e+08 1.43511e+08 2.61256e+07 0.000967268 -0.00141084 0.000930013 0.00132481 0.0903666
3 95 2 1.1393 0.484638 0.00156635 0.000406209 7.04223e+07 2.80475e+08 1.33393e+08 2.42836e+07 0 2.53763e+08 0 2.80475e+08 2.53763e+08 1.33393e+08 2.42836e+07 0.00122289 -0.000993696 -0.000271626 0.00132756 0.0861759
11 96 0 0.777065 0.680287 0.00135176 0.00116629 1.32962e+08 5.29557e+08 2.51855e+08 4.58491e+07 0 4.79123e+08 0 5.29557e+08 4.79123e+08 2.51855e+08 4.58491e+07 0.000382394 -0.00164884 0.00070573 0.000704155 0.0785798
10 96 1 0.884712 0.464065 0.00135792 0.000728006 1.25467e+08 4.99704e+08 2.37657e+08 4.32644e+07 0 4.52113e+08 0 4.99704e+08 4.52113e+08 2.37657e+08 4.32644e+07 0.000413145 -0.00176068 -7.26228e-05 0.00107789 0.0860693
5 96 2 1.03059 0.724142 0.00165233 0.000937893 2.49577e+07 9.94003e+07 4.72743e+07 8.60609e+06 0 8.99336e+07 0 9.94003e+07 8.99336e+07 4.72743e+07 8.60609e+06 0.0018648 -0.000468942 0.000676208 0.00252019 0.0795889
6 97 0 0.878814 0.937204 0.0013173 0.00138518 5.92875e+07 2.36128e+08 1.12301e+08 2.0444e+07 0 2.13639e+08 0 2.36128e+08 2.13639e+08 1.12301e+08 2.0444e+07 0.00110712 -0.000841271 -0.00156385 0.00198597 0.0743055
11 97 1 0.777065 0.680287 0.00135176 0.00116629 1.32962e+08 5.29557e+08 2.51855e+08 4.58491e+07 0 4.79123e+08 0 5.29557e+08 4.79123e+08 2.51855e+08 4.58491e+07 0.000382394 -0.00164884 0.00070573 0.000704155 0.0785798
5 97 2 1.03059 0.724142 0.00165233 0.000937893 2.49577e+07 9.94003e+07 4.72743e+07 8.60609e+06 0 8.99336e+07 0 9.94003e+07 8.99336e+07 4.72743e+07 8.60609e+06 0.0018648 -0.000468942 0.000676208 0.00252019 0.0795889
12 98 0 0.631407 0.860464 0.00115277 0.00161888 6.08168e+07 2.42219e+08 1.15198e+08 2.09713e+07 0 2.1915e+08 0 2.42219e+08 2.1915e+08 1.15198e+08 2.09713e+07 0.00121218 -0.00207103 -0.00162545 0.00131246 0.073372
19 98 1 0.530957 0.641177 0.00107819 0.00138128 6.53487e+07 2.60268e+08 1.23782e+08 2.2534e+07 0 2.35481e+08 0 2.60268e+08 2.35481e+08 1.23782e+08 2.2534e+07 0.00135724 -0.000155283 0.00149316 0.00130374 0.0789567
11 98 2 0.777065 0.680287 0.00135176 0.00116629 1.32962e+08 5.29557e+08 2.51855e+08 4.58491e+07 0 4.79123e+08 0 5.29557e+08 4.79123e+08 2.51855e+08 4.58491e+07 0.000382394 -0.00164884 0.00070573 0.000704155 0.0785798
16 99 0 0.643413 0.446012 0.0011373 0.00113636 6.28406e+07 2.50279e+08 1.19031e+08 2.16692e+07 0 2.26443e+08 0 2.50279e+08 2.26443e+08 1.19031e+08 2.16692e+07 0.00134466 -0.000952734 0.000597064 0.000768958 0.0870647
8 99 1 0.728782 0.230723 0.00105659 0.000595891 1.99103e+07 7.92979e+07 3.77137e+07 6.86561e+06 0 7.17457e+07 0 7.92979e+07 7.17457e+07 3.77137e+07 6.86561e+06 0.00118782 -0.00117104 0.00267734 0.00313865 0.0988053
10 99 2 0.884712 0.464065 0.00135792 0.000728006 1.25467e+08 4.99704e+08 2.37657e+08 4.32644e+07 0 4.52113e+08 0 4.99704e+08 4.52113e+08 2.37657e+08 4.32644e+07 0.000413145 -0.00176068 -7.26228e-05 0.00107789 0.0860693
18 100 0 0.6 5.41961e-24 1.89473e-27 2.78848e-26 5.16642e+07 2.05766e+08 9.78613e+07 1.78152e+07 0 1.86169e+08 0 2.05766e+08 1.86169e+08 9.78613e+07 1.78152e+07 0.000493191 0.000286945 0.00435487 0.00155946 0.119138
8 100 1 0.728782 0.230723 0.00105659 0.000595891 1.99103e+07 7.92979e+07 3.77137e+07 6.86561e+06 0 7.17457e+07 0 7.92979e+07 7.17457e+07 3.77137e+07 6.86561e+06 0.00118782 -0.00117104 0.00267734 0.00313865 0.0988053
17 100 2 0.513969 0.221188 0.00045151 0.000629608 1.12469e+07 4.47937e+07 2.13037e+07 3.87824e+06 0 4.05276e+07 0 4.47937e+07 4.05276e+07 2.13037e+07 3.87824e+06 0.00327314 0.000283968 0.00119263 0.00435557 0.100882
9 101 0 0.8 5.47438e-24 7.07205e-27 4.17352e-26 7.81228e+07 3.11144e+08 1.47979e+08 2.69389e+07 0 2.81511e+08 0 3.11144e+08 2.81511e+08 1.47979e+08 2.69389e+07 0.000496861 0.000770973 0.0070016 0.00190327 0.116611
4 101 1 1 2.16098e-24 -3.20059e-27 2.09796e-26 7.41895e+07 2.95479e+08 1.40528e+08 2.55826e+07 0 2.67338e+08 0 2.95479e+08 2.67338e+08 1.40528e+08 2.55826e+07 0.00145976 -0.00283609 0.0088606 0.000669906 0.109983
1 101 2 0.927685 0.202546 0.00111651 0.000320052 1.02919e+08 4.099e+08 1.94946e+08 3.54892e+07 0 3.70862e+08 0 4.099e+08 3.70862e+08 1.94946e+08 3.54892e+07 0.000511316 -0.00143147 0.00200177 0.00117292 0.0981247
1 102 0 0.927685 0.202546 0.00111651 0.000320052 1.02919e+08 4.099e+08 1.94946e+08 3.54892e+07 0 3.70862e+08 0 4.099e+08 3.70862e+08 1.94946e+08 3.54892e+07 0.000511316 -0.00143147 0.00200177 0.00117292 0.0981247
4 102 1 1 2.16098e-24 -3.20059e-27 2.09796e-26 7.41895e+07 2.95479e+08 1.40528e+08 2.55826e+07 0 2.67338e+08 0 2.95479e+08 2.67338e+08 1.40528e+08 2.55826e+07 0.00145976 -0.00283609 0.0088606 0.000669906 0.109983
0 102 2 1.16848 0.214301 0.00135877 -0.00011746 4.99069e+07 1.98767e+08 9.45327e+07 1.72093e+07 0 1.79837e+08 0 1.98767e+08 1.79837e+08 9.45327e+07 1.72093e+07 0.0013003 -0.00235199 0.00210747 0.0018902 0.0939534
10 103 0 0.884712 0.464065 0.00135792 0.000728006 1.25467e+08 4.99704e+08 2.37657e+08 4.32644e+07 0 4.52113e+08 0 4.99704e+08 4.52113e+08 2.37657e+08 4.32644e+07 0.000413145 -0.00176068 -7.26228e-05 0.00107789 0.0860693
1 103 1 0.927685 0.202546 0.00111651 0.000320052 1.02919e+08 4.099e+08 1.94946e+08 3.54892e+07 0 3.70862e+08 0 4.099e+08 3.70862e+08 1.94946e+08 3.54892e+07 0.000511316 -0.00143147 0.00200177 0.00117292 0.0981247
2 103 2 1.03172 0.345478 0.00140294 0.000350701 7.57643e+07 3.01751e+08 1.43511e+08 2.61256e+07 0 2.73013e+08 0 3.01751e+08 2.73013e+08 1.43511e+08 2.61256e+07 0.000967268 -0.00141084 0.000930013 0.00132481 0.0903666
8 104 0 0.728782 0.230723 0.00105659 0.000595891 1.99103e+07 7.92979e+07 3.77137e+07 6.86561e+06 0 7.17457e+07 0 7.92979e+07 7.17457e+07 3.77137e+07 6.86561e+06 0.00118782 -0.00117104 0.00267734 0.00313865 0.0988053
9 104 1 0.8 5.47438e-24 7.07205e-27 4.17352e-26 7.81228e+07 3.11144e+08 1.47979e+08 2.69389e+07 0 2.81511e+08 0 3.11144e+08 2.81511e+08 1.47979e+08 2.69389e+07 0.000496861 0.000770973 0.0070016 0.00190327 0.116611
1 104 2 0.927685 0.202546 0.00111651 0.000320052 1.02919e+08 4.099e+08 1.94946e+08 3.54892e+07 0 3.70862e+08 0 4.099e+08 3.70862e+08 1.94946e+08 3.54892e+07 0.000511316 -0.00143147 0.00200177 0.00117292 0.0981247
12 105 0 0.631407 0.860464 0.00115277 0.00161888 6.08168e+07 2.42219e+08 1.15198e+08 2.09713e+07 0 2.1915e+08 0 2.42219e+08 2.1915e+08 1.15198e+08 2.09713e+07 0.00121218 -0.00207103 -0.00162545 0.00131246 0.073372
11 105 1 0.777065 0.680287 0.00135176 0.00116629 1.32962e+08 5.29557e+08 2.51855e+08 4.58491e+07 0 4.79123e+08 0 5.29557e+08 4.79123e+08 2.51855e+08 4.58491e+07 0.000382394 -0.00164884 0.00070573 0.000704155 0.0785798
6 105 2 0.878814 0.937204 0.0013173 0.00138518 5.92875e+07 2.36128e+08 1.12301e+08 2.0444e+07 0 2.13639e+08 0 2.36128e+08 2.13639e+08 1.12301e+08 2.0444e+07 0.00110712 -0.000841271 -0.00156385 0.00198597 0.0743055
3 106 0 1.1393 0.484638 0.00156635 0.000406209 7.04223e+07 2.80475e+08 1.33393e+08 2.42836e+07 0 2.53763e+08 0 2.80475e+08 2.53763e+08 1.33393e+08 2.42836e+07 0.00122289 -0.000993696 -0.000271626 0.00132756 0.0861759
2 106 1 1.03172 0.345478 0.00140294 0.000350701 7.57643e+07 3.01751e+08 1.43511e+08 2.61256e+07 0 2.73013e+08 0 3.01751e+08 2.73013e+08 1.43511e+08 2.61256e+07 0.000967268 -0.00141084 0.000930013 0.00132481 0.0903666
0 106 2 1.16848 0.214301 0.00135877 -0.00011746 4.99069e+07 1.98767e+08 9.45327e+07 1.72093e+07 0 1.79837e+08 0 1.98767e+08 1.79837e+08 9.45327e+07 1.72093e+07 0.0013003 -0.00235199 0.00210747 0.0018902 0.0939534
2 107 0 1.03172 0.345478 0.00140294 0.000350701 7.57643e+07 3.01751e+08 1.43511e+08 2.61256e+07 0 2.73013e+08 0 3.01751e+08 2.73013e+08 1.43511e+08 2.61256e+07 0.000967268 -0.00141084 0.000930013 0.00132481 0.0903666
1 107 1 0.927685 0.202546 0.00111651 0.000320052 1.02919e+08 4.099e+08 1.94946e+08 3.54892e+07 0 3.70862e+08 0 4.099e+08 3.70862e+08 1.94946e+08 3.54892e+07 0.000511316 -0.00143147 0.00200177 0.00117292 0.0981247
0 107 2 1.16848 0.214301 0.00135877 -0.00011746 4.99069e+07 1.98767e+08 9.45327e+07 1.72093e+07 0 1.79837e+08 0 1.98767e+08 1.79837e+08 9.45327e+07 1.72093e+07 0.0013003 -0.00235199 0.00210747 0.0018902 0.0939534
