Index_Vertex nbTriangle nbInTr x y ux uy Elast AR BR IR GR ER FR A1 A2 B12 C3 Defxx Defxy Defyx Defyy Density 
0 0 0 -1 1.3989e-24 7.15516e-27 9.56206e-27 1.39181e+08 5.54323e+08 2.63633e+08 4.79933e+07 0 5.0153e+08 0 5.54323e+08 5.0153e+08 2.63633e+08 4.79933e+07 0.000629103 0.00290093 -0.00494622 -0.000575359 0.119721
1 0 1 -0.8 4.25725e-24 -3.362e-27 3.84106e-26 1.57771e+08 6.28365e+08 2.98847e+08 5.44039e+07 0 5.68521e+08 0 6.28365e+08 5.68521e+08 2.98847e+08 5.44039e+07 -9.82524e-05 5.29188e-05 -0.00372404 0.000944735 0.124667
2 0 2 -0.915906 0.166571 -0.000565726 0.000164683 1.00652e+08 4.00874e+08 1.90654e+08 3.47077e+07 0 3.62696e+08 0 4.00874e+08 3.62696e+08 1.90654e+08 3.47077e+07 0.000862337 -0.000306138 -0.00253688 0.000856397 0.109049
2 1 0 -0.915906 0.166571 -0.000565726 0.000164683 1.00652e+08 4.00874e+08 1.90654e+08 3.47077e+07 0 3.62696e+08 0 4.00874e+08 3.62696e+08 1.90654e+08 3.47077e+07 0.000862337 -0.000306138 -0.00253688 0.000856397 0.109049
3 1 1 -1.11873 0.221349 -0.00103388 -0.00027734 1.6127e+07 6.42299e+07 3.05474e+07 5.56103e+06 0 5.81128e+07 0 6.42299e+07 5.81128e+07 3.05474e+07 5.56103e+06 0.00338648 0.00399993 -0.00384727 0.00444923 0.10378
0 1 2 -1 1.3989e-24 7.15516e-27 9.56206e-27 1.39181e+08 5.54323e+08 2.63633e+08 4.79933e+07 0 5.0153e+08 0 5.54323e+08 5.0153e+08 2.63633e+08 4.79933e+07 0.000629103 0.00290093 -0.00494622 -0.000575359 0.119721
8 2 0 -0.6 4.31962e-24 6.3194e-28 3.10032e-26 1.84758e+07 7.35848e+07 3.49966e+07 6.37098e+06 0 6.65767e+07 0 7.35848e+07 6.65767e+07 3.49966e+07 6.37098e+06 2.2726e-26 7.90843e-25 -0.00259284 0.00324913 0.126438
15 2 1 -0.502775 0.216448 -0.000357265 0.000375151 1.96657e+08 7.83239e+08 3.72504e+08 6.78129e+07 0 7.08645e+08 0 7.83239e+08 7.08645e+08 3.72504e+08 6.78129e+07 0.000257521 0.000193242 -0.000439085 0.000246457 0.108336
7 2 2 -0.714188 0.197961 -0.000468623 0.000240243 9.62608e+07 3.83383e+08 1.82335e+08 3.31934e+07 0 3.46871e+08 0 3.83383e+08 3.46871e+08 1.82335e+08 3.31934e+07 0.000722382 0.000596313 -0.00126247 0.000750112 0.108825
9 3 0 -0.886149 0.351186 -0.000979395 0.000409552 5.73231e+07 2.28304e+08 1.0858e+08 1.97666e+07 0 2.06561e+08 0 2.28304e+08 2.06561e+08 1.0858e+08 1.97666e+07 0.00126816 -0.000296096 -0.00317055 0.00179675 0.0990329
3 3 1 -1.11873 0.221349 -0.00103388 -0.00027734 1.6127e+07 6.42299e+07 3.05474e+07 5.56103e+06 0 5.81128e+07 0 6.42299e+07 5.81128e+07 3.05474e+07 5.56103e+06 0.00338648 0.00399993 -0.00384727 0.00444923 0.10378
2 3 2 -0.915906 0.166571 -0.000565726 0.000164683 1.00652e+08 4.00874e+08 1.90654e+08 3.47077e+07 0 3.62696e+08 0 4.00874e+08 3.62696e+08 1.90654e+08 3.47077e+07 0.000862337 -0.000306138 -0.00253688 0.000856397 0.109049
1 4 0 -0.8 4.25725e-24 -3.362e-27 3.84106e-26 1.57771e+08 6.28365e+08 2.98847e+08 5.44039e+07 0 5.68521e+08 0 6.28365e+08 5.68521e+08 2.98847e+08 5.44039e+07 -9.82524e-05 5.29188e-05 -0.00372404 0.000944735 0.124667
8 4 1 -0.6 4.31962e-24 6.3194e-28 3.10032e-26 1.84758e+07 7.35848e+07 3.49966e+07 6.37098e+06 0 6.65767e+07 0 7.35848e+07 6.65767e+07 3.49966e+07 6.37098e+06 2.2726e-26 7.90843e-25 -0.00259284 0.00324913 0.126438
7 4 2 -0.714188 0.197961 -0.000468623 0.000240243 9.62608e+07 3.83383e+08 1.82335e+08 3.31934e+07 0 3.46871e+08 0 3.83383e+08 3.46871e+08 1.82335e+08 3.31934e+07 0.000722382 0.000596313 -0.00126247 0.000750112 0.108825
9 5 0 -0.886149 0.351186 -0.000979395 0.000409552 5.73231e+07 2.28304e+08 1.0858e+08 1.97666e+07 0 2.06561e+08 0 2.28304e+08 2.06561e+08 1.0858e+08 1.97666e+07 0.00126816 -0.000296096 -0.00317055 0.00179675 0.0990329
2 5 1 -0.915906 0.166571 -0.000565726 0.000164683 1.00652e+08 4.00874e+08 1.90654e+08 3.47077e+07 0 3.62696e+08 0 4.00874e+08 3.62696e+08 1.90654e+08 3.47077e+07 0.000862337 -0.000306138 -0.00253688 0.000856397 0.109049
7 5 2 -0.714188 0.197961 -0.000468623 0.000240243 9.62608e+07 3.83383e+08 1.82335e+08 3.31934e+07 0 3.46871e+08 0 3.83383e+08 3.46871e+08 1.82335e+08 3.31934e+07 0.000722382 0.000596313 -0.00126247 0.000750112 0.108825
12 6 0 -0.809826 0.553854 -0.00131555 0.0010405 1.50343e+07 5.98779e+07 2.84776e+07 5.18423e+06 0 5.41752e+07 0 5.98779e+07 5.41752e+07 2.84776e+07 5.18423e+06 0.0044962 -0.00020912 -0.00195328 0.00425515 0.0906567
9 6 1 -0.886149 0.351186 -0.000979395 0.000409552 5.73231e+07 2.28304e+08 1.0858e+08 1.97666e+07 0 2.06561e+08 0 2.28304e+08 2.06561e+08 1.0858e+08 1.97666e+07 0.00126816 -0.000296096 -0.00317055 0.00179675 0.0990329
14 6 2 -0.640888 0.405075 -0.000624022 0.00052644 2.91347e+07 1.16036e+08 5.51863e+07 1.00464e+07 0 1.04985e+08 0 1.16036e+08 1.04985e+08 5.51863e+07 1.00464e+07 0.0018603 -0.000192424 -0.000806098 0.00322667 0.0965368
5 7 0 -1.08118 0.465584 -0.00173232 0.000705829 3.06317e+07 1.21999e+08 5.80219e+07 1.05626e+07 0 1.1038e+08 0 1.21999e+08 1.1038e+08 5.80219e+07 1.05626e+07 0.00162216 0.000699882 -0.00139957 0.00346038 0.0953976
3 7 1 -1.11873 0.221349 -0.00103388 -0.00027734 1.6127e+07 6.42299e+07 3.05474e+07 5.56103e+06 0 5.81128e+07 0 6.42299e+07 5.81128e+07 3.05474e+07 5.56103e+06 0.00338648 0.00399993 -0.00384727 0.00444923 0.10378
9 7 2 -0.886149 0.351186 -0.000979395 0.000409552 5.73231e+07 2.28304e+08 1.0858e+08 1.97666e+07 0 2.06561e+08 0 2.28304e+08 2.06561e+08 1.0858e+08 1.97666e+07 0.00126816 -0.000296096 -0.00317055 0.00179675 0.0990329
9 8 0 -0.886149 0.351186 -0.000979395 0.000409552 5.73231e+07 2.28304e+08 1.0858e+08 1.97666e+07 0 2.06561e+08 0 2.28304e+08 2.06561e+08 1.0858e+08 1.97666e+07 0.00126816 -0.000296096 -0.00317055 0.00179675 0.0990329
12 8 1 -0.809826 0.553854 -0.00131555 0.0010405 1.50343e+07 5.98779e+07 2.84776e+07 5.18423e+06 0 5.41752e+07 0 5.98779e+07 5.41752e+07 2.84776e+07 5.18423e+06 0.0044962 -0.00020912 -0.00195328 0.00425515 0.0906567
5 8 2 -1.08118 0.465584 -0.00173232 0.000705829 3.06317e+07 1.21999e+08 5.80219e+07 1.05626e+07 0 1.1038e+08 0 1.21999e+08 1.1038e+08 5.80219e+07 1.05626e+07 0.00162216 0.000699882 -0.00139957 0.00346038 0.0953976
12 9 0 -0.809826 0.553854 -0.00131555 0.0010405 1.50343e+07 5.98779e+07 2.84776e+07 5.18423e+06 0 5.41752e+07 0 5.98779e+07 5.41752e+07 2.84776e+07 5.18423e+06 0.0044962 -0.00020912 -0.00195328 0.00425515 0.0906567
10 9 1 -0.713614 0.767627 -0.000959062 0.00176212 2.49473e+07 9.93589e+07 4.72546e+07 8.6025e+06 0 8.98961e+07 0 9.93589e+07 8.98961e+07 4.72546e+07 8.6025e+06 0.00373299 -0.00098066 0.00158483 0.00303161 0.0840038
6 9 2 -0.98146 0.683924 -0.00152197 0.0012458 9.68973e+07 3.85919e+08 1.83541e+08 3.34129e+07 0 3.49164e+08 0 3.85919e+08 3.49164e+08 1.83541e+08 3.34129e+07 0.000327533 0.00209018 0.000360197 0.000653554 0.0885703
5 10 0 -1.08118 0.465584 -0.00173232 0.000705829 3.06317e+07 1.21999e+08 5.80219e+07 1.05626e+07 0 1.1038e+08 0 1.21999e+08 1.1038e+08 5.80219e+07 1.05626e+07 0.00162216 0.000699882 -0.00139957 0.00346038 0.0953976
12 10 1 -0.809826 0.553854 -0.00131555 0.0010405 1.50343e+07 5.98779e+07 2.84776e+07 5.18423e+06 0 5.41752e+07 0 5.98779e+07 5.41752e+07 2.84776e+07 5.18423e+06 0.0044962 -0.00020912 -0.00195328 0.00425515 0.0906567
6 10 2 -0.98146 0.683924 -0.00152197 0.0012458 9.68973e+07 3.85919e+08 1.83541e+08 3.34129e+07 0 3.49164e+08 0 3.85919e+08 3.49164e+08 1.83541e+08 3.34129e+07 0.000327533 0.00209018 0.000360197 0.000653554 0.0885703
14 11 0 -0.640888 0.405075 -0.000624022 0.00052644 2.91347e+07 1.16036e+08 5.51863e+07 1.00464e+07 0 1.04985e+08 0 1.16036e+08 1.04985e+08 5.51863e+07 1.00464e+07 0.0018603 -0.000192424 -0.000806098 0.00322667 0.0965368
18 11 1 -0.550438 0.623634 -0.00057358 0.00118705 3.13071e+07 1.24689e+08 5.93012e+07 1.07955e+07 0 1.12813e+08 0 1.24689e+08 1.12813e+08 5.93012e+07 1.07955e+07 0.00189976 -0.00064363 -0.000555862 0.00311515 0.0871305
12 11 2 -0.809826 0.553854 -0.00131555 0.0010405 1.50343e+07 5.98779e+07 2.84776e+07 5.18423e+06 0 5.41752e+07 0 5.98779e+07 5.41752e+07 2.84776e+07 5.18423e+06 0.0044962 -0.00020912 -0.00195328 0.00425515 0.0906567
16 12 0 -0.4 4.2244e-24 -5.62904e-27 3.76255e-26 2.27154e+07 9.04699e+07 4.3027e+07 7.83289e+06 0 8.18538e+07 0 9.04699e+07 8.18538e+07 4.3027e+07 7.83289e+06 -8.76725e-26 -7.21284e-25 -0.00231466 0.00375677 0.127205
23 12 1 -0.291804 0.224648 -0.000240697 0.000489082 7.24754e+07 2.88652e+08 1.37281e+08 2.49915e+07 0 2.61161e+08 0 2.88652e+08 2.61161e+08 1.37281e+08 2.49915e+07 0.000649613 -0.000178624 -0.000660069 0.00167877 0.108147
15 12 2 -0.502775 0.216448 -0.000357265 0.000375151 1.96657e+08 7.83239e+08 3.72504e+08 6.78129e+07 0 7.08645e+08 0 7.83239e+08 7.08645e+08 3.72504e+08 6.78129e+07 0.000257521 0.000193242 -0.000439085 0.000246457 0.108336
16 13 0 -0.4 4.2244e-24 -5.62904e-27 3.76255e-26 2.27154e+07 9.04699e+07 4.3027e+07 7.83289e+06 0 8.18538e+07 0 9.04699e+07 8.18538e+07 4.3027e+07 7.83289e+06 -8.76725e-26 -7.21284e-25 -0.00231466 0.00375677 0.127205
24 13 1 -0.2 4.26084e-24 -2.56123e-27 3.78779e-26 6.18511e+07 2.46338e+08 1.17157e+08 2.1328e+07 0 2.22877e+08 0 2.46338e+08 2.22877e+08 1.17157e+08 2.1328e+07 0.000125229 -0.000305138 -0.00116617 0.00247775 0.127559
23 13 2 -0.291804 0.224648 -0.000240697 0.000489082 7.24754e+07 2.88652e+08 1.37281e+08 2.49915e+07 0 2.61161e+08 0 2.88652e+08 2.61161e+08 1.37281e+08 2.49915e+07 0.000649613 -0.000178624 -0.000660069 0.00167877 0.108147
22 14 0 -0.401865 0.442187 -0.000294999 0.000716602 5.25303e+07 2.09215e+08 9.95017e+07 1.81139e+07 0 1.8929e+08 0 2.09215e+08 1.8929e+08 9.95017e+07 1.81139e+07 0.00124487 0.00118908 -0.000158441 0.00188636 0.0946171
14 14 1 -0.640888 0.405075 -0.000624022 0.00052644 2.91347e+07 1.16036e+08 5.51863e+07 1.00464e+07 0 1.04985e+08 0 1.16036e+08 1.04985e+08 5.51863e+07 1.00464e+07 0.0018603 -0.000192424 -0.000806098 0.00322667 0.0965368
15 14 2 -0.502775 0.216448 -0.000357265 0.000375151 1.96657e+08 7.83239e+08 3.72504e+08 6.78129e+07 0 7.08645e+08 0 7.83239e+08 7.08645e+08 3.72504e+08 6.78129e+07 0.000257521 0.000193242 -0.000439085 0.000246457 0.108336
30 15 0 -0.0819111 0.223038 -9.65371e-05 0.000414407 6.93626e+07 2.76254e+08 1.31385e+08 2.39181e+07 0 2.49944e+08 0 2.76254e+08 2.49944e+08 1.31385e+08 2.39181e+07 0.000548738 7.49741e-05 -0.000314474 0.00192355 0.108384
29 15 1 -0.165421 0.443163 -8.07367e-05 0.000735695 1.06553e+08 4.24373e+08 2.0183e+08 3.67423e+07 0 3.83957e+08 0 4.24373e+08 3.83957e+08 2.0183e+08 3.67423e+07 0.000569595 -0.0010396 -0.000346759 0.00102334 0.0944925
23 15 2 -0.291804 0.224648 -0.000240697 0.000489082 7.24754e+07 2.88652e+08 1.37281e+08 2.49915e+07 0 2.61161e+08 0 2.88652e+08 2.61161e+08 1.37281e+08 2.49915e+07 0.000649613 -0.000178624 -0.000660069 0.00167877 0.108147
25 16 0 -0.297187 0.687984 -0.000287862 0.00117727 7.22578e+07 2.87785e+08 1.36869e+08 2.49165e+07 0 2.60377e+08 0 2.87785e+08 2.60377e+08 1.36869e+08 2.49165e+07 0.000752108 -0.000693786 -0.00063394 0.00165103 0.084272
26 16 1 -0.101787 0.851602 -3.5322e-05 0.0014238 1.05735e+08 4.21117e+08 2.00281e+08 3.64603e+07 0 3.81011e+08 0 4.21117e+08 3.81011e+08 2.00281e+08 3.64603e+07 0.0010068 0.00137793 0.000733389 0.000721785 0.0794358
19 16 2 -0.297137 0.965298 -0.000144058 0.0015112 1.10545e+08 4.40273e+08 2.09392e+08 3.81189e+07 0 3.98343e+08 0 4.40273e+08 3.98343e+08 2.09392e+08 3.81189e+07 0.000719927 -0.000457022 0.00037766 0.000824991 0.0778078
22 17 0 -0.401865 0.442187 -0.000294999 0.000716602 5.25303e+07 2.09215e+08 9.95017e+07 1.81139e+07 0 1.8929e+08 0 2.09215e+08 1.8929e+08 9.95017e+07 1.81139e+07 0.00124487 0.00118908 -0.000158441 0.00188636 0.0946171
25 17 1 -0.297187 0.687984 -0.000287862 0.00117727 7.22578e+07 2.87785e+08 1.36869e+08 2.49165e+07 0 2.60377e+08 0 2.87785e+08 2.60377e+08 1.36869e+08 2.49165e+07 0.000752108 -0.000693786 -0.00063394 0.00165103 0.084272
18 17 2 -0.550438 0.623634 -0.00057358 0.00118705 3.13071e+07 1.24689e+08 5.93012e+07 1.07955e+07 0 1.12813e+08 0 1.24689e+08 1.12813e+08 5.93012e+07 1.07955e+07 0.00189976 -0.00064363 -0.000555862 0.00311515 0.0871305
32 18 0 -0.046525 0.631763 5.33234e-05 0.00102279 1.2194e+07 4.85656e+07 2.30975e+07 4.20481e+06 0 4.39403e+07 0 4.85656e+07 4.39403e+07 2.30975e+07 4.20481e+06 0.00269069 -0.000536178 -0.000773682 0.00361728 0.0859566
26 18 1 -0.101787 0.851602 -3.5322e-05 0.0014238 1.05735e+08 4.21117e+08 2.00281e+08 3.64603e+07 0 3.81011e+08 0 4.21117e+08 3.81011e+08 2.00281e+08 3.64603e+07 0.0010068 0.00137793 0.000733389 0.000721785 0.0794358
25 18 2 -0.297187 0.687984 -0.000287862 0.00117727 7.22578e+07 2.87785e+08 1.36869e+08 2.49165e+07 0 2.60377e+08 0 2.87785e+08 2.60377e+08 1.36869e+08 2.49165e+07 0.000752108 -0.000693786 -0.00063394 0.00165103 0.084272
6 19 0 -0.98146 0.683924 -0.00152197 0.0012458 9.68973e+07 3.85919e+08 1.83541e+08 3.34129e+07 0 3.49164e+08 0 3.85919e+08 3.49164e+08 1.83541e+08 3.34129e+07 0.000327533 0.00209018 0.000360197 0.000653554 0.0885703
10 19 1 -0.713614 0.767627 -0.000959062 0.00176212 2.49473e+07 9.93589e+07 4.72546e+07 8.6025e+06 0 8.98961e+07 0 9.93589e+07 8.98961e+07 4.72546e+07 8.6025e+06 0.00373299 -0.00098066 0.00158483 0.00303161 0.0840038
4 19 2 -0.840508 0.878058 -0.00107812 0.00191531 2.67715e+07 1.06624e+08 5.071e+07 9.23155e+06 0 9.64697e+07 0 1.06624e+08 9.64697e+07 5.071e+07 9.23155e+06 0.00286465 0.00193073 0.00309902 0.00335086 0.0833504
32 20 0 -0.046525 0.631763 5.33234e-05 0.00102279 1.2194e+07 4.85656e+07 2.30975e+07 4.20481e+06 0 4.39403e+07 0 4.85656e+07 4.39403e+07 2.30975e+07 4.20481e+06 0.00269069 -0.000536178 -0.000773682 0.00361728 0.0859566
37 20 1 0.107857 0.408623 0.000136766 0.000741976 1.03572e+08 4.12503e+08 1.96184e+08 3.57145e+07 0 3.73217e+08 0 4.12503e+08 3.73217e+08 1.96184e+08 3.57145e+07 0.000616914 0.00124884 0.000544318 0.000519682 0.0963888
36 20 2 0.153147 0.633829 0.00036082 0.00104611 8.24127e+07 3.2823e+08 1.56104e+08 2.84182e+07 0 2.9697e+08 0 3.2823e+08 2.9697e+08 1.56104e+08 2.84182e+07 0.000844307 0.000631816 0.000905525 0.00140688 0.0859749
26 21 0 -0.101787 0.851602 -3.5322e-05 0.0014238 1.05735e+08 4.21117e+08 2.00281e+08 3.64603e+07 0 3.81011e+08 0 4.21117e+08 3.81011e+08 2.00281e+08 3.64603e+07 0.0010068 0.00137793 0.000733389 0.000721785 0.0794358
32 21 1 -0.046525 0.631763 5.33234e-05 0.00102279 1.2194e+07 4.85656e+07 2.30975e+07 4.20481e+06 0 4.39403e+07 0 4.85656e+07 4.39403e+07 2.30975e+07 4.20481e+06 0.00269069 -0.000536178 -0.000773682 0.00361728 0.0859566
33 21 2 0.117338 0.823576 0.000246277 0.00137479 3.91669e+07 1.55992e+08 7.4189e+07 1.35058e+07 0 1.41136e+08 0 1.55992e+08 1.41136e+08 7.4189e+07 1.35058e+07 0.00178382 -0.00049169 -0.000139303 0.00186555 0.0801236
28 22 0 0.074641 1.03559 0.000270317 0.00166426 1.0883e+08 4.33444e+08 2.06144e+08 3.75276e+07 0 3.92164e+08 0 4.33444e+08 3.92164e+08 2.06144e+08 3.75276e+07 0.000772095 -0.000269641 0.00088315 0.000829321 0.0763304
26 22 1 -0.101787 0.851602 -3.5322e-05 0.0014238 1.05735e+08 4.21117e+08 2.00281e+08 3.64603e+07 0 3.81011e+08 0 4.21117e+08 3.81011e+08 2.00281e+08 3.64603e+07 0.0010068 0.00137793 0.000733389 0.000721785 0.0794358
33 22 2 0.117338 0.823576 0.000246277 0.00137479 3.91669e+07 1.55992e+08 7.4189e+07 1.35058e+07 0 1.41136e+08 0 1.55992e+08 1.41136e+08 7.4189e+07 1.35058e+07 0.00178382 -0.00049169 -0.000139303 0.00186555 0.0801236
19 23 0 -0.297137 0.965298 -0.000144058 0.0015112 1.10545e+08 4.40273e+08 2.09392e+08 3.81189e+07 0 3.98343e+08 0 4.40273e+08 3.98343e+08 2.09392e+08 3.81189e+07 0.000719927 -0.000457022 0.00037766 0.000824991 0.0778078
17 23 1 -0.492379 0.869812 -0.00039757 0.0015738 8.03993e+07 3.20211e+08 1.52291e+08 2.77239e+07 0 2.89715e+08 0 3.20211e+08 2.89715e+08 1.52291e+08 2.77239e+07 0.00122633 -0.00156946 0.000963067 0.00115119 0.0803579
25 23 2 -0.297187 0.687984 -0.000287862 0.00117727 7.22578e+07 2.87785e+08 1.36869e+08 2.49165e+07 0 2.60377e+08 0 2.87785e+08 2.60377e+08 1.36869e+08 2.49165e+07 0.000752108 -0.000693786 -0.00063394 0.00165103 0.084272
25 24 0 -0.297187 0.687984 -0.000287862 0.00117727 7.22578e+07 2.87785e+08 1.36869e+08 2.49165e+07 0 2.60377e+08 0 2.87785e+08 2.60377e+08 1.36869e+08 2.49165e+07 0.000752108 -0.000693786 -0.00063394 0.00165103 0.084272
17 24 1 -0.492379 0.869812 -0.00039757 0.0015738 8.03993e+07 3.20211e+08 1.52291e+08 2.77239e+07 0 2.89715e+08 0 3.20211e+08 2.89715e+08 1.52291e+08 2.77239e+07 0.00122633 -0.00156946 0.000963067 0.00115119 0.0803579
18 24 2 -0.550438 0.623634 -0.00057358 0.00118705 3.13071e+07 1.24689e+08 5.93012e+07 1.07955e+07 0 1.12813e+08 0 1.24689e+08 1.12813e+08 5.93012e+07 1.07955e+07 0.00189976 -0.00064363 -0.000555862 0.00311515 0.0871305
30 25 0 -0.0819111 0.223038 -9.65371e-05 0.000414407 6.93626e+07 2.76254e+08 1.31385e+08 2.39181e+07 0 2.49944e+08 0 2.76254e+08 2.49944e+08 1.31385e+08 2.39181e+07 0.000548738 7.49741e-05 -0.000314474 0.00192355 0.108384
24 25 1 -0.2 4.26084e-24 -2.56123e-27 3.78779e-26 6.18511e+07 2.46338e+08 1.17157e+08 2.1328e+07 0 2.22877e+08 0 2.46338e+08 2.22877e+08 1.17157e+08 2.1328e+07 0.000125229 -0.000305138 -0.00116617 0.00247775 0.127559
31 25 2 2.49704e-17 4.25104e-24 -1.08064e-27 3.518e-26 8.1291e+07 3.23762e+08 1.5398e+08 2.80314e+07 0 2.92928e+08 0 3.23762e+08 2.92928e+08 1.5398e+08 2.80314e+07 0.000231439 -0.000359546 -0.000264661 0.00168797 0.127671
29 26 0 -0.165421 0.443163 -8.07367e-05 0.000735695 1.06553e+08 4.24373e+08 2.0183e+08 3.67423e+07 0 3.83957e+08 0 4.24373e+08 3.83957e+08 2.0183e+08 3.67423e+07 0.000569595 -0.0010396 -0.000346759 0.00102334 0.0944925
22 26 1 -0.401865 0.442187 -0.000294999 0.000716602 5.25303e+07 2.09215e+08 9.95017e+07 1.81139e+07 0 1.8929e+08 0 2.09215e+08 1.8929e+08 9.95017e+07 1.81139e+07 0.00124487 0.00118908 -0.000158441 0.00188636 0.0946171
23 26 2 -0.291804 0.224648 -0.000240697 0.000489082 7.24754e+07 2.88652e+08 1.37281e+08 2.49915e+07 0 2.61161e+08 0 2.88652e+08 2.61161e+08 1.37281e+08 2.49915e+07 0.000649613 -0.000178624 -0.000660069 0.00167877 0.108147
37 27 0 0.107857 0.408623 0.000136766 0.000741976 1.03572e+08 4.12503e+08 1.96184e+08 3.57145e+07 0 3.73217e+08 0 4.12503e+08 3.73217e+08 1.96184e+08 3.57145e+07 0.000616914 0.00124884 0.000544318 0.000519682 0.0963888
29 27 1 -0.165421 0.443163 -8.07367e-05 0.000735695 1.06553e+08 4.24373e+08 2.0183e+08 3.67423e+07 0 3.83957e+08 0 4.24373e+08 3.83957e+08 2.0183e+08 3.67423e+07 0.000569595 -0.0010396 -0.000346759 0.00102334 0.0944925
30 27 2 -0.0819111 0.223038 -9.65371e-05 0.000414407 6.93626e+07 2.76254e+08 1.31385e+08 2.39181e+07 0 2.49944e+08 0 2.76254e+08 2.49944e+08 1.31385e+08 2.39181e+07 0.000548738 7.49741e-05 -0.000314474 0.00192355 0.108384
32 28 0 -0.046525 0.631763 5.33234e-05 0.00102279 1.2194e+07 4.85656e+07 2.30975e+07 4.20481e+06 0 4.39403e+07 0 4.85656e+07 4.39403e+07 2.30975e+07 4.20481e+06 0.00269069 -0.000536178 -0.000773682 0.00361728 0.0859566
25 28 1 -0.297187 0.687984 -0.000287862 0.00117727 7.22578e+07 2.87785e+08 1.36869e+08 2.49165e+07 0 2.60377e+08 0 2.87785e+08 2.60377e+08 1.36869e+08 2.49165e+07 0.000752108 -0.000693786 -0.00063394 0.00165103 0.084272
29 28 2 -0.165421 0.443163 -8.07367e-05 0.000735695 1.06553e+08 4.24373e+08 2.0183e+08 3.67423e+07 0 3.83957e+08 0 4.24373e+08 3.83957e+08 2.0183e+08 3.67423e+07 0.000569595 -0.0010396 -0.000346759 0.00102334 0.0944925
15 29 0 -0.502775 0.216448 -0.000357265 0.000375151 1.96657e+08 7.83239e+08 3.72504e+08 6.78129e+07 0 7.08645e+08 0 7.83239e+08 7.08645e+08 3.72504e+08 6.78129e+07 0.000257521 0.000193242 -0.000439085 0.000246457 0.108336
8 29 1 -0.6 4.31962e-24 6.3194e-28 3.10032e-26 1.84758e+07 7.35848e+07 3.49966e+07 6.37098e+06 0 6.65767e+07 0 7.35848e+07 6.65767e+07 3.49966e+07 6.37098e+06 2.2726e-26 7.90843e-25 -0.00259284 0.00324913 0.126438
16 29 2 -0.4 4.2244e-24 -5.62904e-27 3.76255e-26 2.27154e+07 9.04699e+07 4.3027e+07 7.83289e+06 0 8.18538e+07 0 9.04699e+07 8.18538e+07 4.3027e+07 7.83289e+06 -8.76725e-26 -7.21284e-25 -0.00231466 0.00375677 0.127205
22 30 0 -0.401865 0.442187 -0.000294999 0.000716602 5.25303e+07 2.09215e+08 9.95017e+07 1.81139e+07 0 1.8929e+08 0 2.09215e+08 1.8929e+08 9.95017e+07 1.81139e+07 0.00124487 0.00118908 -0.000158441 0.00188636 0.0946171
15 30 1 -0.502775 0.216448 -0.000357265 0.000375151 1.96657e+08 7.83239e+08 3.72504e+08 6.78129e+07 0 7.08645e+08 0 7.83239e+08 7.08645e+08 3.72504e+08 6.78129e+07 0.000257521 0.000193242 -0.000439085 0.000246457 0.108336
23 30 2 -0.291804 0.224648 -0.000240697 0.000489082 7.24754e+07 2.88652e+08 1.37281e+08 2.49915e+07 0 2.61161e+08 0 2.88652e+08 2.61161e+08 1.37281e+08 2.49915e+07 0.000649613 -0.000178624 -0.000660069 0.00167877 0.108147
7 31 0 -0.714188 0.197961 -0.000468623 0.000240243 9.62608e+07 3.83383e+08 1.82335e+08 3.31934e+07 0 3.46871e+08 0 3.83383e+08 3.46871e+08 1.82335e+08 3.31934e+07 0.000722382 0.000596313 -0.00126247 0.000750112 0.108825
2 31 1 -0.915906 0.166571 -0.000565726 0.000164683 1.00652e+08 4.00874e+08 1.90654e+08 3.47077e+07 0 3.62696e+08 0 4.00874e+08 3.62696e+08 1.90654e+08 3.47077e+07 0.000862337 -0.000306138 -0.00253688 0.000856397 0.109049
1 31 2 -0.8 4.25725e-24 -3.362e-27 3.84106e-26 1.57771e+08 6.28365e+08 2.98847e+08 5.44039e+07 0 5.68521e+08 0 6.28365e+08 5.68521e+08 2.98847e+08 5.44039e+07 -9.82524e-05 5.29188e-05 -0.00372404 0.000944735 0.124667
14 32 0 -0.640888 0.405075 -0.000624022 0.00052644 2.91347e+07 1.16036e+08 5.51863e+07 1.00464e+07 0 1.04985e+08 0 1.16036e+08 1.04985e+08 5.51863e+07 1.00464e+07 0.0018603 -0.000192424 -0.000806098 0.00322667 0.0965368
7 32 1 -0.714188 0.197961 -0.000468623 0.000240243 9.62608e+07 3.83383e+08 1.82335e+08 3.31934e+07 0 3.46871e+08 0 3.83383e+08 3.46871e+08 1.82335e+08 3.31934e+07 0.000722382 0.000596313 -0.00126247 0.000750112 0.108825
15 32 2 -0.502775 0.216448 -0.000357265 0.000375151 1.96657e+08 7.83239e+08 3.72504e+08 6.78129e+07 0 7.08645e+08 0 7.83239e+08 7.08645e+08 3.72504e+08 6.78129e+07 0.000257521 0.000193242 -0.000439085 0.000246457 0.108336
14 33 0 -0.640888 0.405075 -0.000624022 0.00052644 2.91347e+07 1.16036e+08 5.51863e+07 1.00464e+07 0 1.04985e+08 0 1.16036e+08 1.04985e+08 5.51863e+07 1.00464e+07 0.0018603 -0.000192424 -0.000806098 0.00322667 0.0965368
9 33 1 -0.886149 0.351186 -0.000979395 0.000409552 5.73231e+07 2.28304e+08 1.0858e+08 1.97666e+07 0 2.06561e+08 0 2.28304e+08 2.06561e+08 1.0858e+08 1.97666e+07 0.00126816 -0.000296096 -0.00317055 0.00179675 0.0990329
7 33 2 -0.714188 0.197961 -0.000468623 0.000240243 9.62608e+07 3.83383e+08 1.82335e+08 3.31934e+07 0 3.46871e+08 0 3.83383e+08 3.46871e+08 1.82335e+08 3.31934e+07 0.000722382 0.000596313 -0.00126247 0.000750112 0.108825
4 34 0 -0.840508 0.878058 -0.00107812 0.00191531 2.67715e+07 1.06624e+08 5.071e+07 9.23155e+06 0 9.64697e+07 0 1.06624e+08 9.64697e+07 5.071e+07 9.23155e+06 0.00286465 0.00193073 0.00309902 0.00335086 0.0833504
10 34 1 -0.713614 0.767627 -0.000959062 0.00176212 2.49473e+07 9.93589e+07 4.72546e+07 8.6025e+06 0 8.98961e+07 0 9.93589e+07 8.98961e+07 4.72546e+07 8.6025e+06 0.00373299 -0.00098066 0.00158483 0.00303161 0.0840038
11 34 2 -0.659406 1.03322 -0.0004526 0.00211534 7.13155e+07 2.84033e+08 1.35084e+08 2.45916e+07 0 2.56982e+08 0 2.84033e+08 2.56982e+08 1.35084e+08 2.45916e+07 0.00104592 -0.00253083 0.000685988 0.00128578 0.0796028
11 35 0 -0.659406 1.03322 -0.0004526 0.00211534 7.13155e+07 2.84033e+08 1.35084e+08 2.45916e+07 0 2.56982e+08 0 2.84033e+08 2.56982e+08 1.35084e+08 2.45916e+07 0.00104592 -0.00253083 0.000685988 0.00128578 0.0796028
10 35 1 -0.713614 0.767627 -0.000959062 0.00176212 2.49473e+07 9.93589e+07 4.72546e+07 8.6025e+06 0 8.98961e+07 0 9.93589e+07 8.98961e+07 4.72546e+07 8.6025e+06 0.00373299 -0.00098066 0.00158483 0.00303161 0.0840038
17 35 2 -0.492379 0.869812 -0.00039757 0.0015738 8.03993e+07 3.20211e+08 1.52291e+08 2.77239e+07 0 2.89715e+08 0 3.20211e+08 2.89715e+08 1.52291e+08 2.77239e+07 0.00122633 -0.00156946 0.000963067 0.00115119 0.0803579
38 36 0 0.101231 0.185495 3.62155e-05 0.000368926 3.79454e+07 1.51127e+08 7.18754e+07 1.30846e+07 0 1.36734e+08 0 1.51127e+08 1.36734e+08 7.18754e+07 1.30846e+07 0.000849855 0.000298858 6.50383e-05 0.00232292 0.11126
31 36 1 2.49704e-17 4.25104e-24 -1.08064e-27 3.518e-26 8.1291e+07 3.23762e+08 1.5398e+08 2.80314e+07 0 2.92928e+08 0 3.23762e+08 2.92928e+08 1.5398e+08 2.80314e+07 0.000231439 -0.000359546 -0.000264661 0.00168797 0.127671
39 36 2 0.2 4.24239e-24 -1.9342e-28 3.32443e-26 9.88515e+07 3.93702e+08 1.87243e+08 3.40867e+07 0 3.56206e+08 0 3.93702e+08 3.56206e+08 1.87243e+08 3.40867e+07 -4.16863e-05 -0.000356607 0.00104451 0.000974627 0.127636
32 37 0 -0.046525 0.631763 5.33234e-05 0.00102279 1.2194e+07 4.85656e+07 2.30975e+07 4.20481e+06 0 4.39403e+07 0 4.85656e+07 4.39403e+07 2.30975e+07 4.20481e+06 0.00269069 -0.000536178 -0.000773682 0.00361728 0.0859566
29 37 1 -0.165421 0.443163 -8.07367e-05 0.000735695 1.06553e+08 4.24373e+08 2.0183e+08 3.67423e+07 0 3.83957e+08 0 4.24373e+08 3.83957e+08 2.0183e+08 3.67423e+07 0.000569595 -0.0010396 -0.000346759 0.00102334 0.0944925
37 37 2 0.107857 0.408623 0.000136766 0.000741976 1.03572e+08 4.12503e+08 1.96184e+08 3.57145e+07 0 3.73217e+08 0 4.12503e+08 3.73217e+08 1.96184e+08 3.57145e+07 0.000616914 0.00124884 0.000544318 0.000519682 0.0963888
23 38 0 -0.291804 0.224648 -0.000240697 0.000489082 7.24754e+07 2.88652e+08 1.37281e+08 2.49915e+07 0 2.61161e+08 0 2.88652e+08 2.61161e+08 1.37281e+08 2.49915e+07 0.000649613 -0.000178624 -0.000660069 0.00167877 0.108147
24 38 1 -0.2 4.26084e-24 -2.56123e-27 3.78779e-26 6.18511e+07 2.46338e+08 1.17157e+08 2.1328e+07 0 2.22877e+08 0 2.46338e+08 2.22877e+08 1.17157e+08 2.1328e+07 0.000125229 -0.000305138 -0.00116617 0.00247775 0.127559
30 38 2 -0.0819111 0.223038 -9.65371e-05 0.000414407 6.93626e+07 2.76254e+08 1.31385e+08 2.39181e+07 0 2.49944e+08 0 2.76254e+08 2.49944e+08 1.31385e+08 2.39181e+07 0.000548738 7.49741e-05 -0.000314474 0.00192355 0.108384
61 39 0 1 1.43725e-24 -6.58492e-27 2.01462e-26 1.0169e+08 4.05008e+08 1.9262e+08 3.50656e+07 0 3.66436e+08 0 4.05008e+08 3.66436e+08 1.9262e+08 3.50656e+07 -2.63019e-25 -8.5595e-25 0.00792993 0.00133644 0.120104
62 39 1 1.12083 0.212828 0.00112927 8.32016e-05 2.09959e+07 8.36215e+07 3.977e+07 7.23996e+06 0 7.56576e+07 0 8.36215e+07 7.56576e+07 3.977e+07 7.23996e+06 0.00190604 -0.0014615 -3.58847e-05 0.00242206 0.104658
59 39 2 0.929287 0.229531 0.000862826 0.000346022 7.12732e+07 2.83864e+08 1.35004e+08 2.4577e+07 0 2.56829e+08 0 2.83864e+08 2.56829e+08 1.35004e+08 2.4577e+07 0.00179898 -0.00193167 0.000142464 0.0010835 0.105631
59 40 0 0.929287 0.229531 0.000862826 0.000346022 7.12732e+07 2.83864e+08 1.35004e+08 2.4577e+07 0 2.56829e+08 0 2.83864e+08 2.56829e+08 1.35004e+08 2.4577e+07 0.00179898 -0.00193167 0.000142464 0.0010835 0.105631
55 40 1 0.721651 0.219045 0.00065851 0.000409338 1.20851e+08 4.8132e+08 2.28913e+08 4.16727e+07 0 4.3548e+08 0 4.8132e+08 4.3548e+08 2.28913e+08 4.16727e+07 0.000696887 0.000103495 0.000962859 0.000279127 0.107782
57 40 2 0.8 4.25658e-24 4.60742e-28 3.32647e-26 2.64662e+07 1.05408e+08 5.01317e+07 9.12627e+06 0 9.53696e+07 0 1.05408e+08 9.53696e+07 5.01317e+07 9.12627e+06 3.94036e-25 7.8617e-25 0.0063624 0.00301959 0.125158
60 41 0 1.08572 0.461146 0.00116195 0.000444172 1.58713e+08 6.32114e+08 3.0063e+08 5.47285e+07 0 5.71913e+08 0 6.32114e+08 5.71913e+08 3.0063e+08 5.47285e+07 0.000369828 -0.000866959 0.00100992 0.000555035 0.0961733
59 41 1 0.929287 0.229531 0.000862826 0.000346022 7.12732e+07 2.83864e+08 1.35004e+08 2.4577e+07 0 2.56829e+08 0 2.83864e+08 2.56829e+08 1.35004e+08 2.4577e+07 0.00179898 -0.00193167 0.000142464 0.0010835 0.105631
62 41 2 1.12083 0.212828 0.00112927 8.32016e-05 2.09959e+07 8.36215e+07 3.977e+07 7.23996e+06 0 7.56576e+07 0 8.36215e+07 7.56576e+07 3.977e+07 7.23996e+06 0.00190604 -0.0014615 -3.58847e-05 0.00242206 0.104658
56 42 0 0.853787 0.445882 0.00101794 0.000641038 1.02213e+08 4.07089e+08 1.9361e+08 3.52458e+07 0 3.68319e+08 0 4.07089e+08 3.68319e+08 1.9361e+08 3.52458e+07 0.000691902 -0.000840412 0.000481031 0.000861546 0.0953996
53 42 1 0.74384 0.64171 0.000968875 0.000956781 7.17067e+07 2.8559e+08 1.35825e+08 2.47264e+07 0 2.58391e+08 0 2.8559e+08 2.58391e+08 1.35825e+08 2.47264e+07 0.00104523 -0.000299403 0.000697012 0.00138582 0.0878917
51 42 2 0.623346 0.419974 0.000733889 0.000657157 2.60627e+07 1.03801e+08 4.93674e+07 8.98714e+06 0 9.39156e+07 0 1.03801e+08 9.39156e+07 4.93674e+07 8.98714e+06 0.00209793 -2.80933e-05 0.00020181 0.00253628 0.0961772
60 43 0 1.08572 0.461146 0.00116195 0.000444172 1.58713e+08 6.32114e+08 3.0063e+08 5.47285e+07 0 5.71913e+08 0 6.32114e+08 5.71913e+08 3.0063e+08 5.47285e+07 0.000369828 -0.000866959 0.00100992 0.000555035 0.0961733
56 43 1 0.853787 0.445882 0.00101794 0.000641038 1.02213e+08 4.07089e+08 1.9361e+08 3.52458e+07 0 3.68319e+08 0 4.07089e+08 3.68319e+08 1.9361e+08 3.52458e+07 0.000691902 -0.000840412 0.000481031 0.000861546 0.0953996
59 43 2 0.929287 0.229531 0.000862826 0.000346022 7.12732e+07 2.83864e+08 1.35004e+08 2.4577e+07 0 2.56829e+08 0 2.83864e+08 2.56829e+08 1.35004e+08 2.4577e+07 0.00179898 -0.00193167 0.000142464 0.0010835 0.105631
60 44 0 1.08572 0.461146 0.00116195 0.000444172 1.58713e+08 6.32114e+08 3.0063e+08 5.47285e+07 0 5.71913e+08 0 6.32114e+08 5.71913e+08 3.0063e+08 5.47285e+07 0.000369828 -0.000866959 0.00100992 0.000555035 0.0961733
58 44 1 0.981988 0.683422 0.00127069 0.000795846 5.48983e+07 2.18647e+08 1.03987e+08 1.89305e+07 0 1.97823e+08 0 2.18647e+08 1.97823e+08 1.03987e+08 1.89305e+07 0.00135903 -0.00130944 0.000540178 0.00160215 0.0891437
56 44 2 0.853787 0.445882 0.00101794 0.000641038 1.02213e+08 4.07089e+08 1.9361e+08 3.52458e+07 0 3.68319e+08 0 4.07089e+08 3.68319e+08 1.9361e+08 3.52458e+07 0.000691902 -0.000840412 0.000481031 0.000861546 0.0953996
56 45 0 0.853787 0.445882 0.00101794 0.000641038 1.02213e+08 4.07089e+08 1.9361e+08 3.52458e+07 0 3.68319e+08 0 4.07089e+08 3.68319e+08 1.9361e+08 3.52458e+07 0.000691902 -0.000840412 0.000481031 0.000861546 0.0953996
51 45 1 0.623346 0.419974 0.000733889 0.000657157 2.60627e+07 1.03801e+08 4.93674e+07 8.98714e+06 0 9.39156e+07 0 1.03801e+08 9.39156e+07 4.93674e+07 8.98714e+06 0.00209793 -2.80933e-05 0.00020181 0.00253628 0.0961772
55 45 2 0.721651 0.219045 0.00065851 0.000409338 1.20851e+08 4.8132e+08 2.28913e+08 4.16727e+07 0 4.3548e+08 0 4.8132e+08 4.3548e+08 2.28913e+08 4.16727e+07 0.000696887 0.000103495 0.000962859 0.000279127 0.107782
54 46 0 0.83588 0.881467 0.00106926 0.00120762 9.1513e+07 3.64474e+08 1.73342e+08 3.15562e+07 0 3.29762e+08 0 3.64474e+08 3.29762e+08 1.73342e+08 3.15562e+07 0.000685965 -0.00103795 -0.000524206 0.00122 0.0836327
53 46 1 0.74384 0.64171 0.000968875 0.000956781 7.17067e+07 2.8559e+08 1.35825e+08 2.47264e+07 0 2.58391e+08 0 2.8559e+08 2.58391e+08 1.35825e+08 2.47264e+07 0.00104523 -0.000299403 0.000697012 0.00138582 0.0878917
58 46 2 0.981988 0.683422 0.00127069 0.000795846 5.48983e+07 2.18647e+08 1.03987e+08 1.89305e+07 0 1.97823e+08 0 2.18647e+08 1.97823e+08 1.03987e+08 1.89305e+07 0.00135903 -0.00130944 0.000540178 0.00160215 0.0891437
47 47 0 0.509541 0.602113 0.000672064 0.000976872 8.14263e+07 3.24301e+08 1.54236e+08 2.8078e+07 0 2.93415e+08 0 3.24301e+08 2.93415e+08 1.54236e+08 2.8078e+07 0.00094428 0.000180154 0.00102018 0.0010694 0.0880212
43 47 1 0.302401 0.553794 0.000432883 0.000987206 7.35513e+07 2.92937e+08 1.39319e+08 2.53625e+07 0 2.65038e+08 0 2.92937e+08 2.65038e+08 1.39319e+08 2.53625e+07 0.00103219 -0.000279191 0.000938469 0.00132695 0.0894022
45 47 2 0.385398 0.394341 0.000405283 0.000723146 7.07507e+07 2.81783e+08 1.34014e+08 2.43968e+07 0 2.54946e+08 0 2.81783e+08 2.54946e+08 1.34014e+08 2.43968e+07 0.00112106 -0.00125887 -0.000658184 0.00103607 0.0973335
48 48 0 0.602503 0.807262 0.000801346 0.00126526 3.92924e+07 1.56492e+08 7.44268e+07 1.35491e+07 0 1.41588e+08 0 1.56492e+08 1.41588e+08 7.44268e+07 1.35491e+07 0.00185465 -0.00039878 -0.00024518 0.00174484 0.0825893
47 48 1 0.509541 0.602113 0.000672064 0.000976872 8.14263e+07 3.24301e+08 1.54236e+08 2.8078e+07 0 2.93415e+08 0 3.24301e+08 2.93415e+08 1.54236e+08 2.8078e+07 0.00094428 0.000180154 0.00102018 0.0010694 0.0880212
53 48 2 0.74384 0.64171 0.000968875 0.000956781 7.17067e+07 2.8559e+08 1.35825e+08 2.47264e+07 0 2.58391e+08 0 2.8559e+08 2.58391e+08 1.35825e+08 2.47264e+07 0.00104523 -0.000299403 0.000697012 0.00138582 0.0878917
48 49 0 0.602503 0.807262 0.000801346 0.00126526 3.92924e+07 1.56492e+08 7.44268e+07 1.35491e+07 0 1.41588e+08 0 1.56492e+08 1.41588e+08 7.44268e+07 1.35491e+07 0.00185465 -0.00039878 -0.00024518 0.00174484 0.0825893
40 49 1 0.349327 0.768361 0.000541072 0.00124314 9.22668e+07 3.67476e+08 1.7477e+08 3.18161e+07 0 3.32479e+08 0 3.67476e+08 3.32479e+08 1.7477e+08 3.18161e+07 0.000701867 7.5052e-05 -9.50107e-05 0.00115257 0.0821355
47 49 2 0.509541 0.602113 0.000672064 0.000976872 8.14263e+07 3.24301e+08 1.54236e+08 2.8078e+07 0 2.93415e+08 0 3.24301e+08 2.93415e+08 1.54236e+08 2.8078e+07 0.00094428 0.000180154 0.00102018 0.0010694 0.0880212
55 50 0 0.721651 0.219045 0.00065851 0.000409338 1.20851e+08 4.8132e+08 2.28913e+08 4.16727e+07 0 4.3548e+08 0 4.8132e+08 4.3548e+08 2.28913e+08 4.16727e+07 0.000696887 0.000103495 0.000962859 0.000279127 0.107782
51 50 1 0.623346 0.419974 0.000733889 0.000657157 2.60627e+07 1.03801e+08 4.93674e+07 8.98714e+06 0 9.39156e+07 0 1.03801e+08 9.39156e+07 4.93674e+07 8.98714e+06 0.00209793 -2.80933e-05 0.00020181 0.00253628 0.0961772
50 50 2 0.506481 0.208268 0.000498613 0.00034498 1.003e+08 3.9947e+08 1.89986e+08 3.45861e+07 0 3.61425e+08 0 3.9947e+08 3.61425e+08 1.89986e+08 3.45861e+07 9.98544e-05 -1.55185e-05 0.00183265 0.00159825 0.109244
42 51 0 0.466441 0.946396 0.000627694 0.00141374 1.4351e+08 5.71566e+08 2.71834e+08 4.94862e+07 0 5.17131e+08 0 5.71566e+08 5.17131e+08 2.71834e+08 4.94862e+07 0.000595494 0.00010119 -0.000213254 0.000460535 0.0790899
40 51 1 0.349327 0.768361 0.000541072 0.00124314 9.22668e+07 3.67476e+08 1.7477e+08 3.18161e+07 0 3.32479e+08 0 3.67476e+08 3.32479e+08 1.7477e+08 3.18161e+07 0.000701867 7.5052e-05 -9.50107e-05 0.00115257 0.0821355
48 51 2 0.602503 0.807262 0.000801346 0.00126526 3.92924e+07 1.56492e+08 7.44268e+07 1.35491e+07 0 1.41588e+08 0 1.56492e+08 1.41588e+08 7.44268e+07 1.35491e+07 0.00185465 -0.00039878 -0.00024518 0.00174484 0.0825893
33 52 0 0.117338 0.823576 0.000246277 0.00137479 3.91669e+07 1.55992e+08 7.4189e+07 1.35058e+07 0 1.41136e+08 0 1.55992e+08 1.41136e+08 7.4189e+07 1.35058e+07 0.00178382 -0.00049169 -0.000139303 0.00186555 0.0801236
36 52 1 0.153147 0.633829 0.00036082 0.00104611 8.24127e+07 3.2823e+08 1.56104e+08 2.84182e+07 0 2.9697e+08 0 3.2823e+08 2.9697e+08 1.56104e+08 2.84182e+07 0.000844307 0.000631816 0.000905525 0.00140688 0.0859749
40 52 2 0.349327 0.768361 0.000541072 0.00124314 9.22668e+07 3.67476e+08 1.7477e+08 3.18161e+07 0 3.32479e+08 0 3.67476e+08 3.32479e+08 1.7477e+08 3.18161e+07 0.000701867 7.5052e-05 -9.50107e-05 0.00115257 0.0821355
36 53 0 0.153147 0.633829 0.00036082 0.00104611 8.24127e+07 3.2823e+08 1.56104e+08 2.84182e+07 0 2.9697e+08 0 3.2823e+08 2.9697e+08 1.56104e+08 2.84182e+07 0.000844307 0.000631816 0.000905525 0.00140688 0.0859749
33 53 1 0.117338 0.823576 0.000246277 0.00137479 3.91669e+07 1.55992e+08 7.4189e+07 1.35058e+07 0 1.41136e+08 0 1.55992e+08 1.41136e+08 7.4189e+07 1.35058e+07 0.00178382 -0.00049169 -0.000139303 0.00186555 0.0801236
32 53 2 -0.046525 0.631763 5.33234e-05 0.00102279 1.2194e+07 4.85656e+07 2.30975e+07 4.20481e+06 0 4.39403e+07 0 4.85656e+07 4.39403e+07 2.30975e+07 4.20481e+06 0.00269069 -0.000536178 -0.000773682 0.00361728 0.0859566
45 54 0 0.385398 0.394341 0.000405283 0.000723146 7.07507e+07 2.81783e+08 1.34014e+08 2.43968e+07 0 2.54946e+08 0 2.81783e+08 2.54946e+08 1.34014e+08 2.43968e+07 0.00112106 -0.00125887 -0.000658184 0.00103607 0.0973335
43 54 1 0.302401 0.553794 0.000432883 0.000987206 7.35513e+07 2.92937e+08 1.39319e+08 2.53625e+07 0 2.65038e+08 0 2.92937e+08 2.65038e+08 1.39319e+08 2.53625e+07 0.00103219 -0.000279191 0.000938469 0.00132695 0.0894022
37 54 2 0.107857 0.408623 0.000136766 0.000741976 1.03572e+08 4.12503e+08 1.96184e+08 3.57145e+07 0 3.73217e+08 0 4.12503e+08 3.73217e+08 1.96184e+08 3.57145e+07 0.000616914 0.00124884 0.000544318 0.000519682 0.0963888
40 55 0 0.349327 0.768361 0.000541072 0.00124314 9.22668e+07 3.67476e+08 1.7477e+08 3.18161e+07 0 3.32479e+08 0 3.67476e+08 3.32479e+08 1.7477e+08 3.18161e+07 0.000701867 7.5052e-05 -9.50107e-05 0.00115257 0.0821355
42 55 1 0.466441 0.946396 0.000627694 0.00141374 1.4351e+08 5.71566e+08 2.71834e+08 4.94862e+07 0 5.17131e+08 0 5.71566e+08 5.17131e+08 2.71834e+08 4.94862e+07 0.000595494 0.00010119 -0.000213254 0.000460535 0.0790899
35 55 2 0.275737 0.992857 0.000459322 0.00150976 8.59977e+07 3.42508e+08 1.62895e+08 2.96544e+07 0 3.09888e+08 0 3.42508e+08 3.09888e+08 1.62895e+08 2.96544e+07 0.00110044 -0.000837467 -4.24978e-05 0.000972786 0.0773905
43 56 0 0.302401 0.553794 0.000432883 0.000987206 7.35513e+07 2.92937e+08 1.39319e+08 2.53625e+07 0 2.65038e+08 0 2.92937e+08 2.65038e+08 1.39319e+08 2.53625e+07 0.00103219 -0.000279191 0.000938469 0.00132695 0.0894022
40 56 1 0.349327 0.768361 0.000541072 0.00124314 9.22668e+07 3.67476e+08 1.7477e+08 3.18161e+07 0 3.32479e+08 0 3.67476e+08 3.32479e+08 1.7477e+08 3.18161e+07 0.000701867 7.5052e-05 -9.50107e-05 0.00115257 0.0821355
36 56 2 0.153147 0.633829 0.00036082 0.00104611 8.24127e+07 3.2823e+08 1.56104e+08 2.84182e+07 0 2.9697e+08 0 3.2823e+08 2.9697e+08 1.56104e+08 2.84182e+07 0.000844307 0.000631816 0.000905525 0.00140688 0.0859749
37 57 0 0.107857 0.408623 0.000136766 0.000741976 1.03572e+08 4.12503e+08 1.96184e+08 3.57145e+07 0 3.73217e+08 0 4.12503e+08 3.73217e+08 1.96184e+08 3.57145e+07 0.000616914 0.00124884 0.000544318 0.000519682 0.0963888
43 57 1 0.302401 0.553794 0.000432883 0.000987206 7.35513e+07 2.92937e+08 1.39319e+08 2.53625e+07 0 2.65038e+08 0 2.92937e+08 2.65038e+08 1.39319e+08 2.53625e+07 0.00103219 -0.000279191 0.000938469 0.00132695 0.0894022
36 57 2 0.153147 0.633829 0.00036082 0.00104611 8.24127e+07 3.2823e+08 1.56104e+08 2.84182e+07 0 2.9697e+08 0 3.2823e+08 2.9697e+08 1.56104e+08 2.84182e+07 0.000844307 0.000631816 0.000905525 0.00140688 0.0859749
45 58 0 0.385398 0.394341 0.000405283 0.000723146 7.07507e+07 2.81783e+08 1.34014e+08 2.43968e+07 0 2.54946e+08 0 2.81783e+08 2.54946e+08 1.34014e+08 2.43968e+07 0.00112106 -0.00125887 -0.000658184 0.00103607 0.0973335
50 58 1 0.506481 0.208268 0.000498613 0.00034498 1.003e+08 3.9947e+08 1.89986e+08 3.45861e+07 0 3.61425e+08 0 3.9947e+08 3.61425e+08 1.89986e+08 3.45861e+07 9.98544e-05 -1.55185e-05 0.00183265 0.00159825 0.109244
51 58 2 0.623346 0.419974 0.000733889 0.000657157 2.60627e+07 1.03801e+08 4.93674e+07 8.98714e+06 0 9.39156e+07 0 1.03801e+08 9.39156e+07 4.93674e+07 8.98714e+06 0.00209793 -2.80933e-05 0.00020181 0.00253628 0.0961772
48 59 0 0.602503 0.807262 0.000801346 0.00126526 3.92924e+07 1.56492e+08 7.44268e+07 1.35491e+07 0 1.41588e+08 0 1.56492e+08 1.41588e+08 7.44268e+07 1.35491e+07 0.00185465 -0.00039878 -0.00024518 0.00174484 0.0825893
54 59 1 0.83588 0.881467 0.00106926 0.00120762 9.1513e+07 3.64474e+08 1.73342e+08 3.15562e+07 0 3.29762e+08 0 3.64474e+08 3.29762e+08 1.73342e+08 3.15562e+07 0.000685965 -0.00103795 -0.000524206 0.00122 0.0836327
49 59 2 0.653984 1.03764 0.000841055 0.00160174 5.9311e+07 2.36221e+08 1.12346e+08 2.04521e+07 0 2.13724e+08 0 2.36221e+08 2.13724e+08 1.12346e+08 2.04521e+07 0.00122073 0.000883354 0.00108519 0.00135968 0.0797522
43 60 0 0.302401 0.553794 0.000432883 0.000987206 7.35513e+07 2.92937e+08 1.39319e+08 2.53625e+07 0 2.65038e+08 0 2.92937e+08 2.65038e+08 1.39319e+08 2.53625e+07 0.00103219 -0.000279191 0.000938469 0.00132695 0.0894022
47 60 1 0.509541 0.602113 0.000672064 0.000976872 8.14263e+07 3.24301e+08 1.54236e+08 2.8078e+07 0 2.93415e+08 0 3.24301e+08 2.93415e+08 1.54236e+08 2.8078e+07 0.00094428 0.000180154 0.00102018 0.0010694 0.0880212
40 60 2 0.349327 0.768361 0.000541072 0.00124314 9.22668e+07 3.67476e+08 1.7477e+08 3.18161e+07 0 3.32479e+08 0 3.67476e+08 3.32479e+08 1.7477e+08 3.18161e+07 0.000701867 7.5052e-05 -9.50107e-05 0.00115257 0.0821355
56 61 0 0.853787 0.445882 0.00101794 0.000641038 1.02213e+08 4.07089e+08 1.9361e+08 3.52458e+07 0 3.68319e+08 0 4.07089e+08 3.68319e+08 1.9361e+08 3.52458e+07 0.000691902 -0.000840412 0.000481031 0.000861546 0.0953996
55 61 1 0.721651 0.219045 0.00065851 0.000409338 1.20851e+08 4.8132e+08 2.28913e+08 4.16727e+07 0 4.3548e+08 0 4.8132e+08 4.3548e+08 2.28913e+08 4.16727e+07 0.000696887 0.000103495 0.000962859 0.000279127 0.107782
59 61 2 0.929287 0.229531 0.000862826 0.000346022 7.12732e+07 2.83864e+08 1.35004e+08 2.4577e+07 0 2.56829e+08 0 2.83864e+08 2.56829e+08 1.35004e+08 2.4577e+07 0.00179898 -0.00193167 0.000142464 0.0010835 0.105631
47 62 0 0.509541 0.602113 0.000672064 0.000976872 8.14263e+07 3.24301e+08 1.54236e+08 2.8078e+07 0 2.93415e+08 0 3.24301e+08 2.93415e+08 1.54236e+08 2.8078e+07 0.00094428 0.000180154 0.00102018 0.0010694 0.0880212
51 62 1 0.623346 0.419974 0.000733889 0.000657157 2.60627e+07 1.03801e+08 4.93674e+07 8.98714e+06 0 9.39156e+07 0 1.03801e+08 9.39156e+07 4.93674e+07 8.98714e+06 0.00209793 -2.80933e-05 0.00020181 0.00253628 0.0961772
53 62 2 0.74384 0.64171 0.000968875 0.000956781 7.17067e+07 2.8559e+08 1.35825e+08 2.47264e+07 0 2.58391e+08 0 2.8559e+08 2.58391e+08 1.35825e+08 2.47264e+07 0.00104523 -0.000299403 0.000697012 0.00138582 0.0878917
47 63 0 0.509541 0.602113 0.000672064 0.000976872 8.14263e+07 3.24301e+08 1.54236e+08 2.8078e+07 0 2.93415e+08 0 3.24301e+08 2.93415e+08 1.54236e+08 2.8078e+07 0.00094428 0.000180154 0.00102018 0.0010694 0.0880212
45 63 1 0.385398 0.394341 0.000405283 0.000723146 7.07507e+07 2.81783e+08 1.34014e+08 2.43968e+07 0 2.54946e+08 0 2.81783e+08 2.54946e+08 1.34014e+08 2.43968e+07 0.00112106 -0.00125887 -0.000658184 0.00103607 0.0973335
51 63 2 0.623346 0.419974 0.000733889 0.000657157 2.60627e+07 1.03801e+08 4.93674e+07 8.98714e+06 0 9.39156e+07 0 1.03801e+08 9.39156e+07 4.93674e+07 8.98714e+06 0.00209793 -2.80933e-05 0.00020181 0.00253628 0.0961772
49 64 0 0.653984 1.03764 0.000841055 0.00160174 5.9311e+07 2.36221e+08 1.12346e+08 2.04521e+07 0 2.13724e+08 0 2.36221e+08 2.13724e+08 1.12346e+08 2.04521e+07 0.00122073 0.000883354 0.00108519 0.00135968 0.0797522
42 64 1 0.466441 0.946396 0.000627694 0.00141374 1.4351e+08 5.71566e+08 2.71834e+08 4.94862e+07 0 5.17131e+08 0 5.71566e+08 5.17131e+08 2.71834e+08 4.94862e+07 0.000595494 0.00010119 -0.000213254 0.000460535 0.0790899
48 64 2 0.602503 0.807262 0.000801346 0.00126526 3.92924e+07 1.56492e+08 7.44268e+07 1.35491e+07 0 1.41588e+08 0 1.56492e+08 1.41588e+08 7.44268e+07 1.35491e+07 0.00185465 -0.00039878 -0.00024518 0.00174484 0.0825893
49 65 0 0.653984 1.03764 0.000841055 0.00160174 5.9311e+07 2.36221e+08 1.12346e+08 2.04521e+07 0 2.13724e+08 0 2.36221e+08 2.13724e+08 1.12346e+08 2.04521e+07 0.00122073 0.000883354 0.00108519 0.00135968 0.0797522
41 65 1 0.449663 1.14993 0.000777132 0.00163872 5.1134e+07 2.03654e+08 9.6857e+07 1.76324e+07 0 1.84259e+08 0 2.03654e+08 1.84259e+08 9.6857e+07 1.76324e+07 0.00106499 -0.000322015 0.00181855 0.00173198 0.0771409
42 65 2 0.466441 0.946396 0.000627694 0.00141374 1.4351e+08 5.71566e+08 2.71834e+08 4.94862e+07 0 5.17131e+08 0 5.71566e+08 5.17131e+08 2.71834e+08 4.94862e+07 0.000595494 0.00010119 -0.000213254 0.000460535 0.0790899
55 66 0 0.721651 0.219045 0.00065851 0.000409338 1.20851e+08 4.8132e+08 2.28913e+08 4.16727e+07 0 4.3548e+08 0 4.8132e+08 4.3548e+08 2.28913e+08 4.16727e+07 0.000696887 0.000103495 0.000962859 0.000279127 0.107782
52 66 1 0.6 4.20851e-24 2.5999e-27 3.13418e-26 2.49339e+07 9.93056e+07 4.72292e+07 8.59789e+06 0 8.98479e+07 0 9.93056e+07 8.98479e+07 4.72292e+07 8.59789e+06 1.1868e-25 -7.26737e-25 0.003819 0.00275753 0.126806
57 66 2 0.8 4.25658e-24 4.60742e-28 3.32647e-26 2.64662e+07 1.05408e+08 5.01317e+07 9.12627e+06 0 9.53696e+07 0 1.05408e+08 9.53696e+07 5.01317e+07 9.12627e+06 3.94036e-25 7.8617e-25 0.0063624 0.00301959 0.125158
55 67 0 0.721651 0.219045 0.00065851 0.000409338 1.20851e+08 4.8132e+08 2.28913e+08 4.16727e+07 0 4.3548e+08 0 4.8132e+08 4.3548e+08 2.28913e+08 4.16727e+07 0.000696887 0.000103495 0.000962859 0.000279127 0.107782
50 67 1 0.506481 0.208268 0.000498613 0.00034498 1.003e+08 3.9947e+08 1.89986e+08 3.45861e+07 0 3.61425e+08 0 3.9947e+08 3.61425e+08 1.89986e+08 3.45861e+07 9.98544e-05 -1.55185e-05 0.00183265 0.00159825 0.109244
52 67 2 0.6 4.20851e-24 2.5999e-27 3.13418e-26 2.49339e+07 9.93056e+07 4.72292e+07 8.59789e+06 0 8.98479e+07 0 9.93056e+07 8.98479e+07 4.72292e+07 8.59789e+06 1.1868e-25 -7.26737e-25 0.003819 0.00275753 0.126806
61 68 0 1 1.43725e-24 -6.58492e-27 2.01462e-26 1.0169e+08 4.05008e+08 1.9262e+08 3.50656e+07 0 3.66436e+08 0 4.05008e+08 3.66436e+08 1.9262e+08 3.50656e+07 -2.63019e-25 -8.5595e-25 0.00792993 0.00133644 0.120104
59 68 1 0.929287 0.229531 0.000862826 0.000346022 7.12732e+07 2.83864e+08 1.35004e+08 2.4577e+07 0 2.56829e+08 0 2.83864e+08 2.56829e+08 1.35004e+08 2.4577e+07 0.00179898 -0.00193167 0.000142464 0.0010835 0.105631
57 68 2 0.8 4.25658e-24 4.60742e-28 3.32647e-26 2.64662e+07 1.05408e+08 5.01317e+07 9.12627e+06 0 9.53696e+07 0 1.05408e+08 9.53696e+07 5.01317e+07 9.12627e+06 3.94036e-25 7.8617e-25 0.0063624 0.00301959 0.125158
56 69 0 0.853787 0.445882 0.00101794 0.000641038 1.02213e+08 4.07089e+08 1.9361e+08 3.52458e+07 0 3.68319e+08 0 4.07089e+08 3.68319e+08 1.9361e+08 3.52458e+07 0.000691902 -0.000840412 0.000481031 0.000861546 0.0953996
58 69 1 0.981988 0.683422 0.00127069 0.000795846 5.48983e+07 2.18647e+08 1.03987e+08 1.89305e+07 0 1.97823e+08 0 2.18647e+08 1.97823e+08 1.03987e+08 1.89305e+07 0.00135903 -0.00130944 0.000540178 0.00160215 0.0891437
53 69 2 0.74384 0.64171 0.000968875 0.000956781 7.17067e+07 2.8559e+08 1.35825e+08 2.47264e+07 0 2.58391e+08 0 2.8559e+08 2.58391e+08 1.35825e+08 2.47264e+07 0.00104523 -0.000299403 0.000697012 0.00138582 0.0878917
45 70 0 0.385398 0.394341 0.000405283 0.000723146 7.07507e+07 2.81783e+08 1.34014e+08 2.43968e+07 0 2.54946e+08 0 2.81783e+08 2.54946e+08 1.34014e+08 2.43968e+07 0.00112106 -0.00125887 -0.000658184 0.00103607 0.0973335
44 70 1 0.286653 0.210141 0.000308729 0.000422274 1.3364e+07 5.32258e+07 2.53139e+07 4.60829e+06 0 4.81566e+07 0 5.32258e+07 4.81566e+07 2.53139e+07 4.60829e+06 0.00210304 -0.000355932 0.000173081 0.00350615 0.109326
50 70 2 0.506481 0.208268 0.000498613 0.00034498 1.003e+08 3.9947e+08 1.89986e+08 3.45861e+07 0 3.61425e+08 0 3.9947e+08 3.61425e+08 1.89986e+08 3.45861e+07 9.98544e-05 -1.55185e-05 0.00183265 0.00159825 0.109244
54 71 0 0.83588 0.881467 0.00106926 0.00120762 9.1513e+07 3.64474e+08 1.73342e+08 3.15562e+07 0 3.29762e+08 0 3.64474e+08 3.29762e+08 1.73342e+08 3.15562e+07 0.000685965 -0.00103795 -0.000524206 0.00122 0.0836327
48 71 1 0.602503 0.807262 0.000801346 0.00126526 3.92924e+07 1.56492e+08 7.44268e+07 1.35491e+07 0 1.41588e+08 0 1.56492e+08 1.41588e+08 7.44268e+07 1.35491e+07 0.00185465 -0.00039878 -0.00024518 0.00174484 0.0825893
53 71 2 0.74384 0.64171 0.000968875 0.000956781 7.17067e+07 2.8559e+08 1.35825e+08 2.47264e+07 0 2.58391e+08 0 2.8559e+08 2.58391e+08 1.35825e+08 2.47264e+07 0.00104523 -0.000299403 0.000697012 0.00138582 0.0878917
44 72 0 0.286653 0.210141 0.000308729 0.000422274 1.3364e+07 5.32258e+07 2.53139e+07 4.60829e+06 0 4.81566e+07 0 5.32258e+07 4.81566e+07 2.53139e+07 4.60829e+06 0.00210304 -0.000355932 0.000173081 0.00350615 0.109326
39 72 1 0.2 4.24239e-24 -1.9342e-28 3.32443e-26 9.88515e+07 3.93702e+08 1.87243e+08 3.40867e+07 0 3.56206e+08 0 3.93702e+08 3.56206e+08 1.87243e+08 3.40867e+07 -4.16863e-05 -0.000356607 0.00104451 0.000974627 0.127636
46 72 2 0.4 4.31993e-24 5.71477e-27 4.06524e-26 1.04752e+08 4.17201e+08 1.98419e+08 3.61213e+07 0 3.77468e+08 0 4.17201e+08 3.77468e+08 1.98419e+08 3.61213e+07 0.000118464 0.000659527 0.00284393 0.00138535 0.127424
37 73 0 0.107857 0.408623 0.000136766 0.000741976 1.03572e+08 4.12503e+08 1.96184e+08 3.57145e+07 0 3.73217e+08 0 4.12503e+08 3.73217e+08 1.96184e+08 3.57145e+07 0.000616914 0.00124884 0.000544318 0.000519682 0.0963888
44 73 1 0.286653 0.210141 0.000308729 0.000422274 1.3364e+07 5.32258e+07 2.53139e+07 4.60829e+06 0 4.81566e+07 0 5.32258e+07 4.81566e+07 2.53139e+07 4.60829e+06 0.00210304 -0.000355932 0.000173081 0.00350615 0.109326
45 73 2 0.385398 0.394341 0.000405283 0.000723146 7.07507e+07 2.81783e+08 1.34014e+08 2.43968e+07 0 2.54946e+08 0 2.81783e+08 2.54946e+08 1.34014e+08 2.43968e+07 0.00112106 -0.00125887 -0.000658184 0.00103607 0.0973335
37 74 0 0.107857 0.408623 0.000136766 0.000741976 1.03572e+08 4.12503e+08 1.96184e+08 3.57145e+07 0 3.73217e+08 0 4.12503e+08 3.73217e+08 1.96184e+08 3.57145e+07 0.000616914 0.00124884 0.000544318 0.000519682 0.0963888
30 74 1 -0.0819111 0.223038 -9.65371e-05 0.000414407 6.93626e+07 2.76254e+08 1.31385e+08 2.39181e+07 0 2.49944e+08 0 2.76254e+08 2.49944e+08 1.31385e+08 2.39181e+07 0.000548738 7.49741e-05 -0.000314474 0.00192355 0.108384
38 74 2 0.101231 0.185495 3.62155e-05 0.000368926 3.79454e+07 1.51127e+08 7.18754e+07 1.30846e+07 0 1.36734e+08 0 1.51127e+08 1.36734e+08 7.18754e+07 1.30846e+07 0.000849855 0.000298858 6.50383e-05 0.00232292 0.11126
35 75 0 0.275737 0.992857 0.000459322 0.00150976 8.59977e+07 3.42508e+08 1.62895e+08 2.96544e+07 0 3.09888e+08 0 3.42508e+08 3.09888e+08 1.62895e+08 2.96544e+07 0.00110044 -0.000837467 -4.24978e-05 0.000972786 0.0773905
41 75 1 0.449663 1.14993 0.000777132 0.00163872 5.1134e+07 2.03654e+08 9.6857e+07 1.76324e+07 0 1.84259e+08 0 2.03654e+08 1.84259e+08 9.6857e+07 1.76324e+07 0.00106499 -0.000322015 0.00181855 0.00173198 0.0771409
34 75 2 0.233799 1.22221 0.000486544 0.001977 2.11255e+07 8.41377e+07 4.00154e+07 7.28465e+06 0 7.61246e+07 0 8.41377e+07 7.61246e+07 4.00154e+07 7.28465e+06 0.00196632 0.00106676 0.000137762 0.0022705 0.075626
35 76 0 0.275737 0.992857 0.000459322 0.00150976 8.59977e+07 3.42508e+08 1.62895e+08 2.96544e+07 0 3.09888e+08 0 3.42508e+08 3.09888e+08 1.62895e+08 2.96544e+07 0.00110044 -0.000837467 -4.24978e-05 0.000972786 0.0773905
34 76 1 0.233799 1.22221 0.000486544 0.001977 2.11255e+07 8.41377e+07 4.00154e+07 7.28465e+06 0 7.61246e+07 0 8.41377e+07 7.61246e+07 4.00154e+07 7.28465e+06 0.00196632 0.00106676 0.000137762 0.0022705 0.075626
28 76 2 0.074641 1.03559 0.000270317 0.00166426 1.0883e+08 4.33444e+08 2.06144e+08 3.75276e+07 0 3.92164e+08 0 4.33444e+08 3.92164e+08 2.06144e+08 3.75276e+07 0.000772095 -0.000269641 0.00088315 0.000829321 0.0763304
33 77 0 0.117338 0.823576 0.000246277 0.00137479 3.91669e+07 1.55992e+08 7.4189e+07 1.35058e+07 0 1.41136e+08 0 1.55992e+08 1.41136e+08 7.4189e+07 1.35058e+07 0.00178382 -0.00049169 -0.000139303 0.00186555 0.0801236
35 77 1 0.275737 0.992857 0.000459322 0.00150976 8.59977e+07 3.42508e+08 1.62895e+08 2.96544e+07 0 3.09888e+08 0 3.42508e+08 3.09888e+08 1.62895e+08 2.96544e+07 0.00110044 -0.000837467 -4.24978e-05 0.000972786 0.0773905
28 77 2 0.074641 1.03559 0.000270317 0.00166426 1.0883e+08 4.33444e+08 2.06144e+08 3.75276e+07 0 3.92164e+08 0 4.33444e+08 3.92164e+08 2.06144e+08 3.75276e+07 0.000772095 -0.000269641 0.00088315 0.000829321 0.0763304
42 78 0 0.466441 0.946396 0.000627694 0.00141374 1.4351e+08 5.71566e+08 2.71834e+08 4.94862e+07 0 5.17131e+08 0 5.71566e+08 5.17131e+08 2.71834e+08 4.94862e+07 0.000595494 0.00010119 -0.000213254 0.000460535 0.0790899
41 78 1 0.449663 1.14993 0.000777132 0.00163872 5.1134e+07 2.03654e+08 9.6857e+07 1.76324e+07 0 1.84259e+08 0 2.03654e+08 1.84259e+08 9.6857e+07 1.76324e+07 0.00106499 -0.000322015 0.00181855 0.00173198 0.0771409
35 78 2 0.275737 0.992857 0.000459322 0.00150976 8.59977e+07 3.42508e+08 1.62895e+08 2.96544e+07 0 3.09888e+08 0 3.42508e+08 3.09888e+08 1.62895e+08 2.96544e+07 0.00110044 -0.000837467 -4.24978e-05 0.000972786 0.0773905
52 79 0 0.6 4.20851e-24 2.5999e-27 3.13418e-26 2.49339e+07 9.93056e+07 4.72292e+07 8.59789e+06 0 8.98479e+07 0 9.93056e+07 8.98479e+07 4.72292e+07 8.59789e+06 1.1868e-25 -7.26737e-25 0.003819 0.00275753 0.126806
50 79 1 0.506481 0.208268 0.000498613 0.00034498 1.003e+08 3.9947e+08 1.89986e+08 3.45861e+07 0 3.61425e+08 0 3.9947e+08 3.61425e+08 1.89986e+08 3.45861e+07 9.98544e-05 -1.55185e-05 0.00183265 0.00159825 0.109244
46 79 2 0.4 4.31993e-24 5.71477e-27 4.06524e-26 1.04752e+08 4.17201e+08 1.98419e+08 3.61213e+07 0 3.77468e+08 0 4.17201e+08 3.77468e+08 1.98419e+08 3.61213e+07 0.000118464 0.000659527 0.00284393 0.00138535 0.127424
28 80 0 0.074641 1.03559 0.000270317 0.00166426 1.0883e+08 4.33444e+08 2.06144e+08 3.75276e+07 0 3.92164e+08 0 4.33444e+08 3.92164e+08 2.06144e+08 3.75276e+07 0.000772095 -0.000269641 0.00088315 0.000829321 0.0763304
34 80 1 0.233799 1.22221 0.000486544 0.001977 2.11255e+07 8.41377e+07 4.00154e+07 7.28465e+06 0 7.61246e+07 0 8.41377e+07 7.61246e+07 4.00154e+07 7.28465e+06 0.00196632 0.00106676 0.000137762 0.0022705 0.075626
27 80 2 0.000856682 1.24795 0.00020463 0.00187791 1.11716e+08 4.44938e+08 2.1161e+08 3.85227e+07 0 4.02563e+08 0 4.44938e+08 4.02563e+08 2.1161e+08 3.85227e+07 0.00064132 -0.000668954 -0.000214165 0.000692853 0.0751125
20 81 0 -0.230588 1.22033 -3.72808e-05 0.00187738 4.87777e+07 1.9427e+08 9.23938e+07 1.68199e+07 0 1.75768e+08 0 1.9427e+08 1.75768e+08 9.23938e+07 1.68199e+07 0.00112446 0.000708815 -2.15737e-05 0.001981 0.0756007
21 81 1 -0.115339 1.0622 8.42592e-05 0.00165259 4.77842e+07 1.90313e+08 9.05119e+07 1.64773e+07 0 1.72188e+08 0 1.90313e+08 1.72188e+08 9.05119e+07 1.64773e+07 0.00138818 0.000730813 0.000556389 0.00158674 0.0760988
27 81 2 0.000856682 1.24795 0.00020463 0.00187791 1.11716e+08 4.44938e+08 2.1161e+08 3.85227e+07 0 4.02563e+08 0 4.44938e+08 4.02563e+08 2.1161e+08 3.85227e+07 0.00064132 -0.000668954 -0.000214165 0.000692853 0.0751125
33 82 0 0.117338 0.823576 0.000246277 0.00137479 3.91669e+07 1.55992e+08 7.4189e+07 1.35058e+07 0 1.41136e+08 0 1.55992e+08 1.41136e+08 7.4189e+07 1.35058e+07 0.00178382 -0.00049169 -0.000139303 0.00186555 0.0801236
40 82 1 0.349327 0.768361 0.000541072 0.00124314 9.22668e+07 3.67476e+08 1.7477e+08 3.18161e+07 0 3.32479e+08 0 3.67476e+08 3.32479e+08 1.7477e+08 3.18161e+07 0.000701867 7.5052e-05 -9.50107e-05 0.00115257 0.0821355
35 82 2 0.275737 0.992857 0.000459322 0.00150976 8.59977e+07 3.42508e+08 1.62895e+08 2.96544e+07 0 3.09888e+08 0 3.42508e+08 3.09888e+08 1.62895e+08 2.96544e+07 0.00110044 -0.000837467 -4.24978e-05 0.000972786 0.0773905
21 83 0 -0.115339 1.0622 8.42592e-05 0.00165259 4.77842e+07 1.90313e+08 9.05119e+07 1.64773e+07 0 1.72188e+08 0 1.90313e+08 1.72188e+08 9.05119e+07 1.64773e+07 0.00138818 0.000730813 0.000556389 0.00158674 0.0760988
19 83 1 -0.297137 0.965298 -0.000144058 0.0015112 1.10545e+08 4.40273e+08 2.09392e+08 3.81189e+07 0 3.98343e+08 0 4.40273e+08 3.98343e+08 2.09392e+08 3.81189e+07 0.000719927 -0.000457022 0.00037766 0.000824991 0.0778078
26 83 2 -0.101787 0.851602 -3.5322e-05 0.0014238 1.05735e+08 4.21117e+08 2.00281e+08 3.64603e+07 0 3.81011e+08 0 4.21117e+08 3.81011e+08 2.00281e+08 3.64603e+07 0.0010068 0.00137793 0.000733389 0.000721785 0.0794358
27 84 0 0.000856682 1.24795 0.00020463 0.00187791 1.11716e+08 4.44938e+08 2.1161e+08 3.85227e+07 0 4.02563e+08 0 4.44938e+08 4.02563e+08 2.1161e+08 3.85227e+07 0.00064132 -0.000668954 -0.000214165 0.000692853 0.0751125
21 84 1 -0.115339 1.0622 8.42592e-05 0.00165259 4.77842e+07 1.90313e+08 9.05119e+07 1.64773e+07 0 1.72188e+08 0 1.90313e+08 1.72188e+08 9.05119e+07 1.64773e+07 0.00138818 0.000730813 0.000556389 0.00158674 0.0760988
28 84 2 0.074641 1.03559 0.000270317 0.00166426 1.0883e+08 4.33444e+08 2.06144e+08 3.75276e+07 0 3.92164e+08 0 4.33444e+08 3.92164e+08 2.06144e+08 3.75276e+07 0.000772095 -0.000269641 0.00088315 0.000829321 0.0763304
20 85 0 -0.230588 1.22033 -3.72808e-05 0.00187738 4.87777e+07 1.9427e+08 9.23938e+07 1.68199e+07 0 1.75768e+08 0 1.9427e+08 1.75768e+08 9.23938e+07 1.68199e+07 0.00112446 0.000708815 -2.15737e-05 0.001981 0.0756007
19 85 1 -0.297137 0.965298 -0.000144058 0.0015112 1.10545e+08 4.40273e+08 2.09392e+08 3.81189e+07 0 3.98343e+08 0 4.40273e+08 3.98343e+08 2.09392e+08 3.81189e+07 0.000719927 -0.000457022 0.00037766 0.000824991 0.0778078
21 85 2 -0.115339 1.0622 8.42592e-05 0.00165259 4.77842e+07 1.90313e+08 9.05119e+07 1.64773e+07 0 1.72188e+08 0 1.90313e+08 1.72188e+08 9.05119e+07 1.64773e+07 0.00138818 0.000730813 0.000556389 0.00158674 0.0760988
50 86 0 0.506481 0.208268 0.000498613 0.00034498 1.003e+08 3.9947e+08 1.89986e+08 3.45861e+07 0 3.61425e+08 0 3.9947e+08 3.61425e+08 1.89986e+08 3.45861e+07 9.98544e-05 -1.55185e-05 0.00183265 0.00159825 0.109244
44 86 1 0.286653 0.210141 0.000308729 0.000422274 1.3364e+07 5.32258e+07 2.53139e+07 4.60829e+06 0 4.81566e+07 0 5.32258e+07 4.81566e+07 2.53139e+07 4.60829e+06 0.00210304 -0.000355932 0.000173081 0.00350615 0.109326
46 86 2 0.4 4.31993e-24 5.71477e-27 4.06524e-26 1.04752e+08 4.17201e+08 1.98419e+08 3.61213e+07 0 3.77468e+08 0 4.17201e+08 3.77468e+08 1.98419e+08 3.61213e+07 0.000118464 0.000659527 0.00284393 0.00138535 0.127424
22 87 0 -0.401865 0.442187 -0.000294999 0.000716602 5.25303e+07 2.09215e+08 9.95017e+07 1.81139e+07 0 1.8929e+08 0 2.09215e+08 1.8929e+08 9.95017e+07 1.81139e+07 0.00124487 0.00118908 -0.000158441 0.00188636 0.0946171
18 87 1 -0.550438 0.623634 -0.00057358 0.00118705 3.13071e+07 1.24689e+08 5.93012e+07 1.07955e+07 0 1.12813e+08 0 1.24689e+08 1.12813e+08 5.93012e+07 1.07955e+07 0.00189976 -0.00064363 -0.000555862 0.00311515 0.0871305
14 87 2 -0.640888 0.405075 -0.000624022 0.00052644 2.91347e+07 1.16036e+08 5.51863e+07 1.00464e+07 0 1.04985e+08 0 1.16036e+08 1.04985e+08 5.51863e+07 1.00464e+07 0.0018603 -0.000192424 -0.000806098 0.00322667 0.0965368
18 88 0 -0.550438 0.623634 -0.00057358 0.00118705 3.13071e+07 1.24689e+08 5.93012e+07 1.07955e+07 0 1.12813e+08 0 1.24689e+08 1.12813e+08 5.93012e+07 1.07955e+07 0.00189976 -0.00064363 -0.000555862 0.00311515 0.0871305
17 88 1 -0.492379 0.869812 -0.00039757 0.0015738 8.03993e+07 3.20211e+08 1.52291e+08 2.77239e+07 0 2.89715e+08 0 3.20211e+08 2.89715e+08 1.52291e+08 2.77239e+07 0.00122633 -0.00156946 0.000963067 0.00115119 0.0803579
10 88 2 -0.713614 0.767627 -0.000959062 0.00176212 2.49473e+07 9.93589e+07 4.72546e+07 8.6025e+06 0 8.98961e+07 0 9.93589e+07 8.98961e+07 4.72546e+07 8.6025e+06 0.00373299 -0.00098066 0.00158483 0.00303161 0.0840038
12 89 0 -0.809826 0.553854 -0.00131555 0.0010405 1.50343e+07 5.98779e+07 2.84776e+07 5.18423e+06 0 5.41752e+07 0 5.98779e+07 5.41752e+07 2.84776e+07 5.18423e+06 0.0044962 -0.00020912 -0.00195328 0.00425515 0.0906567
18 89 1 -0.550438 0.623634 -0.00057358 0.00118705 3.13071e+07 1.24689e+08 5.93012e+07 1.07955e+07 0 1.12813e+08 0 1.24689e+08 1.12813e+08 5.93012e+07 1.07955e+07 0.00189976 -0.00064363 -0.000555862 0.00311515 0.0871305
10 89 2 -0.713614 0.767627 -0.000959062 0.00176212 2.49473e+07 9.93589e+07 4.72546e+07 8.6025e+06 0 8.98961e+07 0 9.93589e+07 8.98961e+07 4.72546e+07 8.6025e+06 0.00373299 -0.00098066 0.00158483 0.00303161 0.0840038
22 90 0 -0.401865 0.442187 -0.000294999 0.000716602 5.25303e+07 2.09215e+08 9.95017e+07 1.81139e+07 0 1.8929e+08 0 2.09215e+08 1.8929e+08 9.95017e+07 1.81139e+07 0.00124487 0.00118908 -0.000158441 0.00188636 0.0946171
29 90 1 -0.165421 0.443163 -8.07367e-05 0.000735695 1.06553e+08 4.24373e+08 2.0183e+08 3.67423e+07 0 3.83957e+08 0 4.24373e+08 3.83957e+08 2.0183e+08 3.67423e+07 0.000569595 -0.0010396 -0.000346759 0.00102334 0.0944925
25 90 2 -0.297187 0.687984 -0.000287862 0.00117727 7.22578e+07 2.87785e+08 1.36869e+08 2.49165e+07 0 2.60377e+08 0 2.87785e+08 2.60377e+08 1.36869e+08 2.49165e+07 0.000752108 -0.000693786 -0.00063394 0.00165103 0.084272
19 91 0 -0.297137 0.965298 -0.000144058 0.0015112 1.10545e+08 4.40273e+08 2.09392e+08 3.81189e+07 0 3.98343e+08 0 4.40273e+08 3.98343e+08 2.09392e+08 3.81189e+07 0.000719927 -0.000457022 0.00037766 0.000824991 0.0778078
13 91 1 -0.453992 1.15216 -0.000235865 0.00184979 8.39045e+07 3.34171e+08 1.5893e+08 2.89326e+07 0 3.02346e+08 0 3.34171e+08 3.02346e+08 1.5893e+08 2.89326e+07 0.000708991 -0.00143555 -0.000160814 0.00121031 0.0770491
17 91 2 -0.492379 0.869812 -0.00039757 0.0015738 8.03993e+07 3.20211e+08 1.52291e+08 2.77239e+07 0 2.89715e+08 0 3.20211e+08 2.89715e+08 1.52291e+08 2.77239e+07 0.00122633 -0.00156946 0.000963067 0.00115119 0.0803579
28 92 0 0.074641 1.03559 0.000270317 0.00166426 1.0883e+08 4.33444e+08 2.06144e+08 3.75276e+07 0 3.92164e+08 0 4.33444e+08 3.92164e+08 2.06144e+08 3.75276e+07 0.000772095 -0.000269641 0.00088315 0.000829321 0.0763304
21 92 1 -0.115339 1.0622 8.42592e-05 0.00165259 4.77842e+07 1.90313e+08 9.05119e+07 1.64773e+07 0 1.72188e+08 0 1.90313e+08 1.72188e+08 9.05119e+07 1.64773e+07 0.00138818 0.000730813 0.000556389 0.00158674 0.0760988
26 92 2 -0.101787 0.851602 -3.5322e-05 0.0014238 1.05735e+08 4.21117e+08 2.00281e+08 3.64603e+07 0 3.81011e+08 0 4.21117e+08 3.81011e+08 2.00281e+08 3.64603e+07 0.0010068 0.00137793 0.000733389 0.000721785 0.0794358
13 93 0 -0.453992 1.15216 -0.000235865 0.00184979 8.39045e+07 3.34171e+08 1.5893e+08 2.89326e+07 0 3.02346e+08 0 3.34171e+08 3.02346e+08 1.5893e+08 2.89326e+07 0.000708991 -0.00143555 -0.000160814 0.00121031 0.0770491
11 93 1 -0.659406 1.03322 -0.0004526 0.00211534 7.13155e+07 2.84033e+08 1.35084e+08 2.45916e+07 0 2.56982e+08 0 2.84033e+08 2.56982e+08 1.35084e+08 2.45916e+07 0.00104592 -0.00253083 0.000685988 0.00128578 0.0796028
17 93 2 -0.492379 0.869812 -0.00039757 0.0015738 8.03993e+07 3.20211e+08 1.52291e+08 2.77239e+07 0 2.89715e+08 0 3.20211e+08 2.89715e+08 1.52291e+08 2.77239e+07 0.00122633 -0.00156946 0.000963067 0.00115119 0.0803579
38 94 0 0.101231 0.185495 3.62155e-05 0.000368926 3.79454e+07 1.51127e+08 7.18754e+07 1.30846e+07 0 1.36734e+08 0 1.51127e+08 1.36734e+08 7.18754e+07 1.30846e+07 0.000849855 0.000298858 6.50383e-05 0.00232292 0.11126
39 94 1 0.2 4.24239e-24 -1.9342e-28 3.32443e-26 9.88515e+07 3.93702e+08 1.87243e+08 3.40867e+07 0 3.56206e+08 0 3.93702e+08 3.56206e+08 1.87243e+08 3.40867e+07 -4.16863e-05 -0.000356607 0.00104451 0.000974627 0.127636
44 94 2 0.286653 0.210141 0.000308729 0.000422274 1.3364e+07 5.32258e+07 2.53139e+07 4.60829e+06 0 4.81566e+07 0 5.32258e+07 4.81566e+07 2.53139e+07 4.60829e+06 0.00210304 -0.000355932 0.000173081 0.00350615 0.109326
37 95 0 0.107857 0.408623 0.000136766 0.000741976 1.03572e+08 4.12503e+08 1.96184e+08 3.57145e+07 0 3.73217e+08 0 4.12503e+08 3.73217e+08 1.96184e+08 3.57145e+07 0.000616914 0.00124884 0.000544318 0.000519682 0.0963888
38 95 1 0.101231 0.185495 3.62155e-05 0.000368926 3.79454e+07 1.51127e+08 7.18754e+07 1.30846e+07 0 1.36734e+08 0 1.51127e+08 1.36734e+08 7.18754e+07 1.30846e+07 0.000849855 0.000298858 6.50383e-05 0.00232292 0.11126
44 95 2 0.286653 0.210141 0.000308729 0.000422274 1.3364e+07 5.32258e+07 2.53139e+07 4.60829e+06 0 4.81566e+07 0 5.32258e+07 4.81566e+07 2.53139e+07 4.60829e+06 0.00210304 -0.000355932 0.000173081 0.00350615 0.109326
30 96 0 -0.0819111 0.223038 -9.65371e-05 0.000414407 6.93626e+07 2.76254e+08 1.31385e+08 2.39181e+07 0 2.49944e+08 0 2.76254e+08 2.49944e+08 1.31385e+08 2.39181e+07 0.000548738 7.49741e-05 -0.000314474 0.00192355 0.108384
31 96 1 2.49704e-17 4.25104e-24 -1.08064e-27 3.518e-26 8.1291e+07 3.23762e+08 1.5398e+08 2.80314e+07 0 2.92928e+08 0 3.23762e+08 2.92928e+08 1.5398e+08 2.80314e+07 0.000231439 -0.000359546 -0.000264661 0.00168797 0.127671
38 96 2 0.101231 0.185495 3.62155e-05 0.000368926 3.79454e+07 1.51127e+08 7.18754e+07 1.30846e+07 0 1.36734e+08 0 1.51127e+08 1.36734e+08 7.18754e+07 1.30846e+07 0.000849855 0.000298858 6.50383e-05 0.00232292 0.11126
13 97 0 -0.453992 1.15216 -0.000235865 0.00184979 8.39045e+07 3.34171e+08 1.5893e+08 2.89326e+07 0 3.02346e+08 0 3.34171e+08 3.02346e+08 1.5893e+08 2.89326e+07 0.000708991 -0.00143555 -0.000160814 0.00121031 0.0770491
19 97 1 -0.297137 0.965298 -0.000144058 0.0015112 1.10545e+08 4.40273e+08 2.09392e+08 3.81189e+07 0 3.98343e+08 0 4.40273e+08 3.98343e+08 2.09392e+08 3.81189e+07 0.000719927 -0.000457022 0.00037766 0.000824991 0.0778078
20 97 2 -0.230588 1.22033 -3.72808e-05 0.00187738 4.87777e+07 1.9427e+08 9.23938e+07 1.68199e+07 0 1.75768e+08 0 1.9427e+08 1.75768e+08 9.23938e+07 1.68199e+07 0.00112446 0.000708815 -2.15737e-05 0.001981 0.0756007
