Index_Vertex nbTriangle nbInTr x y ux uy Elast AR BR IR GR ER FR A1 A2 B12 C3 Defxx Defxy Defyx Defyy Density 
0 0 0 -1 1.01789e-24 4.85471e-27 1.91919e-26 1.96243e+07 7.8159e+07 3.7172e+07 6.76701e+06 0 7.07153e+07 0 7.8159e+07 7.07153e+07 3.7172e+07 6.76701e+06 0.0030895 -0.000282049 -0.0137013 0.00385213 0.126781
1 0 1 -0.8 3.49617e-24 -9.8215e-27 4.01405e-26 9.06262e+07 3.60942e+08 1.71662e+08 3.12504e+07 0 3.26567e+08 0 3.60942e+08 3.26567e+08 1.71662e+08 3.12504e+07 -0.000227293 0.000332297 -0.00668613 0.000837785 0.130688
2 0 2 -0.90208 0.161536 -0.00111622 0.000516089 1.65395e+07 6.58728e+07 3.13288e+07 5.70327e+06 0 5.95992e+07 0 6.58728e+07 5.95992e+07 3.13288e+07 5.70327e+06 0.00183477 -0.000572638 -0.00244464 0.00290678 0.115972
2 1 0 -0.90208 0.161536 -0.00111622 0.000516089 1.65395e+07 6.58728e+07 3.13288e+07 5.70327e+06 0 5.95992e+07 0 6.58728e+07 5.95992e+07 3.13288e+07 5.70327e+06 0.00183477 -0.000572638 -0.00244464 0.00290678 0.115972
3 1 1 -1.09176 0.218854 -0.00142536 0.000468349 8.93608e+07 3.55903e+08 1.69265e+08 3.08141e+07 0 3.22007e+08 0 3.55903e+08 3.22007e+08 1.69265e+08 3.08141e+07 0.000757755 0.00158484 0.00011417 0.00117622 0.111156
0 1 2 -1 1.01789e-24 4.85471e-27 1.91919e-26 1.96243e+07 7.8159e+07 3.7172e+07 6.76701e+06 0 7.07153e+07 0 7.8159e+07 7.07153e+07 3.7172e+07 6.76701e+06 0.0030895 -0.000282049 -0.0137013 0.00385213 0.126781
8 2 0 -0.6 3.49716e-24 -1.94365e-27 2.83327e-26 5.11391e+07 2.03675e+08 9.68666e+07 1.76342e+07 0 1.84277e+08 0 2.03675e+08 1.84277e+08 9.68666e+07 1.76342e+07 7.79981e-19 -5.89461e-19 -0.00366903 0.00234252 0.131908
7 2 1 -0.703409 0.190675 -0.00081931 0.00048457 1.34207e+07 5.34516e+07 2.54213e+07 4.62784e+06 0 4.83609e+07 0 5.34516e+07 4.83609e+07 2.54213e+07 4.62784e+06 0.00211311 -0.000774863 -0.00409296 0.00411715 0.115157
1 2 2 -0.8 3.49617e-24 -9.8215e-27 4.01405e-26 9.06262e+07 3.60942e+08 1.71662e+08 3.12504e+07 0 3.26567e+08 0 3.60942e+08 3.26567e+08 1.71662e+08 3.12504e+07 -0.000227293 0.000332297 -0.00668613 0.000837785 0.130688
9 3 0 -0.86403 0.340545 -0.00128294 0.000787597 1.44366e+08 5.74973e+08 2.73454e+08 4.97812e+07 0 5.20214e+08 0 5.74973e+08 5.20214e+08 2.73454e+08 4.97812e+07 1.66767e-05 0.000897096 0.000188461 5.76966e-05 0.105788
3 3 1 -1.09176 0.218854 -0.00142536 0.000468349 8.93608e+07 3.55903e+08 1.69265e+08 3.08141e+07 0 3.22007e+08 0 3.55903e+08 3.22007e+08 1.69265e+08 3.08141e+07 0.000757755 0.00158484 0.00011417 0.00117622 0.111156
2 3 2 -0.90208 0.161536 -0.00111622 0.000516089 1.65395e+07 6.58728e+07 3.13288e+07 5.70327e+06 0 5.95992e+07 0 6.58728e+07 5.95992e+07 3.13288e+07 5.70327e+06 0.00183477 -0.000572638 -0.00244464 0.00290678 0.115972
8 4 0 -0.6 3.49716e-24 -1.94365e-27 2.83327e-26 5.11391e+07 2.03675e+08 9.68666e+07 1.76342e+07 0 1.84277e+08 0 2.03675e+08 1.84277e+08 9.68666e+07 1.76342e+07 7.79981e-19 -5.89461e-19 -0.00366903 0.00234252 0.131908
14 4 1 -0.495858 0.207727 -0.000537061 0.000404344 9.17247e+07 3.65317e+08 1.73743e+08 3.16292e+07 0 3.30525e+08 0 3.65317e+08 3.30525e+08 1.73743e+08 3.16292e+07 0.000425142 0.000611403 -0.00187859 0.00140538 0.114291
7 4 2 -0.703409 0.190675 -0.00081931 0.00048457 1.34207e+07 5.34516e+07 2.54213e+07 4.62784e+06 0 4.83609e+07 0 5.34516e+07 4.83609e+07 2.54213e+07 4.62784e+06 0.00211311 -0.000774863 -0.00409296 0.00411715 0.115157
7 5 0 -0.703409 0.190675 -0.00081931 0.00048457 1.34207e+07 5.34516e+07 2.54213e+07 4.62784e+06 0 4.83609e+07 0 5.34516e+07 4.83609e+07 2.54213e+07 4.62784e+06 0.00211311 -0.000774863 -0.00409296 0.00411715 0.115157
2 5 1 -0.90208 0.161536 -0.00111622 0.000516089 1.65395e+07 6.58728e+07 3.13288e+07 5.70327e+06 0 5.95992e+07 0 6.58728e+07 5.95992e+07 3.13288e+07 5.70327e+06 0.00183477 -0.000572638 -0.00244464 0.00290678 0.115972
1 5 2 -0.8 3.49617e-24 -9.8215e-27 4.01405e-26 9.06262e+07 3.60942e+08 1.71662e+08 3.12504e+07 0 3.26567e+08 0 3.60942e+08 3.26567e+08 1.71662e+08 3.12504e+07 -0.000227293 0.000332297 -0.00668613 0.000837785 0.130688
15 6 0 -0.625511 0.390098 -0.000993515 0.000792873 2.62814e+07 1.04673e+08 4.97817e+07 9.06256e+06 0 9.47037e+07 0 1.04673e+08 9.47037e+07 4.97817e+07 9.06256e+06 0.00272578 -0.00196951 -0.000264423 0.00263152 0.102919
7 6 1 -0.703409 0.190675 -0.00081931 0.00048457 1.34207e+07 5.34516e+07 2.54213e+07 4.62784e+06 0 4.83609e+07 0 5.34516e+07 4.83609e+07 2.54213e+07 4.62784e+06 0.00211311 -0.000774863 -0.00409296 0.00411715 0.115157
14 6 2 -0.495858 0.207727 -0.000537061 0.000404344 9.17247e+07 3.65317e+08 1.73743e+08 3.16292e+07 0 3.30525e+08 0 3.65317e+08 3.30525e+08 1.73743e+08 3.16292e+07 0.000425142 0.000611403 -0.00187859 0.00140538 0.114291
15 7 0 -0.625511 0.390098 -0.000993515 0.000792873 2.62814e+07 1.04673e+08 4.97817e+07 9.06256e+06 0 9.47037e+07 0 1.04673e+08 9.47037e+07 4.97817e+07 9.06256e+06 0.00272578 -0.00196951 -0.000264423 0.00263152 0.102919
9 7 1 -0.86403 0.340545 -0.00128294 0.000787597 1.44366e+08 5.74973e+08 2.73454e+08 4.97812e+07 0 5.20214e+08 0 5.74973e+08 5.20214e+08 2.73454e+08 4.97812e+07 1.66767e-05 0.000897096 0.000188461 5.76966e-05 0.105788
7 7 2 -0.703409 0.190675 -0.00081931 0.00048457 1.34207e+07 5.34516e+07 2.54213e+07 4.62784e+06 0 4.83609e+07 0 5.34516e+07 4.83609e+07 2.54213e+07 4.62784e+06 0.00211311 -0.000774863 -0.00409296 0.00411715 0.115157
12 8 0 -0.786336 0.534078 -0.00133707 0.00108711 5.54433e+07 2.20817e+08 1.0502e+08 1.91184e+07 0 1.99787e+08 0 2.20817e+08 1.99787e+08 1.0502e+08 1.91184e+07 0.000985794 0.001222 1.75798e-05 0.00166609 0.0972706
9 8 1 -0.86403 0.340545 -0.00128294 0.000787597 1.44366e+08 5.74973e+08 2.73454e+08 4.97812e+07 0 5.20214e+08 0 5.74973e+08 5.20214e+08 2.73454e+08 4.97812e+07 1.66767e-05 0.000897096 0.000188461 5.76966e-05 0.105788
15 8 2 -0.625511 0.390098 -0.000993515 0.000792873 2.62814e+07 1.04673e+08 4.97817e+07 9.06256e+06 0 9.47037e+07 0 1.04673e+08 9.47037e+07 4.97817e+07 9.06256e+06 0.00272578 -0.00196951 -0.000264423 0.00263152 0.102919
5 9 0 -1.04829 0.450337 -0.00152314 0.000767975 9.62067e+07 3.83168e+08 1.82233e+08 3.31747e+07 0 3.46676e+08 0 3.83168e+08 3.46676e+08 1.82233e+08 3.31747e+07 0.000808925 0.000718827 -0.00127169 0.000839335 0.102383
3 9 1 -1.09176 0.218854 -0.00142536 0.000468349 8.93608e+07 3.55903e+08 1.69265e+08 3.08141e+07 0 3.22007e+08 0 3.55903e+08 3.22007e+08 1.69265e+08 3.08141e+07 0.000757755 0.00158484 0.00011417 0.00117622 0.111156
9 9 2 -0.86403 0.340545 -0.00128294 0.000787597 1.44366e+08 5.74973e+08 2.73454e+08 4.97812e+07 0 5.20214e+08 0 5.74973e+08 5.20214e+08 2.73454e+08 4.97812e+07 1.66767e-05 0.000897096 0.000188461 5.76966e-05 0.105788
9 10 0 -0.86403 0.340545 -0.00128294 0.000787597 1.44366e+08 5.74973e+08 2.73454e+08 4.97812e+07 0 5.20214e+08 0 5.74973e+08 5.20214e+08 2.73454e+08 4.97812e+07 1.66767e-05 0.000897096 0.000188461 5.76966e-05 0.105788
12 10 1 -0.786336 0.534078 -0.00133707 0.00108711 5.54433e+07 2.20817e+08 1.0502e+08 1.91184e+07 0 1.99787e+08 0 2.20817e+08 1.99787e+08 1.0502e+08 1.91184e+07 0.000985794 0.001222 1.75798e-05 0.00166609 0.0972706
5 10 2 -1.04829 0.450337 -0.00152314 0.000767975 9.62067e+07 3.83168e+08 1.82233e+08 3.31747e+07 0 3.46676e+08 0 3.83168e+08 3.46676e+08 1.82233e+08 3.31747e+07 0.000808925 0.000718827 -0.00127169 0.000839335 0.102383
12 11 0 -0.786336 0.534078 -0.00133707 0.00108711 5.54433e+07 2.20817e+08 1.0502e+08 1.91184e+07 0 1.99787e+08 0 2.20817e+08 1.99787e+08 1.0502e+08 1.91184e+07 0.000985794 0.001222 1.75798e-05 0.00166609 0.0972706
10 11 1 -0.691854 0.737742 -0.00122745 0.00160995 3.86518e+07 1.53941e+08 7.32135e+07 1.33282e+07 0 1.3928e+08 0 1.53941e+08 1.3928e+08 7.32135e+07 1.33282e+07 0.0027008 0.00122766 -0.00179181 0.00183367 0.0905142
6 11 2 -0.951441 0.658614 -0.00161167 0.00115487 5.19923e+07 2.07073e+08 9.84827e+07 1.79284e+07 0 1.87352e+08 0 2.07073e+08 1.87352e+08 9.84827e+07 1.79284e+07 0.00107911 0.00136225 0.00113071 0.00194435 0.0953075
5 12 0 -1.04829 0.450337 -0.00152314 0.000767975 9.62067e+07 3.83168e+08 1.82233e+08 3.31747e+07 0 3.46676e+08 0 3.83168e+08 3.46676e+08 1.82233e+08 3.31747e+07 0.000808925 0.000718827 -0.00127169 0.000839335 0.102383
12 12 1 -0.786336 0.534078 -0.00133707 0.00108711 5.54433e+07 2.20817e+08 1.0502e+08 1.91184e+07 0 1.99787e+08 0 2.20817e+08 1.99787e+08 1.0502e+08 1.91184e+07 0.000985794 0.001222 1.75798e-05 0.00166609 0.0972706
6 12 2 -0.951441 0.658614 -0.00161167 0.00115487 5.19923e+07 2.07073e+08 9.84827e+07 1.79284e+07 0 1.87352e+08 0 2.07073e+08 1.87352e+08 9.84827e+07 1.79284e+07 0.00107911 0.00136225 0.00113071 0.00194435 0.0953075
15 13 0 -0.625511 0.390098 -0.000993515 0.000792873 2.62814e+07 1.04673e+08 4.97817e+07 9.06256e+06 0 9.47037e+07 0 1.04673e+08 9.47037e+07 4.97817e+07 9.06256e+06 0.00272578 -0.00196951 -0.000264423 0.00263152 0.102919
17 13 1 -0.534779 0.599212 -0.000743208 0.00125174 1.97597e+07 7.86982e+07 3.74285e+07 6.8137e+06 0 7.12031e+07 0 7.86982e+07 7.12031e+07 3.74285e+07 6.8137e+06 0.00320342 -0.00123271 8.5779e-05 0.00314655 0.0934895
12 13 2 -0.786336 0.534078 -0.00133707 0.00108711 5.54433e+07 2.20817e+08 1.0502e+08 1.91184e+07 0 1.99787e+08 0 2.20817e+08 1.99787e+08 1.0502e+08 1.91184e+07 0.000985794 0.001222 1.75798e-05 0.00166609 0.0972706
2 14 0 -0.90208 0.161536 -0.00111622 0.000516089 1.65395e+07 6.58728e+07 3.13288e+07 5.70327e+06 0 5.95992e+07 0 6.58728e+07 5.95992e+07 3.13288e+07 5.70327e+06 0.00183477 -0.000572638 -0.00244464 0.00290678 0.115972
7 14 1 -0.703409 0.190675 -0.00081931 0.00048457 1.34207e+07 5.34516e+07 2.54213e+07 4.62784e+06 0 4.83609e+07 0 5.34516e+07 4.83609e+07 2.54213e+07 4.62784e+06 0.00211311 -0.000774863 -0.00409296 0.00411715 0.115157
9 14 2 -0.86403 0.340545 -0.00128294 0.000787597 1.44366e+08 5.74973e+08 2.73454e+08 4.97812e+07 0 5.20214e+08 0 5.74973e+08 5.20214e+08 2.73454e+08 4.97812e+07 1.66767e-05 0.000897096 0.000188461 5.76966e-05 0.105788
14 15 0 -0.495858 0.207727 -0.000537061 0.000404344 9.17247e+07 3.65317e+08 1.73743e+08 3.16292e+07 0 3.30525e+08 0 3.65317e+08 3.30525e+08 1.73743e+08 3.16292e+07 0.000425142 0.000611403 -0.00187859 0.00140538 0.114291
23 15 1 -0.288649 0.215249 -0.000370544 0.000594925 3.62988e+07 1.44569e+08 6.87565e+07 1.25168e+07 0 1.30801e+08 0 1.44569e+08 1.30801e+08 6.87565e+07 1.25168e+07 0.00169775 5.9993e-05 -0.00119915 0.00208264 0.113799
22 15 2 -0.392867 0.42448 -0.000581262 0.000878954 6.59773e+07 2.62772e+08 1.24973e+08 2.27508e+07 0 2.37746e+08 0 2.62772e+08 2.37746e+08 1.24973e+08 2.27508e+07 0.000678095 0.00205622 0.00121301 0.00178919 0.100708
16 16 0 -0.4 3.45425e-24 -1.89396e-27 3.96048e-26 6.14081e+07 2.44574e+08 1.16318e+08 2.11752e+07 0 2.21281e+08 0 2.44574e+08 2.21281e+08 1.16318e+08 2.11752e+07 -0.000149809 -0.000272457 -0.00316519 0.00264407 0.132314
14 16 1 -0.495858 0.207727 -0.000537061 0.000404344 9.17247e+07 3.65317e+08 1.73743e+08 3.16292e+07 0 3.30525e+08 0 3.65317e+08 3.30525e+08 1.73743e+08 3.16292e+07 0.000425142 0.000611403 -0.00187859 0.00140538 0.114291
8 16 2 -0.6 3.49716e-24 -1.94365e-27 2.83327e-26 5.11391e+07 2.03675e+08 9.68666e+07 1.76342e+07 0 1.84277e+08 0 2.03675e+08 1.84277e+08 9.68666e+07 1.76342e+07 7.79981e-19 -5.89461e-19 -0.00366903 0.00234252 0.131908
16 17 0 -0.4 3.45425e-24 -1.89396e-27 3.96048e-26 6.14081e+07 2.44574e+08 1.16318e+08 2.11752e+07 0 2.21281e+08 0 2.44574e+08 2.21281e+08 1.16318e+08 2.11752e+07 -0.000149809 -0.000272457 -0.00316519 0.00264407 0.132314
24 17 1 -0.2 3.45002e-24 1.54488e-27 2.80487e-26 2.42921e+07 9.67497e+07 4.60137e+07 8.3766e+06 0 8.75354e+07 0 9.67497e+07 8.75354e+07 4.60137e+07 8.3766e+06 0.000572041 -1.94519e-05 -0.00133202 0.00374436 0.132418
23 17 2 -0.288649 0.215249 -0.000370544 0.000594925 3.62988e+07 1.44569e+08 6.87565e+07 1.25168e+07 0 1.30801e+08 0 1.44569e+08 1.30801e+08 6.87565e+07 1.25168e+07 0.00169775 5.9993e-05 -0.00119915 0.00208264 0.113799
32 18 0 -0.0474572 0.604567 -7.74692e-05 0.00113245 8.33463e+07 3.31948e+08 1.57873e+08 2.87401e+07 0 3.00334e+08 0 3.31948e+08 3.00334e+08 1.57873e+08 2.87401e+07 0.00105873 0.000451615 0.000388856 0.00118076 0.0920582
37 18 1 0.10416 0.390997 -6.53231e-05 0.000841904 4.59376e+07 1.82958e+08 8.70141e+07 1.58406e+07 0 1.65534e+08 0 1.82958e+08 1.65534e+08 8.70141e+07 1.58406e+07 0.00109434 0.00137804 0.00114047 0.00234939 0.102276
36 18 2 0.146838 0.607134 0.000133721 0.0012715 8.03336e+07 3.19949e+08 1.52166e+08 2.77013e+07 0 2.89478e+08 0 3.19949e+08 2.89478e+08 1.52166e+08 2.77013e+07 0.00103273 0.000656094 0.000629137 0.00122584 0.0920668
26 19 0 -0.100567 0.815846 -0.000128736 0.00144489 4.26004e+07 1.69667e+08 8.06927e+07 1.46898e+07 0 1.53508e+08 0 1.69667e+08 1.53508e+08 8.06927e+07 1.46898e+07 0.00186038 0.000288345 0.000143642 0.00183729 0.0855922
32 19 1 -0.0474572 0.604567 -7.74692e-05 0.00113245 8.33463e+07 3.31948e+08 1.57873e+08 2.87401e+07 0 3.00334e+08 0 3.31948e+08 3.00334e+08 1.57873e+08 2.87401e+07 0.00105873 0.000451615 0.000388856 0.00118076 0.0920582
33 19 2 0.112501 0.789932 0.000204893 0.00150399 6.32014e+07 2.51716e+08 1.19715e+08 2.17936e+07 0 2.27743e+08 0 2.51716e+08 2.27743e+08 1.19715e+08 2.17936e+07 0.00131461 0.000227136 -0.000137955 0.00147456 0.0862482
28 20 0 0.0714932 0.9941 5.41488e-05 0.00192683 4.34873e+07 1.73199e+08 8.23728e+07 1.49956e+07 0 1.56704e+08 0 1.73199e+08 1.56704e+08 8.23728e+07 1.49956e+07 0.00136209 0.000871531 -0.00120217 0.00245042 0.0824607
26 20 1 -0.100567 0.815846 -0.000128736 0.00144489 4.26004e+07 1.69667e+08 8.06927e+07 1.46898e+07 0 1.53508e+08 0 1.69667e+08 1.53508e+08 8.06927e+07 1.46898e+07 0.00186038 0.000288345 0.000143642 0.00183729 0.0855922
33 20 2 0.112501 0.789932 0.000204893 0.00150399 6.32014e+07 2.51716e+08 1.19715e+08 2.17936e+07 0 2.27743e+08 0 2.51716e+08 2.27743e+08 1.19715e+08 2.17936e+07 0.00131461 0.000227136 -0.000137955 0.00147456 0.0862482
19 21 0 -0.289934 0.926188 -0.000667827 0.00184618 2.51429e+07 1.00138e+08 4.76253e+07 8.66998e+06 0 9.06013e+07 0 1.00138e+08 9.06013e+07 4.76253e+07 8.66998e+06 0.00180727 -1.99381e-05 -0.00128836 0.00270369 0.0840061
18 21 1 -0.478416 0.835138 -0.000855628 0.00180759 3.92646e+07 1.56381e+08 7.43742e+07 1.35395e+07 0 1.41488e+08 0 1.56381e+08 1.41488e+08 7.43742e+07 1.35395e+07 0.00163764 -0.000940267 -0.00142273 0.00231869 0.0866877
25 21 2 -0.290182 0.659738 -0.000350656 0.00130428 8.32498e+07 3.31564e+08 1.5769e+08 2.87068e+07 0 2.99986e+08 0 3.31564e+08 2.99986e+08 1.5769e+08 2.87068e+07 0.000951006 -3.82277e-05 -0.00018568 0.00123774 0.0904349
17 22 0 -0.534779 0.599212 -0.000743208 0.00125174 1.97597e+07 7.86982e+07 3.74285e+07 6.8137e+06 0 7.12031e+07 0 7.86982e+07 7.12031e+07 3.74285e+07 6.8137e+06 0.00320342 -0.00123271 8.5779e-05 0.00314655 0.0934895
10 22 1 -0.691854 0.737742 -0.00122745 0.00160995 3.86518e+07 1.53941e+08 7.32135e+07 1.33282e+07 0 1.3928e+08 0 1.53941e+08 1.3928e+08 7.32135e+07 1.33282e+07 0.0027008 0.00122766 -0.00179181 0.00183367 0.0905142
12 22 2 -0.786336 0.534078 -0.00133707 0.00108711 5.54433e+07 2.20817e+08 1.0502e+08 1.91184e+07 0 1.99787e+08 0 2.20817e+08 1.99787e+08 1.0502e+08 1.91184e+07 0.000985794 0.001222 1.75798e-05 0.00166609 0.0972706
14 23 0 -0.495858 0.207727 -0.000537061 0.000404344 9.17247e+07 3.65317e+08 1.73743e+08 3.16292e+07 0 3.30525e+08 0 3.65317e+08 3.30525e+08 1.73743e+08 3.16292e+07 0.000425142 0.000611403 -0.00187859 0.00140538 0.114291
22 23 1 -0.392867 0.42448 -0.000581262 0.000878954 6.59773e+07 2.62772e+08 1.24973e+08 2.27508e+07 0 2.37746e+08 0 2.62772e+08 2.37746e+08 1.24973e+08 2.27508e+07 0.000678095 0.00205622 0.00121301 0.00178919 0.100708
15 23 2 -0.625511 0.390098 -0.000993515 0.000792873 2.62814e+07 1.04673e+08 4.97817e+07 9.06256e+06 0 9.47037e+07 0 1.04673e+08 9.47037e+07 4.97817e+07 9.06256e+06 0.00272578 -0.00196951 -0.000264423 0.00263152 0.102919
18 24 0 -0.478416 0.835138 -0.000855628 0.00180759 3.92646e+07 1.56381e+08 7.43742e+07 1.35395e+07 0 1.41488e+08 0 1.56381e+08 1.41488e+08 7.43742e+07 1.35395e+07 0.00163764 -0.000940267 -0.00142273 0.00231869 0.0866877
10 24 1 -0.691854 0.737742 -0.00122745 0.00160995 3.86518e+07 1.53941e+08 7.32135e+07 1.33282e+07 0 1.3928e+08 0 1.53941e+08 1.3928e+08 7.32135e+07 1.33282e+07 0.0027008 0.00122766 -0.00179181 0.00183367 0.0905142
17 24 2 -0.534779 0.599212 -0.000743208 0.00125174 1.97597e+07 7.86982e+07 3.74285e+07 6.8137e+06 0 7.12031e+07 0 7.86982e+07 7.12031e+07 3.74285e+07 6.8137e+06 0.00320342 -0.00123271 8.5779e-05 0.00314655 0.0934895
25 25 0 -0.290182 0.659738 -0.000350656 0.00130428 8.32498e+07 3.31564e+08 1.5769e+08 2.87068e+07 0 2.99986e+08 0 3.31564e+08 2.99986e+08 1.5769e+08 2.87068e+07 0.000951006 -3.82277e-05 -0.00018568 0.00123774 0.0904349
18 25 1 -0.478416 0.835138 -0.000855628 0.00180759 3.92646e+07 1.56381e+08 7.43742e+07 1.35395e+07 0 1.41488e+08 0 1.56381e+08 1.41488e+08 7.43742e+07 1.35395e+07 0.00163764 -0.000940267 -0.00142273 0.00231869 0.0866877
17 25 2 -0.534779 0.599212 -0.000743208 0.00125174 1.97597e+07 7.86982e+07 3.74285e+07 6.8137e+06 0 7.12031e+07 0 7.86982e+07 7.12031e+07 3.74285e+07 6.8137e+06 0.00320342 -0.00123271 8.5779e-05 0.00314655 0.0934895
19 26 0 -0.289934 0.926188 -0.000667827 0.00184618 2.51429e+07 1.00138e+08 4.76253e+07 8.66998e+06 0 9.06013e+07 0 1.00138e+08 9.06013e+07 4.76253e+07 8.66998e+06 0.00180727 -1.99381e-05 -0.00128836 0.00270369 0.0840061
13 26 1 -0.441085 1.10566 -0.000884071 0.00213693 1.1804e+08 4.70127e+08 2.2359e+08 4.07036e+07 0 4.25353e+08 0 4.70127e+08 4.25353e+08 2.2359e+08 4.07036e+07 0.000417092 0.000195281 0.000751939 0.000683941 0.0833098
18 26 2 -0.478416 0.835138 -0.000855628 0.00180759 3.92646e+07 1.56381e+08 7.43742e+07 1.35395e+07 0 1.41488e+08 0 1.56381e+08 1.41488e+08 7.43742e+07 1.35395e+07 0.00163764 -0.000940267 -0.00142273 0.00231869 0.0866877
6 27 0 -0.951441 0.658614 -0.00161167 0.00115487 5.19923e+07 2.07073e+08 9.84827e+07 1.79284e+07 0 1.87352e+08 0 2.07073e+08 1.87352e+08 9.84827e+07 1.79284e+07 0.00107911 0.00136225 0.00113071 0.00194435 0.0953075
10 27 1 -0.691854 0.737742 -0.00122745 0.00160995 3.86518e+07 1.53941e+08 7.32135e+07 1.33282e+07 0 1.3928e+08 0 1.53941e+08 1.3928e+08 7.32135e+07 1.33282e+07 0.0027008 0.00122766 -0.00179181 0.00183367 0.0905142
4 27 2 -0.815835 0.84341 -0.00145051 0.00156638 1.51484e+08 6.03323e+08 2.86937e+08 5.22357e+07 0 5.45864e+08 0 6.03323e+08 5.45864e+08 2.86937e+08 5.22357e+07 0.000106672 0.00157349 -0.000635681 0.000348462 0.0899423
25 28 0 -0.290182 0.659738 -0.000350656 0.00130428 8.32498e+07 3.31564e+08 1.5769e+08 2.87068e+07 0 2.99986e+08 0 3.31564e+08 2.99986e+08 1.5769e+08 2.87068e+07 0.000951006 -3.82277e-05 -0.00018568 0.00123774 0.0904349
17 28 1 -0.534779 0.599212 -0.000743208 0.00125174 1.97597e+07 7.86982e+07 3.74285e+07 6.8137e+06 0 7.12031e+07 0 7.86982e+07 7.12031e+07 3.74285e+07 6.8137e+06 0.00320342 -0.00123271 8.5779e-05 0.00314655 0.0934895
22 28 2 -0.392867 0.42448 -0.000581262 0.000878954 6.59773e+07 2.62772e+08 1.24973e+08 2.27508e+07 0 2.37746e+08 0 2.62772e+08 2.37746e+08 1.24973e+08 2.27508e+07 0.000678095 0.00205622 0.00121301 0.00178919 0.100708
26 29 0 -0.100567 0.815846 -0.000128736 0.00144489 4.26004e+07 1.69667e+08 8.06927e+07 1.46898e+07 0 1.53508e+08 0 1.69667e+08 1.53508e+08 8.06927e+07 1.46898e+07 0.00186038 0.000288345 0.000143642 0.00183729 0.0855922
25 29 1 -0.290182 0.659738 -0.000350656 0.00130428 8.32498e+07 3.31564e+08 1.5769e+08 2.87068e+07 0 2.99986e+08 0 3.31564e+08 2.99986e+08 1.5769e+08 2.87068e+07 0.000951006 -3.82277e-05 -0.00018568 0.00123774 0.0904349
32 29 2 -0.0474572 0.604567 -7.74692e-05 0.00113245 8.33463e+07 3.31948e+08 1.57873e+08 2.87401e+07 0 3.00334e+08 0 3.31948e+08 3.00334e+08 1.57873e+08 2.87401e+07 0.00105873 0.000451615 0.000388856 0.00118076 0.0920582
26 30 0 -0.100567 0.815846 -0.000128736 0.00144489 4.26004e+07 1.69667e+08 8.06927e+07 1.46898e+07 0 1.53508e+08 0 1.69667e+08 1.53508e+08 8.06927e+07 1.46898e+07 0.00186038 0.000288345 0.000143642 0.00183729 0.0855922
19 30 1 -0.289934 0.926188 -0.000667827 0.00184618 2.51429e+07 1.00138e+08 4.76253e+07 8.66998e+06 0 9.06013e+07 0 1.00138e+08 9.06013e+07 4.76253e+07 8.66998e+06 0.00180727 -1.99381e-05 -0.00128836 0.00270369 0.0840061
25 30 2 -0.290182 0.659738 -0.000350656 0.00130428 8.32498e+07 3.31564e+08 1.5769e+08 2.87068e+07 0 2.99986e+08 0 3.31564e+08 2.99986e+08 1.5769e+08 2.87068e+07 0.000951006 -3.82277e-05 -0.00018568 0.00123774 0.0904349
30 31 0 -0.0821089 0.21399 -0.000160747 0.000453008 8.91165e+07 3.54929e+08 1.68803e+08 3.07298e+07 0 3.21127e+08 0 3.54929e+08 3.21127e+08 1.68803e+08 3.07298e+07 0.000321201 -0.0014134 -0.00086536 0.00133322 0.113849
24 31 1 -0.2 3.45002e-24 1.54488e-27 2.80487e-26 2.42921e+07 9.67497e+07 4.60137e+07 8.3766e+06 0 8.75354e+07 0 9.67497e+07 8.75354e+07 4.60137e+07 8.3766e+06 0.000572041 -1.94519e-05 -0.00133202 0.00374436 0.132418
31 31 2 2.49704e-17 3.45289e-24 -1.47459e-27 4.19176e-26 7.96732e+07 3.17319e+08 1.50915e+08 2.74735e+07 0 2.87098e+08 0 3.17319e+08 2.87098e+08 1.50915e+08 2.74735e+07 -0.000124671 -0.000109974 -0.000637942 0.00217338 0.132439
29 32 0 -0.162781 0.424717 -0.000305469 0.000902949 5.63446e+07 2.24407e+08 1.06727e+08 1.94292e+07 0 2.03035e+08 0 2.24407e+08 2.03035e+08 1.06727e+08 1.94292e+07 0.00120516 -0.00159977 7.61397e-05 0.00178363 0.100399
22 32 1 -0.392867 0.42448 -0.000581262 0.000878954 6.59773e+07 2.62772e+08 1.24973e+08 2.27508e+07 0 2.37746e+08 0 2.62772e+08 2.37746e+08 1.24973e+08 2.27508e+07 0.000678095 0.00205622 0.00121301 0.00178919 0.100708
23 32 2 -0.288649 0.215249 -0.000370544 0.000594925 3.62988e+07 1.44569e+08 6.87565e+07 1.25168e+07 0 1.30801e+08 0 1.44569e+08 1.30801e+08 6.87565e+07 1.25168e+07 0.00169775 5.9993e-05 -0.00119915 0.00208264 0.113799
37 33 0 0.10416 0.390997 -6.53231e-05 0.000841904 4.59376e+07 1.82958e+08 8.70141e+07 1.58406e+07 0 1.65534e+08 0 1.82958e+08 1.65534e+08 8.70141e+07 1.58406e+07 0.00109434 0.00137804 0.00114047 0.00234939 0.102276
29 33 1 -0.162781 0.424717 -0.000305469 0.000902949 5.63446e+07 2.24407e+08 1.06727e+08 1.94292e+07 0 2.03035e+08 0 2.24407e+08 2.03035e+08 1.06727e+08 1.94292e+07 0.00120516 -0.00159977 7.61397e-05 0.00178363 0.100399
30 33 2 -0.0821089 0.21399 -0.000160747 0.000453008 8.91165e+07 3.54929e+08 1.68803e+08 3.07298e+07 0 3.21127e+08 0 3.54929e+08 3.21127e+08 1.68803e+08 3.07298e+07 0.000321201 -0.0014134 -0.00086536 0.00133322 0.113849
32 34 0 -0.0474572 0.604567 -7.74692e-05 0.00113245 8.33463e+07 3.31948e+08 1.57873e+08 2.87401e+07 0 3.00334e+08 0 3.31948e+08 3.00334e+08 1.57873e+08 2.87401e+07 0.00105873 0.000451615 0.000388856 0.00118076 0.0920582
25 34 1 -0.290182 0.659738 -0.000350656 0.00130428 8.32498e+07 3.31564e+08 1.5769e+08 2.87068e+07 0 2.99986e+08 0 3.31564e+08 2.99986e+08 1.5769e+08 2.87068e+07 0.000951006 -3.82277e-05 -0.00018568 0.00123774 0.0904349
29 34 2 -0.162781 0.424717 -0.000305469 0.000902949 5.63446e+07 2.24407e+08 1.06727e+08 1.94292e+07 0 2.03035e+08 0 2.24407e+08 2.03035e+08 1.06727e+08 1.94292e+07 0.00120516 -0.00159977 7.61397e-05 0.00178363 0.100399
14 35 0 -0.495858 0.207727 -0.000537061 0.000404344 9.17247e+07 3.65317e+08 1.73743e+08 3.16292e+07 0 3.30525e+08 0 3.65317e+08 3.30525e+08 1.73743e+08 3.16292e+07 0.000425142 0.000611403 -0.00187859 0.00140538 0.114291
16 35 1 -0.4 3.45425e-24 -1.89396e-27 3.96048e-26 6.14081e+07 2.44574e+08 1.16318e+08 2.11752e+07 0 2.21281e+08 0 2.44574e+08 2.21281e+08 1.16318e+08 2.11752e+07 -0.000149809 -0.000272457 -0.00316519 0.00264407 0.132314
23 35 2 -0.288649 0.215249 -0.000370544 0.000594925 3.62988e+07 1.44569e+08 6.87565e+07 1.25168e+07 0 1.30801e+08 0 1.44569e+08 1.30801e+08 6.87565e+07 1.25168e+07 0.00169775 5.9993e-05 -0.00119915 0.00208264 0.113799
4 36 0 -0.815835 0.84341 -0.00145051 0.00156638 1.51484e+08 6.03323e+08 2.86937e+08 5.22357e+07 0 5.45864e+08 0 6.03323e+08 5.45864e+08 2.86937e+08 5.22357e+07 0.000106672 0.00157349 -0.000635681 0.000348462 0.0899423
10 36 1 -0.691854 0.737742 -0.00122745 0.00160995 3.86518e+07 1.53941e+08 7.32135e+07 1.33282e+07 0 1.3928e+08 0 1.53941e+08 1.3928e+08 7.32135e+07 1.33282e+07 0.0027008 0.00122766 -0.00179181 0.00183367 0.0905142
11 36 2 -0.640818 0.992832 -0.00126024 0.00228077 2.96331e+07 1.18021e+08 5.61303e+07 1.02183e+07 0 1.06781e+08 0 1.18021e+08 1.06781e+08 5.61303e+07 1.02183e+07 0.00262792 -0.000733868 0.000684094 0.00195844 0.0860215
11 37 0 -0.640818 0.992832 -0.00126024 0.00228077 2.96331e+07 1.18021e+08 5.61303e+07 1.02183e+07 0 1.06781e+08 0 1.18021e+08 1.06781e+08 5.61303e+07 1.02183e+07 0.00262792 -0.000733868 0.000684094 0.00195844 0.0860215
10 37 1 -0.691854 0.737742 -0.00122745 0.00160995 3.86518e+07 1.53941e+08 7.32135e+07 1.33282e+07 0 1.3928e+08 0 1.53941e+08 1.3928e+08 7.32135e+07 1.33282e+07 0.0027008 0.00122766 -0.00179181 0.00183367 0.0905142
18 37 2 -0.478416 0.835138 -0.000855628 0.00180759 3.92646e+07 1.56381e+08 7.43742e+07 1.35395e+07 0 1.41488e+08 0 1.56381e+08 1.41488e+08 7.43742e+07 1.35395e+07 0.00163764 -0.000940267 -0.00142273 0.00231869 0.0866877
38 38 0 0.0995225 0.178394 -6.30312e-05 0.000394621 7.70131e+07 3.06725e+08 1.45877e+08 2.65562e+07 0 2.77513e+08 0 3.06725e+08 2.77513e+08 1.45877e+08 2.65562e+07 0.000486034 0.00112439 -0.000251829 0.00158185 0.116622
31 38 1 2.49704e-17 3.45289e-24 -1.47459e-27 4.19176e-26 7.96732e+07 3.17319e+08 1.50915e+08 2.74735e+07 0 2.87098e+08 0 3.17319e+08 2.87098e+08 1.50915e+08 2.74735e+07 -0.000124671 -0.000109974 -0.000637942 0.00217338 0.132439
39 38 2 0.2 3.44086e-24 -2.44016e-29 3.44533e-26 3.37108e+07 1.34262e+08 6.38543e+07 1.16244e+07 0 1.21475e+08 0 1.34262e+08 1.21475e+08 6.38543e+07 1.16244e+07 9.83499e-05 0.000389731 -0.000125677 0.0036951 0.132473
37 39 0 0.10416 0.390997 -6.53231e-05 0.000841904 4.59376e+07 1.82958e+08 8.70141e+07 1.58406e+07 0 1.65534e+08 0 1.82958e+08 1.65534e+08 8.70141e+07 1.58406e+07 0.00109434 0.00137804 0.00114047 0.00234939 0.102276
38 39 1 0.0995225 0.178394 -6.30312e-05 0.000394621 7.70131e+07 3.06725e+08 1.45877e+08 2.65562e+07 0 2.77513e+08 0 3.06725e+08 2.77513e+08 1.45877e+08 2.65562e+07 0.000486034 0.00112439 -0.000251829 0.00158185 0.116622
44 39 2 0.282808 0.201469 5.09143e-05 0.000527959 7.04861e+07 2.80729e+08 1.33513e+08 2.43055e+07 0 2.53993e+08 0 2.80729e+08 2.53993e+08 1.33513e+08 2.43055e+07 0.000753669 -4.53705e-05 0.000280909 0.00140446 0.11491
30 40 0 -0.0821089 0.21399 -0.000160747 0.000453008 8.91165e+07 3.54929e+08 1.68803e+08 3.07298e+07 0 3.21127e+08 0 3.54929e+08 3.21127e+08 1.68803e+08 3.07298e+07 0.000321201 -0.0014134 -0.00086536 0.00133322 0.113849
31 40 1 2.49704e-17 3.45289e-24 -1.47459e-27 4.19176e-26 7.96732e+07 3.17319e+08 1.50915e+08 2.74735e+07 0 2.87098e+08 0 3.17319e+08 2.87098e+08 1.50915e+08 2.74735e+07 -0.000124671 -0.000109974 -0.000637942 0.00217338 0.132439
38 40 2 0.0995225 0.178394 -6.30312e-05 0.000394621 7.70131e+07 3.06725e+08 1.45877e+08 2.65562e+07 0 2.77513e+08 0 3.06725e+08 2.77513e+08 1.45877e+08 2.65562e+07 0.000486034 0.00112439 -0.000251829 0.00158185 0.116622
32 41 0 -0.0474572 0.604567 -7.74692e-05 0.00113245 8.33463e+07 3.31948e+08 1.57873e+08 2.87401e+07 0 3.00334e+08 0 3.31948e+08 3.00334e+08 1.57873e+08 2.87401e+07 0.00105873 0.000451615 0.000388856 0.00118076 0.0920582
29 41 1 -0.162781 0.424717 -0.000305469 0.000902949 5.63446e+07 2.24407e+08 1.06727e+08 1.94292e+07 0 2.03035e+08 0 2.24407e+08 2.03035e+08 1.06727e+08 1.94292e+07 0.00120516 -0.00159977 7.61397e-05 0.00178363 0.100399
37 41 2 0.10416 0.390997 -6.53231e-05 0.000841904 4.59376e+07 1.82958e+08 8.70141e+07 1.58406e+07 0 1.65534e+08 0 1.82958e+08 1.65534e+08 8.70141e+07 1.58406e+07 0.00109434 0.00137804 0.00114047 0.00234939 0.102276
23 42 0 -0.288649 0.215249 -0.000370544 0.000594925 3.62988e+07 1.44569e+08 6.87565e+07 1.25168e+07 0 1.30801e+08 0 1.44569e+08 1.30801e+08 6.87565e+07 1.25168e+07 0.00169775 5.9993e-05 -0.00119915 0.00208264 0.113799
24 42 1 -0.2 3.45002e-24 1.54488e-27 2.80487e-26 2.42921e+07 9.67497e+07 4.60137e+07 8.3766e+06 0 8.75354e+07 0 9.67497e+07 8.75354e+07 4.60137e+07 8.3766e+06 0.000572041 -1.94519e-05 -0.00133202 0.00374436 0.132418
30 42 2 -0.0821089 0.21399 -0.000160747 0.000453008 8.91165e+07 3.54929e+08 1.68803e+08 3.07298e+07 0 3.21127e+08 0 3.54929e+08 3.21127e+08 1.68803e+08 3.07298e+07 0.000321201 -0.0014134 -0.00086536 0.00133322 0.113849
61 43 0 1 1.03557e-24 -2.91511e-27 1.07745e-26 1.1229e+08 4.47226e+08 2.12698e+08 3.87208e+07 0 4.04633e+08 0 4.47226e+08 4.04633e+08 2.12698e+08 3.87208e+07 -1.20603e-25 -1.00771e-24 0.00572073 0.000965638 0.127014
62 43 1 1.09301 0.211431 0.00110162 -0.000141446 8.07344e+07 3.21546e+08 1.52925e+08 2.78394e+07 0 2.90922e+08 0 3.21546e+08 2.90922e+08 1.52925e+08 2.78394e+07 0.000792789 -0.00404195 0.00467875 0.00133198 0.111762
59 43 2 0.911752 0.221833 0.000981757 0.000260972 7.61929e+07 3.03458e+08 1.44323e+08 2.62734e+07 0 2.74557e+08 0 3.03458e+08 2.74557e+08 1.44323e+08 2.62734e+07 0.000584107 -0.000107798 0.00370519 0.0017855 0.112401
59 44 0 0.911752 0.221833 0.000981757 0.000260972 7.61929e+07 3.03458e+08 1.44323e+08 2.62734e+07 0 2.74557e+08 0 3.03458e+08 2.74557e+08 1.44323e+08 2.62734e+07 0.000584107 -0.000107798 0.00370519 0.0017855 0.112401
55 44 1 0.710589 0.210311 0.000753915 0.000383491 2.40333e+07 9.57189e+07 4.55234e+07 8.28735e+06 0 8.66028e+07 0 9.57189e+07 8.66028e+07 4.55234e+07 8.28735e+06 0.00127671 -0.00140951 0.00335564 0.00343837 0.11401
57 44 2 0.8 3.45271e-24 5.64918e-27 4.35942e-26 1.73328e+08 6.90324e+08 3.28315e+08 5.97683e+07 0 6.24579e+08 0 6.90324e+08 6.24579e+08 3.28315e+08 5.97683e+07 1.44968e-18 4.97772e-19 0.00486352 0.000551861 0.131021
60 45 0 1.05273 0.448878 0.00152774 0.000624142 2.20779e+07 8.79309e+07 4.18195e+07 7.61307e+06 0 7.95566e+07 0 8.79309e+07 7.95566e+07 4.18195e+07 7.61307e+06 0.00223876 -0.00118831 -0.00266396 0.00267026 0.102816
59 45 1 0.911752 0.221833 0.000981757 0.000260972 7.61929e+07 3.03458e+08 1.44323e+08 2.62734e+07 0 2.74557e+08 0 3.03458e+08 2.74557e+08 1.44323e+08 2.62734e+07 0.000584107 -0.000107798 0.00370519 0.0017855 0.112401
62 45 2 1.09301 0.211431 0.00110162 -0.000141446 8.07344e+07 3.21546e+08 1.52925e+08 2.78394e+07 0 2.90922e+08 0 3.21546e+08 2.90922e+08 1.52925e+08 2.78394e+07 0.000792789 -0.00404195 0.00467875 0.00133198 0.111762
56 46 0 0.831728 0.429575 0.00120501 0.000772048 4.91962e+07 1.95937e+08 9.31865e+07 1.69642e+07 0 1.77276e+08 0 1.95937e+08 1.77276e+08 9.31865e+07 1.69642e+07 0.00147648 -0.00235549 -0.000762143 0.00218592 0.101926
53 46 1 0.722774 0.616444 0.00090332 0.00131942 5.87035e+07 2.33802e+08 1.11195e+08 2.02426e+07 0 2.11535e+08 0 2.33802e+08 2.11535e+08 1.11195e+08 2.02426e+07 0.00146678 -0.00280302 -0.000672589 0.00139526 0.0942903
51 46 2 0.608794 0.402962 0.000826636 0.00113672 2.86313e+07 1.14031e+08 5.42327e+07 9.87285e+06 0 1.03171e+08 0 1.14031e+08 1.03171e+08 5.42327e+07 9.87285e+06 0.00210516 -0.00055637 -0.000718271 0.00310069 0.10244
60 47 0 1.05273 0.448878 0.00152774 0.000624142 2.20779e+07 8.79309e+07 4.18195e+07 7.61307e+06 0 7.95566e+07 0 8.79309e+07 7.95566e+07 4.18195e+07 7.61307e+06 0.00223876 -0.00118831 -0.00266396 0.00267026 0.102816
56 47 1 0.831728 0.429575 0.00120501 0.000772048 4.91962e+07 1.95937e+08 9.31865e+07 1.69642e+07 0 1.77276e+08 0 1.95937e+08 1.77276e+08 9.31865e+07 1.69642e+07 0.00147648 -0.00235549 -0.000762143 0.00218592 0.101926
59 47 2 0.911752 0.221833 0.000981757 0.000260972 7.61929e+07 3.03458e+08 1.44323e+08 2.62734e+07 0 2.74557e+08 0 3.03458e+08 2.74557e+08 1.44323e+08 2.62734e+07 0.000584107 -0.000107798 0.00370519 0.0017855 0.112401
60 48 0 1.05273 0.448878 0.00152774 0.000624142 2.20779e+07 8.79309e+07 4.18195e+07 7.61307e+06 0 7.95566e+07 0 8.79309e+07 7.95566e+07 4.18195e+07 7.61307e+06 0.00223876 -0.00118831 -0.00266396 0.00267026 0.102816
58 48 1 0.950874 0.659349 0.00108087 0.000979903 1.68011e+08 6.69146e+08 3.18242e+08 5.79347e+07 0 6.05418e+08 0 6.69146e+08 6.05418e+08 3.18242e+08 5.79347e+07 0.000303694 -0.000313693 -0.000570242 0.000338356 0.0956217
56 48 2 0.831728 0.429575 0.00120501 0.000772048 4.91962e+07 1.95937e+08 9.31865e+07 1.69642e+07 0 1.77276e+08 0 1.95937e+08 1.77276e+08 9.31865e+07 1.69642e+07 0.00147648 -0.00235549 -0.000762143 0.00218592 0.101926
56 49 0 0.831728 0.429575 0.00120501 0.000772048 4.91962e+07 1.95937e+08 9.31865e+07 1.69642e+07 0 1.77276e+08 0 1.95937e+08 1.77276e+08 9.31865e+07 1.69642e+07 0.00147648 -0.00235549 -0.000762143 0.00218592 0.101926
51 49 1 0.608794 0.402962 0.000826636 0.00113672 2.86313e+07 1.14031e+08 5.42327e+07 9.87285e+06 0 1.03171e+08 0 1.14031e+08 1.03171e+08 5.42327e+07 9.87285e+06 0.00210516 -0.00055637 -0.000718271 0.00310069 0.10244
55 49 2 0.710589 0.210311 0.000753915 0.000383491 2.40333e+07 9.57189e+07 4.55234e+07 8.28735e+06 0 8.66028e+07 0 9.57189e+07 8.66028e+07 4.55234e+07 8.28735e+06 0.00127671 -0.00140951 0.00335564 0.00343837 0.11401
54 50 0 0.81078 0.846133 0.00111481 0.00147258 2.24359e+07 8.93569e+07 4.24977e+07 7.73653e+06 0 8.08467e+07 0 8.93569e+07 8.08467e+07 4.24977e+07 7.73653e+06 0.00217413 -0.00205145 0.00208289 0.00238887 0.0900312
53 50 1 0.722774 0.616444 0.00090332 0.00131942 5.87035e+07 2.33802e+08 1.11195e+08 2.02426e+07 0 2.11535e+08 0 2.33802e+08 2.11535e+08 1.11195e+08 2.02426e+07 0.00146678 -0.00280302 -0.000672589 0.00139526 0.0942903
58 50 2 0.950874 0.659349 0.00108087 0.000979903 1.68011e+08 6.69146e+08 3.18242e+08 5.79347e+07 0 6.05418e+08 0 6.69146e+08 6.05418e+08 3.18242e+08 5.79347e+07 0.000303694 -0.000313693 -0.000570242 0.000338356 0.0956217
47 51 0 0.49563 0.577591 0.000550947 0.00157539 4.8076e+07 1.91475e+08 9.10646e+07 1.65779e+07 0 1.73239e+08 0 1.91475e+08 1.73239e+08 9.10646e+07 1.65779e+07 0.00181249 -0.000327174 9.95923e-05 0.00135079 0.0942457
43 51 1 0.293358 0.529811 0.000248208 0.00131853 8.61425e+07 3.43085e+08 1.63169e+08 2.97043e+07 0 3.1041e+08 0 3.43085e+08 3.1041e+08 1.63169e+08 2.97043e+07 0.000809891 0.00172759 0.000446584 0.00118704 0.0955316
45 51 2 0.376514 0.377292 0.000260474 0.00103573 1.80392e+07 7.18456e+07 3.41694e+07 6.2204e+06 0 6.50032e+07 0 7.18456e+07 6.50032e+07 3.41694e+07 6.2204e+06 0.00284565 0.000658801 3.06491e-05 0.00384053 0.103368
48 52 0 0.58501 0.774679 0.000755786 0.00169556 1.5327e+08 6.10438e+08 2.90321e+08 5.28518e+07 0 5.52301e+08 0 6.10438e+08 5.52301e+08 2.90321e+08 5.28518e+07 0.000483801 -0.00117003 0.00017588 0.000300241 0.0888693
47 52 1 0.49563 0.577591 0.000550947 0.00157539 4.8076e+07 1.91475e+08 9.10646e+07 1.65779e+07 0 1.73239e+08 0 1.91475e+08 1.73239e+08 9.10646e+07 1.65779e+07 0.00181249 -0.000327174 9.95923e-05 0.00135079 0.0942457
53 52 2 0.722774 0.616444 0.00090332 0.00131942 5.87035e+07 2.33802e+08 1.11195e+08 2.02426e+07 0 2.11535e+08 0 2.33802e+08 2.11535e+08 1.11195e+08 2.02426e+07 0.00146678 -0.00280302 -0.000672589 0.00139526 0.0942903
48 53 0 0.58501 0.774679 0.000755786 0.00169556 1.5327e+08 6.10438e+08 2.90321e+08 5.28518e+07 0 5.52301e+08 0 6.10438e+08 5.52301e+08 2.90321e+08 5.28518e+07 0.000483801 -0.00117003 0.00017588 0.000300241 0.0888693
40 53 1 0.338505 0.736866 0.00047908 0.001645 7.46191e+07 2.9719e+08 1.41342e+08 2.57307e+07 0 2.68886e+08 0 2.9719e+08 2.68886e+08 1.41342e+08 2.57307e+07 0.00136259 0.00160306 0.0012062 0.00100586 0.0883007
47 53 2 0.49563 0.577591 0.000550947 0.00157539 4.8076e+07 1.91475e+08 9.10646e+07 1.65779e+07 0 1.73239e+08 0 1.91475e+08 1.73239e+08 9.10646e+07 1.65779e+07 0.00181249 -0.000327174 9.95923e-05 0.00135079 0.0942457
55 54 0 0.710589 0.210311 0.000753915 0.000383491 2.40333e+07 9.57189e+07 4.55234e+07 8.28735e+06 0 8.66028e+07 0 9.57189e+07 8.66028e+07 4.55234e+07 8.28735e+06 0.00127671 -0.00140951 0.00335564 0.00343837 0.11401
51 54 1 0.608794 0.402962 0.000826636 0.00113672 2.86313e+07 1.14031e+08 5.42327e+07 9.87285e+06 0 1.03171e+08 0 1.14031e+08 1.03171e+08 5.42327e+07 9.87285e+06 0.00210516 -0.00055637 -0.000718271 0.00310069 0.10244
50 54 2 0.499623 0.199481 0.000293457 0.00056444 3.69225e+07 1.47053e+08 6.99379e+07 1.27319e+07 0 1.33048e+08 0 1.47053e+08 1.33048e+08 6.99379e+07 1.27319e+07 0.00170804 0.000662271 0.00114602 0.00200988 0.115069
42 55 0 0.452171 0.908459 0.000749484 0.00188646 1.12202e+08 4.46875e+08 2.12531e+08 3.86904e+07 0 4.04315e+08 0 4.46875e+08 4.04315e+08 2.12531e+08 3.86904e+07 0.00035004 -0.00028979 0.000554033 -4.50139e-06 0.0852782
40 55 1 0.338505 0.736866 0.00047908 0.001645 7.46191e+07 2.9719e+08 1.41342e+08 2.57307e+07 0 2.68886e+08 0 2.9719e+08 2.68886e+08 1.41342e+08 2.57307e+07 0.00136259 0.00160306 0.0012062 0.00100586 0.0883007
48 55 2 0.58501 0.774679 0.000755786 0.00169556 1.5327e+08 6.10438e+08 2.90321e+08 5.28518e+07 0 5.52301e+08 0 6.10438e+08 5.52301e+08 2.90321e+08 5.28518e+07 0.000483801 -0.00117003 0.00017588 0.000300241 0.0888693
48 56 0 0.58501 0.774679 0.000755786 0.00169556 1.5327e+08 6.10438e+08 2.90321e+08 5.28518e+07 0 5.52301e+08 0 6.10438e+08 5.52301e+08 2.90321e+08 5.28518e+07 0.000483801 -0.00117003 0.00017588 0.000300241 0.0888693
53 56 1 0.722774 0.616444 0.00090332 0.00131942 5.87035e+07 2.33802e+08 1.11195e+08 2.02426e+07 0 2.11535e+08 0 2.33802e+08 2.11535e+08 1.11195e+08 2.02426e+07 0.00146678 -0.00280302 -0.000672589 0.00139526 0.0942903
54 56 2 0.81078 0.846133 0.00111481 0.00147258 2.24359e+07 8.93569e+07 4.24977e+07 7.73653e+06 0 8.08467e+07 0 8.93569e+07 8.08467e+07 4.24977e+07 7.73653e+06 0.00217413 -0.00205145 0.00208289 0.00238887 0.0900312
44 57 0 0.282808 0.201469 5.09143e-05 0.000527959 7.04861e+07 2.80729e+08 1.33513e+08 2.43055e+07 0 2.53993e+08 0 2.80729e+08 2.53993e+08 1.33513e+08 2.43055e+07 0.000753669 -4.53705e-05 0.000280909 0.00140446 0.11491
45 57 1 0.376514 0.377292 0.000260474 0.00103573 1.80392e+07 7.18456e+07 3.41694e+07 6.2204e+06 0 6.50032e+07 0 7.18456e+07 6.50032e+07 3.41694e+07 6.2204e+06 0.00284565 0.000658801 3.06491e-05 0.00384053 0.103368
37 57 2 0.10416 0.390997 -6.53231e-05 0.000841904 4.59376e+07 1.82958e+08 8.70141e+07 1.58406e+07 0 1.65534e+08 0 1.82958e+08 1.65534e+08 8.70141e+07 1.58406e+07 0.00109434 0.00137804 0.00114047 0.00234939 0.102276
30 58 0 -0.0821089 0.21399 -0.000160747 0.000453008 8.91165e+07 3.54929e+08 1.68803e+08 3.07298e+07 0 3.21127e+08 0 3.54929e+08 3.21127e+08 1.68803e+08 3.07298e+07 0.000321201 -0.0014134 -0.00086536 0.00133322 0.113849
38 58 1 0.0995225 0.178394 -6.30312e-05 0.000394621 7.70131e+07 3.06725e+08 1.45877e+08 2.65562e+07 0 2.77513e+08 0 3.06725e+08 2.77513e+08 1.45877e+08 2.65562e+07 0.000486034 0.00112439 -0.000251829 0.00158185 0.116622
37 58 2 0.10416 0.390997 -6.53231e-05 0.000841904 4.59376e+07 1.82958e+08 8.70141e+07 1.58406e+07 0 1.65534e+08 0 1.82958e+08 1.65534e+08 8.70141e+07 1.58406e+07 0.00109434 0.00137804 0.00114047 0.00234939 0.102276
39 59 0 0.2 3.44086e-24 -2.44016e-29 3.44533e-26 3.37108e+07 1.34262e+08 6.38543e+07 1.16244e+07 0 1.21475e+08 0 1.34262e+08 1.21475e+08 6.38543e+07 1.16244e+07 9.83499e-05 0.000389731 -0.000125677 0.0036951 0.132473
46 59 1 0.4 3.51109e-24 -3.03026e-28 3.13721e-26 3.57488e+07 1.42379e+08 6.77147e+07 1.23272e+07 0 1.28819e+08 0 1.42379e+08 1.28819e+08 6.77147e+07 1.23272e+07 0.000245868 -0.000220114 0.00082038 0.0034284 0.132443
44 59 2 0.282808 0.201469 5.09143e-05 0.000527959 7.04861e+07 2.80729e+08 1.33513e+08 2.43055e+07 0 2.53993e+08 0 2.80729e+08 2.53993e+08 1.33513e+08 2.43055e+07 0.000753669 -4.53705e-05 0.000280909 0.00140446 0.11491
59 60 0 0.911752 0.221833 0.000981757 0.000260972 7.61929e+07 3.03458e+08 1.44323e+08 2.62734e+07 0 2.74557e+08 0 3.03458e+08 2.74557e+08 1.44323e+08 2.62734e+07 0.000584107 -0.000107798 0.00370519 0.0017855 0.112401
57 60 1 0.8 3.45271e-24 5.64918e-27 4.35942e-26 1.73328e+08 6.90324e+08 3.28315e+08 5.97683e+07 0 6.24579e+08 0 6.90324e+08 6.24579e+08 3.28315e+08 5.97683e+07 1.44968e-18 4.97772e-19 0.00486352 0.000551861 0.131021
61 60 2 1 1.03557e-24 -2.91511e-27 1.07745e-26 1.1229e+08 4.47226e+08 2.12698e+08 3.87208e+07 0 4.04633e+08 0 4.47226e+08 4.04633e+08 2.12698e+08 3.87208e+07 -1.20603e-25 -1.00771e-24 0.00572073 0.000965638 0.127014
58 61 0 0.950874 0.659349 0.00108087 0.000979903 1.68011e+08 6.69146e+08 3.18242e+08 5.79347e+07 0 6.05418e+08 0 6.69146e+08 6.05418e+08 3.18242e+08 5.79347e+07 0.000303694 -0.000313693 -0.000570242 0.000338356 0.0956217
53 61 1 0.722774 0.616444 0.00090332 0.00131942 5.87035e+07 2.33802e+08 1.11195e+08 2.02426e+07 0 2.11535e+08 0 2.33802e+08 2.11535e+08 1.11195e+08 2.02426e+07 0.00146678 -0.00280302 -0.000672589 0.00139526 0.0942903
56 61 2 0.831728 0.429575 0.00120501 0.000772048 4.91962e+07 1.95937e+08 9.31865e+07 1.69642e+07 0 1.77276e+08 0 1.95937e+08 1.77276e+08 9.31865e+07 1.69642e+07 0.00147648 -0.00235549 -0.000762143 0.00218592 0.101926
50 62 0 0.499623 0.199481 0.000293457 0.00056444 3.69225e+07 1.47053e+08 6.99379e+07 1.27319e+07 0 1.33048e+08 0 1.47053e+08 1.33048e+08 6.99379e+07 1.27319e+07 0.00170804 0.000662271 0.00114602 0.00200988 0.115069
52 62 1 0.6 3.43264e-24 -1.25718e-27 2.69546e-26 3.49117e+07 1.39045e+08 6.61291e+07 1.20385e+07 0 1.25803e+08 0 1.39045e+08 1.25803e+08 6.61291e+07 1.20385e+07 -4.96024e-26 -6.04589e-25 0.00292917 0.00345177 0.13214
55 62 2 0.710589 0.210311 0.000753915 0.000383491 2.40333e+07 9.57189e+07 4.55234e+07 8.28735e+06 0 8.66028e+07 0 9.57189e+07 8.66028e+07 4.55234e+07 8.28735e+06 0.00127671 -0.00140951 0.00335564 0.00343837 0.11401
44 63 0 0.282808 0.201469 5.09143e-05 0.000527959 7.04861e+07 2.80729e+08 1.33513e+08 2.43055e+07 0 2.53993e+08 0 2.80729e+08 2.53993e+08 1.33513e+08 2.43055e+07 0.000753669 -4.53705e-05 0.000280909 0.00140446 0.11491
50 63 1 0.499623 0.199481 0.000293457 0.00056444 3.69225e+07 1.47053e+08 6.99379e+07 1.27319e+07 0 1.33048e+08 0 1.47053e+08 1.33048e+08 6.99379e+07 1.27319e+07 0.00170804 0.000662271 0.00114602 0.00200988 0.115069
45 63 2 0.376514 0.377292 0.000260474 0.00103573 1.80392e+07 7.18456e+07 3.41694e+07 6.2204e+06 0 6.50032e+07 0 7.18456e+07 6.50032e+07 3.41694e+07 6.2204e+06 0.00284565 0.000658801 3.06491e-05 0.00384053 0.103368
52 64 0 0.6 3.43264e-24 -1.25718e-27 2.69546e-26 3.49117e+07 1.39045e+08 6.61291e+07 1.20385e+07 0 1.25803e+08 0 1.39045e+08 1.25803e+08 6.61291e+07 1.20385e+07 -4.96024e-26 -6.04589e-25 0.00292917 0.00345177 0.13214
57 64 1 0.8 3.45271e-24 5.64918e-27 4.35942e-26 1.73328e+08 6.90324e+08 3.28315e+08 5.97683e+07 0 6.24579e+08 0 6.90324e+08 6.24579e+08 3.28315e+08 5.97683e+07 1.44968e-18 4.97772e-19 0.00486352 0.000551861 0.131021
55 64 2 0.710589 0.210311 0.000753915 0.000383491 2.40333e+07 9.57189e+07 4.55234e+07 8.28735e+06 0 8.66028e+07 0 9.57189e+07 8.66028e+07 4.55234e+07 8.28735e+06 0.00127671 -0.00140951 0.00335564 0.00343837 0.11401
36 65 0 0.146838 0.607134 0.000133721 0.0012715 8.03336e+07 3.19949e+08 1.52166e+08 2.77013e+07 0 2.89478e+08 0 3.19949e+08 2.89478e+08 1.52166e+08 2.77013e+07 0.00103273 0.000656094 0.000629137 0.00122584 0.0920668
33 65 1 0.112501 0.789932 0.000204893 0.00150399 6.32014e+07 2.51716e+08 1.19715e+08 2.17936e+07 0 2.27743e+08 0 2.51716e+08 2.27743e+08 1.19715e+08 2.17936e+07 0.00131461 0.000227136 -0.000137955 0.00147456 0.0862482
32 65 2 -0.0474572 0.604567 -7.74692e-05 0.00113245 8.33463e+07 3.31948e+08 1.57873e+08 2.87401e+07 0 3.00334e+08 0 3.31948e+08 3.00334e+08 1.57873e+08 2.87401e+07 0.00105873 0.000451615 0.000388856 0.00118076 0.0920582
45 66 0 0.376514 0.377292 0.000260474 0.00103573 1.80392e+07 7.18456e+07 3.41694e+07 6.2204e+06 0 6.50032e+07 0 7.18456e+07 6.50032e+07 3.41694e+07 6.2204e+06 0.00284565 0.000658801 3.06491e-05 0.00384053 0.103368
43 66 1 0.293358 0.529811 0.000248208 0.00131853 8.61425e+07 3.43085e+08 1.63169e+08 2.97043e+07 0 3.1041e+08 0 3.43085e+08 3.1041e+08 1.63169e+08 2.97043e+07 0.000809891 0.00172759 0.000446584 0.00118704 0.0955316
37 66 2 0.10416 0.390997 -6.53231e-05 0.000841904 4.59376e+07 1.82958e+08 8.70141e+07 1.58406e+07 0 1.65534e+08 0 1.82958e+08 1.65534e+08 8.70141e+07 1.58406e+07 0.00109434 0.00137804 0.00114047 0.00234939 0.102276
40 67 0 0.338505 0.736866 0.00047908 0.001645 7.46191e+07 2.9719e+08 1.41342e+08 2.57307e+07 0 2.68886e+08 0 2.9719e+08 2.68886e+08 1.41342e+08 2.57307e+07 0.00136259 0.00160306 0.0012062 0.00100586 0.0883007
42 67 1 0.452171 0.908459 0.000749484 0.00188646 1.12202e+08 4.46875e+08 2.12531e+08 3.86904e+07 0 4.04315e+08 0 4.46875e+08 4.04315e+08 2.12531e+08 3.86904e+07 0.00035004 -0.00028979 0.000554033 -4.50139e-06 0.0852782
35 67 2 0.266543 0.953125 0.000515732 0.00195908 2.40229e+07 9.56775e+07 4.55037e+07 8.28377e+06 0 8.65654e+07 0 9.56775e+07 8.65654e+07 4.55037e+07 8.28377e+06 0.00244409 0.00114049 0.000399472 0.00281175 0.0835321
43 68 0 0.293358 0.529811 0.000248208 0.00131853 8.61425e+07 3.43085e+08 1.63169e+08 2.97043e+07 0 3.1041e+08 0 3.43085e+08 3.1041e+08 1.63169e+08 2.97043e+07 0.000809891 0.00172759 0.000446584 0.00118704 0.0955316
40 68 1 0.338505 0.736866 0.00047908 0.001645 7.46191e+07 2.9719e+08 1.41342e+08 2.57307e+07 0 2.68886e+08 0 2.9719e+08 2.68886e+08 1.41342e+08 2.57307e+07 0.00136259 0.00160306 0.0012062 0.00100586 0.0883007
36 68 2 0.146838 0.607134 0.000133721 0.0012715 8.03336e+07 3.19949e+08 1.52166e+08 2.77013e+07 0 2.89478e+08 0 3.19949e+08 2.89478e+08 1.52166e+08 2.77013e+07 0.00103273 0.000656094 0.000629137 0.00122584 0.0920668
37 69 0 0.10416 0.390997 -6.53231e-05 0.000841904 4.59376e+07 1.82958e+08 8.70141e+07 1.58406e+07 0 1.65534e+08 0 1.82958e+08 1.65534e+08 8.70141e+07 1.58406e+07 0.00109434 0.00137804 0.00114047 0.00234939 0.102276
43 69 1 0.293358 0.529811 0.000248208 0.00131853 8.61425e+07 3.43085e+08 1.63169e+08 2.97043e+07 0 3.1041e+08 0 3.43085e+08 3.1041e+08 1.63169e+08 2.97043e+07 0.000809891 0.00172759 0.000446584 0.00118704 0.0955316
36 69 2 0.146838 0.607134 0.000133721 0.0012715 8.03336e+07 3.19949e+08 1.52166e+08 2.77013e+07 0 2.89478e+08 0 3.19949e+08 2.89478e+08 1.52166e+08 2.77013e+07 0.00103273 0.000656094 0.000629137 0.00122584 0.0920668
45 70 0 0.376514 0.377292 0.000260474 0.00103573 1.80392e+07 7.18456e+07 3.41694e+07 6.2204e+06 0 6.50032e+07 0 7.18456e+07 6.50032e+07 3.41694e+07 6.2204e+06 0.00284565 0.000658801 3.06491e-05 0.00384053 0.103368
50 70 1 0.499623 0.199481 0.000293457 0.00056444 3.69225e+07 1.47053e+08 6.99379e+07 1.27319e+07 0 1.33048e+08 0 1.47053e+08 1.33048e+08 6.99379e+07 1.27319e+07 0.00170804 0.000662271 0.00114602 0.00200988 0.115069
51 70 2 0.608794 0.402962 0.000826636 0.00113672 2.86313e+07 1.14031e+08 5.42327e+07 9.87285e+06 0 1.03171e+08 0 1.14031e+08 1.03171e+08 5.42327e+07 9.87285e+06 0.00210516 -0.00055637 -0.000718271 0.00310069 0.10244
48 71 0 0.58501 0.774679 0.000755786 0.00169556 1.5327e+08 6.10438e+08 2.90321e+08 5.28518e+07 0 5.52301e+08 0 6.10438e+08 5.52301e+08 2.90321e+08 5.28518e+07 0.000483801 -0.00117003 0.00017588 0.000300241 0.0888693
54 71 1 0.81078 0.846133 0.00111481 0.00147258 2.24359e+07 8.93569e+07 4.24977e+07 7.73653e+06 0 8.08467e+07 0 8.93569e+07 8.08467e+07 4.24977e+07 7.73653e+06 0.00217413 -0.00205145 0.00208289 0.00238887 0.0900312
49 71 2 0.634475 0.996737 0.00112572 0.00191737 3.4869e+07 1.38875e+08 6.60482e+07 1.20238e+07 0 1.25649e+08 0 1.38875e+08 1.25649e+08 6.60482e+07 1.20238e+07 0.00132574 -0.000356561 0.00336003 0.00243316 0.0859983
43 72 0 0.293358 0.529811 0.000248208 0.00131853 8.61425e+07 3.43085e+08 1.63169e+08 2.97043e+07 0 3.1041e+08 0 3.43085e+08 3.1041e+08 1.63169e+08 2.97043e+07 0.000809891 0.00172759 0.000446584 0.00118704 0.0955316
47 72 1 0.49563 0.577591 0.000550947 0.00157539 4.8076e+07 1.91475e+08 9.10646e+07 1.65779e+07 0 1.73239e+08 0 1.91475e+08 1.73239e+08 9.10646e+07 1.65779e+07 0.00181249 -0.000327174 9.95923e-05 0.00135079 0.0942457
40 72 2 0.338505 0.736866 0.00047908 0.001645 7.46191e+07 2.9719e+08 1.41342e+08 2.57307e+07 0 2.68886e+08 0 2.9719e+08 2.68886e+08 1.41342e+08 2.57307e+07 0.00136259 0.00160306 0.0012062 0.00100586 0.0883007
56 73 0 0.831728 0.429575 0.00120501 0.000772048 4.91962e+07 1.95937e+08 9.31865e+07 1.69642e+07 0 1.77276e+08 0 1.95937e+08 1.77276e+08 9.31865e+07 1.69642e+07 0.00147648 -0.00235549 -0.000762143 0.00218592 0.101926
55 73 1 0.710589 0.210311 0.000753915 0.000383491 2.40333e+07 9.57189e+07 4.55234e+07 8.28735e+06 0 8.66028e+07 0 9.57189e+07 8.66028e+07 4.55234e+07 8.28735e+06 0.00127671 -0.00140951 0.00335564 0.00343837 0.11401
59 73 2 0.911752 0.221833 0.000981757 0.000260972 7.61929e+07 3.03458e+08 1.44323e+08 2.62734e+07 0 2.74557e+08 0 3.03458e+08 2.74557e+08 1.44323e+08 2.62734e+07 0.000584107 -0.000107798 0.00370519 0.0017855 0.112401
47 74 0 0.49563 0.577591 0.000550947 0.00157539 4.8076e+07 1.91475e+08 9.10646e+07 1.65779e+07 0 1.73239e+08 0 1.91475e+08 1.73239e+08 9.10646e+07 1.65779e+07 0.00181249 -0.000327174 9.95923e-05 0.00135079 0.0942457
51 74 1 0.608794 0.402962 0.000826636 0.00113672 2.86313e+07 1.14031e+08 5.42327e+07 9.87285e+06 0 1.03171e+08 0 1.14031e+08 1.03171e+08 5.42327e+07 9.87285e+06 0.00210516 -0.00055637 -0.000718271 0.00310069 0.10244
53 74 2 0.722774 0.616444 0.00090332 0.00131942 5.87035e+07 2.33802e+08 1.11195e+08 2.02426e+07 0 2.11535e+08 0 2.33802e+08 2.11535e+08 1.11195e+08 2.02426e+07 0.00146678 -0.00280302 -0.000672589 0.00139526 0.0942903
47 75 0 0.49563 0.577591 0.000550947 0.00157539 4.8076e+07 1.91475e+08 9.10646e+07 1.65779e+07 0 1.73239e+08 0 1.91475e+08 1.73239e+08 9.10646e+07 1.65779e+07 0.00181249 -0.000327174 9.95923e-05 0.00135079 0.0942457
45 75 1 0.376514 0.377292 0.000260474 0.00103573 1.80392e+07 7.18456e+07 3.41694e+07 6.2204e+06 0 6.50032e+07 0 7.18456e+07 6.50032e+07 3.41694e+07 6.2204e+06 0.00284565 0.000658801 3.06491e-05 0.00384053 0.103368
51 75 2 0.608794 0.402962 0.000826636 0.00113672 2.86313e+07 1.14031e+08 5.42327e+07 9.87285e+06 0 1.03171e+08 0 1.14031e+08 1.03171e+08 5.42327e+07 9.87285e+06 0.00210516 -0.00055637 -0.000718271 0.00310069 0.10244
49 76 0 0.634475 0.996737 0.00112572 0.00191737 3.4869e+07 1.38875e+08 6.60482e+07 1.20238e+07 0 1.25649e+08 0 1.38875e+08 1.25649e+08 6.60482e+07 1.20238e+07 0.00132574 -0.000356561 0.00336003 0.00243316 0.0859983
42 76 1 0.452171 0.908459 0.000749484 0.00188646 1.12202e+08 4.46875e+08 2.12531e+08 3.86904e+07 0 4.04315e+08 0 4.46875e+08 4.04315e+08 2.12531e+08 3.86904e+07 0.00035004 -0.00028979 0.000554033 -4.50139e-06 0.0852782
48 76 2 0.58501 0.774679 0.000755786 0.00169556 1.5327e+08 6.10438e+08 2.90321e+08 5.28518e+07 0 5.52301e+08 0 6.10438e+08 5.52301e+08 2.90321e+08 5.28518e+07 0.000483801 -0.00117003 0.00017588 0.000300241 0.0888693
49 77 0 0.634475 0.996737 0.00112572 0.00191737 3.4869e+07 1.38875e+08 6.60482e+07 1.20238e+07 0 1.25649e+08 0 1.38875e+08 1.25649e+08 6.60482e+07 1.20238e+07 0.00132574 -0.000356561 0.00336003 0.00243316 0.0859983
41 77 1 0.435511 1.10548 0.00123404 0.00230297 1.51168e+07 6.02067e+07 2.8634e+07 5.2127e+06 0 5.44727e+07 0 6.02067e+07 5.44727e+07 2.8634e+07 5.2127e+06 0.00245783 -0.00274536 0.00460226 0.003976 0.0832962
42 77 2 0.452171 0.908459 0.000749484 0.00188646 1.12202e+08 4.46875e+08 2.12531e+08 3.86904e+07 0 4.04315e+08 0 4.46875e+08 4.04315e+08 2.12531e+08 3.86904e+07 0.00035004 -0.00028979 0.000554033 -4.50139e-06 0.0852782
33 78 0 0.112501 0.789932 0.000204893 0.00150399 6.32014e+07 2.51716e+08 1.19715e+08 2.17936e+07 0 2.27743e+08 0 2.51716e+08 2.27743e+08 1.19715e+08 2.17936e+07 0.00131461 0.000227136 -0.000137955 0.00147456 0.0862482
36 78 1 0.146838 0.607134 0.000133721 0.0012715 8.03336e+07 3.19949e+08 1.52166e+08 2.77013e+07 0 2.89478e+08 0 3.19949e+08 2.89478e+08 1.52166e+08 2.77013e+07 0.00103273 0.000656094 0.000629137 0.00122584 0.0920668
40 78 2 0.338505 0.736866 0.00047908 0.001645 7.46191e+07 2.9719e+08 1.41342e+08 2.57307e+07 0 2.68886e+08 0 2.9719e+08 2.68886e+08 1.41342e+08 2.57307e+07 0.00136259 0.00160306 0.0012062 0.00100586 0.0883007
35 79 0 0.266543 0.953125 0.000515732 0.00195908 2.40229e+07 9.56775e+07 4.55037e+07 8.28377e+06 0 8.65654e+07 0 9.56775e+07 8.65654e+07 4.55037e+07 8.28377e+06 0.00244409 0.00114049 0.000399472 0.00281175 0.0835321
41 79 1 0.435511 1.10548 0.00123404 0.00230297 1.51168e+07 6.02067e+07 2.8634e+07 5.2127e+06 0 5.44727e+07 0 6.02067e+07 5.44727e+07 2.8634e+07 5.2127e+06 0.00245783 -0.00274536 0.00460226 0.003976 0.0832962
34 79 2 0.226441 1.17376 0.000279971 0.00303253 1.18019e+07 4.70043e+07 2.2355e+07 4.06964e+06 0 4.25277e+07 0 4.70043e+07 4.25277e+07 2.2355e+07 4.06964e+06 0.004496 0.00556234 -0.000336329 0.0054683 0.0817598
35 80 0 0.266543 0.953125 0.000515732 0.00195908 2.40229e+07 9.56775e+07 4.55037e+07 8.28377e+06 0 8.65654e+07 0 9.56775e+07 8.65654e+07 4.55037e+07 8.28377e+06 0.00244409 0.00114049 0.000399472 0.00281175 0.0835321
34 80 1 0.226441 1.17376 0.000279971 0.00303253 1.18019e+07 4.70043e+07 2.2355e+07 4.06964e+06 0 4.25277e+07 0 4.70043e+07 4.25277e+07 2.2355e+07 4.06964e+06 0.004496 0.00556234 -0.000336329 0.0054683 0.0817598
28 80 2 0.0714932 0.9941 5.41488e-05 0.00192683 4.34873e+07 1.73199e+08 8.23728e+07 1.49956e+07 0 1.56704e+08 0 1.73199e+08 1.56704e+08 8.23728e+07 1.49956e+07 0.00136209 0.000871531 -0.00120217 0.00245042 0.0824607
33 81 0 0.112501 0.789932 0.000204893 0.00150399 6.32014e+07 2.51716e+08 1.19715e+08 2.17936e+07 0 2.27743e+08 0 2.51716e+08 2.27743e+08 1.19715e+08 2.17936e+07 0.00131461 0.000227136 -0.000137955 0.00147456 0.0862482
35 81 1 0.266543 0.953125 0.000515732 0.00195908 2.40229e+07 9.56775e+07 4.55037e+07 8.28377e+06 0 8.65654e+07 0 9.56775e+07 8.65654e+07 4.55037e+07 8.28377e+06 0.00244409 0.00114049 0.000399472 0.00281175 0.0835321
28 81 2 0.0714932 0.9941 5.41488e-05 0.00192683 4.34873e+07 1.73199e+08 8.23728e+07 1.49956e+07 0 1.56704e+08 0 1.73199e+08 1.56704e+08 8.23728e+07 1.49956e+07 0.00136209 0.000871531 -0.00120217 0.00245042 0.0824607
42 82 0 0.452171 0.908459 0.000749484 0.00188646 1.12202e+08 4.46875e+08 2.12531e+08 3.86904e+07 0 4.04315e+08 0 4.46875e+08 4.04315e+08 2.12531e+08 3.86904e+07 0.00035004 -0.00028979 0.000554033 -4.50139e-06 0.0852782
41 82 1 0.435511 1.10548 0.00123404 0.00230297 1.51168e+07 6.02067e+07 2.8634e+07 5.2127e+06 0 5.44727e+07 0 6.02067e+07 5.44727e+07 2.8634e+07 5.2127e+06 0.00245783 -0.00274536 0.00460226 0.003976 0.0832962
35 82 2 0.266543 0.953125 0.000515732 0.00195908 2.40229e+07 9.56775e+07 4.55037e+07 8.28377e+06 0 8.65654e+07 0 9.56775e+07 8.65654e+07 4.55037e+07 8.28377e+06 0.00244409 0.00114049 0.000399472 0.00281175 0.0835321
52 83 0 0.6 3.43264e-24 -1.25718e-27 2.69546e-26 3.49117e+07 1.39045e+08 6.61291e+07 1.20385e+07 0 1.25803e+08 0 1.39045e+08 1.25803e+08 6.61291e+07 1.20385e+07 -4.96024e-26 -6.04589e-25 0.00292917 0.00345177 0.13214
50 83 1 0.499623 0.199481 0.000293457 0.00056444 3.69225e+07 1.47053e+08 6.99379e+07 1.27319e+07 0 1.33048e+08 0 1.47053e+08 1.33048e+08 6.99379e+07 1.27319e+07 0.00170804 0.000662271 0.00114602 0.00200988 0.115069
46 83 2 0.4 3.51109e-24 -3.03026e-28 3.13721e-26 3.57488e+07 1.42379e+08 6.77147e+07 1.23272e+07 0 1.28819e+08 0 1.42379e+08 1.28819e+08 6.77147e+07 1.23272e+07 0.000245868 -0.000220114 0.00082038 0.0034284 0.132443
28 84 0 0.0714932 0.9941 5.41488e-05 0.00192683 4.34873e+07 1.73199e+08 8.23728e+07 1.49956e+07 0 1.56704e+08 0 1.73199e+08 1.56704e+08 8.23728e+07 1.49956e+07 0.00136209 0.000871531 -0.00120217 0.00245042 0.0824607
34 84 1 0.226441 1.17376 0.000279971 0.00303253 1.18019e+07 4.70043e+07 2.2355e+07 4.06964e+06 0 4.25277e+07 0 4.70043e+07 4.25277e+07 2.2355e+07 4.06964e+06 0.004496 0.00556234 -0.000336329 0.0054683 0.0817598
27 84 2 0.000839611 1.19917 -0.000448415 0.00249785 3.46839e+07 1.38138e+08 6.56975e+07 1.196e+07 0 1.24982e+08 0 1.38138e+08 1.24982e+08 6.56975e+07 1.196e+07 0.00241551 -0.00124976 -0.00150773 0.00265415 0.081234
20 85 0 -0.224048 1.17317 -0.000722634 0.00229232 1.00275e+08 3.99371e+08 1.89939e+08 3.45776e+07 0 3.61336e+08 0 3.99371e+08 3.61336e+08 1.89939e+08 3.45776e+07 0.000789423 0.000806427 0.00015185 0.000699162 0.0817498
21 85 1 -0.113224 1.01956 -0.00040736 0.00207846 1.98392e+07 7.90148e+07 3.75791e+07 6.84111e+06 0 7.14896e+07 0 7.90148e+07 7.14896e+07 3.75791e+07 6.84111e+06 0.00311496 -0.00158266 -0.00256997 0.00430256 0.0822417
27 85 2 0.000839611 1.19917 -0.000448415 0.00249785 3.46839e+07 1.38138e+08 6.56975e+07 1.196e+07 0 1.24982e+08 0 1.38138e+08 1.24982e+08 6.56975e+07 1.196e+07 0.00241551 -0.00124976 -0.00150773 0.00265415 0.081234
33 86 0 0.112501 0.789932 0.000204893 0.00150399 6.32014e+07 2.51716e+08 1.19715e+08 2.17936e+07 0 2.27743e+08 0 2.51716e+08 2.27743e+08 1.19715e+08 2.17936e+07 0.00131461 0.000227136 -0.000137955 0.00147456 0.0862482
40 86 1 0.338505 0.736866 0.00047908 0.001645 7.46191e+07 2.9719e+08 1.41342e+08 2.57307e+07 0 2.68886e+08 0 2.9719e+08 2.68886e+08 1.41342e+08 2.57307e+07 0.00136259 0.00160306 0.0012062 0.00100586 0.0883007
35 86 2 0.266543 0.953125 0.000515732 0.00195908 2.40229e+07 9.56775e+07 4.55037e+07 8.28377e+06 0 8.65654e+07 0 9.56775e+07 8.65654e+07 4.55037e+07 8.28377e+06 0.00244409 0.00114049 0.000399472 0.00281175 0.0835321
21 87 0 -0.113224 1.01956 -0.00040736 0.00207846 1.98392e+07 7.90148e+07 3.75791e+07 6.84111e+06 0 7.14896e+07 0 7.90148e+07 7.14896e+07 3.75791e+07 6.84111e+06 0.00311496 -0.00158266 -0.00256997 0.00430256 0.0822417
19 87 1 -0.289934 0.926188 -0.000667827 0.00184618 2.51429e+07 1.00138e+08 4.76253e+07 8.66998e+06 0 9.06013e+07 0 1.00138e+08 9.06013e+07 4.76253e+07 8.66998e+06 0.00180727 -1.99381e-05 -0.00128836 0.00270369 0.0840061
26 87 2 -0.100567 0.815846 -0.000128736 0.00144489 4.26004e+07 1.69667e+08 8.06927e+07 1.46898e+07 0 1.53508e+08 0 1.69667e+08 1.53508e+08 8.06927e+07 1.46898e+07 0.00186038 0.000288345 0.000143642 0.00183729 0.0855922
27 88 0 0.000839611 1.19917 -0.000448415 0.00249785 3.46839e+07 1.38138e+08 6.56975e+07 1.196e+07 0 1.24982e+08 0 1.38138e+08 1.24982e+08 6.56975e+07 1.196e+07 0.00241551 -0.00124976 -0.00150773 0.00265415 0.081234
21 88 1 -0.113224 1.01956 -0.00040736 0.00207846 1.98392e+07 7.90148e+07 3.75791e+07 6.84111e+06 0 7.14896e+07 0 7.90148e+07 7.14896e+07 3.75791e+07 6.84111e+06 0.00311496 -0.00158266 -0.00256997 0.00430256 0.0822417
28 88 2 0.0714932 0.9941 5.41488e-05 0.00192683 4.34873e+07 1.73199e+08 8.23728e+07 1.49956e+07 0 1.56704e+08 0 1.73199e+08 1.56704e+08 8.23728e+07 1.49956e+07 0.00136209 0.000871531 -0.00120217 0.00245042 0.0824607
20 89 0 -0.224048 1.17317 -0.000722634 0.00229232 1.00275e+08 3.99371e+08 1.89939e+08 3.45776e+07 0 3.61336e+08 0 3.99371e+08 3.61336e+08 1.89939e+08 3.45776e+07 0.000789423 0.000806427 0.00015185 0.000699162 0.0817498
19 89 1 -0.289934 0.926188 -0.000667827 0.00184618 2.51429e+07 1.00138e+08 4.76253e+07 8.66998e+06 0 9.06013e+07 0 1.00138e+08 9.06013e+07 4.76253e+07 8.66998e+06 0.00180727 -1.99381e-05 -0.00128836 0.00270369 0.0840061
21 89 2 -0.113224 1.01956 -0.00040736 0.00207846 1.98392e+07 7.90148e+07 3.75791e+07 6.84111e+06 0 7.14896e+07 0 7.90148e+07 7.14896e+07 3.75791e+07 6.84111e+06 0.00311496 -0.00158266 -0.00256997 0.00430256 0.0822417
50 90 0 0.499623 0.199481 0.000293457 0.00056444 3.69225e+07 1.47053e+08 6.99379e+07 1.27319e+07 0 1.33048e+08 0 1.47053e+08 1.33048e+08 6.99379e+07 1.27319e+07 0.00170804 0.000662271 0.00114602 0.00200988 0.115069
44 90 1 0.282808 0.201469 5.09143e-05 0.000527959 7.04861e+07 2.80729e+08 1.33513e+08 2.43055e+07 0 2.53993e+08 0 2.80729e+08 2.53993e+08 1.33513e+08 2.43055e+07 0.000753669 -4.53705e-05 0.000280909 0.00140446 0.11491
46 90 2 0.4 3.51109e-24 -3.03026e-28 3.13721e-26 3.57488e+07 1.42379e+08 6.77147e+07 1.23272e+07 0 1.28819e+08 0 1.42379e+08 1.28819e+08 6.77147e+07 1.23272e+07 0.000245868 -0.000220114 0.00082038 0.0034284 0.132443
22 91 0 -0.392867 0.42448 -0.000581262 0.000878954 6.59773e+07 2.62772e+08 1.24973e+08 2.27508e+07 0 2.37746e+08 0 2.62772e+08 2.37746e+08 1.24973e+08 2.27508e+07 0.000678095 0.00205622 0.00121301 0.00178919 0.100708
29 91 1 -0.162781 0.424717 -0.000305469 0.000902949 5.63446e+07 2.24407e+08 1.06727e+08 1.94292e+07 0 2.03035e+08 0 2.24407e+08 2.03035e+08 1.06727e+08 1.94292e+07 0.00120516 -0.00159977 7.61397e-05 0.00178363 0.100399
25 91 2 -0.290182 0.659738 -0.000350656 0.00130428 8.32498e+07 3.31564e+08 1.5769e+08 2.87068e+07 0 2.99986e+08 0 3.31564e+08 2.99986e+08 1.5769e+08 2.87068e+07 0.000951006 -3.82277e-05 -0.00018568 0.00123774 0.0904349
15 92 0 -0.625511 0.390098 -0.000993515 0.000792873 2.62814e+07 1.04673e+08 4.97817e+07 9.06256e+06 0 9.47037e+07 0 1.04673e+08 9.47037e+07 4.97817e+07 9.06256e+06 0.00272578 -0.00196951 -0.000264423 0.00263152 0.102919
22 92 1 -0.392867 0.42448 -0.000581262 0.000878954 6.59773e+07 2.62772e+08 1.24973e+08 2.27508e+07 0 2.37746e+08 0 2.62772e+08 2.37746e+08 1.24973e+08 2.27508e+07 0.000678095 0.00205622 0.00121301 0.00178919 0.100708
17 92 2 -0.534779 0.599212 -0.000743208 0.00125174 1.97597e+07 7.86982e+07 3.74285e+07 6.8137e+06 0 7.12031e+07 0 7.86982e+07 7.12031e+07 3.74285e+07 6.8137e+06 0.00320342 -0.00123271 8.5779e-05 0.00314655 0.0934895
23 93 0 -0.288649 0.215249 -0.000370544 0.000594925 3.62988e+07 1.44569e+08 6.87565e+07 1.25168e+07 0 1.30801e+08 0 1.44569e+08 1.30801e+08 6.87565e+07 1.25168e+07 0.00169775 5.9993e-05 -0.00119915 0.00208264 0.113799
30 93 1 -0.0821089 0.21399 -0.000160747 0.000453008 8.91165e+07 3.54929e+08 1.68803e+08 3.07298e+07 0 3.21127e+08 0 3.54929e+08 3.21127e+08 1.68803e+08 3.07298e+07 0.000321201 -0.0014134 -0.00086536 0.00133322 0.113849
29 93 2 -0.162781 0.424717 -0.000305469 0.000902949 5.63446e+07 2.24407e+08 1.06727e+08 1.94292e+07 0 2.03035e+08 0 2.24407e+08 2.03035e+08 1.06727e+08 1.94292e+07 0.00120516 -0.00159977 7.61397e-05 0.00178363 0.100399
28 94 0 0.0714932 0.9941 5.41488e-05 0.00192683 4.34873e+07 1.73199e+08 8.23728e+07 1.49956e+07 0 1.56704e+08 0 1.73199e+08 1.56704e+08 8.23728e+07 1.49956e+07 0.00136209 0.000871531 -0.00120217 0.00245042 0.0824607
21 94 1 -0.113224 1.01956 -0.00040736 0.00207846 1.98392e+07 7.90148e+07 3.75791e+07 6.84111e+06 0 7.14896e+07 0 7.90148e+07 7.14896e+07 3.75791e+07 6.84111e+06 0.00311496 -0.00158266 -0.00256997 0.00430256 0.0822417
26 94 2 -0.100567 0.815846 -0.000128736 0.00144489 4.26004e+07 1.69667e+08 8.06927e+07 1.46898e+07 0 1.53508e+08 0 1.69667e+08 1.53508e+08 8.06927e+07 1.46898e+07 0.00186038 0.000288345 0.000143642 0.00183729 0.0855922
13 95 0 -0.441085 1.10566 -0.000884071 0.00213693 1.1804e+08 4.70127e+08 2.2359e+08 4.07036e+07 0 4.25353e+08 0 4.70127e+08 4.25353e+08 2.2359e+08 4.07036e+07 0.000417092 0.000195281 0.000751939 0.000683941 0.0833098
11 95 1 -0.640818 0.992832 -0.00126024 0.00228077 2.96331e+07 1.18021e+08 5.61303e+07 1.02183e+07 0 1.06781e+08 0 1.18021e+08 1.06781e+08 5.61303e+07 1.02183e+07 0.00262792 -0.000733868 0.000684094 0.00195844 0.0860215
18 95 2 -0.478416 0.835138 -0.000855628 0.00180759 3.92646e+07 1.56381e+08 7.43742e+07 1.35395e+07 0 1.41488e+08 0 1.56381e+08 1.41488e+08 7.43742e+07 1.35395e+07 0.00163764 -0.000940267 -0.00142273 0.00231869 0.0866877
38 96 0 0.0995225 0.178394 -6.30312e-05 0.000394621 7.70131e+07 3.06725e+08 1.45877e+08 2.65562e+07 0 2.77513e+08 0 3.06725e+08 2.77513e+08 1.45877e+08 2.65562e+07 0.000486034 0.00112439 -0.000251829 0.00158185 0.116622
39 96 1 0.2 3.44086e-24 -2.44016e-29 3.44533e-26 3.37108e+07 1.34262e+08 6.38543e+07 1.16244e+07 0 1.21475e+08 0 1.34262e+08 1.21475e+08 6.38543e+07 1.16244e+07 9.83499e-05 0.000389731 -0.000125677 0.0036951 0.132473
44 96 2 0.282808 0.201469 5.09143e-05 0.000527959 7.04861e+07 2.80729e+08 1.33513e+08 2.43055e+07 0 2.53993e+08 0 2.80729e+08 2.53993e+08 1.33513e+08 2.43055e+07 0.000753669 -4.53705e-05 0.000280909 0.00140446 0.11491
13 97 0 -0.441085 1.10566 -0.000884071 0.00213693 1.1804e+08 4.70127e+08 2.2359e+08 4.07036e+07 0 4.25353e+08 0 4.70127e+08 4.25353e+08 2.2359e+08 4.07036e+07 0.000417092 0.000195281 0.000751939 0.000683941 0.0833098
19 97 1 -0.289934 0.926188 -0.000667827 0.00184618 2.51429e+07 1.00138e+08 4.76253e+07 8.66998e+06 0 9.06013e+07 0 1.00138e+08 9.06013e+07 4.76253e+07 8.66998e+06 0.00180727 -1.99381e-05 -0.00128836 0.00270369 0.0840061
20 97 2 -0.224048 1.17317 -0.000722634 0.00229232 1.00275e+08 3.99371e+08 1.89939e+08 3.45776e+07 0 3.61336e+08 0 3.99371e+08 3.61336e+08 1.89939e+08 3.45776e+07 0.000789423 0.000806427 0.00015185 0.000699162 0.0817498
