Index_Vertex nbTriangle nbInTr x y ux uy Elast AR BR IR GR ER FR A1 A2 B12 C3 Defxx Defxy Defyx Defyy Density 
33 0 0 0.515684 0.219528 0.000398325 0.000328571 5.92626e+07 2.36029e+08 1.12254e+08 2.04354e+07 0 2.1355e+08 0 2.36029e+08 2.1355e+08 1.12254e+08 2.04354e+07 0.000787352 -0.0005298 0.000187006 0.00193823 0.0834335
44 0 1 0.301365 0.220106 0.000213618 0.000369509 4.65732e+07 1.8549e+08 8.82179e+07 1.60597e+07 0 1.67824e+08 0 1.8549e+08 1.67824e+08 8.82179e+07 1.60597e+07 0.000937328 0.000158667 0.000192702 0.00210363 0.0850399
34 0 2 0.4 9.23045e-24 2.79179e-27 3.39955e-26 9.79137e+07 3.89967e+08 1.85466e+08 3.37633e+07 0 3.52827e+08 0 3.89967e+08 3.52827e+08 1.85466e+08 3.37633e+07 3.44375e-27 -6.37655e-25 0.00232692 0.00127741 0.103444
18 1 0 0.551411 1.25537 0.000618107 0.001608 6.1474e+07 2.44836e+08 1.16443e+08 2.11979e+07 0 2.21519e+08 0 2.44836e+08 2.21519e+08 1.16443e+08 2.11979e+07 0.00142647 0.000167782 -2.36284e-05 0.00135638 0.0471934
19 1 1 0.544185 1.46807 0.000712582 0.00205616 2.46656e+07 9.82372e+07 4.67211e+07 8.50539e+06 0 8.88813e+07 0 9.82372e+07 8.88813e+07 4.67211e+07 8.50539e+06 0.00241641 -0.000325456 0.00104251 0.00285224 0.0459016
26 1 2 0.324256 1.3194 0.000383427 0.00179156 1.15292e+08 4.5918e+08 2.18384e+08 3.97558e+07 0 4.15449e+08 0 4.5918e+08 4.15449e+08 2.18384e+08 3.97558e+07 0.000814716 -0.00110778 -0.000446373 0.000649664 0.0459043
27 2 0 0.39521 1.10711 0.000524066 0.00150665 1.10745e+08 4.41072e+08 2.09772e+08 3.81881e+07 0 3.99066e+08 0 4.41072e+08 3.99066e+08 2.09772e+08 3.81881e+07 0.000580475 -0.00134128 -0.000504103 0.000852829 0.0486223
18 2 1 0.551411 1.25537 0.000618107 0.001608 6.1474e+07 2.44836e+08 1.16443e+08 2.11979e+07 0 2.21519e+08 0 2.44836e+08 2.21519e+08 1.16443e+08 2.11979e+07 0.00142647 0.000167782 -2.36284e-05 0.00135638 0.0471934
26 2 2 0.324256 1.3194 0.000383427 0.00179156 1.15292e+08 4.5918e+08 2.18384e+08 3.97558e+07 0 4.15449e+08 0 4.5918e+08 4.15449e+08 2.18384e+08 3.97558e+07 0.000814716 -0.00110778 -0.000446373 0.000649664 0.0459043
17 3 0 0.712374 1.16235 0.000792169 0.00148499 8.54467e+07 3.40313e+08 1.61851e+08 2.94644e+07 0 3.07903e+08 0 3.40313e+08 3.07903e+08 1.61851e+08 2.94644e+07 0.000938751 -6.26013e-05 8.65081e-05 0.001152 0.0491328
10 3 1 0.797323 1.31939 0.00092723 0.00164725 7.85755e+07 3.12947e+08 1.48836e+08 2.7095e+07 0 2.83143e+08 0 3.12947e+08 2.83143e+08 1.48836e+08 2.7095e+07 0.000724619 -0.00051746 0.00141793 0.00121311 0.0479888
18 3 2 0.551411 1.25537 0.000618107 0.001608 6.1474e+07 2.44836e+08 1.16443e+08 2.11979e+07 0 2.21519e+08 0 2.44836e+08 2.21519e+08 1.16443e+08 2.11979e+07 0.00142647 0.000167782 -2.36284e-05 0.00135638 0.0471934
26 4 0 0.324256 1.3194 0.000383427 0.00179156 1.15292e+08 4.5918e+08 2.18384e+08 3.97558e+07 0 4.15449e+08 0 4.5918e+08 4.15449e+08 2.18384e+08 3.97558e+07 0.000814716 -0.00110778 -0.000446373 0.000649664 0.0459043
19 4 1 0.544185 1.46807 0.000712582 0.00205616 2.46656e+07 9.82372e+07 4.67211e+07 8.50539e+06 0 8.88813e+07 0 9.82372e+07 8.88813e+07 4.67211e+07 8.50539e+06 0.00241641 -0.000325456 0.00104251 0.00285224 0.0459016
28 4 2 0.282536 1.5556 0.000460326 0.00204686 8.53563e+07 3.39954e+08 1.6168e+08 2.94332e+07 0 3.07577e+08 0 3.39954e+08 3.07577e+08 1.6168e+08 2.94332e+07 0.000696094 -0.000504423 0.00104526 0.0011523 0.0447557
36 5 0 0.146739 1.11584 0.00025548 0.00170916 4.54953e+07 1.81197e+08 8.61763e+07 1.5688e+07 0 1.6394e+08 0 1.81197e+08 1.6394e+08 8.61763e+07 1.5688e+07 0.00162267 -0.00020631 0.00167743 0.00149484 0.0481848
27 5 1 0.39521 1.10711 0.000524066 0.00150665 1.10745e+08 4.41072e+08 2.09772e+08 3.81881e+07 0 3.99066e+08 0 4.41072e+08 3.99066e+08 2.09772e+08 3.81881e+07 0.000580475 -0.00134128 -0.000504103 0.000852829 0.0486223
26 5 2 0.324256 1.3194 0.000383427 0.00179156 1.15292e+08 4.5918e+08 2.18384e+08 3.97558e+07 0 4.15449e+08 0 4.5918e+08 4.15449e+08 2.18384e+08 3.97558e+07 0.000814716 -0.00110778 -0.000446373 0.000649664 0.0459043
46 6 0 -0.116596 1.15909 -4.53881e-05 0.00178562 3.70304e+07 1.47483e+08 7.01422e+07 1.27691e+07 0 1.33437e+08 0 1.47483e+08 1.33437e+08 7.01422e+07 1.27691e+07 0.00140197 -8.26543e-05 0.000503027 0.00191346 0.047392
36 6 1 0.146739 1.11584 0.00025548 0.00170916 4.54953e+07 1.81197e+08 8.61763e+07 1.5688e+07 0 1.6394e+08 0 1.81197e+08 1.6394e+08 8.61763e+07 1.5688e+07 0.00162267 -0.00020631 0.00167743 0.00149484 0.0481848
37 6 2 0.0838981 1.35678 0.000206544 0.00195669 1.67596e+08 6.67494e+08 3.17456e+08 5.77916e+07 0 6.03923e+08 0 6.67494e+08 6.03923e+08 3.17456e+08 5.77916e+07 0.000610418 -0.00012335 0.000146139 0.00026937 0.045215
47 7 0 -0.00160576 0.918487 4.63773e-06 0.00146967 1.61153e+08 6.41833e+08 3.05253e+08 5.557e+07 0 5.80706e+08 0 6.41833e+08 5.80706e+08 3.05253e+08 5.557e+07 0.000214636 1.61462e-05 -5.58391e-05 0.000335439 0.0522851
45 7 1 0.195492 0.843937 0.000232528 0.00121604 4.51087e+07 1.79657e+08 8.5444e+07 1.55547e+07 0 1.62547e+08 0 1.79657e+08 1.62547e+08 8.5444e+07 1.55547e+07 0.00183332 -0.00109878 -0.000757167 0.00127829 0.0543678
36 7 2 0.146739 1.11584 0.00025548 0.00170916 4.54953e+07 1.81197e+08 8.61763e+07 1.5688e+07 0 1.6394e+08 0 1.81197e+08 1.6394e+08 8.61763e+07 1.5688e+07 0.00162267 -0.00020631 0.00167743 0.00149484 0.0481848
43 8 0 0.296837 0.634566 0.000325604 0.000879127 9.98159e+07 3.97543e+08 1.89069e+08 3.44193e+07 0 3.59682e+08 0 3.97543e+08 3.59682e+08 1.89069e+08 3.44193e+07 0.000493306 0.000364001 0.00099131 0.00108674 0.0616121
53 8 1 0.0591569 0.656284 3.96813e-05 0.00107477 2.3548e+07 9.37862e+07 4.46042e+07 8.12002e+06 0 8.48542e+07 0 9.37862e+07 8.48542e+07 4.46042e+07 8.12002e+06 0.00169912 -0.0010818 0.000534309 0.00192863 0.0608886
52 8 2 0.136078 0.416943 5.29854e-05 0.0006593 1.06718e+08 4.25031e+08 2.02143e+08 3.67992e+07 0 3.84552e+08 0 4.25031e+08 3.84552e+08 2.02143e+08 3.67992e+07 0.00105178 -0.00246313 0.00023862 0.000403897 0.0725467
31 9 0 0.646752 0.428589 0.000504611 0.000568718 9.27277e+07 3.69312e+08 1.75643e+08 3.19751e+07 0 3.3414e+08 0 3.69312e+08 3.3414e+08 1.75643e+08 3.19751e+07 0.000815763 -0.000646656 -0.00022982 0.00120844 0.0693375
32 9 1 0.544447 0.634249 0.000525992 0.000881153 6.80582e+07 2.7106e+08 1.28915e+08 2.34684e+07 0 2.45244e+08 0 2.7106e+08 2.45244e+08 1.28915e+08 2.34684e+07 0.000945816 -0.000366104 0.000701638 0.00170183 0.061006
42 9 2 0.401609 0.430631 0.000293008 0.000685419 9.66203e+07 3.84815e+08 1.83016e+08 3.33173e+07 0 3.48166e+08 0 3.84815e+08 3.48166e+08 1.83016e+08 3.33173e+07 0.00086027 -0.000328853 -0.000294442 0.000978571 0.0709595
45 10 0 0.195492 0.843937 0.000232528 0.00121604 4.51087e+07 1.79657e+08 8.5444e+07 1.55547e+07 0 1.62547e+08 0 1.79657e+08 1.62547e+08 8.5444e+07 1.55547e+07 0.00183332 -0.00109878 -0.000757167 0.00127829 0.0543678
53 10 1 0.0591569 0.656284 3.96813e-05 0.00107477 2.3548e+07 9.37862e+07 4.46042e+07 8.12002e+06 0 8.48542e+07 0 9.37862e+07 8.48542e+07 4.46042e+07 8.12002e+06 0.00169912 -0.0010818 0.000534309 0.00192863 0.0608886
43 10 2 0.296837 0.634566 0.000325604 0.000879127 9.98159e+07 3.97543e+08 1.89069e+08 3.44193e+07 0 3.59682e+08 0 3.97543e+08 3.59682e+08 1.89069e+08 3.44193e+07 0.000493306 0.000364001 0.00099131 0.00108674 0.0616121
27 11 0 0.39521 1.10711 0.000524066 0.00150665 1.10745e+08 4.41072e+08 2.09772e+08 3.81881e+07 0 3.99066e+08 0 4.41072e+08 3.99066e+08 2.09772e+08 3.81881e+07 0.000580475 -0.00134128 -0.000504103 0.000852829 0.0486223
38 11 1 0.289959 0.980767 0.000419089 0.00139831 2.82674e+07 1.12582e+08 5.35435e+07 9.74737e+06 0 1.0186e+08 0 1.12582e+08 1.0186e+08 5.35435e+07 9.74737e+06 0.00214526 -0.000480409 -0.000104794 0.00237961 0.050905
35 11 2 0.439893 0.848669 0.0005345 0.00117481 1.0189e+08 4.05804e+08 1.92998e+08 3.51346e+07 0 3.67156e+08 0 4.05804e+08 3.67156e+08 1.92998e+08 3.51346e+07 0.000645015 0.000717252 0.000384623 0.000998009 0.0542829
47 12 0 -0.00160576 0.918487 4.63773e-06 0.00146967 1.61153e+08 6.41833e+08 3.05253e+08 5.557e+07 0 5.80706e+08 0 6.41833e+08 5.80706e+08 3.05253e+08 5.557e+07 0.000214636 1.61462e-05 -5.58391e-05 0.000335439 0.0522851
53 12 1 0.0591569 0.656284 3.96813e-05 0.00107477 2.3548e+07 9.37862e+07 4.46042e+07 8.12002e+06 0 8.48542e+07 0 9.37862e+07 8.48542e+07 4.46042e+07 8.12002e+06 0.00169912 -0.0010818 0.000534309 0.00192863 0.0608886
45 12 2 0.195492 0.843937 0.000232528 0.00121604 4.51087e+07 1.79657e+08 8.5444e+07 1.55547e+07 0 1.62547e+08 0 1.79657e+08 1.62547e+08 8.5444e+07 1.55547e+07 0.00183332 -0.00109878 -0.000757167 0.00127829 0.0543678
80 13 0 -1.00456 0.761533 -0.00122248 0.00110284 4.49457e+07 1.79008e+08 8.51353e+07 1.54985e+07 0 1.6196e+08 0 1.79008e+08 1.6196e+08 8.51353e+07 1.54985e+07 0.00178371 0.00126835 0.000648075 0.001763 0.0560624
73 13 1 -0.918682 0.943253 -0.00121533 0.00146019 4.28296e+07 1.7058e+08 8.1127e+07 1.47688e+07 0 1.54334e+08 0 1.7058e+08 1.54334e+08 8.1127e+07 1.47688e+07 0.0018764 0.000475434 -0.000837794 0.00191132 0.0524158
76 13 2 -1.10956 0.977248 -0.00142484 0.00124378 1.52114e+08 6.05833e+08 2.88131e+08 5.24531e+07 0 5.48135e+08 0 6.05833e+08 5.48135e+08 2.88131e+08 5.24531e+07 0.000141808 0.001759 -0.001163 0.000549763 0.053003
83 14 0 -1.24661 0.696877 -0.0016636 0.000685225 3.77506e+07 1.50351e+08 7.15064e+07 1.30174e+07 0 1.36032e+08 0 1.50351e+08 1.36032e+08 7.15064e+07 1.30174e+07 0.00196309 0.00159269 0.000147184 0.00272667 0.0581533
80 14 1 -1.00456 0.761533 -0.00122248 0.00110284 4.49457e+07 1.79008e+08 8.51353e+07 1.54985e+07 0 1.6196e+08 0 1.79008e+08 1.6196e+08 8.51353e+07 1.54985e+07 0.00178371 0.00126835 0.000648075 0.001763 0.0560624
77 14 2 -1.19348 0.844445 -0.00143672 0.00102115 1.05361e+08 4.19627e+08 1.99572e+08 3.63313e+07 0 3.79662e+08 0 4.19627e+08 3.79662e+08 1.99572e+08 3.63313e+07 0.000701592 0.00152063 1.14905e-05 0.000944056 0.0553952
85 15 0 -1.0599 0.554736 -0.00132479 0.000616217 5.29666e+07 2.10953e+08 1.00328e+08 1.82643e+07 0 1.90862e+08 0 2.10953e+08 1.90862e+08 1.00328e+08 1.82643e+07 0.00142675 0.00120919 -0.000461634 0.00192476 0.0610008
84 15 1 -0.885212 0.394075 -0.000917719 0.000491558 4.20006e+07 1.67278e+08 7.95567e+07 1.4483e+07 0 1.51347e+08 0 1.67278e+08 1.51347e+08 7.95567e+07 1.4483e+07 0.00170361 0.00112171 -0.000584098 0.00157387 0.0680421
79 15 2 -0.822349 0.607504 -0.000870256 0.00100989 3.00374e+07 1.19632e+08 5.68963e+07 1.03577e+07 0 1.08238e+08 0 1.19632e+08 1.08238e+08 5.68963e+07 1.03577e+07 0.00237138 0.000753869 6.2107e-05 0.00249525 0.0605062
81 16 0 -0.727506 0.212909 -0.000597453 0.000377859 6.45281e+07 2.57e+08 1.22228e+08 2.22511e+07 0 2.32524e+08 0 2.57e+08 2.32524e+08 1.22228e+08 2.22511e+07 0.00107561 0.000768173 -0.000532188 0.00132647 0.0806997
86 16 1 -0.950208 0.187957 -0.000761474 0.000208605 1.14853e+08 4.57433e+08 2.17553e+08 3.96046e+07 0 4.13868e+08 0 4.57433e+08 4.13868e+08 2.17553e+08 3.96046e+07 0.000644398 0.000530301 -0.00167238 0.000650736 0.0767539
82 16 2 -0.8 9.10447e-24 -5.01952e-27 3.43995e-26 6.17175e+07 2.45806e+08 1.16904e+08 2.12819e+07 0 2.22396e+08 0 2.45806e+08 2.22396e+08 1.16904e+08 2.12819e+07 1.71117e-25 -6.80403e-25 -0.00627293 0.00207147 0.0964523
78 17 0 -0.649482 0.437014 -0.000567722 0.000778132 6.13971e+07 2.4453e+08 1.16297e+08 2.11714e+07 0 2.21241e+08 0 2.4453e+08 2.21241e+08 1.16297e+08 2.11714e+07 0.00108268 0.000131465 -0.000162701 0.00160362 0.0687282
81 17 1 -0.727506 0.212909 -0.000597453 0.000377859 6.45281e+07 2.57e+08 1.22228e+08 2.22511e+07 0 2.32524e+08 0 2.57e+08 2.32524e+08 1.22228e+08 2.22511e+07 0.00107561 0.000768173 -0.000532188 0.00132647 0.0806997
74 17 2 -0.507078 0.23397 -0.000404067 0.000487757 7.59964e+07 3.02675e+08 1.43951e+08 2.62057e+07 0 2.73849e+08 0 3.02675e+08 2.73849e+08 1.43951e+08 2.62057e+07 0.000931235 -8.03258e-05 -3.68599e-05 0.00129247 0.0824055
78 18 0 -0.649482 0.437014 -0.000567722 0.000778132 6.13971e+07 2.4453e+08 1.16297e+08 2.11714e+07 0 2.21241e+08 0 2.4453e+08 2.21241e+08 1.16297e+08 2.11714e+07 0.00108268 0.000131465 -0.000162701 0.00160362 0.0687282
84 18 1 -0.885212 0.394075 -0.000917719 0.000491558 4.20006e+07 1.67278e+08 7.95567e+07 1.4483e+07 0 1.51347e+08 0 1.67278e+08 1.51347e+08 7.95567e+07 1.4483e+07 0.00170361 0.00112171 -0.000584098 0.00157387 0.0680421
81 18 2 -0.727506 0.212909 -0.000597453 0.000377859 6.45281e+07 2.57e+08 1.22228e+08 2.22511e+07 0 2.32524e+08 0 2.57e+08 2.32524e+08 1.22228e+08 2.22511e+07 0.00107561 0.000768173 -0.000532188 0.00132647 0.0806997
92 19 0 -1.30817 0.229378 -0.0010999 -0.000110494 1.15388e+08 4.59563e+08 2.18566e+08 3.9789e+07 0 4.15796e+08 0 4.59563e+08 4.15796e+08 2.18566e+08 3.9789e+07 0.000623999 0.00136245 -0.00163286 0.000890158 0.0672777
90 19 1 -1.16863 0.101208 -0.000754988 -9.84523e-05 9.95455e+07 3.96466e+08 1.88557e+08 3.4326e+07 0 3.58707e+08 0 3.96466e+08 3.58707e+08 1.88557e+08 3.4326e+07 0.000843772 0.00101847 -0.00267351 0.00135463 0.0724588
89 19 2 -1.12033 0.344665 -0.00113805 0.000225961 8.66093e+07 3.44944e+08 1.64053e+08 2.98653e+07 0 3.12092e+08 0 3.44944e+08 3.12092e+08 1.64053e+08 2.98653e+07 0.00085965 0.000931518 -0.00158518 0.00119245 0.0666076
89 20 0 -1.12033 0.344665 -0.00113805 0.000225961 8.66093e+07 3.44944e+08 1.64053e+08 2.98653e+07 0 3.12092e+08 0 3.44944e+08 3.12092e+08 1.64053e+08 2.98653e+07 0.00085965 0.000931518 -0.00158518 0.00119245 0.0666076
85 20 1 -1.0599 0.554736 -0.00132479 0.000616217 5.29666e+07 2.10953e+08 1.00328e+08 1.82643e+07 0 1.90862e+08 0 2.10953e+08 1.90862e+08 1.00328e+08 1.82643e+07 0.00142675 0.00120919 -0.000461634 0.00192476 0.0610008
88 20 2 -1.30059 0.549617 -0.00160119 0.000267564 7.18116e+07 2.86008e+08 1.36024e+08 2.47626e+07 0 2.58769e+08 0 2.86008e+08 2.58769e+08 1.36024e+08 2.47626e+07 0.00097169 0.00171585 -0.00132364 0.00154187 0.0610976
82 21 0 -0.8 9.10447e-24 -5.01952e-27 3.43995e-26 6.17175e+07 2.45806e+08 1.16904e+08 2.12819e+07 0 2.22396e+08 0 2.45806e+08 2.22396e+08 1.16904e+08 2.12819e+07 1.71117e-25 -6.80403e-25 -0.00627293 0.00207147 0.0964523
75 21 1 -0.6 9.24944e-24 -2.10923e-27 3.52869e-26 5.22396e+07 2.08058e+08 9.89511e+07 1.80136e+07 0 1.88243e+08 0 2.08058e+08 1.88243e+08 9.89511e+07 1.80136e+07 -9.16498e-19 7.47612e-19 -0.00394798 0.00272714 0.100937
81 21 2 -0.727506 0.212909 -0.000597453 0.000377859 6.45281e+07 2.57e+08 1.22228e+08 2.22511e+07 0 2.32524e+08 0 2.57e+08 2.32524e+08 1.22228e+08 2.22511e+07 0.00107561 0.000768173 -0.000532188 0.00132647 0.0806997
78 22 0 -0.649482 0.437014 -0.000567722 0.000778132 6.13971e+07 2.4453e+08 1.16297e+08 2.11714e+07 0 2.21241e+08 0 2.4453e+08 2.21241e+08 1.16297e+08 2.11714e+07 0.00108268 0.000131465 -0.000162701 0.00160362 0.0687282
71 22 1 -0.588724 0.674162 -0.000658115 0.00105221 1.26962e+08 5.05659e+08 2.40489e+08 4.378e+07 0 4.57501e+08 0 5.05659e+08 4.57501e+08 2.40489e+08 4.378e+07 0.00053034 -0.000786566 -0.00110326 0.000664809 0.0591906
79 22 2 -0.822349 0.607504 -0.000870256 0.00100989 3.00374e+07 1.19632e+08 5.68963e+07 1.03577e+07 0 1.08238e+08 0 1.19632e+08 1.08238e+08 5.68963e+07 1.03577e+07 0.00237138 0.000753869 6.2107e-05 0.00249525 0.0605062
86 23 0 -0.950208 0.187957 -0.000761474 0.000208605 1.14853e+08 4.57433e+08 2.17553e+08 3.96046e+07 0 4.13868e+08 0 4.57433e+08 4.13868e+08 2.17553e+08 3.96046e+07 0.000644398 0.000530301 -0.00167238 0.000650736 0.0767539
84 23 1 -0.885212 0.394075 -0.000917719 0.000491558 4.20006e+07 1.67278e+08 7.95567e+07 1.4483e+07 0 1.51347e+08 0 1.67278e+08 1.51347e+08 7.95567e+07 1.4483e+07 0.00170361 0.00112171 -0.000584098 0.00157387 0.0680421
89 23 2 -1.12033 0.344665 -0.00113805 0.000225961 8.66093e+07 3.44944e+08 1.64053e+08 2.98653e+07 0 3.12092e+08 0 3.44944e+08 3.12092e+08 1.64053e+08 2.98653e+07 0.00085965 0.000931518 -0.00158518 0.00119245 0.0666076
90 24 0 -1.16863 0.101208 -0.000754988 -9.84523e-05 9.95455e+07 3.96466e+08 1.88557e+08 3.4326e+07 0 3.58707e+08 0 3.96466e+08 3.58707e+08 1.88557e+08 3.4326e+07 0.000843772 0.00101847 -0.00267351 0.00135463 0.0724588
86 24 1 -0.950208 0.187957 -0.000761474 0.000208605 1.14853e+08 4.57433e+08 2.17553e+08 3.96046e+07 0 4.13868e+08 0 4.57433e+08 4.13868e+08 2.17553e+08 3.96046e+07 0.000644398 0.000530301 -0.00167238 0.000650736 0.0767539
89 24 2 -1.12033 0.344665 -0.00113805 0.000225961 8.66093e+07 3.44944e+08 1.64053e+08 2.98653e+07 0 3.12092e+08 0 3.44944e+08 3.12092e+08 1.64053e+08 2.98653e+07 0.00085965 0.000931518 -0.00158518 0.00119245 0.0666076
87 25 0 -1 4.29906e-24 -9.63635e-27 2.50516e-26 7.12883e+07 2.83924e+08 1.35033e+08 2.45822e+07 0 2.56884e+08 0 2.83924e+08 2.56884e+08 1.35033e+08 2.45822e+07 0.00161305 0.00155526 -0.00815249 0.000988171 0.0861978
82 25 1 -0.8 9.10447e-24 -5.01952e-27 3.43995e-26 6.17175e+07 2.45806e+08 1.16904e+08 2.12819e+07 0 2.22396e+08 0 2.45806e+08 2.22396e+08 1.16904e+08 2.12819e+07 1.71117e-25 -6.80403e-25 -0.00627293 0.00207147 0.0964523
86 25 2 -0.950208 0.187957 -0.000761474 0.000208605 1.14853e+08 4.57433e+08 2.17553e+08 3.96046e+07 0 4.13868e+08 0 4.57433e+08 4.13868e+08 2.17553e+08 3.96046e+07 0.000644398 0.000530301 -0.00167238 0.000650736 0.0767539
89 26 0 -1.12033 0.344665 -0.00113805 0.000225961 8.66093e+07 3.44944e+08 1.64053e+08 2.98653e+07 0 3.12092e+08 0 3.44944e+08 3.12092e+08 1.64053e+08 2.98653e+07 0.00085965 0.000931518 -0.00158518 0.00119245 0.0666076
84 26 1 -0.885212 0.394075 -0.000917719 0.000491558 4.20006e+07 1.67278e+08 7.95567e+07 1.4483e+07 0 1.51347e+08 0 1.67278e+08 1.51347e+08 7.95567e+07 1.4483e+07 0.00170361 0.00112171 -0.000584098 0.00157387 0.0680421
85 26 2 -1.0599 0.554736 -0.00132479 0.000616217 5.29666e+07 2.10953e+08 1.00328e+08 1.82643e+07 0 1.90862e+08 0 2.10953e+08 1.90862e+08 1.00328e+08 1.82643e+07 0.00142675 0.00120919 -0.000461634 0.00192476 0.0610008
92 27 0 -1.30817 0.229378 -0.0010999 -0.000110494 1.15388e+08 4.59563e+08 2.18566e+08 3.9789e+07 0 4.15796e+08 0 4.59563e+08 4.15796e+08 2.18566e+08 3.9789e+07 0.000623999 0.00136245 -0.00163286 0.000890158 0.0672777
89 27 1 -1.12033 0.344665 -0.00113805 0.000225961 8.66093e+07 3.44944e+08 1.64053e+08 2.98653e+07 0 3.12092e+08 0 3.44944e+08 3.12092e+08 1.64053e+08 2.98653e+07 0.00085965 0.000931518 -0.00158518 0.00119245 0.0666076
91 27 2 -1.30744 0.38957 -0.00135942 4.69541e-05 1.01586e+08 4.04594e+08 1.92423e+08 3.50298e+07 0 3.66061e+08 0 4.04594e+08 3.66061e+08 1.92423e+08 3.50298e+07 0.000701671 0.00152641 -0.0017691 0.00107618 0.0643442
90 28 0 -1.16863 0.101208 -0.000754988 -9.84523e-05 9.95455e+07 3.96466e+08 1.88557e+08 3.4326e+07 0 3.58707e+08 0 3.96466e+08 3.58707e+08 1.88557e+08 3.4326e+07 0.000843772 0.00101847 -0.00267351 0.00135463 0.0724588
87 28 1 -1 4.29906e-24 -9.63635e-27 2.50516e-26 7.12883e+07 2.83924e+08 1.35033e+08 2.45822e+07 0 2.56884e+08 0 2.83924e+08 2.56884e+08 1.35033e+08 2.45822e+07 0.00161305 0.00155526 -0.00815249 0.000988171 0.0861978
86 28 2 -0.950208 0.187957 -0.000761474 0.000208605 1.14853e+08 4.57433e+08 2.17553e+08 3.96046e+07 0 4.13868e+08 0 4.57433e+08 4.13868e+08 2.17553e+08 3.96046e+07 0.000644398 0.000530301 -0.00167238 0.000650736 0.0767539
75 29 0 -0.6 9.24944e-24 -2.10923e-27 3.52869e-26 5.22396e+07 2.08058e+08 9.89511e+07 1.80136e+07 0 1.88243e+08 0 2.08058e+08 1.88243e+08 9.89511e+07 1.80136e+07 -9.16498e-19 7.47612e-19 -0.00394798 0.00272714 0.100937
74 29 1 -0.507078 0.23397 -0.000404067 0.000487757 7.59964e+07 3.02675e+08 1.43951e+08 2.62057e+07 0 2.73849e+08 0 3.02675e+08 2.73849e+08 1.43951e+08 2.62057e+07 0.000931235 -8.03258e-05 -3.68599e-05 0.00129247 0.0824055
81 29 2 -0.727506 0.212909 -0.000597453 0.000377859 6.45281e+07 2.57e+08 1.22228e+08 2.22511e+07 0 2.32524e+08 0 2.57e+08 2.32524e+08 1.22228e+08 2.22511e+07 0.00107561 0.000768173 -0.000532188 0.00132647 0.0806997
80 30 0 -1.00456 0.761533 -0.00122248 0.00110284 4.49457e+07 1.79008e+08 8.51353e+07 1.54985e+07 0 1.6196e+08 0 1.79008e+08 1.6196e+08 8.51353e+07 1.54985e+07 0.00178371 0.00126835 0.000648075 0.001763 0.0560624
85 30 1 -1.0599 0.554736 -0.00132479 0.000616217 5.29666e+07 2.10953e+08 1.00328e+08 1.82643e+07 0 1.90862e+08 0 2.10953e+08 1.90862e+08 1.00328e+08 1.82643e+07 0.00142675 0.00120919 -0.000461634 0.00192476 0.0610008
79 30 2 -0.822349 0.607504 -0.000870256 0.00100989 3.00374e+07 1.19632e+08 5.68963e+07 1.03577e+07 0 1.08238e+08 0 1.19632e+08 1.08238e+08 5.68963e+07 1.03577e+07 0.00237138 0.000753869 6.2107e-05 0.00249525 0.0605062
88 31 0 -1.30059 0.549617 -0.00160119 0.000267564 7.18116e+07 2.86008e+08 1.36024e+08 2.47626e+07 0 2.58769e+08 0 2.86008e+08 2.58769e+08 1.36024e+08 2.47626e+07 0.00097169 0.00171585 -0.00132364 0.00154187 0.0610976
85 31 1 -1.0599 0.554736 -0.00132479 0.000616217 5.29666e+07 2.10953e+08 1.00328e+08 1.82643e+07 0 1.90862e+08 0 2.10953e+08 1.90862e+08 1.00328e+08 1.82643e+07 0.00142675 0.00120919 -0.000461634 0.00192476 0.0610008
83 31 2 -1.24661 0.696877 -0.0016636 0.000685225 3.77506e+07 1.50351e+08 7.15064e+07 1.30174e+07 0 1.36032e+08 0 1.50351e+08 1.36032e+08 7.15064e+07 1.30174e+07 0.00196309 0.00159269 0.000147184 0.00272667 0.0581533
88 32 0 -1.30059 0.549617 -0.00160119 0.000267564 7.18116e+07 2.86008e+08 1.36024e+08 2.47626e+07 0 2.58769e+08 0 2.86008e+08 2.58769e+08 1.36024e+08 2.47626e+07 0.00097169 0.00171585 -0.00132364 0.00154187 0.0610976
91 32 1 -1.30744 0.38957 -0.00135942 4.69541e-05 1.01586e+08 4.04594e+08 1.92423e+08 3.50298e+07 0 3.66061e+08 0 4.04594e+08 3.66061e+08 1.92423e+08 3.50298e+07 0.000701671 0.00152641 -0.0017691 0.00107618 0.0643442
89 32 2 -1.12033 0.344665 -0.00113805 0.000225961 8.66093e+07 3.44944e+08 1.64053e+08 2.98653e+07 0 3.12092e+08 0 3.44944e+08 3.12092e+08 1.64053e+08 2.98653e+07 0.00085965 0.000931518 -0.00158518 0.00119245 0.0666076
85 33 0 -1.0599 0.554736 -0.00132479 0.000616217 5.29666e+07 2.10953e+08 1.00328e+08 1.82643e+07 0 1.90862e+08 0 2.10953e+08 1.90862e+08 1.00328e+08 1.82643e+07 0.00142675 0.00120919 -0.000461634 0.00192476 0.0610008
80 33 1 -1.00456 0.761533 -0.00122248 0.00110284 4.49457e+07 1.79008e+08 8.51353e+07 1.54985e+07 0 1.6196e+08 0 1.79008e+08 1.6196e+08 8.51353e+07 1.54985e+07 0.00178371 0.00126835 0.000648075 0.001763 0.0560624
83 33 2 -1.24661 0.696877 -0.0016636 0.000685225 3.77506e+07 1.50351e+08 7.15064e+07 1.30174e+07 0 1.36032e+08 0 1.50351e+08 1.36032e+08 7.15064e+07 1.30174e+07 0.00196309 0.00159269 0.000147184 0.00272667 0.0581533
72 34 0 -0.765544 0.825341 -0.000930861 0.00131647 9.8549e+07 3.92497e+08 1.8667e+08 3.39824e+07 0 3.55116e+08 0 3.92497e+08 3.55116e+08 1.8667e+08 3.39824e+07 0.000859385 -0.000863821 -0.000879564 0.000900893 0.0544806
73 34 1 -0.918682 0.943253 -0.00121533 0.00146019 4.28296e+07 1.7058e+08 8.1127e+07 1.47688e+07 0 1.54334e+08 0 1.7058e+08 1.54334e+08 8.1127e+07 1.47688e+07 0.0018764 0.000475434 -0.000837794 0.00191132 0.0524158
80 34 2 -1.00456 0.761533 -0.00122248 0.00110284 4.49457e+07 1.79008e+08 8.51353e+07 1.54985e+07 0 1.6196e+08 0 1.79008e+08 1.6196e+08 8.51353e+07 1.54985e+07 0.00178371 0.00126835 0.000648075 0.001763 0.0560624
67 35 0 -0.287508 0.24427 -0.000290014 0.000538665 1.53415e+08 6.11016e+08 2.90596e+08 5.29018e+07 0 5.52824e+08 0 6.11016e+08 5.52824e+08 2.90596e+08 5.29018e+07 0.000157659 0.00120168 0.000317609 0.00115754 0.083344
70 35 1 -0.410092 0.482227 -0.000347601 0.000733397 9.39967e+07 3.74366e+08 1.78047e+08 3.24127e+07 0 3.38712e+08 0 3.74366e+08 3.38712e+08 1.78047e+08 3.24127e+07 0.000775312 -0.000191652 -0.00077339 0.000993124 0.0681036
74 35 2 -0.507078 0.23397 -0.000404067 0.000487757 7.59964e+07 3.02675e+08 1.43951e+08 2.62057e+07 0 2.73849e+08 0 3.02675e+08 2.73849e+08 1.43951e+08 2.62057e+07 0.000931235 -8.03258e-05 -3.68599e-05 0.00129247 0.0824055
68 36 0 -0.4 9.03849e-24 1.11459e-27 3.74809e-26 3.92311e+07 1.56248e+08 7.43108e+07 1.3528e+07 0 1.41367e+08 0 1.56248e+08 1.41367e+08 7.43108e+07 1.3528e+07 -1.36679e-26 9.1119e-25 -0.0031733 0.00335972 0.103421
67 36 1 -0.287508 0.24427 -0.000290014 0.000538665 1.53415e+08 6.11016e+08 2.90596e+08 5.29018e+07 0 5.52824e+08 0 6.11016e+08 5.52824e+08 2.90596e+08 5.29018e+07 0.000157659 0.00120168 0.000317609 0.00115754 0.083344
74 36 2 -0.507078 0.23397 -0.000404067 0.000487757 7.59964e+07 3.02675e+08 1.43951e+08 2.62057e+07 0 2.73849e+08 0 3.02675e+08 2.73849e+08 1.43951e+08 2.62057e+07 0.000931235 -8.03258e-05 -3.68599e-05 0.00129247 0.0824055
59 37 0 -0.0709408 0.231861 -0.000110053 0.000858317 1.74336e+07 6.94339e+07 3.30224e+07 6.01159e+06 0 6.28211e+07 0 6.94339e+07 6.28211e+07 3.30224e+07 6.01159e+06 0.00276888 -0.00170893 -0.00131202 0.00125314 0.0849387
62 37 1 -0.129737 0.467922 -0.000154229 0.000944422 1.82116e+08 7.25323e+08 3.4496e+08 6.27985e+07 0 6.56245e+08 0 7.25323e+08 6.56245e+08 3.4496e+08 6.27985e+07 0.000533121 0.0017701 -0.00061902 0.000438388 0.0697242
67 37 2 -0.287508 0.24427 -0.000290014 0.000538665 1.53415e+08 6.11016e+08 2.90596e+08 5.29018e+07 0 5.52824e+08 0 6.11016e+08 5.52824e+08 2.90596e+08 5.29018e+07 0.000157659 0.00120168 0.000317609 0.00115754 0.083344
80 38 0 -1.00456 0.761533 -0.00122248 0.00110284 4.49457e+07 1.79008e+08 8.51353e+07 1.54985e+07 0 1.6196e+08 0 1.79008e+08 1.6196e+08 8.51353e+07 1.54985e+07 0.00178371 0.00126835 0.000648075 0.001763 0.0560624
76 38 1 -1.10956 0.977248 -0.00142484 0.00124378 1.52114e+08 6.05833e+08 2.88131e+08 5.24531e+07 0 5.48135e+08 0 6.05833e+08 5.48135e+08 2.88131e+08 5.24531e+07 0.000141808 0.001759 -0.001163 0.000549763 0.053003
77 38 2 -1.19348 0.844445 -0.00143672 0.00102115 1.05361e+08 4.19627e+08 1.99572e+08 3.63313e+07 0 3.79662e+08 0 4.19627e+08 3.79662e+08 1.99572e+08 3.63313e+07 0.000701592 0.00152063 1.14905e-05 0.000944056 0.0553952
64 39 0 -0.5693 0.93759 -0.000746841 0.0014213 4.01085e+07 1.59743e+08 7.59727e+07 1.38305e+07 0 1.44529e+08 0 1.59743e+08 1.44529e+08 7.59727e+07 1.38305e+07 0.0017688 0.000796951 -4.70142e-05 0.00264544 0.0518423
66 39 1 -0.769384 1.07417 -0.00102832 0.001689 4.66959e+07 1.85979e+08 8.84504e+07 1.6102e+07 0 1.68266e+08 0 1.85979e+08 1.68266e+08 8.84504e+07 1.6102e+07 0.00182369 -0.000960789 0.000625703 0.00198303 0.0498699
72 39 2 -0.765544 0.825341 -0.000930861 0.00131647 9.8549e+07 3.92497e+08 1.8667e+08 3.39824e+07 0 3.55116e+08 0 3.92497e+08 3.55116e+08 1.8667e+08 3.39824e+07 0.000859385 -0.000863821 -0.000879564 0.000900893 0.0544806
69 40 0 -1.02602 1.1103 -0.00141364 0.00156678 5.87101e+07 2.33828e+08 1.11207e+08 2.02448e+07 0 2.11559e+08 0 2.33828e+08 2.11559e+08 1.11207e+08 2.02448e+07 0.00138426 0.00251309 0.000329004 0.00172418 0.0509296
76 40 1 -1.10956 0.977248 -0.00142484 0.00124378 1.52114e+08 6.05833e+08 2.88131e+08 5.24531e+07 0 5.48135e+08 0 6.05833e+08 5.48135e+08 2.88131e+08 5.24531e+07 0.000141808 0.001759 -0.001163 0.000549763 0.053003
73 40 2 -0.918682 0.943253 -0.00121533 0.00146019 4.28296e+07 1.7058e+08 8.1127e+07 1.47688e+07 0 1.54334e+08 0 1.7058e+08 1.54334e+08 8.1127e+07 1.47688e+07 0.0018764 0.000475434 -0.000837794 0.00191132 0.0524158
75 41 0 -0.6 9.24944e-24 -2.10923e-27 3.52869e-26 5.22396e+07 2.08058e+08 9.89511e+07 1.80136e+07 0 1.88243e+08 0 2.08058e+08 1.88243e+08 9.89511e+07 1.80136e+07 -9.16498e-19 7.47612e-19 -0.00394798 0.00272714 0.100937
68 41 1 -0.4 9.03849e-24 1.11459e-27 3.74809e-26 3.92311e+07 1.56248e+08 7.43108e+07 1.3528e+07 0 1.41367e+08 0 1.56248e+08 1.41367e+08 7.43108e+07 1.3528e+07 -1.36679e-26 9.1119e-25 -0.0031733 0.00335972 0.103421
74 41 2 -0.507078 0.23397 -0.000404067 0.000487757 7.59964e+07 3.02675e+08 1.43951e+08 2.62057e+07 0 2.73849e+08 0 3.02675e+08 2.73849e+08 1.43951e+08 2.62057e+07 0.000931235 -8.03258e-05 -3.68599e-05 0.00129247 0.0824055
73 42 0 -0.918682 0.943253 -0.00121533 0.00146019 4.28296e+07 1.7058e+08 8.1127e+07 1.47688e+07 0 1.54334e+08 0 1.7058e+08 1.54334e+08 8.1127e+07 1.47688e+07 0.0018764 0.000475434 -0.000837794 0.00191132 0.0524158
66 42 1 -0.769384 1.07417 -0.00102832 0.001689 4.66959e+07 1.85979e+08 8.84504e+07 1.6102e+07 0 1.68266e+08 0 1.85979e+08 1.68266e+08 8.84504e+07 1.6102e+07 0.00182369 -0.000960789 0.000625703 0.00198303 0.0498699
69 42 2 -1.02602 1.1103 -0.00141364 0.00156678 5.87101e+07 2.33828e+08 1.11207e+08 2.02448e+07 0 2.11559e+08 0 2.33828e+08 2.11559e+08 1.11207e+08 2.02448e+07 0.00138426 0.00251309 0.000329004 0.00172418 0.0509296
63 43 0 -0.380988 0.781421 -0.000486879 0.00113599 3.22441e+07 1.2842e+08 6.10761e+07 1.11186e+07 0 1.1619e+08 0 1.2842e+08 1.1619e+08 6.10761e+07 1.11186e+07 0.00147562 0.000533271 -0.000305552 0.00267257 0.0560603
54 43 1 -0.206946 0.936556 -0.000145855 0.00145106 9.94974e+07 3.96274e+08 1.88466e+08 3.43095e+07 0 3.58534e+08 0 3.96274e+08 3.58534e+08 1.88466e+08 3.43095e+07 0.000593991 6.86115e-05 6.67153e-05 0.000804372 0.0517934
55 43 2 -0.369354 1.05801 -0.000398248 0.00174626 3.79e+07 1.50947e+08 7.17895e+07 1.3069e+07 0 1.36571e+08 0 1.50947e+08 1.36571e+08 7.17895e+07 1.3069e+07 0.00183688 -0.000463918 -0.000150277 0.00219853 0.0492512
71 44 0 -0.588724 0.674162 -0.000658115 0.00105221 1.26962e+08 5.05659e+08 2.40489e+08 4.378e+07 0 4.57501e+08 0 5.05659e+08 4.57501e+08 2.40489e+08 4.378e+07 0.00053034 -0.000786566 -0.00110326 0.000664809 0.0591906
63 44 1 -0.380988 0.781421 -0.000486879 0.00113599 3.22441e+07 1.2842e+08 6.10761e+07 1.11186e+07 0 1.1619e+08 0 1.2842e+08 1.1619e+08 6.10761e+07 1.11186e+07 0.00147562 0.000533271 -0.000305552 0.00267257 0.0560603
64 44 2 -0.5693 0.93759 -0.000746841 0.0014213 4.01085e+07 1.59743e+08 7.59727e+07 1.38305e+07 0 1.44529e+08 0 1.59743e+08 1.44529e+08 7.59727e+07 1.38305e+07 0.0017688 0.000796951 -4.70142e-05 0.00264544 0.0518423
79 45 0 -0.822349 0.607504 -0.000870256 0.00100989 3.00374e+07 1.19632e+08 5.68963e+07 1.03577e+07 0 1.08238e+08 0 1.19632e+08 1.08238e+08 5.68963e+07 1.03577e+07 0.00237138 0.000753869 6.2107e-05 0.00249525 0.0605062
71 45 1 -0.588724 0.674162 -0.000658115 0.00105221 1.26962e+08 5.05659e+08 2.40489e+08 4.378e+07 0 4.57501e+08 0 5.05659e+08 4.57501e+08 2.40489e+08 4.378e+07 0.00053034 -0.000786566 -0.00110326 0.000664809 0.0591906
72 45 2 -0.765544 0.825341 -0.000930861 0.00131647 9.8549e+07 3.92497e+08 1.8667e+08 3.39824e+07 0 3.55116e+08 0 3.92497e+08 3.55116e+08 1.8667e+08 3.39824e+07 0.000859385 -0.000863821 -0.000879564 0.000900893 0.0544806
80 46 0 -1.00456 0.761533 -0.00122248 0.00110284 4.49457e+07 1.79008e+08 8.51353e+07 1.54985e+07 0 1.6196e+08 0 1.79008e+08 1.6196e+08 8.51353e+07 1.54985e+07 0.00178371 0.00126835 0.000648075 0.001763 0.0560624
79 46 1 -0.822349 0.607504 -0.000870256 0.00100989 3.00374e+07 1.19632e+08 5.68963e+07 1.03577e+07 0 1.08238e+08 0 1.19632e+08 1.08238e+08 5.68963e+07 1.03577e+07 0.00237138 0.000753869 6.2107e-05 0.00249525 0.0605062
72 46 2 -0.765544 0.825341 -0.000930861 0.00131647 9.8549e+07 3.92497e+08 1.8667e+08 3.39824e+07 0 3.55116e+08 0 3.92497e+08 3.55116e+08 1.8667e+08 3.39824e+07 0.000859385 -0.000863821 -0.000879564 0.000900893 0.0544806
84 47 0 -0.885212 0.394075 -0.000917719 0.000491558 4.20006e+07 1.67278e+08 7.95567e+07 1.4483e+07 0 1.51347e+08 0 1.67278e+08 1.51347e+08 7.95567e+07 1.4483e+07 0.00170361 0.00112171 -0.000584098 0.00157387 0.0680421
78 47 1 -0.649482 0.437014 -0.000567722 0.000778132 6.13971e+07 2.4453e+08 1.16297e+08 2.11714e+07 0 2.21241e+08 0 2.4453e+08 2.21241e+08 1.16297e+08 2.11714e+07 0.00108268 0.000131465 -0.000162701 0.00160362 0.0687282
79 47 2 -0.822349 0.607504 -0.000870256 0.00100989 3.00374e+07 1.19632e+08 5.68963e+07 1.03577e+07 0 1.08238e+08 0 1.19632e+08 1.08238e+08 5.68963e+07 1.03577e+07 0.00237138 0.000753869 6.2107e-05 0.00249525 0.0605062
78 48 0 -0.649482 0.437014 -0.000567722 0.000778132 6.13971e+07 2.4453e+08 1.16297e+08 2.11714e+07 0 2.21241e+08 0 2.4453e+08 2.21241e+08 1.16297e+08 2.11714e+07 0.00108268 0.000131465 -0.000162701 0.00160362 0.0687282
70 48 1 -0.410092 0.482227 -0.000347601 0.000733397 9.39967e+07 3.74366e+08 1.78047e+08 3.24127e+07 0 3.38712e+08 0 3.74366e+08 3.38712e+08 1.78047e+08 3.24127e+07 0.000775312 -0.000191652 -0.00077339 0.000993124 0.0681036
71 48 2 -0.588724 0.674162 -0.000658115 0.00105221 1.26962e+08 5.05659e+08 2.40489e+08 4.378e+07 0 4.57501e+08 0 5.05659e+08 4.57501e+08 2.40489e+08 4.378e+07 0.00053034 -0.000786566 -0.00110326 0.000664809 0.0591906
56 49 0 -0.141053 0.729532 -0.000192312 0.00118859 4.56018e+07 1.81621e+08 8.63781e+07 1.57248e+07 0 1.64324e+08 0 1.81621e+08 1.64324e+08 8.63781e+07 1.57248e+07 0.00100069 0.000997344 0.000402298 0.00237766 0.0580479
54 49 1 -0.206946 0.936556 -0.000145855 0.00145106 9.94974e+07 3.96274e+08 1.88466e+08 3.43095e+07 0 3.58534e+08 0 3.96274e+08 3.58534e+08 1.88466e+08 3.43095e+07 0.000593991 6.86115e-05 6.67153e-05 0.000804372 0.0517934
63 49 2 -0.380988 0.781421 -0.000486879 0.00113599 3.22441e+07 1.2842e+08 6.10761e+07 1.11186e+07 0 1.1619e+08 0 1.2842e+08 1.1619e+08 6.10761e+07 1.11186e+07 0.00147562 0.000533271 -0.000305552 0.00267257 0.0560603
67 50 0 -0.287508 0.24427 -0.000290014 0.000538665 1.53415e+08 6.11016e+08 2.90596e+08 5.29018e+07 0 5.52824e+08 0 6.11016e+08 5.52824e+08 2.90596e+08 5.29018e+07 0.000157659 0.00120168 0.000317609 0.00115754 0.083344
60 50 1 -0.2 9.08203e-24 -3.87453e-27 4.00027e-26 2.65424e+07 1.05712e+08 5.0276e+07 9.15254e+06 0 9.5644e+07 0 1.05712e+08 9.5644e+07 5.0276e+07 9.15254e+06 -2.10131e-25 1.12168e-25 -0.00376311 0.00487427 0.104688
59 50 2 -0.0709408 0.231861 -0.000110053 0.000858317 1.74336e+07 6.94339e+07 3.30224e+07 6.01159e+06 0 6.28211e+07 0 6.94339e+07 6.28211e+07 3.30224e+07 6.01159e+06 0.00276888 -0.00170893 -0.00131202 0.00125314 0.0849387
53 51 0 0.0591569 0.656284 3.96813e-05 0.00107477 2.3548e+07 9.37862e+07 4.46042e+07 8.12002e+06 0 8.48542e+07 0 9.37862e+07 8.48542e+07 4.46042e+07 8.12002e+06 0.00169912 -0.0010818 0.000534309 0.00192863 0.0608886
47 51 1 -0.00160576 0.918487 4.63773e-06 0.00146967 1.61153e+08 6.41833e+08 3.05253e+08 5.557e+07 0 5.80706e+08 0 6.41833e+08 5.80706e+08 3.05253e+08 5.557e+07 0.000214636 1.61462e-05 -5.58391e-05 0.000335439 0.0522851
56 51 2 -0.141053 0.729532 -0.000192312 0.00118859 4.56018e+07 1.81621e+08 8.63781e+07 1.57248e+07 0 1.64324e+08 0 1.81621e+08 1.64324e+08 8.63781e+07 1.57248e+07 0.00100069 0.000997344 0.000402298 0.00237766 0.0580479
66 52 0 -0.769384 1.07417 -0.00102832 0.001689 4.66959e+07 1.85979e+08 8.84504e+07 1.6102e+07 0 1.68266e+08 0 1.85979e+08 1.68266e+08 8.84504e+07 1.6102e+07 0.00182369 -0.000960789 0.000625703 0.00198303 0.0498699
61 52 1 -0.914846 1.21308 -0.00118136 0.00194847 5.18475e+07 2.06496e+08 9.82085e+07 1.78785e+07 0 1.8683e+08 0 2.06496e+08 1.8683e+08 9.82085e+07 1.78785e+07 0.00162975 0.0010505 0.000787301 0.00184675 0.0492676
69 52 2 -1.02602 1.1103 -0.00141364 0.00156678 5.87101e+07 2.33828e+08 1.11207e+08 2.02448e+07 0 2.11559e+08 0 2.33828e+08 2.11559e+08 1.11207e+08 2.02448e+07 0.00138426 0.00251309 0.000329004 0.00172418 0.0509296
72 53 0 -0.765544 0.825341 -0.000930861 0.00131647 9.8549e+07 3.92497e+08 1.8667e+08 3.39824e+07 0 3.55116e+08 0 3.92497e+08 3.55116e+08 1.8667e+08 3.39824e+07 0.000859385 -0.000863821 -0.000879564 0.000900893 0.0544806
66 53 1 -0.769384 1.07417 -0.00102832 0.001689 4.66959e+07 1.85979e+08 8.84504e+07 1.6102e+07 0 1.68266e+08 0 1.85979e+08 1.68266e+08 8.84504e+07 1.6102e+07 0.00182369 -0.000960789 0.000625703 0.00198303 0.0498699
73 53 2 -0.918682 0.943253 -0.00121533 0.00146019 4.28296e+07 1.7058e+08 8.1127e+07 1.47688e+07 0 1.54334e+08 0 1.7058e+08 1.54334e+08 8.1127e+07 1.47688e+07 0.0018764 0.000475434 -0.000837794 0.00191132 0.0524158
57 54 0 -0.572793 1.20189 -0.000647804 0.00196635 6.38397e+07 2.54258e+08 1.20924e+08 2.20137e+07 0 2.30043e+08 0 2.54258e+08 2.30043e+08 1.20924e+08 2.20137e+07 0.00131599 0.000859175 0.0014392 0.00140845 0.0475652
58 54 1 -0.803895 1.31611 -0.000900126 0.00219419 4.57761e+07 1.82315e+08 8.67082e+07 1.57849e+07 0 1.64952e+08 0 1.82315e+08 1.64952e+08 8.67082e+07 1.57849e+07 0.00182258 -0.000216661 0.000954177 0.00202522 0.0478078
66 54 2 -0.769384 1.07417 -0.00102832 0.001689 4.66959e+07 1.85979e+08 8.84504e+07 1.6102e+07 0 1.68266e+08 0 1.85979e+08 1.68266e+08 8.84504e+07 1.6102e+07 0.00182369 -0.000960789 0.000625703 0.00198303 0.0498699
43 55 0 0.296837 0.634566 0.000325604 0.000879127 9.98159e+07 3.97543e+08 1.89069e+08 3.44193e+07 0 3.59682e+08 0 3.97543e+08 3.59682e+08 1.89069e+08 3.44193e+07 0.000493306 0.000364001 0.00099131 0.00108674 0.0616121
52 55 1 0.136078 0.416943 5.29854e-05 0.0006593 1.06718e+08 4.25031e+08 2.02143e+08 3.67992e+07 0 3.84552e+08 0 4.25031e+08 3.84552e+08 2.02143e+08 3.67992e+07 0.00105178 -0.00246313 0.00023862 0.000403897 0.0725467
42 55 2 0.401609 0.430631 0.000293008 0.000685419 9.66203e+07 3.84815e+08 1.83016e+08 3.33173e+07 0 3.48166e+08 0 3.84815e+08 3.48166e+08 1.83016e+08 3.33173e+07 0.00086027 -0.000328853 -0.000294442 0.000978571 0.0709595
54 56 0 -0.206946 0.936556 -0.000145855 0.00145106 9.94974e+07 3.96274e+08 1.88466e+08 3.43095e+07 0 3.58534e+08 0 3.96274e+08 3.58534e+08 1.88466e+08 3.43095e+07 0.000593991 6.86115e-05 6.67153e-05 0.000804372 0.0517934
56 56 1 -0.141053 0.729532 -0.000192312 0.00118859 4.56018e+07 1.81621e+08 8.63781e+07 1.57248e+07 0 1.64324e+08 0 1.81621e+08 1.64324e+08 8.63781e+07 1.57248e+07 0.00100069 0.000997344 0.000402298 0.00237766 0.0580479
47 56 2 -0.00160576 0.918487 4.63773e-06 0.00146967 1.61153e+08 6.41833e+08 3.05253e+08 5.557e+07 0 5.80706e+08 0 6.41833e+08 5.80706e+08 3.05253e+08 5.557e+07 0.000214636 1.61462e-05 -5.58391e-05 0.000335439 0.0522851
59 57 0 -0.0709408 0.231861 -0.000110053 0.000858317 1.74336e+07 6.94339e+07 3.30224e+07 6.01159e+06 0 6.28211e+07 0 6.94339e+07 6.28211e+07 3.30224e+07 6.01159e+06 0.00276888 -0.00170893 -0.00131202 0.00125314 0.0849387
51 57 1 2.49704e-17 9.15146e-24 8.51642e-27 1.97754e-26 2.30004e+06 9.16051e+06 4.35669e+06 793118 0 8.28808e+06 0 9.16051e+06 8.28808e+06 4.35669e+06 793118 3.35015e-25 -3.18396e-25 0.000954573 0.00651931 0.105063
50 57 2 0.112273 0.189236 0.000141152 0.000395849 1.03424e+08 4.11914e+08 1.95904e+08 3.56635e+07 0 3.72684e+08 0 4.11914e+08 3.72684e+08 1.95904e+08 3.56635e+07 1.37155e-05 -0.00138865 -0.000264995 0.00191207 0.0880997
48 58 0 -0.355073 1.29805 -0.000255492 0.00211501 8.71276e+07 3.47008e+08 1.65035e+08 3.0044e+07 0 3.1396e+08 0 3.47008e+08 3.1396e+08 1.65035e+08 3.0044e+07 0.000978874 -0.000530131 0.000811173 0.000780822 0.0459809
40 58 1 -0.151449 1.39618 4.11885e-05 0.00211373 1.00773e+08 4.01356e+08 1.90883e+08 3.47494e+07 0 3.63131e+08 0 4.01356e+08 3.63131e+08 1.90883e+08 3.47494e+07 0.00085957 -0.000828961 0.000366374 0.000877022 0.0449149
39 58 2 -0.375113 1.53753 -0.000162058 0.00251875 3.291e+07 1.31073e+08 6.23375e+07 1.13483e+07 0 1.1859e+08 0 1.31073e+08 1.1859e+08 6.23375e+07 1.13483e+07 0.00180066 -0.00131268 0.000684202 0.00210592 0.0448656
55 59 0 -0.369354 1.05801 -0.000398248 0.00174626 3.79e+07 1.50947e+08 7.17895e+07 1.3069e+07 0 1.36571e+08 0 1.50947e+08 1.36571e+08 7.17895e+07 1.3069e+07 0.00183688 -0.000463918 -0.000150277 0.00219853 0.0492512
46 59 1 -0.116596 1.15909 -4.53881e-05 0.00178562 3.70304e+07 1.47483e+08 7.01422e+07 1.27691e+07 0 1.33437e+08 0 1.47483e+08 1.33437e+08 7.01422e+07 1.27691e+07 0.00140197 -8.26543e-05 0.000503027 0.00191346 0.047392
48 59 2 -0.355073 1.29805 -0.000255492 0.00211501 8.71276e+07 3.47008e+08 1.65035e+08 3.0044e+07 0 3.1396e+08 0 3.47008e+08 3.1396e+08 1.65035e+08 3.0044e+07 0.000978874 -0.000530131 0.000811173 0.000780822 0.0459809
65 60 0 -0.276672 0.607773 -0.000315065 0.000886336 9.85739e+07 3.92596e+08 1.86717e+08 3.3991e+07 0 3.55206e+08 0 3.92596e+08 3.55206e+08 1.86717e+08 3.3991e+07 0.00075022 0.00055586 -0.000336177 0.000857151 0.0626757
62 60 1 -0.129737 0.467922 -0.000154229 0.000944422 1.82116e+08 7.25323e+08 3.4496e+08 6.27985e+07 0 6.56245e+08 0 7.25323e+08 6.56245e+08 3.4496e+08 6.27985e+07 0.000533121 0.0017701 -0.00061902 0.000438388 0.0697242
56 60 2 -0.141053 0.729532 -0.000192312 0.00118859 4.56018e+07 1.81621e+08 8.63781e+07 1.57248e+07 0 1.64324e+08 0 1.81621e+08 1.64324e+08 8.63781e+07 1.57248e+07 0.00100069 0.000997344 0.000402298 0.00237766 0.0580479
71 61 0 -0.588724 0.674162 -0.000658115 0.00105221 1.26962e+08 5.05659e+08 2.40489e+08 4.378e+07 0 4.57501e+08 0 5.05659e+08 4.57501e+08 2.40489e+08 4.378e+07 0.00053034 -0.000786566 -0.00110326 0.000664809 0.0591906
70 61 1 -0.410092 0.482227 -0.000347601 0.000733397 9.39967e+07 3.74366e+08 1.78047e+08 3.24127e+07 0 3.38712e+08 0 3.74366e+08 3.38712e+08 1.78047e+08 3.24127e+07 0.000775312 -0.000191652 -0.00077339 0.000993124 0.0681036
63 61 2 -0.380988 0.781421 -0.000486879 0.00113599 3.22441e+07 1.2842e+08 6.10761e+07 1.11186e+07 0 1.1619e+08 0 1.2842e+08 1.1619e+08 6.10761e+07 1.11186e+07 0.00147562 0.000533271 -0.000305552 0.00267257 0.0560603
67 62 0 -0.287508 0.24427 -0.000290014 0.000538665 1.53415e+08 6.11016e+08 2.90596e+08 5.29018e+07 0 5.52824e+08 0 6.11016e+08 5.52824e+08 2.90596e+08 5.29018e+07 0.000157659 0.00120168 0.000317609 0.00115754 0.083344
68 62 1 -0.4 9.03849e-24 1.11459e-27 3.74809e-26 3.92311e+07 1.56248e+08 7.43108e+07 1.3528e+07 0 1.41367e+08 0 1.56248e+08 1.41367e+08 7.43108e+07 1.3528e+07 -1.36679e-26 9.1119e-25 -0.0031733 0.00335972 0.103421
60 62 2 -0.2 9.08203e-24 -3.87453e-27 4.00027e-26 2.65424e+07 1.05712e+08 5.0276e+07 9.15254e+06 0 9.5644e+07 0 1.05712e+08 9.5644e+07 5.0276e+07 9.15254e+06 -2.10131e-25 1.12168e-25 -0.00376311 0.00487427 0.104688
78 63 0 -0.649482 0.437014 -0.000567722 0.000778132 6.13971e+07 2.4453e+08 1.16297e+08 2.11714e+07 0 2.21241e+08 0 2.4453e+08 2.21241e+08 1.16297e+08 2.11714e+07 0.00108268 0.000131465 -0.000162701 0.00160362 0.0687282
74 63 1 -0.507078 0.23397 -0.000404067 0.000487757 7.59964e+07 3.02675e+08 1.43951e+08 2.62057e+07 0 2.73849e+08 0 3.02675e+08 2.73849e+08 1.43951e+08 2.62057e+07 0.000931235 -8.03258e-05 -3.68599e-05 0.00129247 0.0824055
70 63 2 -0.410092 0.482227 -0.000347601 0.000733397 9.39967e+07 3.74366e+08 1.78047e+08 3.24127e+07 0 3.38712e+08 0 3.74366e+08 3.38712e+08 1.78047e+08 3.24127e+07 0.000775312 -0.000191652 -0.00077339 0.000993124 0.0681036
81 64 0 -0.727506 0.212909 -0.000597453 0.000377859 6.45281e+07 2.57e+08 1.22228e+08 2.22511e+07 0 2.32524e+08 0 2.57e+08 2.32524e+08 1.22228e+08 2.22511e+07 0.00107561 0.000768173 -0.000532188 0.00132647 0.0806997
84 64 1 -0.885212 0.394075 -0.000917719 0.000491558 4.20006e+07 1.67278e+08 7.95567e+07 1.4483e+07 0 1.51347e+08 0 1.67278e+08 1.51347e+08 7.95567e+07 1.4483e+07 0.00170361 0.00112171 -0.000584098 0.00157387 0.0680421
86 64 2 -0.950208 0.187957 -0.000761474 0.000208605 1.14853e+08 4.57433e+08 2.17553e+08 3.96046e+07 0 4.13868e+08 0 4.57433e+08 4.13868e+08 2.17553e+08 3.96046e+07 0.000644398 0.000530301 -0.00167238 0.000650736 0.0767539
47 65 0 -0.00160576 0.918487 4.63773e-06 0.00146967 1.61153e+08 6.41833e+08 3.05253e+08 5.557e+07 0 5.80706e+08 0 6.41833e+08 5.80706e+08 3.05253e+08 5.557e+07 0.000214636 1.61462e-05 -5.58391e-05 0.000335439 0.0522851
46 65 1 -0.116596 1.15909 -4.53881e-05 0.00178562 3.70304e+07 1.47483e+08 7.01422e+07 1.27691e+07 0 1.33437e+08 0 1.47483e+08 1.33437e+08 7.01422e+07 1.27691e+07 0.00140197 -8.26543e-05 0.000503027 0.00191346 0.047392
54 65 2 -0.206946 0.936556 -0.000145855 0.00145106 9.94974e+07 3.96274e+08 1.88466e+08 3.43095e+07 0 3.58534e+08 0 3.96274e+08 3.58534e+08 1.88466e+08 3.43095e+07 0.000593991 6.86115e-05 6.67153e-05 0.000804372 0.0517934
47 66 0 -0.00160576 0.918487 4.63773e-06 0.00146967 1.61153e+08 6.41833e+08 3.05253e+08 5.557e+07 0 5.80706e+08 0 6.41833e+08 5.80706e+08 3.05253e+08 5.557e+07 0.000214636 1.61462e-05 -5.58391e-05 0.000335439 0.0522851
36 66 1 0.146739 1.11584 0.00025548 0.00170916 4.54953e+07 1.81197e+08 8.61763e+07 1.5688e+07 0 1.6394e+08 0 1.81197e+08 1.6394e+08 8.61763e+07 1.5688e+07 0.00162267 -0.00020631 0.00167743 0.00149484 0.0481848
46 66 2 -0.116596 1.15909 -4.53881e-05 0.00178562 3.70304e+07 1.47483e+08 7.01422e+07 1.27691e+07 0 1.33437e+08 0 1.47483e+08 1.33437e+08 7.01422e+07 1.27691e+07 0.00140197 -8.26543e-05 0.000503027 0.00191346 0.047392
32 67 0 0.544447 0.634249 0.000525992 0.000881153 6.80582e+07 2.7106e+08 1.28915e+08 2.34684e+07 0 2.45244e+08 0 2.7106e+08 2.45244e+08 1.28915e+08 2.34684e+07 0.000945816 -0.000366104 0.000701638 0.00170183 0.061006
43 67 1 0.296837 0.634566 0.000325604 0.000879127 9.98159e+07 3.97543e+08 1.89069e+08 3.44193e+07 0 3.59682e+08 0 3.97543e+08 3.59682e+08 1.89069e+08 3.44193e+07 0.000493306 0.000364001 0.00099131 0.00108674 0.0616121
42 67 2 0.401609 0.430631 0.000293008 0.000685419 9.66203e+07 3.84815e+08 1.83016e+08 3.33173e+07 0 3.48166e+08 0 3.84815e+08 3.48166e+08 1.83016e+08 3.33173e+07 0.00086027 -0.000328853 -0.000294442 0.000978571 0.0709595
21 68 0 0.79955 0.627689 0.000834611 0.000892019 4.62717e+07 1.84289e+08 8.76469e+07 1.59558e+07 0 1.66738e+08 0 1.84289e+08 1.66738e+08 8.76469e+07 1.59558e+07 0.00161898 -0.000175016 0.000237904 0.00152143 0.0601891
32 68 1 0.544447 0.634249 0.000525992 0.000881153 6.80582e+07 2.7106e+08 1.28915e+08 2.34684e+07 0 2.45244e+08 0 2.7106e+08 2.45244e+08 1.28915e+08 2.34684e+07 0.000945816 -0.000366104 0.000701638 0.00170183 0.061006
31 68 2 0.646752 0.428589 0.000504611 0.000568718 9.27277e+07 3.69312e+08 1.75643e+08 3.19751e+07 0 3.3414e+08 0 3.69312e+08 3.3414e+08 1.75643e+08 3.19751e+07 0.000815763 -0.000646656 -0.00022982 0.00120844 0.0693375
35 69 0 0.439893 0.848669 0.0005345 0.00117481 1.0189e+08 4.05804e+08 1.92998e+08 3.51346e+07 0 3.67156e+08 0 4.05804e+08 3.67156e+08 1.92998e+08 3.51346e+07 0.000645015 0.000717252 0.000384623 0.000998009 0.0542829
43 69 1 0.296837 0.634566 0.000325604 0.000879127 9.98159e+07 3.97543e+08 1.89069e+08 3.44193e+07 0 3.59682e+08 0 3.97543e+08 3.59682e+08 1.89069e+08 3.44193e+07 0.000493306 0.000364001 0.00099131 0.00108674 0.0616121
32 69 2 0.544447 0.634249 0.000525992 0.000881153 6.80582e+07 2.7106e+08 1.28915e+08 2.34684e+07 0 2.45244e+08 0 2.7106e+08 2.45244e+08 1.28915e+08 2.34684e+07 0.000945816 -0.000366104 0.000701638 0.00170183 0.061006
55 70 0 -0.369354 1.05801 -0.000398248 0.00174626 3.79e+07 1.50947e+08 7.17895e+07 1.3069e+07 0 1.36571e+08 0 1.50947e+08 1.36571e+08 7.17895e+07 1.3069e+07 0.00183688 -0.000463918 -0.000150277 0.00219853 0.0492512
48 70 1 -0.355073 1.29805 -0.000255492 0.00211501 8.71276e+07 3.47008e+08 1.65035e+08 3.0044e+07 0 3.1396e+08 0 3.47008e+08 3.1396e+08 1.65035e+08 3.0044e+07 0.000978874 -0.000530131 0.000811173 0.000780822 0.0459809
57 70 2 -0.572793 1.20189 -0.000647804 0.00196635 6.38397e+07 2.54258e+08 1.20924e+08 2.20137e+07 0 2.30043e+08 0 2.54258e+08 2.30043e+08 1.20924e+08 2.20137e+07 0.00131599 0.000859175 0.0014392 0.00140845 0.0475652
66 71 0 -0.769384 1.07417 -0.00102832 0.001689 4.66959e+07 1.85979e+08 8.84504e+07 1.6102e+07 0 1.68266e+08 0 1.85979e+08 1.68266e+08 8.84504e+07 1.6102e+07 0.00182369 -0.000960789 0.000625703 0.00198303 0.0498699
64 71 1 -0.5693 0.93759 -0.000746841 0.0014213 4.01085e+07 1.59743e+08 7.59727e+07 1.38305e+07 0 1.44529e+08 0 1.59743e+08 1.44529e+08 7.59727e+07 1.38305e+07 0.0017688 0.000796951 -4.70142e-05 0.00264544 0.0518423
57 71 2 -0.572793 1.20189 -0.000647804 0.00196635 6.38397e+07 2.54258e+08 1.20924e+08 2.20137e+07 0 2.30043e+08 0 2.54258e+08 2.30043e+08 1.20924e+08 2.20137e+07 0.00131599 0.000859175 0.0014392 0.00140845 0.0475652
54 72 0 -0.206946 0.936556 -0.000145855 0.00145106 9.94974e+07 3.96274e+08 1.88466e+08 3.43095e+07 0 3.58534e+08 0 3.96274e+08 3.58534e+08 1.88466e+08 3.43095e+07 0.000593991 6.86115e-05 6.67153e-05 0.000804372 0.0517934
46 72 1 -0.116596 1.15909 -4.53881e-05 0.00178562 3.70304e+07 1.47483e+08 7.01422e+07 1.27691e+07 0 1.33437e+08 0 1.47483e+08 1.33437e+08 7.01422e+07 1.27691e+07 0.00140197 -8.26543e-05 0.000503027 0.00191346 0.047392
55 72 2 -0.369354 1.05801 -0.000398248 0.00174626 3.79e+07 1.50947e+08 7.17895e+07 1.3069e+07 0 1.36571e+08 0 1.50947e+08 1.36571e+08 7.17895e+07 1.3069e+07 0.00183688 -0.000463918 -0.000150277 0.00219853 0.0492512
50 73 0 0.112273 0.189236 0.000141152 0.000395849 1.03424e+08 4.11914e+08 1.95904e+08 3.56635e+07 0 3.72684e+08 0 4.11914e+08 3.72684e+08 1.95904e+08 3.56635e+07 1.37155e-05 -0.00138865 -0.000264995 0.00191207 0.0880997
51 73 1 2.49704e-17 9.15146e-24 8.51642e-27 1.97754e-26 2.30004e+06 9.16051e+06 4.35669e+06 793118 0 8.28808e+06 0 9.16051e+06 8.28808e+06 4.35669e+06 793118 3.35015e-25 -3.18396e-25 0.000954573 0.00651931 0.105063
41 73 2 0.2 9.00993e-24 -1.3198e-27 4.17998e-26 1.12396e+08 4.47645e+08 2.12898e+08 3.87571e+07 0 4.05012e+08 0 4.47645e+08 4.05012e+08 2.12898e+08 3.87571e+07 3.33447e-26 5.56814e-25 0.00159796 0.0012603 0.104672
52 74 0 0.136078 0.416943 5.29854e-05 0.0006593 1.06718e+08 4.25031e+08 2.02143e+08 3.67992e+07 0 3.84552e+08 0 4.25031e+08 3.84552e+08 2.02143e+08 3.67992e+07 0.00105178 -0.00246313 0.00023862 0.000403897 0.0725467
50 74 1 0.112273 0.189236 0.000141152 0.000395849 1.03424e+08 4.11914e+08 1.95904e+08 3.56635e+07 0 3.72684e+08 0 4.11914e+08 3.72684e+08 1.95904e+08 3.56635e+07 1.37155e-05 -0.00138865 -0.000264995 0.00191207 0.0880997
44 74 2 0.301365 0.220106 0.000213618 0.000369509 4.65732e+07 1.8549e+08 8.82179e+07 1.60597e+07 0 1.67824e+08 0 1.8549e+08 1.67824e+08 8.82179e+07 1.60597e+07 0.000937328 0.000158667 0.000192702 0.00210363 0.0850399
52 75 0 0.136078 0.416943 5.29854e-05 0.0006593 1.06718e+08 4.25031e+08 2.02143e+08 3.67992e+07 0 3.84552e+08 0 4.25031e+08 3.84552e+08 2.02143e+08 3.67992e+07 0.00105178 -0.00246313 0.00023862 0.000403897 0.0725467
62 75 1 -0.129737 0.467922 -0.000154229 0.000944422 1.82116e+08 7.25323e+08 3.4496e+08 6.27985e+07 0 6.56245e+08 0 7.25323e+08 6.56245e+08 3.4496e+08 6.27985e+07 0.000533121 0.0017701 -0.00061902 0.000438388 0.0697242
59 75 2 -0.0709408 0.231861 -0.000110053 0.000858317 1.74336e+07 6.94339e+07 3.30224e+07 6.01159e+06 0 6.28211e+07 0 6.94339e+07 6.28211e+07 3.30224e+07 6.01159e+06 0.00276888 -0.00170893 -0.00131202 0.00125314 0.0849387
42 76 0 0.401609 0.430631 0.000293008 0.000685419 9.66203e+07 3.84815e+08 1.83016e+08 3.33173e+07 0 3.48166e+08 0 3.84815e+08 3.48166e+08 1.83016e+08 3.33173e+07 0.00086027 -0.000328853 -0.000294442 0.000978571 0.0709595
52 76 1 0.136078 0.416943 5.29854e-05 0.0006593 1.06718e+08 4.25031e+08 2.02143e+08 3.67992e+07 0 3.84552e+08 0 4.25031e+08 3.84552e+08 2.02143e+08 3.67992e+07 0.00105178 -0.00246313 0.00023862 0.000403897 0.0725467
44 76 2 0.301365 0.220106 0.000213618 0.000369509 4.65732e+07 1.8549e+08 8.82179e+07 1.60597e+07 0 1.67824e+08 0 1.8549e+08 1.67824e+08 8.82179e+07 1.60597e+07 0.000937328 0.000158667 0.000192702 0.00210363 0.0850399
53 77 0 0.0591569 0.656284 3.96813e-05 0.00107477 2.3548e+07 9.37862e+07 4.46042e+07 8.12002e+06 0 8.48542e+07 0 9.37862e+07 8.48542e+07 4.46042e+07 8.12002e+06 0.00169912 -0.0010818 0.000534309 0.00192863 0.0608886
56 77 1 -0.141053 0.729532 -0.000192312 0.00118859 4.56018e+07 1.81621e+08 8.63781e+07 1.57248e+07 0 1.64324e+08 0 1.81621e+08 1.64324e+08 8.63781e+07 1.57248e+07 0.00100069 0.000997344 0.000402298 0.00237766 0.0580479
62 77 2 -0.129737 0.467922 -0.000154229 0.000944422 1.82116e+08 7.25323e+08 3.4496e+08 6.27985e+07 0 6.56245e+08 0 7.25323e+08 6.56245e+08 3.4496e+08 6.27985e+07 0.000533121 0.0017701 -0.00061902 0.000438388 0.0697242
48 78 0 -0.355073 1.29805 -0.000255492 0.00211501 8.71276e+07 3.47008e+08 1.65035e+08 3.0044e+07 0 3.1396e+08 0 3.47008e+08 3.1396e+08 1.65035e+08 3.0044e+07 0.000978874 -0.000530131 0.000811173 0.000780822 0.0459809
46 78 1 -0.116596 1.15909 -4.53881e-05 0.00178562 3.70304e+07 1.47483e+08 7.01422e+07 1.27691e+07 0 1.33437e+08 0 1.47483e+08 1.33437e+08 7.01422e+07 1.27691e+07 0.00140197 -8.26543e-05 0.000503027 0.00191346 0.047392
40 78 2 -0.151449 1.39618 4.11885e-05 0.00211373 1.00773e+08 4.01356e+08 1.90883e+08 3.47494e+07 0 3.63131e+08 0 4.01356e+08 3.63131e+08 1.90883e+08 3.47494e+07 0.00085957 -0.000828961 0.000366374 0.000877022 0.0449149
58 79 0 -0.803895 1.31611 -0.000900126 0.00219419 4.57761e+07 1.82315e+08 8.67082e+07 1.57849e+07 0 1.64952e+08 0 1.82315e+08 1.64952e+08 8.67082e+07 1.57849e+07 0.00182258 -0.000216661 0.000954177 0.00202522 0.0478078
57 79 1 -0.572793 1.20189 -0.000647804 0.00196635 6.38397e+07 2.54258e+08 1.20924e+08 2.20137e+07 0 2.30043e+08 0 2.54258e+08 2.30043e+08 1.20924e+08 2.20137e+07 0.00131599 0.000859175 0.0014392 0.00140845 0.0475652
49 79 2 -0.554618 1.47197 -0.000474363 0.00243317 4.60996e+07 1.83604e+08 8.73209e+07 1.58964e+07 0 1.66118e+08 0 1.83604e+08 1.66118e+08 8.73209e+07 1.58964e+07 0.00154612 -0.000145081 -0.000431057 0.00210319 0.0457014
64 80 0 -0.5693 0.93759 -0.000746841 0.0014213 4.01085e+07 1.59743e+08 7.59727e+07 1.38305e+07 0 1.44529e+08 0 1.59743e+08 1.44529e+08 7.59727e+07 1.38305e+07 0.0017688 0.000796951 -4.70142e-05 0.00264544 0.0518423
72 80 1 -0.765544 0.825341 -0.000930861 0.00131647 9.8549e+07 3.92497e+08 1.8667e+08 3.39824e+07 0 3.55116e+08 0 3.92497e+08 3.55116e+08 1.8667e+08 3.39824e+07 0.000859385 -0.000863821 -0.000879564 0.000900893 0.0544806
71 80 2 -0.588724 0.674162 -0.000658115 0.00105221 1.26962e+08 5.05659e+08 2.40489e+08 4.378e+07 0 4.57501e+08 0 5.05659e+08 4.57501e+08 2.40489e+08 4.378e+07 0.00053034 -0.000786566 -0.00110326 0.000664809 0.0591906
55 81 0 -0.369354 1.05801 -0.000398248 0.00174626 3.79e+07 1.50947e+08 7.17895e+07 1.3069e+07 0 1.36571e+08 0 1.50947e+08 1.36571e+08 7.17895e+07 1.3069e+07 0.00183688 -0.000463918 -0.000150277 0.00219853 0.0492512
64 81 1 -0.5693 0.93759 -0.000746841 0.0014213 4.01085e+07 1.59743e+08 7.59727e+07 1.38305e+07 0 1.44529e+08 0 1.59743e+08 1.44529e+08 7.59727e+07 1.38305e+07 0.0017688 0.000796951 -4.70142e-05 0.00264544 0.0518423
63 81 2 -0.380988 0.781421 -0.000486879 0.00113599 3.22441e+07 1.2842e+08 6.10761e+07 1.11186e+07 0 1.1619e+08 0 1.2842e+08 1.1619e+08 6.10761e+07 1.11186e+07 0.00147562 0.000533271 -0.000305552 0.00267257 0.0560603
55 82 0 -0.369354 1.05801 -0.000398248 0.00174626 3.79e+07 1.50947e+08 7.17895e+07 1.3069e+07 0 1.36571e+08 0 1.50947e+08 1.36571e+08 7.17895e+07 1.3069e+07 0.00183688 -0.000463918 -0.000150277 0.00219853 0.0492512
57 82 1 -0.572793 1.20189 -0.000647804 0.00196635 6.38397e+07 2.54258e+08 1.20924e+08 2.20137e+07 0 2.30043e+08 0 2.54258e+08 2.30043e+08 1.20924e+08 2.20137e+07 0.00131599 0.000859175 0.0014392 0.00140845 0.0475652
64 82 2 -0.5693 0.93759 -0.000746841 0.0014213 4.01085e+07 1.59743e+08 7.59727e+07 1.38305e+07 0 1.44529e+08 0 1.59743e+08 1.44529e+08 7.59727e+07 1.38305e+07 0.0017688 0.000796951 -4.70142e-05 0.00264544 0.0518423
49 83 0 -0.554618 1.47197 -0.000474363 0.00243317 4.60996e+07 1.83604e+08 8.73209e+07 1.58964e+07 0 1.66118e+08 0 1.83604e+08 1.66118e+08 8.73209e+07 1.58964e+07 0.00154612 -0.000145081 -0.000431057 0.00210319 0.0457014
57 83 1 -0.572793 1.20189 -0.000647804 0.00196635 6.38397e+07 2.54258e+08 1.20924e+08 2.20137e+07 0 2.30043e+08 0 2.54258e+08 2.30043e+08 1.20924e+08 2.20137e+07 0.00131599 0.000859175 0.0014392 0.00140845 0.0475652
48 83 2 -0.355073 1.29805 -0.000255492 0.00211501 8.71276e+07 3.47008e+08 1.65035e+08 3.0044e+07 0 3.1396e+08 0 3.47008e+08 3.1396e+08 1.65035e+08 3.0044e+07 0.000978874 -0.000530131 0.000811173 0.000780822 0.0459809
58 84 0 -0.803895 1.31611 -0.000900126 0.00219419 4.57761e+07 1.82315e+08 8.67082e+07 1.57849e+07 0 1.64952e+08 0 1.82315e+08 1.64952e+08 8.67082e+07 1.57849e+07 0.00182258 -0.000216661 0.000954177 0.00202522 0.0478078
61 84 1 -0.914846 1.21308 -0.00118136 0.00194847 5.18475e+07 2.06496e+08 9.82085e+07 1.78785e+07 0 1.8683e+08 0 2.06496e+08 1.8683e+08 9.82085e+07 1.78785e+07 0.00162975 0.0010505 0.000787301 0.00184675 0.0492676
66 84 2 -0.769384 1.07417 -0.00102832 0.001689 4.66959e+07 1.85979e+08 8.84504e+07 1.6102e+07 0 1.68266e+08 0 1.85979e+08 1.68266e+08 8.84504e+07 1.6102e+07 0.00182369 -0.000960789 0.000625703 0.00198303 0.0498699
24 85 0 0.68881 0.824125 0.000735782 0.00112951 9.39641e+07 3.74236e+08 1.77985e+08 3.24014e+07 0 3.38595e+08 0 3.74236e+08 3.38595e+08 1.77985e+08 3.24014e+07 0.000877668 0.00050713 0.000163358 0.00108377 0.054838
35 85 1 0.439893 0.848669 0.0005345 0.00117481 1.0189e+08 4.05804e+08 1.92998e+08 3.51346e+07 0 3.67156e+08 0 4.05804e+08 3.67156e+08 1.92998e+08 3.51346e+07 0.000645015 0.000717252 0.000384623 0.000998009 0.0542829
32 85 2 0.544447 0.634249 0.000525992 0.000881153 6.80582e+07 2.7106e+08 1.28915e+08 2.34684e+07 0 2.45244e+08 0 2.7106e+08 2.45244e+08 1.28915e+08 2.34684e+07 0.000945816 -0.000366104 0.000701638 0.00170183 0.061006
40 86 0 -0.151449 1.39618 4.11885e-05 0.00211373 1.00773e+08 4.01356e+08 1.90883e+08 3.47494e+07 0 3.63131e+08 0 4.01356e+08 3.63131e+08 1.90883e+08 3.47494e+07 0.00085957 -0.000828961 0.000366374 0.000877022 0.0449149
46 86 1 -0.116596 1.15909 -4.53881e-05 0.00178562 3.70304e+07 1.47483e+08 7.01422e+07 1.27691e+07 0 1.33437e+08 0 1.47483e+08 1.33437e+08 7.01422e+07 1.27691e+07 0.00140197 -8.26543e-05 0.000503027 0.00191346 0.047392
37 86 2 0.0838981 1.35678 0.000206544 0.00195669 1.67596e+08 6.67494e+08 3.17456e+08 5.77916e+07 0 6.03923e+08 0 6.67494e+08 6.03923e+08 3.17456e+08 5.77916e+07 0.000610418 -0.00012335 0.000146139 0.00026937 0.045215
30 87 0 0.00251389 1.59275 0.000260336 0.0022125 6.84075e+07 2.7245e+08 1.29576e+08 2.35888e+07 0 2.46503e+08 0 2.7245e+08 2.46503e+08 1.29576e+08 2.35888e+07 0.000972675 -0.000797065 0.000428245 0.0014015 0.0442752
40 87 1 -0.151449 1.39618 4.11885e-05 0.00211373 1.00773e+08 4.01356e+08 1.90883e+08 3.47494e+07 0 3.63131e+08 0 4.01356e+08 3.63131e+08 1.90883e+08 3.47494e+07 0.00085957 -0.000828961 0.000366374 0.000877022 0.0449149
37 87 2 0.0838981 1.35678 0.000206544 0.00195669 1.67596e+08 6.67494e+08 3.17456e+08 5.77916e+07 0 6.03923e+08 0 6.67494e+08 6.03923e+08 3.17456e+08 5.77916e+07 0.000610418 -0.00012335 0.000146139 0.00026937 0.045215
39 88 0 -0.375113 1.53753 -0.000162058 0.00251875 3.291e+07 1.31073e+08 6.23375e+07 1.13483e+07 0 1.1859e+08 0 1.31073e+08 1.1859e+08 6.23375e+07 1.13483e+07 0.00180066 -0.00131268 0.000684202 0.00210592 0.0448656
49 88 1 -0.554618 1.47197 -0.000474363 0.00243317 4.60996e+07 1.83604e+08 8.73209e+07 1.58964e+07 0 1.66118e+08 0 1.83604e+08 1.66118e+08 8.73209e+07 1.58964e+07 0.00154612 -0.000145081 -0.000431057 0.00210319 0.0457014
48 88 2 -0.355073 1.29805 -0.000255492 0.00211501 8.71276e+07 3.47008e+08 1.65035e+08 3.0044e+07 0 3.1396e+08 0 3.47008e+08 3.1396e+08 1.65035e+08 3.0044e+07 0.000978874 -0.000530131 0.000811173 0.000780822 0.0459809
59 89 0 -0.0709408 0.231861 -0.000110053 0.000858317 1.74336e+07 6.94339e+07 3.30224e+07 6.01159e+06 0 6.28211e+07 0 6.94339e+07 6.28211e+07 3.30224e+07 6.01159e+06 0.00276888 -0.00170893 -0.00131202 0.00125314 0.0849387
60 89 1 -0.2 9.08203e-24 -3.87453e-27 4.00027e-26 2.65424e+07 1.05712e+08 5.0276e+07 9.15254e+06 0 9.5644e+07 0 1.05712e+08 9.5644e+07 5.0276e+07 9.15254e+06 -2.10131e-25 1.12168e-25 -0.00376311 0.00487427 0.104688
51 89 2 2.49704e-17 9.15146e-24 8.51642e-27 1.97754e-26 2.30004e+06 9.16051e+06 4.35669e+06 793118 0 8.28808e+06 0 9.16051e+06 8.28808e+06 4.35669e+06 793118 3.35015e-25 -3.18396e-25 0.000954573 0.00651931 0.105063
52 90 0 0.136078 0.416943 5.29854e-05 0.0006593 1.06718e+08 4.25031e+08 2.02143e+08 3.67992e+07 0 3.84552e+08 0 4.25031e+08 3.84552e+08 2.02143e+08 3.67992e+07 0.00105178 -0.00246313 0.00023862 0.000403897 0.0725467
59 90 1 -0.0709408 0.231861 -0.000110053 0.000858317 1.74336e+07 6.94339e+07 3.30224e+07 6.01159e+06 0 6.28211e+07 0 6.94339e+07 6.28211e+07 3.30224e+07 6.01159e+06 0.00276888 -0.00170893 -0.00131202 0.00125314 0.0849387
50 90 2 0.112273 0.189236 0.000141152 0.000395849 1.03424e+08 4.11914e+08 1.95904e+08 3.56635e+07 0 3.72684e+08 0 4.11914e+08 3.72684e+08 1.95904e+08 3.56635e+07 1.37155e-05 -0.00138865 -0.000264995 0.00191207 0.0880997
62 91 0 -0.129737 0.467922 -0.000154229 0.000944422 1.82116e+08 7.25323e+08 3.4496e+08 6.27985e+07 0 6.56245e+08 0 7.25323e+08 6.56245e+08 3.4496e+08 6.27985e+07 0.000533121 0.0017701 -0.00061902 0.000438388 0.0697242
70 91 1 -0.410092 0.482227 -0.000347601 0.000733397 9.39967e+07 3.74366e+08 1.78047e+08 3.24127e+07 0 3.38712e+08 0 3.74366e+08 3.38712e+08 1.78047e+08 3.24127e+07 0.000775312 -0.000191652 -0.00077339 0.000993124 0.0681036
67 91 2 -0.287508 0.24427 -0.000290014 0.000538665 1.53415e+08 6.11016e+08 2.90596e+08 5.29018e+07 0 5.52824e+08 0 6.11016e+08 5.52824e+08 2.90596e+08 5.29018e+07 0.000157659 0.00120168 0.000317609 0.00115754 0.083344
53 92 0 0.0591569 0.656284 3.96813e-05 0.00107477 2.3548e+07 9.37862e+07 4.46042e+07 8.12002e+06 0 8.48542e+07 0 9.37862e+07 8.48542e+07 4.46042e+07 8.12002e+06 0.00169912 -0.0010818 0.000534309 0.00192863 0.0608886
62 92 1 -0.129737 0.467922 -0.000154229 0.000944422 1.82116e+08 7.25323e+08 3.4496e+08 6.27985e+07 0 6.56245e+08 0 7.25323e+08 6.56245e+08 3.4496e+08 6.27985e+07 0.000533121 0.0017701 -0.00061902 0.000438388 0.0697242
52 92 2 0.136078 0.416943 5.29854e-05 0.0006593 1.06718e+08 4.25031e+08 2.02143e+08 3.67992e+07 0 3.84552e+08 0 4.25031e+08 3.84552e+08 2.02143e+08 3.67992e+07 0.00105178 -0.00246313 0.00023862 0.000403897 0.0725467
65 93 0 -0.276672 0.607773 -0.000315065 0.000886336 9.85739e+07 3.92596e+08 1.86717e+08 3.3991e+07 0 3.55206e+08 0 3.92596e+08 3.55206e+08 1.86717e+08 3.3991e+07 0.00075022 0.00055586 -0.000336177 0.000857151 0.0626757
63 93 1 -0.380988 0.781421 -0.000486879 0.00113599 3.22441e+07 1.2842e+08 6.10761e+07 1.11186e+07 0 1.1619e+08 0 1.2842e+08 1.1619e+08 6.10761e+07 1.11186e+07 0.00147562 0.000533271 -0.000305552 0.00267257 0.0560603
70 93 2 -0.410092 0.482227 -0.000347601 0.000733397 9.39967e+07 3.74366e+08 1.78047e+08 3.24127e+07 0 3.38712e+08 0 3.74366e+08 3.38712e+08 1.78047e+08 3.24127e+07 0.000775312 -0.000191652 -0.00077339 0.000993124 0.0681036
62 94 0 -0.129737 0.467922 -0.000154229 0.000944422 1.82116e+08 7.25323e+08 3.4496e+08 6.27985e+07 0 6.56245e+08 0 7.25323e+08 6.56245e+08 3.4496e+08 6.27985e+07 0.000533121 0.0017701 -0.00061902 0.000438388 0.0697242
65 94 1 -0.276672 0.607773 -0.000315065 0.000886336 9.85739e+07 3.92596e+08 1.86717e+08 3.3991e+07 0 3.55206e+08 0 3.92596e+08 3.55206e+08 1.86717e+08 3.3991e+07 0.00075022 0.00055586 -0.000336177 0.000857151 0.0626757
70 94 2 -0.410092 0.482227 -0.000347601 0.000733397 9.39967e+07 3.74366e+08 1.78047e+08 3.24127e+07 0 3.38712e+08 0 3.74366e+08 3.38712e+08 1.78047e+08 3.24127e+07 0.000775312 -0.000191652 -0.00077339 0.000993124 0.0681036
56 95 0 -0.141053 0.729532 -0.000192312 0.00118859 4.56018e+07 1.81621e+08 8.63781e+07 1.57248e+07 0 1.64324e+08 0 1.81621e+08 1.64324e+08 8.63781e+07 1.57248e+07 0.00100069 0.000997344 0.000402298 0.00237766 0.0580479
63 95 1 -0.380988 0.781421 -0.000486879 0.00113599 3.22441e+07 1.2842e+08 6.10761e+07 1.11186e+07 0 1.1619e+08 0 1.2842e+08 1.1619e+08 6.10761e+07 1.11186e+07 0.00147562 0.000533271 -0.000305552 0.00267257 0.0560603
65 95 2 -0.276672 0.607773 -0.000315065 0.000886336 9.85739e+07 3.92596e+08 1.86717e+08 3.3991e+07 0 3.55206e+08 0 3.92596e+08 3.55206e+08 1.86717e+08 3.3991e+07 0.00075022 0.00055586 -0.000336177 0.000857151 0.0626757
50 96 0 0.112273 0.189236 0.000141152 0.000395849 1.03424e+08 4.11914e+08 1.95904e+08 3.56635e+07 0 3.72684e+08 0 4.11914e+08 3.72684e+08 1.95904e+08 3.56635e+07 1.37155e-05 -0.00138865 -0.000264995 0.00191207 0.0880997
41 96 1 0.2 9.00993e-24 -1.3198e-27 4.17998e-26 1.12396e+08 4.47645e+08 2.12898e+08 3.87571e+07 0 4.05012e+08 0 4.47645e+08 4.05012e+08 2.12898e+08 3.87571e+07 3.33447e-26 5.56814e-25 0.00159796 0.0012603 0.104672
44 96 2 0.301365 0.220106 0.000213618 0.000369509 4.65732e+07 1.8549e+08 8.82179e+07 1.60597e+07 0 1.67824e+08 0 1.8549e+08 1.67824e+08 8.82179e+07 1.60597e+07 0.000937328 0.000158667 0.000192702 0.00210363 0.0850399
29 97 0 -0.187799 1.57539 9.52736e-05 0.00231862 9.63951e+07 3.83918e+08 1.8259e+08 3.32397e+07 0 3.47355e+08 0 3.83918e+08 3.47355e+08 1.8259e+08 3.32397e+07 0.00067291 -0.000549156 0.000548067 0.00113013 0.0443874
39 97 1 -0.375113 1.53753 -0.000162058 0.00251875 3.291e+07 1.31073e+08 6.23375e+07 1.13483e+07 0 1.1859e+08 0 1.31073e+08 1.1859e+08 6.23375e+07 1.13483e+07 0.00180066 -0.00131268 0.000684202 0.00210592 0.0448656
40 97 2 -0.151449 1.39618 4.11885e-05 0.00211373 1.00773e+08 4.01356e+08 1.90883e+08 3.47494e+07 0 3.63131e+08 0 4.01356e+08 3.63131e+08 1.90883e+08 3.47494e+07 0.00085957 -0.000828961 0.000366374 0.000877022 0.0449149
17 98 0 0.712374 1.16235 0.000792169 0.00148499 8.54467e+07 3.40313e+08 1.61851e+08 2.94644e+07 0 3.07903e+08 0 3.40313e+08 3.07903e+08 1.61851e+08 2.94644e+07 0.000938751 -6.26013e-05 8.65081e-05 0.001152 0.0491328
18 98 1 0.551411 1.25537 0.000618107 0.001608 6.1474e+07 2.44836e+08 1.16443e+08 2.11979e+07 0 2.21519e+08 0 2.44836e+08 2.21519e+08 1.16443e+08 2.11979e+07 0.00142647 0.000167782 -2.36284e-05 0.00135638 0.0471934
25 98 2 0.58779 1.02107 0.000685095 0.0013299 8.90499e+07 3.54664e+08 1.68677e+08 3.07069e+07 0 3.20887e+08 0 3.54664e+08 3.20887e+08 1.68677e+08 3.07069e+07 0.000877167 4.13932e-06 -0.000172064 0.00109524 0.0506523
30 99 0 0.00251389 1.59275 0.000260336 0.0022125 6.84075e+07 2.7245e+08 1.29576e+08 2.35888e+07 0 2.46503e+08 0 2.7245e+08 2.46503e+08 1.29576e+08 2.35888e+07 0.000972675 -0.000797065 0.000428245 0.0014015 0.0442752
37 99 1 0.0838981 1.35678 0.000206544 0.00195669 1.67596e+08 6.67494e+08 3.17456e+08 5.77916e+07 0 6.03923e+08 0 6.67494e+08 6.03923e+08 3.17456e+08 5.77916e+07 0.000610418 -0.00012335 0.000146139 0.00026937 0.045215
28 99 2 0.282536 1.5556 0.000460326 0.00204686 8.53563e+07 3.39954e+08 1.6168e+08 2.94332e+07 0 3.07577e+08 0 3.39954e+08 3.07577e+08 1.6168e+08 2.94332e+07 0.000696094 -0.000504423 0.00104526 0.0011523 0.0447557
30 100 0 0.00251389 1.59275 0.000260336 0.0022125 6.84075e+07 2.7245e+08 1.29576e+08 2.35888e+07 0 2.46503e+08 0 2.7245e+08 2.46503e+08 1.29576e+08 2.35888e+07 0.000972675 -0.000797065 0.000428245 0.0014015 0.0442752
29 100 1 -0.187799 1.57539 9.52736e-05 0.00231862 9.63951e+07 3.83918e+08 1.8259e+08 3.32397e+07 0 3.47355e+08 0 3.83918e+08 3.47355e+08 1.8259e+08 3.32397e+07 0.00067291 -0.000549156 0.000548067 0.00113013 0.0443874
40 100 2 -0.151449 1.39618 4.11885e-05 0.00211373 1.00773e+08 4.01356e+08 1.90883e+08 3.47494e+07 0 3.63131e+08 0 4.01356e+08 3.63131e+08 1.90883e+08 3.47494e+07 0.00085957 -0.000828961 0.000366374 0.000877022 0.0449149
33 101 0 0.515684 0.219528 0.000398325 0.000328571 5.92626e+07 2.36029e+08 1.12254e+08 2.04354e+07 0 2.1355e+08 0 2.36029e+08 2.1355e+08 1.12254e+08 2.04354e+07 0.000787352 -0.0005298 0.000187006 0.00193823 0.0834335
34 101 1 0.4 9.23045e-24 2.79179e-27 3.39955e-26 9.79137e+07 3.89967e+08 1.85466e+08 3.37633e+07 0 3.52827e+08 0 3.89967e+08 3.52827e+08 1.85466e+08 3.37633e+07 3.44375e-27 -6.37655e-25 0.00232692 0.00127741 0.103444
23 101 2 0.6 9.04317e-24 6.63789e-27 3.96848e-26 1.27336e+08 5.07148e+08 2.41197e+08 4.39089e+07 0 4.58848e+08 0 5.07148e+08 4.58848e+08 2.41197e+08 4.39089e+07 -1.43487e-25 6.20409e-25 0.00331095 0.00131285 0.101035
26 102 0 0.324256 1.3194 0.000383427 0.00179156 1.15292e+08 4.5918e+08 2.18384e+08 3.97558e+07 0 4.15449e+08 0 4.5918e+08 4.15449e+08 2.18384e+08 3.97558e+07 0.000814716 -0.00110778 -0.000446373 0.000649664 0.0459043
28 102 1 0.282536 1.5556 0.000460326 0.00204686 8.53563e+07 3.39954e+08 1.6168e+08 2.94332e+07 0 3.07577e+08 0 3.39954e+08 3.07577e+08 1.6168e+08 2.94332e+07 0.000696094 -0.000504423 0.00104526 0.0011523 0.0447557
37 102 2 0.0838981 1.35678 0.000206544 0.00195669 1.67596e+08 6.67494e+08 3.17456e+08 5.77916e+07 0 6.03923e+08 0 6.67494e+08 6.03923e+08 3.17456e+08 5.77916e+07 0.000610418 -0.00012335 0.000146139 0.00026937 0.045215
41 103 0 0.2 9.00993e-24 -1.3198e-27 4.17998e-26 1.12396e+08 4.47645e+08 2.12898e+08 3.87571e+07 0 4.05012e+08 0 4.47645e+08 4.05012e+08 2.12898e+08 3.87571e+07 3.33447e-26 5.56814e-25 0.00159796 0.0012603 0.104672
34 103 1 0.4 9.23045e-24 2.79179e-27 3.39955e-26 9.79137e+07 3.89967e+08 1.85466e+08 3.37633e+07 0 3.52827e+08 0 3.89967e+08 3.52827e+08 1.85466e+08 3.37633e+07 3.44375e-27 -6.37655e-25 0.00232692 0.00127741 0.103444
44 103 2 0.301365 0.220106 0.000213618 0.000369509 4.65732e+07 1.8549e+08 8.82179e+07 1.60597e+07 0 1.67824e+08 0 1.8549e+08 1.67824e+08 8.82179e+07 1.60597e+07 0.000937328 0.000158667 0.000192702 0.00210363 0.0850399
4 104 0 1.30774 0.218156 0.00113893 3.33924e-05 1.09035e+08 4.3426e+08 2.06532e+08 3.75983e+07 0 3.92902e+08 0 4.3426e+08 3.92902e+08 2.06532e+08 3.75983e+07 0.000460067 -0.00161776 0.000506905 0.000682186 0.0676613
1 104 1 1.31026 0.382218 0.00142688 0.000337776 9.40602e+06 3.74619e+07 1.78167e+07 3.24346e+06 0 3.38941e+07 0 3.74619e+07 3.38941e+07 1.78167e+07 3.24346e+06 0.0031102 -0.000663679 -0.0018327 0.00319471 0.064692
12 104 2 1.11948 0.359725 0.00107435 0.000432763 6.94213e+07 2.76488e+08 1.31496e+08 2.39384e+07 0 2.50156e+08 0 2.76488e+08 2.50156e+08 1.31496e+08 2.39384e+07 0.00125385 0.000152467 0.000897926 0.0013543 0.0663853
20 105 0 0.887015 0.41433 0.000817595 0.000566602 3.20169e+07 1.27516e+08 6.06457e+07 1.10403e+07 0 1.15371e+08 0 1.27516e+08 1.15371e+08 6.06457e+07 1.10403e+07 0.00166078 4.16188e-05 0.00044432 0.00203066 0.0673612
31 105 1 0.646752 0.428589 0.000504611 0.000568718 9.27277e+07 3.69312e+08 1.75643e+08 3.19751e+07 0 3.3414e+08 0 3.69312e+08 3.3414e+08 1.75643e+08 3.19751e+07 0.000815763 -0.000646656 -0.00022982 0.00120844 0.0693375
22 105 2 0.733656 0.214928 0.000538873 0.000300354 1.01063e+08 4.02509e+08 1.91431e+08 3.48493e+07 0 3.64175e+08 0 4.02509e+08 3.64175e+08 1.91431e+08 3.48493e+07 0.000818525 0.00036475 0.000890791 0.000676627 0.0806009
11 106 0 1.05479 0.611369 0.00109013 0.000756533 1.34262e+08 5.34731e+08 2.54315e+08 4.62971e+07 0 4.83804e+08 0 5.34731e+08 4.83804e+08 2.54315e+08 4.62971e+07 0.000325991 -0.000988059 0.000333648 0.000722974 0.0598489
20 106 1 0.887015 0.41433 0.000817595 0.000566602 3.20169e+07 1.27516e+08 6.06457e+07 1.10403e+07 0 1.15371e+08 0 1.27516e+08 1.15371e+08 6.06457e+07 1.10403e+07 0.00166078 4.16188e-05 0.00044432 0.00203066 0.0673612
12 106 2 1.11948 0.359725 0.00107435 0.000432763 6.94213e+07 2.76488e+08 1.31496e+08 2.39384e+07 0 2.50156e+08 0 2.76488e+08 2.50156e+08 1.31496e+08 2.39384e+07 0.00125385 0.000152467 0.000897926 0.0013543 0.0663853
21 107 0 0.79955 0.627689 0.000834611 0.000892019 4.62717e+07 1.84289e+08 8.76469e+07 1.59558e+07 0 1.66738e+08 0 1.84289e+08 1.66738e+08 8.76469e+07 1.59558e+07 0.00161898 -0.000175016 0.000237904 0.00152143 0.0601891
31 107 1 0.646752 0.428589 0.000504611 0.000568718 9.27277e+07 3.69312e+08 1.75643e+08 3.19751e+07 0 3.3414e+08 0 3.69312e+08 3.3414e+08 1.75643e+08 3.19751e+07 0.000815763 -0.000646656 -0.00022982 0.00120844 0.0693375
20 107 2 0.887015 0.41433 0.000817595 0.000566602 3.20169e+07 1.27516e+08 6.06457e+07 1.10403e+07 0 1.15371e+08 0 1.27516e+08 1.15371e+08 6.06457e+07 1.10403e+07 0.00166078 4.16188e-05 0.00044432 0.00203066 0.0673612
12 108 0 1.11948 0.359725 0.00107435 0.000432763 6.94213e+07 2.76488e+08 1.31496e+08 2.39384e+07 0 2.50156e+08 0 2.76488e+08 2.50156e+08 1.31496e+08 2.39384e+07 0.00125385 0.000152467 0.000897926 0.0013543 0.0663853
5 108 1 1.1633 0.095775 0.000858394 -0.000148474 2.22443e+07 8.85936e+07 4.21347e+07 7.67044e+06 0 8.01561e+07 0 8.85936e+07 8.01561e+07 4.21347e+07 7.67044e+06 0.00189132 -0.00184847 0.00126052 0.0027683 0.0729133
4 108 2 1.30774 0.218156 0.00113893 3.33924e-05 1.09035e+08 4.3426e+08 2.06532e+08 3.75983e+07 0 3.92902e+08 0 4.3426e+08 3.92902e+08 2.06532e+08 3.75983e+07 0.000460067 -0.00161776 0.000506905 0.000682186 0.0676613
7 109 0 1.30766 0.546279 0.00126326 0.000625519 1.07485e+08 4.28086e+08 2.03595e+08 3.70637e+07 0 3.87316e+08 0 4.28086e+08 3.87316e+08 2.03595e+08 3.70637e+07 0.000726413 0.00035481 -0.00024884 0.000903346 0.0614545
12 109 1 1.11948 0.359725 0.00107435 0.000432763 6.94213e+07 2.76488e+08 1.31496e+08 2.39384e+07 0 2.50156e+08 0 2.76488e+08 2.50156e+08 1.31496e+08 2.39384e+07 0.00125385 0.000152467 0.000897926 0.0013543 0.0663853
1 109 2 1.31026 0.382218 0.00142688 0.000337776 9.40602e+06 3.74619e+07 1.78167e+07 3.24346e+06 0 3.38941e+07 0 3.74619e+07 3.38941e+07 1.78167e+07 3.24346e+06 0.0031102 -0.000663679 -0.0018327 0.00319471 0.064692
11 110 0 1.05479 0.611369 0.00109013 0.000756533 1.34262e+08 5.34731e+08 2.54315e+08 4.62971e+07 0 4.83804e+08 0 5.34731e+08 4.83804e+08 2.54315e+08 4.62971e+07 0.000325991 -0.000988059 0.000333648 0.000722974 0.0598489
21 110 1 0.79955 0.627689 0.000834611 0.000892019 4.62717e+07 1.84289e+08 8.76469e+07 1.59558e+07 0 1.66738e+08 0 1.84289e+08 1.66738e+08 8.76469e+07 1.59558e+07 0.00161898 -0.000175016 0.000237904 0.00152143 0.0601891
20 110 2 0.887015 0.41433 0.000817595 0.000566602 3.20169e+07 1.27516e+08 6.06457e+07 1.10403e+07 0 1.15371e+08 0 1.27516e+08 1.15371e+08 6.06457e+07 1.10403e+07 0.00166078 4.16188e-05 0.00044432 0.00203066 0.0673612
11 111 0 1.05479 0.611369 0.00109013 0.000756533 1.34262e+08 5.34731e+08 2.54315e+08 4.62971e+07 0 4.83804e+08 0 5.34731e+08 4.83804e+08 2.54315e+08 4.62971e+07 0.000325991 -0.000988059 0.000333648 0.000722974 0.0598489
7 111 1 1.30766 0.546279 0.00126326 0.000625519 1.07485e+08 4.28086e+08 2.03595e+08 3.70637e+07 0 3.87316e+08 0 4.28086e+08 3.87316e+08 2.03595e+08 3.70637e+07 0.000726413 0.00035481 -0.00024884 0.000903346 0.0614545
0 111 2 1.24764 0.696721 0.00128248 0.000752064 8.07062e+07 3.21433e+08 1.52872e+08 2.78297e+07 0 2.9082e+08 0 3.21433e+08 2.9082e+08 1.52872e+08 2.78297e+07 0.000915743 6.14301e-05 0.00124493 0.00111407 0.0585862
31 112 0 0.646752 0.428589 0.000504611 0.000568718 9.27277e+07 3.69312e+08 1.75643e+08 3.19751e+07 0 3.3414e+08 0 3.69312e+08 3.3414e+08 1.75643e+08 3.19751e+07 0.000815763 -0.000646656 -0.00022982 0.00120844 0.0693375
42 112 1 0.401609 0.430631 0.000293008 0.000685419 9.66203e+07 3.84815e+08 1.83016e+08 3.33173e+07 0 3.48166e+08 0 3.84815e+08 3.48166e+08 1.83016e+08 3.33173e+07 0.00086027 -0.000328853 -0.000294442 0.000978571 0.0709595
33 112 2 0.515684 0.219528 0.000398325 0.000328571 5.92626e+07 2.36029e+08 1.12254e+08 2.04354e+07 0 2.1355e+08 0 2.36029e+08 2.1355e+08 1.12254e+08 2.04354e+07 0.000787352 -0.0005298 0.000187006 0.00193823 0.0834335
23 113 0 0.6 9.04317e-24 6.63789e-27 3.96848e-26 1.27336e+08 5.07148e+08 2.41197e+08 4.39089e+07 0 4.58848e+08 0 5.07148e+08 4.58848e+08 2.41197e+08 4.39089e+07 -1.43487e-25 6.20409e-25 0.00331095 0.00131285 0.101035
22 113 1 0.733656 0.214928 0.000538873 0.000300354 1.01063e+08 4.02509e+08 1.91431e+08 3.48493e+07 0 3.64175e+08 0 4.02509e+08 3.64175e+08 1.91431e+08 3.48493e+07 0.000818525 0.00036475 0.000890791 0.000676627 0.0806009
33 113 2 0.515684 0.219528 0.000398325 0.000328571 5.92626e+07 2.36029e+08 1.12254e+08 2.04354e+07 0 2.1355e+08 0 2.36029e+08 2.1355e+08 1.12254e+08 2.04354e+07 0.000787352 -0.0005298 0.000187006 0.00193823 0.0834335
16 114 0 0.8171 1.00748 0.000873828 0.00133262 1.03439e+08 4.11974e+08 1.95933e+08 3.56687e+07 0 3.72738e+08 0 4.11974e+08 3.72738e+08 1.95933e+08 3.56687e+07 0.000759159 0.000135796 7.09693e-06 0.000865347 0.0514148
15 114 1 0.943415 0.838388 0.000999472 0.00109932 7.37702e+07 2.93809e+08 1.39734e+08 2.5438e+07 0 2.65827e+08 0 2.93809e+08 2.65827e+08 1.39734e+08 2.5438e+07 0.00121875 -0.000869927 -0.000610599 0.00115982 0.0546984
8 114 2 1.01531 1.10941 0.0010428 0.00140731 8.99575e+07 3.58279e+08 1.70396e+08 3.10198e+07 0 3.24157e+08 0 3.58279e+08 3.24157e+08 1.70396e+08 3.10198e+07 0.0007902 -5.72107e-05 0.000150882 0.001081 0.0511587
7 115 0 1.30766 0.546279 0.00126326 0.000625519 1.07485e+08 4.28086e+08 2.03595e+08 3.70637e+07 0 3.87316e+08 0 4.28086e+08 3.87316e+08 2.03595e+08 3.70637e+07 0.000726413 0.00035481 -0.00024884 0.000903346 0.0614545
11 115 1 1.05479 0.611369 0.00109013 0.000756533 1.34262e+08 5.34731e+08 2.54315e+08 4.62971e+07 0 4.83804e+08 0 5.34731e+08 4.83804e+08 2.54315e+08 4.62971e+07 0.000325991 -0.000988059 0.000333648 0.000722974 0.0598489
12 115 2 1.11948 0.359725 0.00107435 0.000432763 6.94213e+07 2.76488e+08 1.31496e+08 2.39384e+07 0 2.50156e+08 0 2.76488e+08 2.50156e+08 1.31496e+08 2.39384e+07 0.00125385 0.000152467 0.000897926 0.0013543 0.0663853
0 116 0 1.24764 0.696721 0.00128248 0.000752064 8.07062e+07 3.21433e+08 1.52872e+08 2.78297e+07 0 2.9082e+08 0 3.21433e+08 2.9082e+08 1.52872e+08 2.78297e+07 0.000915743 6.14301e-05 0.00124493 0.00111407 0.0585862
6 116 1 1.1856 0.846347 0.00135963 0.00102048 2.61786e+07 1.04263e+08 4.9587e+07 9.0271e+06 0 9.43332e+07 0 1.04263e+08 9.43332e+07 4.9587e+07 9.0271e+06 0.0020411 8.89642e-05 0.000727116 0.002174 0.0557588
11 116 2 1.05479 0.611369 0.00109013 0.000756533 1.34262e+08 5.34731e+08 2.54315e+08 4.62971e+07 0 4.83804e+08 0 5.34731e+08 4.83804e+08 2.54315e+08 4.62971e+07 0.000325991 -0.000988059 0.000333648 0.000722974 0.0598489
13 117 0 0.951658 0.195539 0.000715424 0.00026639 9.94449e+07 3.96065e+08 1.88366e+08 3.42913e+07 0 3.58344e+08 0 3.96065e+08 3.58344e+08 1.88366e+08 3.42913e+07 0.000969218 -0.000573889 0.000998357 0.000475358 0.0764547
20 117 1 0.887015 0.41433 0.000817595 0.000566602 3.20169e+07 1.27516e+08 6.06457e+07 1.10403e+07 0 1.15371e+08 0 1.27516e+08 1.15371e+08 6.06457e+07 1.10403e+07 0.00166078 4.16188e-05 0.00044432 0.00203066 0.0673612
22 117 2 0.733656 0.214928 0.000538873 0.000300354 1.01063e+08 4.02509e+08 1.91431e+08 3.48493e+07 0 3.64175e+08 0 4.02509e+08 3.64175e+08 1.91431e+08 3.48493e+07 0.000818525 0.00036475 0.000890791 0.000676627 0.0806009
5 118 0 1.1633 0.095775 0.000858394 -0.000148474 2.22443e+07 8.85936e+07 4.21347e+07 7.67044e+06 0 8.01561e+07 0 8.85936e+07 8.01561e+07 4.21347e+07 7.67044e+06 0.00189132 -0.00184847 0.00126052 0.0027683 0.0729133
13 118 1 0.951658 0.195539 0.000715424 0.00026639 9.94449e+07 3.96065e+08 1.88366e+08 3.42913e+07 0 3.58344e+08 0 3.96065e+08 3.58344e+08 1.88366e+08 3.42913e+07 0.000969218 -0.000573889 0.000998357 0.000475358 0.0764547
2 118 2 1 4.46218e-24 6.37721e-27 2.63382e-26 5.84802e+07 2.32913e+08 1.10772e+08 2.01656e+07 0 2.1073e+08 0 2.32913e+08 2.1073e+08 1.10772e+08 2.01656e+07 1.3567e-25 -6.22485e-25 0.00730548 0.00200756 0.086319
12 119 0 1.11948 0.359725 0.00107435 0.000432763 6.94213e+07 2.76488e+08 1.31496e+08 2.39384e+07 0 2.50156e+08 0 2.76488e+08 2.50156e+08 1.31496e+08 2.39384e+07 0.00125385 0.000152467 0.000897926 0.0013543 0.0663853
20 119 1 0.887015 0.41433 0.000817595 0.000566602 3.20169e+07 1.27516e+08 6.06457e+07 1.10403e+07 0 1.15371e+08 0 1.27516e+08 1.15371e+08 6.06457e+07 1.10403e+07 0.00166078 4.16188e-05 0.00044432 0.00203066 0.0673612
13 119 2 0.951658 0.195539 0.000715424 0.00026639 9.94449e+07 3.96065e+08 1.88366e+08 3.42913e+07 0 3.58344e+08 0 3.96065e+08 3.58344e+08 1.88366e+08 3.42913e+07 0.000969218 -0.000573889 0.000998357 0.000475358 0.0764547
15 120 0 0.943415 0.838388 0.000999472 0.00109932 7.37702e+07 2.93809e+08 1.39734e+08 2.5438e+07 0 2.65827e+08 0 2.93809e+08 2.65827e+08 1.39734e+08 2.5438e+07 0.00121875 -0.000869927 -0.000610599 0.00115982 0.0546984
6 120 1 1.1856 0.846347 0.00135963 0.00102048 2.61786e+07 1.04263e+08 4.9587e+07 9.0271e+06 0 9.43332e+07 0 1.04263e+08 9.43332e+07 4.9587e+07 9.0271e+06 0.0020411 8.89642e-05 0.000727116 0.002174 0.0557588
3 120 2 1.09984 0.977478 0.00115347 0.001277 6.34154e+07 2.52568e+08 1.2012e+08 2.18674e+07 0 2.28514e+08 0 2.52568e+08 2.28514e+08 1.2012e+08 2.18674e+07 0.00124335 0.000569857 -0.000262005 0.00148624 0.0532984
9 121 0 0.906216 1.2143 0.000979485 0.00152436 8.55558e+07 3.40748e+08 1.62058e+08 2.9502e+07 0 3.08296e+08 0 3.40748e+08 3.08296e+08 1.62058e+08 2.9502e+07 0.000871412 1.29249e-05 0.000369974 0.00110466 0.0494403
17 121 1 0.712374 1.16235 0.000792169 0.00148499 8.54467e+07 3.40313e+08 1.61851e+08 2.94644e+07 0 3.07903e+08 0 3.40313e+08 3.07903e+08 1.61851e+08 2.94644e+07 0.000938751 -6.26013e-05 8.65081e-05 0.001152 0.0491328
16 121 2 0.8171 1.00748 0.000873828 0.00133262 1.03439e+08 4.11974e+08 1.95933e+08 3.56687e+07 0 3.72738e+08 0 4.11974e+08 3.72738e+08 1.95933e+08 3.56687e+07 0.000759159 0.000135796 7.09693e-06 0.000865347 0.0514148
22 122 0 0.733656 0.214928 0.000538873 0.000300354 1.01063e+08 4.02509e+08 1.91431e+08 3.48493e+07 0 3.64175e+08 0 4.02509e+08 3.64175e+08 1.91431e+08 3.48493e+07 0.000818525 0.00036475 0.000890791 0.000676627 0.0806009
23 122 1 0.6 9.04317e-24 6.63789e-27 3.96848e-26 1.27336e+08 5.07148e+08 2.41197e+08 4.39089e+07 0 4.58848e+08 0 5.07148e+08 4.58848e+08 2.41197e+08 4.39089e+07 -1.43487e-25 6.20409e-25 0.00331095 0.00131285 0.101035
14 122 2 0.8 9.15218e-24 4.06182e-27 2.93315e-26 3.43409e+07 1.36772e+08 6.50478e+07 1.18417e+07 0 1.23746e+08 0 1.36772e+08 1.23746e+08 6.50478e+07 1.18417e+07 0.00109849 0.000427498 0.00471541 0.00236286 0.0965904
22 123 0 0.733656 0.214928 0.000538873 0.000300354 1.01063e+08 4.02509e+08 1.91431e+08 3.48493e+07 0 3.64175e+08 0 4.02509e+08 3.64175e+08 1.91431e+08 3.48493e+07 0.000818525 0.00036475 0.000890791 0.000676627 0.0806009
31 123 1 0.646752 0.428589 0.000504611 0.000568718 9.27277e+07 3.69312e+08 1.75643e+08 3.19751e+07 0 3.3414e+08 0 3.69312e+08 3.3414e+08 1.75643e+08 3.19751e+07 0.000815763 -0.000646656 -0.00022982 0.00120844 0.0693375
33 123 2 0.515684 0.219528 0.000398325 0.000328571 5.92626e+07 2.36029e+08 1.12254e+08 2.04354e+07 0 2.1355e+08 0 2.36029e+08 2.1355e+08 1.12254e+08 2.04354e+07 0.000787352 -0.0005298 0.000187006 0.00193823 0.0834335
2 124 0 1 4.46218e-24 6.37721e-27 2.63382e-26 5.84802e+07 2.32913e+08 1.10772e+08 2.01656e+07 0 2.1073e+08 0 2.32913e+08 2.1073e+08 1.10772e+08 2.01656e+07 1.3567e-25 -6.22485e-25 0.00730548 0.00200756 0.086319
13 124 1 0.951658 0.195539 0.000715424 0.00026639 9.94449e+07 3.96065e+08 1.88366e+08 3.42913e+07 0 3.58344e+08 0 3.96065e+08 3.58344e+08 1.88366e+08 3.42913e+07 0.000969218 -0.000573889 0.000998357 0.000475358 0.0764547
14 124 2 0.8 9.15218e-24 4.06182e-27 2.93315e-26 3.43409e+07 1.36772e+08 6.50478e+07 1.18417e+07 0 1.23746e+08 0 1.36772e+08 1.23746e+08 6.50478e+07 1.18417e+07 0.00109849 0.000427498 0.00471541 0.00236286 0.0965904
13 125 0 0.951658 0.195539 0.000715424 0.00026639 9.94449e+07 3.96065e+08 1.88366e+08 3.42913e+07 0 3.58344e+08 0 3.96065e+08 3.58344e+08 1.88366e+08 3.42913e+07 0.000969218 -0.000573889 0.000998357 0.000475358 0.0764547
5 125 1 1.1633 0.095775 0.000858394 -0.000148474 2.22443e+07 8.85936e+07 4.21347e+07 7.67044e+06 0 8.01561e+07 0 8.85936e+07 8.01561e+07 4.21347e+07 7.67044e+06 0.00189132 -0.00184847 0.00126052 0.0027683 0.0729133
12 125 2 1.11948 0.359725 0.00107435 0.000432763 6.94213e+07 2.76488e+08 1.31496e+08 2.39384e+07 0 2.50156e+08 0 2.76488e+08 2.50156e+08 1.31496e+08 2.39384e+07 0.00125385 0.000152467 0.000897926 0.0013543 0.0663853
42 126 0 0.401609 0.430631 0.000293008 0.000685419 9.66203e+07 3.84815e+08 1.83016e+08 3.33173e+07 0 3.48166e+08 0 3.84815e+08 3.48166e+08 1.83016e+08 3.33173e+07 0.00086027 -0.000328853 -0.000294442 0.000978571 0.0709595
44 126 1 0.301365 0.220106 0.000213618 0.000369509 4.65732e+07 1.8549e+08 8.82179e+07 1.60597e+07 0 1.67824e+08 0 1.8549e+08 1.67824e+08 8.82179e+07 1.60597e+07 0.000937328 0.000158667 0.000192702 0.00210363 0.0850399
33 126 2 0.515684 0.219528 0.000398325 0.000328571 5.92626e+07 2.36029e+08 1.12254e+08 2.04354e+07 0 2.1355e+08 0 2.36029e+08 2.1355e+08 1.12254e+08 2.04354e+07 0.000787352 -0.0005298 0.000187006 0.00193823 0.0834335
14 127 0 0.8 9.15218e-24 4.06182e-27 2.93315e-26 3.43409e+07 1.36772e+08 6.50478e+07 1.18417e+07 0 1.23746e+08 0 1.36772e+08 1.23746e+08 6.50478e+07 1.18417e+07 0.00109849 0.000427498 0.00471541 0.00236286 0.0965904
13 127 1 0.951658 0.195539 0.000715424 0.00026639 9.94449e+07 3.96065e+08 1.88366e+08 3.42913e+07 0 3.58344e+08 0 3.96065e+08 3.58344e+08 1.88366e+08 3.42913e+07 0.000969218 -0.000573889 0.000998357 0.000475358 0.0764547
22 127 2 0.733656 0.214928 0.000538873 0.000300354 1.01063e+08 4.02509e+08 1.91431e+08 3.48493e+07 0 3.64175e+08 0 4.02509e+08 3.64175e+08 1.91431e+08 3.48493e+07 0.000818525 0.00036475 0.000890791 0.000676627 0.0806009
6 128 0 1.1856 0.846347 0.00135963 0.00102048 2.61786e+07 1.04263e+08 4.9587e+07 9.0271e+06 0 9.43332e+07 0 1.04263e+08 9.43332e+07 4.9587e+07 9.0271e+06 0.0020411 8.89642e-05 0.000727116 0.002174 0.0557588
15 128 1 0.943415 0.838388 0.000999472 0.00109932 7.37702e+07 2.93809e+08 1.39734e+08 2.5438e+07 0 2.65827e+08 0 2.93809e+08 2.65827e+08 1.39734e+08 2.5438e+07 0.00121875 -0.000869927 -0.000610599 0.00115982 0.0546984
11 128 2 1.05479 0.611369 0.00109013 0.000756533 1.34262e+08 5.34731e+08 2.54315e+08 4.62971e+07 0 4.83804e+08 0 5.34731e+08 4.83804e+08 2.54315e+08 4.62971e+07 0.000325991 -0.000988059 0.000333648 0.000722974 0.0598489
24 129 0 0.68881 0.824125 0.000735782 0.00112951 9.39641e+07 3.74236e+08 1.77985e+08 3.24014e+07 0 3.38595e+08 0 3.74236e+08 3.38595e+08 1.77985e+08 3.24014e+07 0.000877668 0.00050713 0.000163358 0.00108377 0.054838
32 129 1 0.544447 0.634249 0.000525992 0.000881153 6.80582e+07 2.7106e+08 1.28915e+08 2.34684e+07 0 2.45244e+08 0 2.7106e+08 2.45244e+08 1.28915e+08 2.34684e+07 0.000945816 -0.000366104 0.000701638 0.00170183 0.061006
21 129 2 0.79955 0.627689 0.000834611 0.000892019 4.62717e+07 1.84289e+08 8.76469e+07 1.59558e+07 0 1.66738e+08 0 1.84289e+08 1.66738e+08 8.76469e+07 1.59558e+07 0.00161898 -0.000175016 0.000237904 0.00152143 0.0601891
15 130 0 0.943415 0.838388 0.000999472 0.00109932 7.37702e+07 2.93809e+08 1.39734e+08 2.5438e+07 0 2.65827e+08 0 2.93809e+08 2.65827e+08 1.39734e+08 2.5438e+07 0.00121875 -0.000869927 -0.000610599 0.00115982 0.0546984
16 130 1 0.8171 1.00748 0.000873828 0.00133262 1.03439e+08 4.11974e+08 1.95933e+08 3.56687e+07 0 3.72738e+08 0 4.11974e+08 3.72738e+08 1.95933e+08 3.56687e+07 0.000759159 0.000135796 7.09693e-06 0.000865347 0.0514148
24 130 2 0.68881 0.824125 0.000735782 0.00112951 9.39641e+07 3.74236e+08 1.77985e+08 3.24014e+07 0 3.38595e+08 0 3.74236e+08 3.38595e+08 1.77985e+08 3.24014e+07 0.000877668 0.00050713 0.000163358 0.00108377 0.054838
11 131 0 1.05479 0.611369 0.00109013 0.000756533 1.34262e+08 5.34731e+08 2.54315e+08 4.62971e+07 0 4.83804e+08 0 5.34731e+08 4.83804e+08 2.54315e+08 4.62971e+07 0.000325991 -0.000988059 0.000333648 0.000722974 0.0598489
15 131 1 0.943415 0.838388 0.000999472 0.00109932 7.37702e+07 2.93809e+08 1.39734e+08 2.5438e+07 0 2.65827e+08 0 2.93809e+08 2.65827e+08 1.39734e+08 2.5438e+07 0.00121875 -0.000869927 -0.000610599 0.00115982 0.0546984
21 131 2 0.79955 0.627689 0.000834611 0.000892019 4.62717e+07 1.84289e+08 8.76469e+07 1.59558e+07 0 1.66738e+08 0 1.84289e+08 1.66738e+08 8.76469e+07 1.59558e+07 0.00161898 -0.000175016 0.000237904 0.00152143 0.0601891
3 132 0 1.09984 0.977478 0.00115347 0.001277 6.34154e+07 2.52568e+08 1.2012e+08 2.18674e+07 0 2.28514e+08 0 2.52568e+08 2.28514e+08 1.2012e+08 2.18674e+07 0.00124335 0.000569857 -0.000262005 0.00148624 0.0532984
8 132 1 1.01531 1.10941 0.0010428 0.00140731 8.99575e+07 3.58279e+08 1.70396e+08 3.10198e+07 0 3.24157e+08 0 3.58279e+08 3.24157e+08 1.70396e+08 3.10198e+07 0.0007902 -5.72107e-05 0.000150882 0.001081 0.0511587
15 132 2 0.943415 0.838388 0.000999472 0.00109932 7.37702e+07 2.93809e+08 1.39734e+08 2.5438e+07 0 2.65827e+08 0 2.93809e+08 2.65827e+08 1.39734e+08 2.5438e+07 0.00121875 -0.000869927 -0.000610599 0.00115982 0.0546984
35 133 0 0.439893 0.848669 0.0005345 0.00117481 1.0189e+08 4.05804e+08 1.92998e+08 3.51346e+07 0 3.67156e+08 0 4.05804e+08 3.67156e+08 1.92998e+08 3.51346e+07 0.000645015 0.000717252 0.000384623 0.000998009 0.0542829
45 133 1 0.195492 0.843937 0.000232528 0.00121604 4.51087e+07 1.79657e+08 8.5444e+07 1.55547e+07 0 1.62547e+08 0 1.79657e+08 1.62547e+08 8.5444e+07 1.55547e+07 0.00183332 -0.00109878 -0.000757167 0.00127829 0.0543678
43 133 2 0.296837 0.634566 0.000325604 0.000879127 9.98159e+07 3.97543e+08 1.89069e+08 3.44193e+07 0 3.59682e+08 0 3.97543e+08 3.59682e+08 1.89069e+08 3.44193e+07 0.000493306 0.000364001 0.00099131 0.00108674 0.0616121
25 134 0 0.58779 1.02107 0.000685095 0.0013299 8.90499e+07 3.54664e+08 1.68677e+08 3.07069e+07 0 3.20887e+08 0 3.54664e+08 3.20887e+08 1.68677e+08 3.07069e+07 0.000877167 4.13932e-06 -0.000172064 0.00109524 0.0506523
35 134 1 0.439893 0.848669 0.0005345 0.00117481 1.0189e+08 4.05804e+08 1.92998e+08 3.51346e+07 0 3.67156e+08 0 4.05804e+08 3.67156e+08 1.92998e+08 3.51346e+07 0.000645015 0.000717252 0.000384623 0.000998009 0.0542829
24 134 2 0.68881 0.824125 0.000735782 0.00112951 9.39641e+07 3.74236e+08 1.77985e+08 3.24014e+07 0 3.38595e+08 0 3.74236e+08 3.38595e+08 1.77985e+08 3.24014e+07 0.000877668 0.00050713 0.000163358 0.00108377 0.054838
36 135 0 0.146739 1.11584 0.00025548 0.00170916 4.54953e+07 1.81197e+08 8.61763e+07 1.5688e+07 0 1.6394e+08 0 1.81197e+08 1.6394e+08 8.61763e+07 1.5688e+07 0.00162267 -0.00020631 0.00167743 0.00149484 0.0481848
26 135 1 0.324256 1.3194 0.000383427 0.00179156 1.15292e+08 4.5918e+08 2.18384e+08 3.97558e+07 0 4.15449e+08 0 4.5918e+08 4.15449e+08 2.18384e+08 3.97558e+07 0.000814716 -0.00110778 -0.000446373 0.000649664 0.0459043
37 135 2 0.0838981 1.35678 0.000206544 0.00195669 1.67596e+08 6.67494e+08 3.17456e+08 5.77916e+07 0 6.03923e+08 0 6.67494e+08 6.03923e+08 3.17456e+08 5.77916e+07 0.000610418 -0.00012335 0.000146139 0.00026937 0.045215
25 136 0 0.58779 1.02107 0.000685095 0.0013299 8.90499e+07 3.54664e+08 1.68677e+08 3.07069e+07 0 3.20887e+08 0 3.54664e+08 3.20887e+08 1.68677e+08 3.07069e+07 0.000877167 4.13932e-06 -0.000172064 0.00109524 0.0506523
27 136 1 0.39521 1.10711 0.000524066 0.00150665 1.10745e+08 4.41072e+08 2.09772e+08 3.81881e+07 0 3.99066e+08 0 4.41072e+08 3.99066e+08 2.09772e+08 3.81881e+07 0.000580475 -0.00134128 -0.000504103 0.000852829 0.0486223
35 136 2 0.439893 0.848669 0.0005345 0.00117481 1.0189e+08 4.05804e+08 1.92998e+08 3.51346e+07 0 3.67156e+08 0 4.05804e+08 3.67156e+08 1.92998e+08 3.51346e+07 0.000645015 0.000717252 0.000384623 0.000998009 0.0542829
25 137 0 0.58779 1.02107 0.000685095 0.0013299 8.90499e+07 3.54664e+08 1.68677e+08 3.07069e+07 0 3.20887e+08 0 3.54664e+08 3.20887e+08 1.68677e+08 3.07069e+07 0.000877167 4.13932e-06 -0.000172064 0.00109524 0.0506523
18 137 1 0.551411 1.25537 0.000618107 0.001608 6.1474e+07 2.44836e+08 1.16443e+08 2.11979e+07 0 2.21519e+08 0 2.44836e+08 2.21519e+08 1.16443e+08 2.11979e+07 0.00142647 0.000167782 -2.36284e-05 0.00135638 0.0471934
27 137 2 0.39521 1.10711 0.000524066 0.00150665 1.10745e+08 4.41072e+08 2.09772e+08 3.81881e+07 0 3.99066e+08 0 4.41072e+08 3.99066e+08 2.09772e+08 3.81881e+07 0.000580475 -0.00134128 -0.000504103 0.000852829 0.0486223
16 138 0 0.8171 1.00748 0.000873828 0.00133262 1.03439e+08 4.11974e+08 1.95933e+08 3.56687e+07 0 3.72738e+08 0 4.11974e+08 3.72738e+08 1.95933e+08 3.56687e+07 0.000759159 0.000135796 7.09693e-06 0.000865347 0.0514148
25 138 1 0.58779 1.02107 0.000685095 0.0013299 8.90499e+07 3.54664e+08 1.68677e+08 3.07069e+07 0 3.20887e+08 0 3.54664e+08 3.20887e+08 1.68677e+08 3.07069e+07 0.000877167 4.13932e-06 -0.000172064 0.00109524 0.0506523
24 138 2 0.68881 0.824125 0.000735782 0.00112951 9.39641e+07 3.74236e+08 1.77985e+08 3.24014e+07 0 3.38595e+08 0 3.74236e+08 3.38595e+08 1.77985e+08 3.24014e+07 0.000877668 0.00050713 0.000163358 0.00108377 0.054838
10 139 0 0.797323 1.31939 0.00092723 0.00164725 7.85755e+07 3.12947e+08 1.48836e+08 2.7095e+07 0 2.83143e+08 0 3.12947e+08 2.83143e+08 1.48836e+08 2.7095e+07 0.000724619 -0.00051746 0.00141793 0.00121311 0.0479888
17 139 1 0.712374 1.16235 0.000792169 0.00148499 8.54467e+07 3.40313e+08 1.61851e+08 2.94644e+07 0 3.07903e+08 0 3.40313e+08 3.07903e+08 1.61851e+08 2.94644e+07 0.000938751 -6.26013e-05 8.65081e-05 0.001152 0.0491328
9 139 2 0.906216 1.2143 0.000979485 0.00152436 8.55558e+07 3.40748e+08 1.62058e+08 2.9502e+07 0 3.08296e+08 0 3.40748e+08 3.08296e+08 1.62058e+08 2.9502e+07 0.000871412 1.29249e-05 0.000369974 0.00110466 0.0494403
10 140 0 0.797323 1.31939 0.00092723 0.00164725 7.85755e+07 3.12947e+08 1.48836e+08 2.7095e+07 0 2.83143e+08 0 3.12947e+08 2.83143e+08 1.48836e+08 2.7095e+07 0.000724619 -0.00051746 0.00141793 0.00121311 0.0479888
19 140 1 0.544185 1.46807 0.000712582 0.00205616 2.46656e+07 9.82372e+07 4.67211e+07 8.50539e+06 0 8.88813e+07 0 9.82372e+07 8.88813e+07 4.67211e+07 8.50539e+06 0.00241641 -0.000325456 0.00104251 0.00285224 0.0459016
18 140 2 0.551411 1.25537 0.000618107 0.001608 6.1474e+07 2.44836e+08 1.16443e+08 2.11979e+07 0 2.21519e+08 0 2.44836e+08 2.21519e+08 1.16443e+08 2.11979e+07 0.00142647 0.000167782 -2.36284e-05 0.00135638 0.0471934
38 141 0 0.289959 0.980767 0.000419089 0.00139831 2.82674e+07 1.12582e+08 5.35435e+07 9.74737e+06 0 1.0186e+08 0 1.12582e+08 1.0186e+08 5.35435e+07 9.74737e+06 0.00214526 -0.000480409 -0.000104794 0.00237961 0.050905
36 141 1 0.146739 1.11584 0.00025548 0.00170916 4.54953e+07 1.81197e+08 8.61763e+07 1.5688e+07 0 1.6394e+08 0 1.81197e+08 1.6394e+08 8.61763e+07 1.5688e+07 0.00162267 -0.00020631 0.00167743 0.00149484 0.0481848
45 141 2 0.195492 0.843937 0.000232528 0.00121604 4.51087e+07 1.79657e+08 8.5444e+07 1.55547e+07 0 1.62547e+08 0 1.79657e+08 1.62547e+08 8.5444e+07 1.55547e+07 0.00183332 -0.00109878 -0.000757167 0.00127829 0.0543678
35 142 0 0.439893 0.848669 0.0005345 0.00117481 1.0189e+08 4.05804e+08 1.92998e+08 3.51346e+07 0 3.67156e+08 0 4.05804e+08 3.67156e+08 1.92998e+08 3.51346e+07 0.000645015 0.000717252 0.000384623 0.000998009 0.0542829
38 142 1 0.289959 0.980767 0.000419089 0.00139831 2.82674e+07 1.12582e+08 5.35435e+07 9.74737e+06 0 1.0186e+08 0 1.12582e+08 1.0186e+08 5.35435e+07 9.74737e+06 0.00214526 -0.000480409 -0.000104794 0.00237961 0.050905
45 142 2 0.195492 0.843937 0.000232528 0.00121604 4.51087e+07 1.79657e+08 8.5444e+07 1.55547e+07 0 1.62547e+08 0 1.79657e+08 1.62547e+08 8.5444e+07 1.55547e+07 0.00183332 -0.00109878 -0.000757167 0.00127829 0.0543678
27 143 0 0.39521 1.10711 0.000524066 0.00150665 1.10745e+08 4.41072e+08 2.09772e+08 3.81881e+07 0 3.99066e+08 0 4.41072e+08 3.99066e+08 2.09772e+08 3.81881e+07 0.000580475 -0.00134128 -0.000504103 0.000852829 0.0486223
36 143 1 0.146739 1.11584 0.00025548 0.00170916 4.54953e+07 1.81197e+08 8.61763e+07 1.5688e+07 0 1.6394e+08 0 1.81197e+08 1.6394e+08 8.61763e+07 1.5688e+07 0.00162267 -0.00020631 0.00167743 0.00149484 0.0481848
38 143 2 0.289959 0.980767 0.000419089 0.00139831 2.82674e+07 1.12582e+08 5.35435e+07 9.74737e+06 0 1.0186e+08 0 1.12582e+08 1.0186e+08 5.35435e+07 9.74737e+06 0.00214526 -0.000480409 -0.000104794 0.00237961 0.050905
16 144 0 0.8171 1.00748 0.000873828 0.00133262 1.03439e+08 4.11974e+08 1.95933e+08 3.56687e+07 0 3.72738e+08 0 4.11974e+08 3.72738e+08 1.95933e+08 3.56687e+07 0.000759159 0.000135796 7.09693e-06 0.000865347 0.0514148
8 144 1 1.01531 1.10941 0.0010428 0.00140731 8.99575e+07 3.58279e+08 1.70396e+08 3.10198e+07 0 3.24157e+08 0 3.58279e+08 3.24157e+08 1.70396e+08 3.10198e+07 0.0007902 -5.72107e-05 0.000150882 0.001081 0.0511587
9 144 2 0.906216 1.2143 0.000979485 0.00152436 8.55558e+07 3.40748e+08 1.62058e+08 2.9502e+07 0 3.08296e+08 0 3.40748e+08 3.08296e+08 1.62058e+08 2.9502e+07 0.000871412 1.29249e-05 0.000369974 0.00110466 0.0494403
25 145 0 0.58779 1.02107 0.000685095 0.0013299 8.90499e+07 3.54664e+08 1.68677e+08 3.07069e+07 0 3.20887e+08 0 3.54664e+08 3.20887e+08 1.68677e+08 3.07069e+07 0.000877167 4.13932e-06 -0.000172064 0.00109524 0.0506523
16 145 1 0.8171 1.00748 0.000873828 0.00133262 1.03439e+08 4.11974e+08 1.95933e+08 3.56687e+07 0 3.72738e+08 0 4.11974e+08 3.72738e+08 1.95933e+08 3.56687e+07 0.000759159 0.000135796 7.09693e-06 0.000865347 0.0514148
17 145 2 0.712374 1.16235 0.000792169 0.00148499 8.54467e+07 3.40313e+08 1.61851e+08 2.94644e+07 0 3.07903e+08 0 3.40313e+08 3.07903e+08 1.61851e+08 2.94644e+07 0.000938751 -6.26013e-05 8.65081e-05 0.001152 0.0491328
24 146 0 0.68881 0.824125 0.000735782 0.00112951 9.39641e+07 3.74236e+08 1.77985e+08 3.24014e+07 0 3.38595e+08 0 3.74236e+08 3.38595e+08 1.77985e+08 3.24014e+07 0.000877668 0.00050713 0.000163358 0.00108377 0.054838
21 146 1 0.79955 0.627689 0.000834611 0.000892019 4.62717e+07 1.84289e+08 8.76469e+07 1.59558e+07 0 1.66738e+08 0 1.84289e+08 1.66738e+08 8.76469e+07 1.59558e+07 0.00161898 -0.000175016 0.000237904 0.00152143 0.0601891
15 146 2 0.943415 0.838388 0.000999472 0.00109932 7.37702e+07 2.93809e+08 1.39734e+08 2.5438e+07 0 2.65827e+08 0 2.93809e+08 2.65827e+08 1.39734e+08 2.5438e+07 0.00121875 -0.000869927 -0.000610599 0.00115982 0.0546984
