Index_Vertex nbTriangle nbInTr x y ux uy Elast AR BR IR GR ER FR A1 A2 B12 C3 Defxx Defxy Defyx Defyy Density 
2 0 0 -0.893779 0.158416 -0.00100911 0.000446444 9.42262e+07 3.7528e+08 1.78481e+08 3.24918e+07 0 3.39539e+08 0 3.7528e+08 3.39539e+08 1.78481e+08 3.24918e+07 0.000988758 -0.000506714 -0.00121817 -2.63625e-05 0.120146
0 0 1 -1 8.34263e-25 6.01652e-27 1.86406e-26 1.49124e+07 5.93924e+07 2.82467e+07 5.1422e+06 0 5.3736e+07 0 5.93924e+07 5.3736e+07 2.82467e+07 5.1422e+06 0.00173327 0.00325109 -0.013347 0.00382254 0.131128
1 0 2 -0.8 3.03439e-24 -3.92464e-27 3.15728e-26 4.18427e+06 1.6665e+07 7.92577e+06 1.44285e+06 0 1.50778e+07 0 1.6665e+07 1.50778e+07 7.92577e+06 1.44285e+06 1.1839e-25 7.56386e-25 -0.00866178 0.00455536 0.134393
7 1 0 -0.69722 0.186983 -0.000844841 0.000419874 1.05429e+08 4.19899e+08 1.99702e+08 3.63549e+07 0 3.79909e+08 0 4.19899e+08 3.79909e+08 1.99702e+08 3.63549e+07 0.000190415 3.43983e-05 -0.000937521 0.00137225 0.11893
2 1 1 -0.893779 0.158416 -0.00100911 0.000446444 9.42262e+07 3.7528e+08 1.78481e+08 3.24918e+07 0 3.39539e+08 0 3.7528e+08 3.39539e+08 1.78481e+08 3.24918e+07 0.000988758 -0.000506714 -0.00121817 -2.63625e-05 0.120146
1 1 2 -0.8 3.03439e-24 -3.92464e-27 3.15728e-26 4.18427e+06 1.6665e+07 7.92577e+06 1.44285e+06 0 1.50778e+07 0 1.6665e+07 1.50778e+07 7.92577e+06 1.44285e+06 1.1839e-25 7.56386e-25 -0.00866178 0.00455536 0.134393
9 2 0 -0.852182 0.334601 -0.00117325 0.000743785 1.50581e+07 5.99728e+07 2.85227e+07 5.19245e+06 0 5.42611e+07 0 5.99728e+07 5.42611e+07 2.85227e+07 5.19245e+06 0.00266992 -0.00124881 -0.00072579 0.00403268 0.109803
3 2 1 -1.07586 0.215771 -0.00129097 0.000470395 4.58062e+07 1.82435e+08 8.67652e+07 1.57952e+07 0 1.6506e+08 0 1.82435e+08 1.6506e+08 8.67652e+07 1.57952e+07 0.00153751 0.0011219 -0.00502446 0.00243701 0.115619
2 2 2 -0.893779 0.158416 -0.00100911 0.000446444 9.42262e+07 3.7528e+08 1.78481e+08 3.24918e+07 0 3.39539e+08 0 3.7528e+08 3.39539e+08 1.78481e+08 3.24918e+07 0.000988758 -0.000506714 -0.00121817 -2.63625e-05 0.120146
7 3 0 -0.69722 0.186983 -0.000844841 0.000419874 1.05429e+08 4.19899e+08 1.99702e+08 3.63549e+07 0 3.79909e+08 0 4.19899e+08 3.79909e+08 1.99702e+08 3.63549e+07 0.000190415 3.43983e-05 -0.000937521 0.00137225 0.11893
9 3 1 -0.852182 0.334601 -0.00117325 0.000743785 1.50581e+07 5.99728e+07 2.85227e+07 5.19245e+06 0 5.42611e+07 0 5.99728e+07 5.42611e+07 2.85227e+07 5.19245e+06 0.00266992 -0.00124881 -0.00072579 0.00403268 0.109803
2 3 2 -0.893779 0.158416 -0.00100911 0.000446444 9.42262e+07 3.7528e+08 1.78481e+08 3.24918e+07 0 3.39539e+08 0 3.7528e+08 3.39539e+08 1.78481e+08 3.24918e+07 0.000988758 -0.000506714 -0.00121817 -2.63625e-05 0.120146
7 4 0 -0.69722 0.186983 -0.000844841 0.000419874 1.05429e+08 4.19899e+08 1.99702e+08 3.63549e+07 0 3.79909e+08 0 4.19899e+08 3.79909e+08 1.99702e+08 3.63549e+07 0.000190415 3.43983e-05 -0.000937521 0.00137225 0.11893
1 4 1 -0.8 3.03439e-24 -3.92464e-27 3.15728e-26 4.18427e+06 1.6665e+07 7.92577e+06 1.44285e+06 0 1.50778e+07 0 1.6665e+07 1.50778e+07 7.92577e+06 1.44285e+06 1.1839e-25 7.56386e-25 -0.00866178 0.00455536 0.134393
8 4 2 -0.6 3.04485e-24 -6.59854e-27 4.43251e-26 6.49841e+07 2.58816e+08 1.23092e+08 2.24083e+07 0 2.34167e+08 0 2.58816e+08 2.34167e+08 1.23092e+08 2.24083e+07 0.000352905 -0.000988568 -0.00725304 0.00253983 0.135258
0 5 0 -1 8.34263e-25 6.01652e-27 1.86406e-26 1.49124e+07 5.93924e+07 2.82467e+07 5.1422e+06 0 5.3736e+07 0 5.93924e+07 5.3736e+07 2.82467e+07 5.1422e+06 0.00173327 0.00325109 -0.013347 0.00382254 0.131128
2 5 1 -0.893779 0.158416 -0.00100911 0.000446444 9.42262e+07 3.7528e+08 1.78481e+08 3.24918e+07 0 3.39539e+08 0 3.7528e+08 3.39539e+08 1.78481e+08 3.24918e+07 0.000988758 -0.000506714 -0.00121817 -2.63625e-05 0.120146
3 5 2 -1.07586 0.215771 -0.00129097 0.000470395 4.58062e+07 1.82435e+08 8.67652e+07 1.57952e+07 0 1.6506e+08 0 1.82435e+08 1.6506e+08 8.67652e+07 1.57952e+07 0.00153751 0.0011219 -0.00502446 0.00243701 0.115619
16 6 0 -0.4 3.00232e-24 -1.56734e-27 2.64138e-26 3.83581e+07 1.52771e+08 7.26572e+07 1.32269e+07 0 1.38222e+08 0 1.52771e+08 1.38222e+08 7.26572e+07 1.32269e+07 0.00100206 0.000242163 -0.00284923 0.00245897 0.135442
14 6 1 -0.492045 0.204727 -0.000652063 0.000545021 1.52769e+07 6.08442e+07 2.89372e+07 5.2679e+06 0 5.50496e+07 0 6.08442e+07 5.50496e+07 2.89372e+07 5.2679e+06 0.00190094 0.000887742 -0.000305514 0.0028377 0.11773
8 6 2 -0.6 3.04485e-24 -6.59854e-27 4.43251e-26 6.49841e+07 2.58816e+08 1.23092e+08 2.24083e+07 0 2.34167e+08 0 2.58816e+08 2.34167e+08 1.23092e+08 2.24083e+07 0.000352905 -0.000988568 -0.00725304 0.00253983 0.135258
9 7 0 -0.852182 0.334601 -0.00117325 0.000743785 1.50581e+07 5.99728e+07 2.85227e+07 5.19245e+06 0 5.42611e+07 0 5.99728e+07 5.42611e+07 2.85227e+07 5.19245e+06 0.00266992 -0.00124881 -0.00072579 0.00403268 0.109803
5 7 1 -1.03131 0.441691 -0.00156629 0.00116972 4.63402e+07 1.84562e+08 8.77767e+07 1.59794e+07 0 1.66985e+08 0 1.84562e+08 1.66985e+08 8.77767e+07 1.59794e+07 0.00111128 0.000877891 0.00348392 0.0023713 0.106518
3 7 2 -1.07586 0.215771 -0.00129097 0.000470395 4.58062e+07 1.82435e+08 8.67652e+07 1.57952e+07 0 1.6506e+08 0 1.82435e+08 1.6506e+08 8.67652e+07 1.57952e+07 0.00153751 0.0011219 -0.00502446 0.00243701 0.115619
14 8 0 -0.492045 0.204727 -0.000652063 0.000545021 1.52769e+07 6.08442e+07 2.89372e+07 5.2679e+06 0 5.50496e+07 0 6.08442e+07 5.50496e+07 2.89372e+07 5.2679e+06 0.00190094 0.000887742 -0.000305514 0.0028377 0.11773
15 8 1 -0.617865 0.383247 -0.00083618 0.000780997 7.75258e+07 3.08766e+08 1.46848e+08 2.6733e+07 0 2.7936e+08 0 3.08766e+08 2.7936e+08 1.46848e+08 2.6733e+07 0.000708024 0.000794176 -4.8713e-06 0.00169958 0.106624
7 8 2 -0.69722 0.186983 -0.000844841 0.000419874 1.05429e+08 4.19899e+08 1.99702e+08 3.63549e+07 0 3.79909e+08 0 4.19899e+08 3.79909e+08 1.99702e+08 3.63549e+07 0.000190415 3.43983e-05 -0.000937521 0.00137225 0.11893
12 9 0 -0.774849 0.523398 -0.00101728 0.00119493 3.90274e+07 1.55437e+08 7.39249e+07 1.34577e+07 0 1.40633e+08 0 1.55437e+08 1.40633e+08 7.39249e+07 1.34577e+07 0.00156472 -0.00209883 -3.38129e-05 0.00274603 0.10118
5 9 1 -1.03131 0.441691 -0.00156629 0.00116972 4.63402e+07 1.84562e+08 8.77767e+07 1.59794e+07 0 1.66985e+08 0 1.84562e+08 1.66985e+08 8.77767e+07 1.59794e+07 0.00111128 0.000877891 0.00348392 0.0023713 0.106518
9 9 2 -0.852182 0.334601 -0.00117325 0.000743785 1.50581e+07 5.99728e+07 2.85227e+07 5.19245e+06 0 5.42611e+07 0 5.99728e+07 5.42611e+07 2.85227e+07 5.19245e+06 0.00266992 -0.00124881 -0.00072579 0.00403268 0.109803
14 10 0 -0.492045 0.204727 -0.000652063 0.000545021 1.52769e+07 6.08442e+07 2.89372e+07 5.2679e+06 0 5.50496e+07 0 6.08442e+07 5.50496e+07 2.89372e+07 5.2679e+06 0.00190094 0.000887742 -0.000305514 0.0028377 0.11773
21 10 1 -0.389856 0.420903 -0.000541672 0.00102909 4.51174e+07 1.79692e+08 8.54604e+07 1.55577e+07 0 1.62578e+08 0 1.79692e+08 1.62578e+08 8.54604e+07 1.55577e+07 0.00169794 9.39285e-05 0.000505322 0.00163909 0.104084
15 10 2 -0.617865 0.383247 -0.00083618 0.000780997 7.75258e+07 3.08766e+08 1.46848e+08 2.6733e+07 0 2.7936e+08 0 3.08766e+08 2.7936e+08 1.46848e+08 2.6733e+07 0.000708024 0.000794176 -4.8713e-06 0.00169958 0.106624
23 11 0 -0.2 3.01567e-24 -2.67697e-27 3.7513e-26 1.02628e+08 4.08744e+08 1.94396e+08 3.53891e+07 0 3.69816e+08 0 4.08744e+08 3.69816e+08 1.94396e+08 3.53891e+07 5.26988e-27 7.83385e-25 -0.00089847 0.00151103 0.135445
22 11 1 -0.287805 0.214329 -0.000192366 0.000427598 4.36123e+07 1.73697e+08 8.26095e+07 1.50387e+07 0 1.57155e+08 0 1.73697e+08 1.57155e+08 8.26095e+07 1.50387e+07 0.00106365 -0.00130826 -0.000428496 0.00216536 0.116933
16 11 2 -0.4 3.00232e-24 -1.56734e-27 2.64138e-26 3.83581e+07 1.52771e+08 7.26572e+07 1.32269e+07 0 1.38222e+08 0 1.52771e+08 1.38222e+08 7.26572e+07 1.32269e+07 0.00100206 0.000242163 -0.00284923 0.00245897 0.135442
25 12 0 -0.13359 0.85927 -0.000155634 0.0014348 1.18489e+08 4.71912e+08 2.24439e+08 4.08582e+07 0 4.26968e+08 0 4.71912e+08 4.26968e+08 2.24439e+08 4.08582e+07 0.00063307 -0.000288364 0.00046356 0.000893611 0.088109
31 12 1 -0.0638926 0.620015 -0.000150646 0.00116081 8.27612e+07 3.29618e+08 1.56765e+08 2.85384e+07 0 2.98226e+08 0 3.29618e+08 2.98226e+08 1.56765e+08 2.85384e+07 0.000838924 -0.000207891 -0.000300379 0.00111073 0.094676
32 12 2 0.0827408 0.799359 9.15919e-06 0.00139539 1.04668e+08 4.16868e+08 1.9826e+08 3.60925e+07 0 3.77166e+08 0 4.16868e+08 3.77166e+08 1.9826e+08 3.60925e+07 0.000720019 -0.00033255 0.000359244 0.000795508 0.0893219
26 13 0 0.0193666 1.00596 1.95162e-05 0.00157826 8.81821e+07 3.51208e+08 1.67033e+08 3.04076e+07 0 3.1776e+08 0 3.51208e+08 3.1776e+08 1.67033e+08 3.04076e+07 0.0010202 0.000712188 0.000631752 0.000743742 0.085853
25 13 1 -0.13359 0.85927 -0.000155634 0.0014348 1.18489e+08 4.71912e+08 2.24439e+08 4.08582e+07 0 4.26968e+08 0 4.71912e+08 4.26968e+08 2.24439e+08 4.08582e+07 0.00063307 -0.000288364 0.00046356 0.000893611 0.088109
32 13 2 0.0827408 0.799359 9.15919e-06 0.00139539 1.04668e+08 4.16868e+08 1.9826e+08 3.60925e+07 0 3.77166e+08 0 4.16868e+08 3.77166e+08 1.9826e+08 3.60925e+07 0.000720019 -0.00033255 0.000359244 0.000795508 0.0893219
34 14 0 0.238664 0.942521 0.000234578 0.00149067 6.09166e+07 2.42616e+08 1.15387e+08 2.10057e+07 0 2.1951e+08 0 2.42616e+08 2.1951e+08 1.15387e+08 2.10057e+07 0.00129472 -0.000446221 0.000595578 0.00138379 0.087126
26 14 1 0.0193666 1.00596 1.95162e-05 0.00157826 8.81821e+07 3.51208e+08 1.67033e+08 3.04076e+07 0 3.1776e+08 0 3.51208e+08 3.1776e+08 1.67033e+08 3.04076e+07 0.0010202 0.000712188 0.000631752 0.000743742 0.085853
32 14 2 0.0827408 0.799359 9.15919e-06 0.00139539 1.04668e+08 4.16868e+08 1.9826e+08 3.60925e+07 0 3.77166e+08 0 4.16868e+08 3.77166e+08 1.9826e+08 3.60925e+07 0.000720019 -0.00033255 0.000359244 0.000795508 0.0893219
27 15 0 0.00368189 1.17158 2.54351e-05 0.00190521 1.13362e+07 4.51492e+07 2.14727e+07 3.90902e+06 0 4.08493e+07 0 4.51492e+07 4.08493e+07 2.14727e+07 3.90902e+06 0.00255536 -0.000495222 -0.000221664 0.00322493 0.0850505
20 15 1 -0.218089 1.14624 -0.00015539 0.0016933 1.33477e+08 5.31606e+08 2.52829e+08 4.60265e+07 0 4.80977e+08 0 5.31606e+08 4.80977e+08 2.52829e+08 4.60265e+07 0.000568469 -0.00026644 -0.000108057 0.000744662 0.0855703
26 15 2 0.0193666 1.00596 1.95162e-05 0.00157826 8.81821e+07 3.51208e+08 1.67033e+08 3.04076e+07 0 3.1776e+08 0 3.51208e+08 3.1776e+08 1.67033e+08 3.04076e+07 0.0010202 0.000712188 0.000631752 0.000743742 0.085853
19 16 0 -0.306234 0.916129 -0.00026788 0.00155021 9.1089e+07 3.62786e+08 1.72539e+08 3.141e+07 0 3.28235e+08 0 3.62786e+08 3.28235e+08 1.72539e+08 3.141e+07 0.000811163 8.52507e-05 0.000544005 0.00091953 0.0877637
24 16 1 -0.294112 0.659442 -0.000348789 0.00130288 8.9878e+07 3.57962e+08 1.70245e+08 3.09924e+07 0 3.23871e+08 0 3.57962e+08 3.23871e+08 1.70245e+08 3.09924e+07 0.000900216 -0.000447629 0.000158688 0.00106856 0.0937487
25 16 2 -0.13359 0.85927 -0.000155634 0.0014348 1.18489e+08 4.71912e+08 2.24439e+08 4.08582e+07 0 4.26968e+08 0 4.71912e+08 4.26968e+08 2.24439e+08 4.08582e+07 0.00063307 -0.000288364 0.00046356 0.000893611 0.088109
18 17 0 -0.477432 0.818987 -0.000456789 0.00149712 1.45546e+08 5.79675e+08 2.7569e+08 5.01883e+07 0 5.24468e+08 0 5.79675e+08 5.24468e+08 2.7569e+08 5.01883e+07 0.000560462 -2.42831e-05 0.000409228 0.000375813 0.0905014
17 17 1 -0.529362 0.588759 -0.000649786 0.00126248 4.7121e+07 1.87672e+08 8.92557e+07 1.62486e+07 0 1.69798e+08 0 1.87672e+08 1.69798e+08 8.92557e+07 1.62486e+07 0.0011693 0.00137129 0.00101036 0.0020536 0.0971947
24 17 2 -0.294112 0.659442 -0.000348789 0.00130288 8.9878e+07 3.57962e+08 1.70245e+08 3.09924e+07 0 3.23871e+08 0 3.57962e+08 3.23871e+08 1.70245e+08 3.09924e+07 0.000900216 -0.000447629 0.000158688 0.00106856 0.0937487
13 18 0 -0.431037 1.08237 -0.000418636 0.00187189 1.84045e+07 7.33006e+07 3.48614e+07 6.34637e+06 0 6.63196e+07 0 7.33006e+07 6.63196e+07 3.48614e+07 6.34637e+06 0.00169007 0.00120026 -0.000515942 0.00226286 0.0871134
18 18 1 -0.477432 0.818987 -0.000456789 0.00149712 1.45546e+08 5.79675e+08 2.7569e+08 5.01883e+07 0 5.24468e+08 0 5.79675e+08 5.24468e+08 2.7569e+08 5.01883e+07 0.000560462 -2.42831e-05 0.000409228 0.000375813 0.0905014
19 18 2 -0.306234 0.916129 -0.00026788 0.00155021 9.1089e+07 3.62786e+08 1.72539e+08 3.141e+07 0 3.28235e+08 0 3.62786e+08 3.28235e+08 1.72539e+08 3.141e+07 0.000811163 8.52507e-05 0.000544005 0.00091953 0.0877637
11 19 0 -0.627578 0.97121 -0.000557655 0.0015805 1.25451e+08 4.9964e+08 2.37626e+08 4.32589e+07 0 4.52055e+08 0 4.9964e+08 4.52055e+08 2.37626e+08 4.32589e+07 0.000439522 5.87975e-05 -0.000748132 0.000753734 0.0898129
4 19 1 -0.800028 0.825291 -0.000734652 0.0015731 3.74971e+07 1.49342e+08 7.10263e+07 1.293e+07 0 1.35119e+08 0 1.49342e+08 1.35119e+08 7.10263e+07 1.293e+07 0.00117411 -0.000768564 -0.000244522 0.00178359 0.0937864
10 19 2 -0.681788 0.721673 -0.000677326 0.00137191 1.09754e+08 4.37125e+08 2.07894e+08 3.78463e+07 0 3.95494e+08 0 4.37125e+08 3.95494e+08 2.07894e+08 3.78463e+07 0.000755603 0.000211944 0.00120055 0.000936151 0.0943652
21 20 0 -0.389856 0.420903 -0.000541672 0.00102909 4.51174e+07 1.79692e+08 8.54604e+07 1.55577e+07 0 1.62578e+08 0 1.79692e+08 1.62578e+08 8.54604e+07 1.55577e+07 0.00169794 9.39285e-05 0.000505322 0.00163909 0.104084
28 20 1 -0.165562 0.427071 -0.000212423 0.000809627 3.86063e+07 1.5376e+08 7.31272e+07 1.33125e+07 0 1.39116e+08 0 1.5376e+08 1.39116e+08 7.31272e+07 1.33125e+07 0.00118531 -0.000405094 -0.000125897 0.00285258 0.103391
24 20 2 -0.294112 0.659442 -0.000348789 0.00130288 8.9878e+07 3.57962e+08 1.70245e+08 3.09924e+07 0 3.23871e+08 0 3.57962e+08 3.23871e+08 1.70245e+08 3.09924e+07 0.000900216 -0.000447629 0.000158688 0.00106856 0.0937487
17 21 0 -0.529362 0.588759 -0.000649786 0.00126248 4.7121e+07 1.87672e+08 8.92557e+07 1.62486e+07 0 1.69798e+08 0 1.87672e+08 1.69798e+08 8.92557e+07 1.62486e+07 0.0011693 0.00137129 0.00101036 0.0020536 0.0971947
15 21 1 -0.617865 0.383247 -0.00083618 0.000780997 7.75258e+07 3.08766e+08 1.46848e+08 2.6733e+07 0 2.7936e+08 0 3.08766e+08 2.7936e+08 1.46848e+08 2.6733e+07 0.000708024 0.000794176 -4.8713e-06 0.00169958 0.106624
21 21 2 -0.389856 0.420903 -0.000541672 0.00102909 4.51174e+07 1.79692e+08 8.54604e+07 1.55577e+07 0 1.62578e+08 0 1.79692e+08 1.62578e+08 8.54604e+07 1.55577e+07 0.00169794 9.39285e-05 0.000505322 0.00163909 0.104084
19 22 0 -0.306234 0.916129 -0.00026788 0.00155021 9.1089e+07 3.62786e+08 1.72539e+08 3.141e+07 0 3.28235e+08 0 3.62786e+08 3.28235e+08 1.72539e+08 3.141e+07 0.000811163 8.52507e-05 0.000544005 0.00091953 0.0877637
18 22 1 -0.477432 0.818987 -0.000456789 0.00149712 1.45546e+08 5.79675e+08 2.7569e+08 5.01883e+07 0 5.24468e+08 0 5.79675e+08 5.24468e+08 2.7569e+08 5.01883e+07 0.000560462 -2.42831e-05 0.000409228 0.000375813 0.0905014
24 22 2 -0.294112 0.659442 -0.000348789 0.00130288 8.9878e+07 3.57962e+08 1.70245e+08 3.09924e+07 0 3.23871e+08 0 3.57962e+08 3.23871e+08 1.70245e+08 3.09924e+07 0.000900216 -0.000447629 0.000158688 0.00106856 0.0937487
10 23 0 -0.681788 0.721673 -0.000677326 0.00137191 1.09754e+08 4.37125e+08 2.07894e+08 3.78463e+07 0 3.95494e+08 0 4.37125e+08 3.95494e+08 2.07894e+08 3.78463e+07 0.000755603 0.000211944 0.00120055 0.000936151 0.0943652
6 23 1 -0.934535 0.645218 -0.000968996 0.00146675 1.78592e+08 7.1129e+08 3.38286e+08 6.15835e+07 0 6.43548e+08 0 7.1129e+08 6.43548e+08 3.38286e+08 6.15835e+07 0.000225017 -0.00041157 0.00175016 0.000325838 0.0992682
12 23 2 -0.774849 0.523398 -0.00101728 0.00119493 3.90274e+07 1.55437e+08 7.39249e+07 1.34577e+07 0 1.40633e+08 0 1.55437e+08 1.40633e+08 7.39249e+07 1.34577e+07 0.00156472 -0.00209883 -3.38129e-05 0.00274603 0.10118
22 24 0 -0.287805 0.214329 -0.000192366 0.000427598 4.36123e+07 1.73697e+08 8.26095e+07 1.50387e+07 0 1.57155e+08 0 1.73697e+08 1.57155e+08 8.26095e+07 1.50387e+07 0.00106365 -0.00130826 -0.000428496 0.00216536 0.116933
29 24 1 -0.0850127 0.214354 -5.04888e-05 0.000337291 9.59234e+07 3.8204e+08 1.81696e+08 3.3077e+07 0 3.45655e+08 0 3.8204e+08 3.45655e+08 1.81696e+08 3.3077e+07 0.000221176 -0.000285226 0.000138804 0.00143544 0.116844
28 24 2 -0.165562 0.427071 -0.000212423 0.000809627 3.86063e+07 1.5376e+08 7.31272e+07 1.33125e+07 0 1.39116e+08 0 1.5376e+08 1.39116e+08 7.31272e+07 1.33125e+07 0.00118531 -0.000405094 -0.000125897 0.00285258 0.103391
14 25 0 -0.492045 0.204727 -0.000652063 0.000545021 1.52769e+07 6.08442e+07 2.89372e+07 5.2679e+06 0 5.50496e+07 0 6.08442e+07 5.50496e+07 2.89372e+07 5.2679e+06 0.00190094 0.000887742 -0.000305514 0.0028377 0.11773
22 25 1 -0.287805 0.214329 -0.000192366 0.000427598 4.36123e+07 1.73697e+08 8.26095e+07 1.50387e+07 0 1.57155e+08 0 1.73697e+08 1.57155e+08 8.26095e+07 1.50387e+07 0.00106365 -0.00130826 -0.000428496 0.00216536 0.116933
21 25 2 -0.389856 0.420903 -0.000541672 0.00102909 4.51174e+07 1.79692e+08 8.54604e+07 1.55577e+07 0 1.62578e+08 0 1.79692e+08 1.62578e+08 8.54604e+07 1.55577e+07 0.00169794 9.39285e-05 0.000505322 0.00163909 0.104084
14 26 0 -0.492045 0.204727 -0.000652063 0.000545021 1.52769e+07 6.08442e+07 2.89372e+07 5.2679e+06 0 5.50496e+07 0 6.08442e+07 5.50496e+07 2.89372e+07 5.2679e+06 0.00190094 0.000887742 -0.000305514 0.0028377 0.11773
16 26 1 -0.4 3.00232e-24 -1.56734e-27 2.64138e-26 3.83581e+07 1.52771e+08 7.26572e+07 1.32269e+07 0 1.38222e+08 0 1.52771e+08 1.38222e+08 7.26572e+07 1.32269e+07 0.00100206 0.000242163 -0.00284923 0.00245897 0.135442
22 26 2 -0.287805 0.214329 -0.000192366 0.000427598 4.36123e+07 1.73697e+08 8.26095e+07 1.50387e+07 0 1.57155e+08 0 1.73697e+08 1.57155e+08 8.26095e+07 1.50387e+07 0.00106365 -0.00130826 -0.000428496 0.00216536 0.116933
8 27 0 -0.6 3.04485e-24 -6.59854e-27 4.43251e-26 6.49841e+07 2.58816e+08 1.23092e+08 2.24083e+07 0 2.34167e+08 0 2.58816e+08 2.34167e+08 1.23092e+08 2.24083e+07 0.000352905 -0.000988568 -0.00725304 0.00253983 0.135258
14 27 1 -0.492045 0.204727 -0.000652063 0.000545021 1.52769e+07 6.08442e+07 2.89372e+07 5.2679e+06 0 5.50496e+07 0 6.08442e+07 5.50496e+07 2.89372e+07 5.2679e+06 0.00190094 0.000887742 -0.000305514 0.0028377 0.11773
7 27 2 -0.69722 0.186983 -0.000844841 0.000419874 1.05429e+08 4.19899e+08 1.99702e+08 3.63549e+07 0 3.79909e+08 0 4.19899e+08 3.79909e+08 1.99702e+08 3.63549e+07 0.000190415 3.43983e-05 -0.000937521 0.00137225 0.11893
28 28 0 -0.165562 0.427071 -0.000212423 0.000809627 3.86063e+07 1.5376e+08 7.31272e+07 1.33125e+07 0 1.39116e+08 0 1.5376e+08 1.39116e+08 7.31272e+07 1.33125e+07 0.00118531 -0.000405094 -0.000125897 0.00285258 0.103391
31 28 1 -0.0638926 0.620015 -0.000150646 0.00116081 8.27612e+07 3.29618e+08 1.56765e+08 2.85384e+07 0 2.98226e+08 0 3.29618e+08 2.98226e+08 1.56765e+08 2.85384e+07 0.000838924 -0.000207891 -0.000300379 0.00111073 0.094676
24 28 2 -0.294112 0.659442 -0.000348789 0.00130288 8.9878e+07 3.57962e+08 1.70245e+08 3.09924e+07 0 3.23871e+08 0 3.57962e+08 3.23871e+08 1.70245e+08 3.09924e+07 0.000900216 -0.000447629 0.000158688 0.00106856 0.0937487
22 29 0 -0.287805 0.214329 -0.000192366 0.000427598 4.36123e+07 1.73697e+08 8.26095e+07 1.50387e+07 0 1.57155e+08 0 1.73697e+08 1.57155e+08 8.26095e+07 1.50387e+07 0.00106365 -0.00130826 -0.000428496 0.00216536 0.116933
28 29 1 -0.165562 0.427071 -0.000212423 0.000809627 3.86063e+07 1.5376e+08 7.31272e+07 1.33125e+07 0 1.39116e+08 0 1.5376e+08 1.39116e+08 7.31272e+07 1.33125e+07 0.00118531 -0.000405094 -0.000125897 0.00285258 0.103391
21 29 2 -0.389856 0.420903 -0.000541672 0.00102909 4.51174e+07 1.79692e+08 8.54604e+07 1.55577e+07 0 1.62578e+08 0 1.79692e+08 1.62578e+08 8.54604e+07 1.55577e+07 0.00169794 9.39285e-05 0.000505322 0.00163909 0.104084
29 30 0 -0.0850127 0.214354 -5.04888e-05 0.000337291 9.59234e+07 3.8204e+08 1.81696e+08 3.3077e+07 0 3.45655e+08 0 3.8204e+08 3.45655e+08 1.81696e+08 3.3077e+07 0.000221176 -0.000285226 0.000138804 0.00143544 0.116844
36 30 1 0.0933805 0.3941 0.000161942 0.000697161 3.18362e+07 1.26796e+08 6.03035e+07 1.0978e+07 0 1.1472e+08 0 1.26796e+08 1.1472e+08 6.03035e+07 1.0978e+07 0.00221921 -0.00086178 -3.22944e-05 0.00178169 0.105166
28 30 2 -0.165562 0.427071 -0.000212423 0.000809627 3.86063e+07 1.5376e+08 7.31272e+07 1.33125e+07 0 1.39116e+08 0 1.5376e+08 1.39116e+08 7.31272e+07 1.33125e+07 0.00118531 -0.000405094 -0.000125897 0.00285258 0.103391
22 31 0 -0.287805 0.214329 -0.000192366 0.000427598 4.36123e+07 1.73697e+08 8.26095e+07 1.50387e+07 0 1.57155e+08 0 1.73697e+08 1.57155e+08 8.26095e+07 1.50387e+07 0.00106365 -0.00130826 -0.000428496 0.00216536 0.116933
23 31 1 -0.2 3.01567e-24 -2.67697e-27 3.7513e-26 1.02628e+08 4.08744e+08 1.94396e+08 3.53891e+07 0 3.69816e+08 0 4.08744e+08 3.69816e+08 1.94396e+08 3.53891e+07 5.26988e-27 7.83385e-25 -0.00089847 0.00151103 0.135445
29 31 2 -0.0850127 0.214354 -5.04888e-05 0.000337291 9.59234e+07 3.8204e+08 1.81696e+08 3.3077e+07 0 3.45655e+08 0 3.8204e+08 3.45655e+08 1.81696e+08 3.3077e+07 0.000221176 -0.000285226 0.000138804 0.00143544 0.116844
15 32 0 -0.617865 0.383247 -0.00083618 0.000780997 7.75258e+07 3.08766e+08 1.46848e+08 2.6733e+07 0 2.7936e+08 0 3.08766e+08 2.7936e+08 1.46848e+08 2.6733e+07 0.000708024 0.000794176 -4.8713e-06 0.00169958 0.106624
9 32 1 -0.852182 0.334601 -0.00117325 0.000743785 1.50581e+07 5.99728e+07 2.85227e+07 5.19245e+06 0 5.42611e+07 0 5.99728e+07 5.42611e+07 2.85227e+07 5.19245e+06 0.00266992 -0.00124881 -0.00072579 0.00403268 0.109803
7 32 2 -0.69722 0.186983 -0.000844841 0.000419874 1.05429e+08 4.19899e+08 1.99702e+08 3.63549e+07 0 3.79909e+08 0 4.19899e+08 3.79909e+08 1.99702e+08 3.63549e+07 0.000190415 3.43983e-05 -0.000937521 0.00137225 0.11893
24 33 0 -0.294112 0.659442 -0.000348789 0.00130288 8.9878e+07 3.57962e+08 1.70245e+08 3.09924e+07 0 3.23871e+08 0 3.57962e+08 3.23871e+08 1.70245e+08 3.09924e+07 0.000900216 -0.000447629 0.000158688 0.00106856 0.0937487
17 33 1 -0.529362 0.588759 -0.000649786 0.00126248 4.7121e+07 1.87672e+08 8.92557e+07 1.62486e+07 0 1.69798e+08 0 1.87672e+08 1.69798e+08 8.92557e+07 1.62486e+07 0.0011693 0.00137129 0.00101036 0.0020536 0.0971947
21 33 2 -0.389856 0.420903 -0.000541672 0.00102909 4.51174e+07 1.79692e+08 8.54604e+07 1.55577e+07 0 1.62578e+08 0 1.79692e+08 1.62578e+08 8.54604e+07 1.55577e+07 0.00169794 9.39285e-05 0.000505322 0.00163909 0.104084
12 34 0 -0.774849 0.523398 -0.00101728 0.00119493 3.90274e+07 1.55437e+08 7.39249e+07 1.34577e+07 0 1.40633e+08 0 1.55437e+08 1.40633e+08 7.39249e+07 1.34577e+07 0.00156472 -0.00209883 -3.38129e-05 0.00274603 0.10118
9 34 1 -0.852182 0.334601 -0.00117325 0.000743785 1.50581e+07 5.99728e+07 2.85227e+07 5.19245e+06 0 5.42611e+07 0 5.99728e+07 5.42611e+07 2.85227e+07 5.19245e+06 0.00266992 -0.00124881 -0.00072579 0.00403268 0.109803
15 34 2 -0.617865 0.383247 -0.00083618 0.000780997 7.75258e+07 3.08766e+08 1.46848e+08 2.6733e+07 0 2.7936e+08 0 3.08766e+08 2.7936e+08 1.46848e+08 2.6733e+07 0.000708024 0.000794176 -4.8713e-06 0.00169958 0.106624
10 35 0 -0.681788 0.721673 -0.000677326 0.00137191 1.09754e+08 4.37125e+08 2.07894e+08 3.78463e+07 0 3.95494e+08 0 4.37125e+08 3.95494e+08 2.07894e+08 3.78463e+07 0.000755603 0.000211944 0.00120055 0.000936151 0.0943652
17 35 1 -0.529362 0.588759 -0.000649786 0.00126248 4.7121e+07 1.87672e+08 8.92557e+07 1.62486e+07 0 1.69798e+08 0 1.87672e+08 1.69798e+08 8.92557e+07 1.62486e+07 0.0011693 0.00137129 0.00101036 0.0020536 0.0971947
18 35 2 -0.477432 0.818987 -0.000456789 0.00149712 1.45546e+08 5.79675e+08 2.7569e+08 5.01883e+07 0 5.24468e+08 0 5.79675e+08 5.24468e+08 2.7569e+08 5.01883e+07 0.000560462 -2.42831e-05 0.000409228 0.000375813 0.0905014
6 36 0 -0.934535 0.645218 -0.000968996 0.00146675 1.78592e+08 7.1129e+08 3.38286e+08 6.15835e+07 0 6.43548e+08 0 7.1129e+08 6.43548e+08 3.38286e+08 6.15835e+07 0.000225017 -0.00041157 0.00175016 0.000325838 0.0992682
10 36 1 -0.681788 0.721673 -0.000677326 0.00137191 1.09754e+08 4.37125e+08 2.07894e+08 3.78463e+07 0 3.95494e+08 0 4.37125e+08 3.95494e+08 2.07894e+08 3.78463e+07 0.000755603 0.000211944 0.00120055 0.000936151 0.0943652
4 36 2 -0.800028 0.825291 -0.000734652 0.0015731 3.74971e+07 1.49342e+08 7.10263e+07 1.293e+07 0 1.35119e+08 0 1.49342e+08 1.35119e+08 7.10263e+07 1.293e+07 0.00117411 -0.000768564 -0.000244522 0.00178359 0.0937864
12 37 0 -0.774849 0.523398 -0.00101728 0.00119493 3.90274e+07 1.55437e+08 7.39249e+07 1.34577e+07 0 1.40633e+08 0 1.55437e+08 1.40633e+08 7.39249e+07 1.34577e+07 0.00156472 -0.00209883 -3.38129e-05 0.00274603 0.10118
17 37 1 -0.529362 0.588759 -0.000649786 0.00126248 4.7121e+07 1.87672e+08 8.92557e+07 1.62486e+07 0 1.69798e+08 0 1.87672e+08 1.69798e+08 8.92557e+07 1.62486e+07 0.0011693 0.00137129 0.00101036 0.0020536 0.0971947
10 37 2 -0.681788 0.721673 -0.000677326 0.00137191 1.09754e+08 4.37125e+08 2.07894e+08 3.78463e+07 0 3.95494e+08 0 4.37125e+08 3.95494e+08 2.07894e+08 3.78463e+07 0.000755603 0.000211944 0.00120055 0.000936151 0.0943652
5 38 0 -1.03131 0.441691 -0.00156629 0.00116972 4.63402e+07 1.84562e+08 8.77767e+07 1.59794e+07 0 1.66985e+08 0 1.84562e+08 1.66985e+08 8.77767e+07 1.59794e+07 0.00111128 0.000877891 0.00348392 0.0023713 0.106518
12 38 1 -0.774849 0.523398 -0.00101728 0.00119493 3.90274e+07 1.55437e+08 7.39249e+07 1.34577e+07 0 1.40633e+08 0 1.55437e+08 1.40633e+08 7.39249e+07 1.34577e+07 0.00156472 -0.00209883 -3.38129e-05 0.00274603 0.10118
6 38 2 -0.934535 0.645218 -0.000968996 0.00146675 1.78592e+08 7.1129e+08 3.38286e+08 6.15835e+07 0 6.43548e+08 0 7.1129e+08 6.43548e+08 3.38286e+08 6.15835e+07 0.000225017 -0.00041157 0.00175016 0.000325838 0.0992682
15 39 0 -0.617865 0.383247 -0.00083618 0.000780997 7.75258e+07 3.08766e+08 1.46848e+08 2.6733e+07 0 2.7936e+08 0 3.08766e+08 2.7936e+08 1.46848e+08 2.6733e+07 0.000708024 0.000794176 -4.8713e-06 0.00169958 0.106624
17 39 1 -0.529362 0.588759 -0.000649786 0.00126248 4.7121e+07 1.87672e+08 8.92557e+07 1.62486e+07 0 1.69798e+08 0 1.87672e+08 1.69798e+08 8.92557e+07 1.62486e+07 0.0011693 0.00137129 0.00101036 0.0020536 0.0971947
12 39 2 -0.774849 0.523398 -0.00101728 0.00119493 3.90274e+07 1.55437e+08 7.39249e+07 1.34577e+07 0 1.40633e+08 0 1.55437e+08 1.40633e+08 7.39249e+07 1.34577e+07 0.00156472 -0.00209883 -3.38129e-05 0.00274603 0.10118
37 40 0 0.0955065 0.179416 8.01814e-05 0.000343973 3.90095e+07 1.55366e+08 7.38911e+07 1.34516e+07 0 1.40569e+08 0 1.55366e+08 1.40569e+08 7.38911e+07 1.34516e+07 0.00138787 0.00101852 0.000694791 0.0019709 0.119527
30 40 1 2.49704e-17 2.99518e-24 1.17102e-27 3.60949e-26 9.43083e+07 3.75607e+08 1.78637e+08 3.25201e+07 0 3.39835e+08 0 3.75607e+08 3.39835e+08 1.78637e+08 3.25201e+07 -1.89605e-05 -0.000298417 -0.000529685 0.00148013 0.135432
38 40 2 0.2 2.98682e-24 4.6017e-27 3.36799e-26 2.4626e+07 9.80796e+07 4.66462e+07 8.49174e+06 0 8.87387e+07 0 9.80796e+07 8.87387e+07 4.66462e+07 8.49174e+06 5.75373e-19 1.11476e-18 0.00158777 0.00352555 0.135478
10 41 0 -0.681788 0.721673 -0.000677326 0.00137191 1.09754e+08 4.37125e+08 2.07894e+08 3.78463e+07 0 3.95494e+08 0 4.37125e+08 3.95494e+08 2.07894e+08 3.78463e+07 0.000755603 0.000211944 0.00120055 0.000936151 0.0943652
18 41 1 -0.477432 0.818987 -0.000456789 0.00149712 1.45546e+08 5.79675e+08 2.7569e+08 5.01883e+07 0 5.24468e+08 0 5.79675e+08 5.24468e+08 2.7569e+08 5.01883e+07 0.000560462 -2.42831e-05 0.000409228 0.000375813 0.0905014
11 41 2 -0.627578 0.97121 -0.000557655 0.0015805 1.25451e+08 4.9964e+08 2.37626e+08 4.32589e+07 0 4.52055e+08 0 4.9964e+08 4.52055e+08 2.37626e+08 4.32589e+07 0.000439522 5.87975e-05 -0.000748132 0.000753734 0.0898129
23 42 0 -0.2 3.01567e-24 -2.67697e-27 3.7513e-26 1.02628e+08 4.08744e+08 1.94396e+08 3.53891e+07 0 3.69816e+08 0 4.08744e+08 3.69816e+08 1.94396e+08 3.53891e+07 5.26988e-27 7.83385e-25 -0.00089847 0.00151103 0.135445
30 42 1 2.49704e-17 2.99518e-24 1.17102e-27 3.60949e-26 9.43083e+07 3.75607e+08 1.78637e+08 3.25201e+07 0 3.39835e+08 0 3.75607e+08 3.39835e+08 1.78637e+08 3.25201e+07 -1.89605e-05 -0.000298417 -0.000529685 0.00148013 0.135432
29 42 2 -0.0850127 0.214354 -5.04888e-05 0.000337291 9.59234e+07 3.8204e+08 1.81696e+08 3.3077e+07 0 3.45655e+08 0 3.8204e+08 3.45655e+08 1.81696e+08 3.3077e+07 0.000221176 -0.000285226 0.000138804 0.00143544 0.116844
26 43 0 0.0193666 1.00596 1.95162e-05 0.00157826 8.81821e+07 3.51208e+08 1.67033e+08 3.04076e+07 0 3.1776e+08 0 3.51208e+08 3.1776e+08 1.67033e+08 3.04076e+07 0.0010202 0.000712188 0.000631752 0.000743742 0.085853
34 43 1 0.238664 0.942521 0.000234578 0.00149067 6.09166e+07 2.42616e+08 1.15387e+08 2.10057e+07 0 2.1951e+08 0 2.42616e+08 2.1951e+08 1.15387e+08 2.10057e+07 0.00129472 -0.000446221 0.000595578 0.00138379 0.087126
33 43 2 0.223427 1.14505 0.000354828 0.00175156 8.25177e+07 3.28648e+08 1.56303e+08 2.84544e+07 0 2.97348e+08 0 3.28648e+08 2.97348e+08 1.56303e+08 2.84544e+07 0.00105501 -0.000684866 0.00113441 0.00106705 0.0856242
20 44 0 -0.218089 1.14624 -0.00015539 0.0016933 1.33477e+08 5.31606e+08 2.52829e+08 4.60265e+07 0 4.80977e+08 0 5.31606e+08 4.80977e+08 2.52829e+08 4.60265e+07 0.000568469 -0.00026644 -0.000108057 0.000744662 0.0855703
19 44 1 -0.306234 0.916129 -0.00026788 0.00155021 9.1089e+07 3.62786e+08 1.72539e+08 3.141e+07 0 3.28235e+08 0 3.62786e+08 3.28235e+08 1.72539e+08 3.141e+07 0.000811163 8.52507e-05 0.000544005 0.00091953 0.0877637
25 44 2 -0.13359 0.85927 -0.000155634 0.0014348 1.18489e+08 4.71912e+08 2.24439e+08 4.08582e+07 0 4.26968e+08 0 4.71912e+08 4.26968e+08 2.24439e+08 4.08582e+07 0.00063307 -0.000288364 0.00046356 0.000893611 0.088109
31 45 0 -0.0638926 0.620015 -0.000150646 0.00116081 8.27612e+07 3.29618e+08 1.56765e+08 2.85384e+07 0 2.98226e+08 0 3.29618e+08 2.98226e+08 1.56765e+08 2.85384e+07 0.000838924 -0.000207891 -0.000300379 0.00111073 0.094676
36 45 1 0.0933805 0.3941 0.000161942 0.000697161 3.18362e+07 1.26796e+08 6.03035e+07 1.0978e+07 0 1.1472e+08 0 1.26796e+08 1.1472e+08 6.03035e+07 1.0978e+07 0.00221921 -0.00086178 -3.22944e-05 0.00178169 0.105166
35 45 2 0.12814 0.611616 0.000134759 0.00111348 2.31299e+07 9.21206e+07 4.38121e+07 7.97581e+06 0 8.33473e+07 0 9.21206e+07 8.33473e+07 4.38121e+07 7.97581e+06 0.00274242 -0.00241589 -0.00101052 0.00257007 0.0950711
25 46 0 -0.13359 0.85927 -0.000155634 0.0014348 1.18489e+08 4.71912e+08 2.24439e+08 4.08582e+07 0 4.26968e+08 0 4.71912e+08 4.26968e+08 2.24439e+08 4.08582e+07 0.00063307 -0.000288364 0.00046356 0.000893611 0.088109
24 46 1 -0.294112 0.659442 -0.000348789 0.00130288 8.9878e+07 3.57962e+08 1.70245e+08 3.09924e+07 0 3.23871e+08 0 3.57962e+08 3.23871e+08 1.70245e+08 3.09924e+07 0.000900216 -0.000447629 0.000158688 0.00106856 0.0937487
31 46 2 -0.0638926 0.620015 -0.000150646 0.00116081 8.27612e+07 3.29618e+08 1.56765e+08 2.85384e+07 0 2.98226e+08 0 3.29618e+08 2.98226e+08 1.56765e+08 2.85384e+07 0.000838924 -0.000207891 -0.000300379 0.00111073 0.094676
13 47 0 -0.431037 1.08237 -0.000418636 0.00187189 1.84045e+07 7.33006e+07 3.48614e+07 6.34637e+06 0 6.63196e+07 0 7.33006e+07 6.63196e+07 3.48614e+07 6.34637e+06 0.00169007 0.00120026 -0.000515942 0.00226286 0.0871134
19 47 1 -0.306234 0.916129 -0.00026788 0.00155021 9.1089e+07 3.62786e+08 1.72539e+08 3.141e+07 0 3.28235e+08 0 3.62786e+08 3.28235e+08 1.72539e+08 3.141e+07 0.000811163 8.52507e-05 0.000544005 0.00091953 0.0877637
20 47 2 -0.218089 1.14624 -0.00015539 0.0016933 1.33477e+08 5.31606e+08 2.52829e+08 4.60265e+07 0 4.80977e+08 0 5.31606e+08 4.80977e+08 2.52829e+08 4.60265e+07 0.000568469 -0.00026644 -0.000108057 0.000744662 0.0855703
13 48 0 -0.431037 1.08237 -0.000418636 0.00187189 1.84045e+07 7.33006e+07 3.48614e+07 6.34637e+06 0 6.63196e+07 0 7.33006e+07 6.63196e+07 3.48614e+07 6.34637e+06 0.00169007 0.00120026 -0.000515942 0.00226286 0.0871134
11 48 1 -0.627578 0.97121 -0.000557655 0.0015805 1.25451e+08 4.9964e+08 2.37626e+08 4.32589e+07 0 4.52055e+08 0 4.9964e+08 4.52055e+08 2.37626e+08 4.32589e+07 0.000439522 5.87975e-05 -0.000748132 0.000753734 0.0898129
18 48 2 -0.477432 0.818987 -0.000456789 0.00149712 1.45546e+08 5.79675e+08 2.7569e+08 5.01883e+07 0 5.24468e+08 0 5.79675e+08 5.24468e+08 2.7569e+08 5.01883e+07 0.000560462 -2.42831e-05 0.000409228 0.000375813 0.0905014
44 49 0 0.276045 0.20119 0.000214868 0.00035036 1.91138e+08 7.61258e+08 3.62051e+08 6.59098e+07 0 6.88758e+08 0 7.61258e+08 6.88758e+08 3.62051e+08 6.59098e+07 0.000141941 -0.000629024 0.000494555 0.000195079 0.117966
37 49 1 0.0955065 0.179416 8.01814e-05 0.000343973 3.90095e+07 1.55366e+08 7.38911e+07 1.34516e+07 0 1.40569e+08 0 1.55366e+08 1.40569e+08 7.38911e+07 1.34516e+07 0.00138787 0.00101852 0.000694791 0.0019709 0.119527
38 49 2 0.2 2.98682e-24 4.6017e-27 3.36799e-26 2.4626e+07 9.80796e+07 4.66462e+07 8.49174e+06 0 8.87387e+07 0 9.80796e+07 8.87387e+07 4.66462e+07 8.49174e+06 5.75373e-19 1.11476e-18 0.00158777 0.00352555 0.135478
43 50 0 0.36396 0.375096 0.000454337 0.000570795 6.51586e+07 2.59511e+08 1.23422e+08 2.24685e+07 0 2.34796e+08 0 2.59511e+08 2.34796e+08 1.23422e+08 2.24685e+07 0.000802816 0.000348739 0.000554284 0.00187132 0.106628
44 50 1 0.276045 0.20119 0.000214868 0.00035036 1.91138e+08 7.61258e+08 3.62051e+08 6.59098e+07 0 6.88758e+08 0 7.61258e+08 6.88758e+08 3.62051e+08 6.59098e+07 0.000141941 -0.000629024 0.000494555 0.000195079 0.117966
50 50 2 0.491728 0.197601 0.000329364 0.00044786 3.58815e+07 1.42907e+08 6.7966e+07 1.23729e+07 0 1.29297e+08 0 1.42907e+08 1.29297e+08 6.7966e+07 1.23729e+07 0.00104542 0.000346044 0.000371402 0.0031442 0.118455
43 51 0 0.36396 0.375096 0.000454337 0.000570795 6.51586e+07 2.59511e+08 1.23422e+08 2.24685e+07 0 2.34796e+08 0 2.59511e+08 2.34796e+08 1.23422e+08 2.24685e+07 0.000802816 0.000348739 0.000554284 0.00187132 0.106628
36 51 1 0.0933805 0.3941 0.000161942 0.000697161 3.18362e+07 1.26796e+08 6.03035e+07 1.0978e+07 0 1.1472e+08 0 1.26796e+08 1.1472e+08 6.03035e+07 1.0978e+07 0.00221921 -0.00086178 -3.22944e-05 0.00178169 0.105166
44 51 2 0.276045 0.20119 0.000214868 0.00035036 1.91138e+08 7.61258e+08 3.62051e+08 6.59098e+07 0 6.88758e+08 0 7.61258e+08 6.88758e+08 3.62051e+08 6.59098e+07 0.000141941 -0.000629024 0.000494555 0.000195079 0.117966
20 52 0 -0.218089 1.14624 -0.00015539 0.0016933 1.33477e+08 5.31606e+08 2.52829e+08 4.60265e+07 0 4.80977e+08 0 5.31606e+08 4.80977e+08 2.52829e+08 4.60265e+07 0.000568469 -0.00026644 -0.000108057 0.000744662 0.0855703
25 52 1 -0.13359 0.85927 -0.000155634 0.0014348 1.18489e+08 4.71912e+08 2.24439e+08 4.08582e+07 0 4.26968e+08 0 4.71912e+08 4.26968e+08 2.24439e+08 4.08582e+07 0.00063307 -0.000288364 0.00046356 0.000893611 0.088109
26 52 2 0.0193666 1.00596 1.95162e-05 0.00157826 8.81821e+07 3.51208e+08 1.67033e+08 3.04076e+07 0 3.1776e+08 0 3.51208e+08 3.1776e+08 1.67033e+08 3.04076e+07 0.0010202 0.000712188 0.000631752 0.000743742 0.085853
50 53 0 0.491728 0.197601 0.000329364 0.00044786 3.58815e+07 1.42907e+08 6.7966e+07 1.23729e+07 0 1.29297e+08 0 1.42907e+08 1.29297e+08 6.7966e+07 1.23729e+07 0.00104542 0.000346044 0.000371402 0.0031442 0.118455
44 53 1 0.276045 0.20119 0.000214868 0.00035036 1.91138e+08 7.61258e+08 3.62051e+08 6.59098e+07 0 6.88758e+08 0 7.61258e+08 6.88758e+08 3.62051e+08 6.59098e+07 0.000141941 -0.000629024 0.000494555 0.000195079 0.117966
45 53 2 0.4 3.04337e-24 -2.35592e-27 3.3036e-26 4.12707e+07 1.64371e+08 7.81742e+07 1.42313e+07 0 1.48717e+08 0 1.64371e+08 1.48717e+08 7.81742e+07 1.42313e+07 1.72991e-25 5.74591e-25 0.00194807 0.00241559 0.135562
26 54 0 0.0193666 1.00596 1.95162e-05 0.00157826 8.81821e+07 3.51208e+08 1.67033e+08 3.04076e+07 0 3.1776e+08 0 3.51208e+08 3.1776e+08 1.67033e+08 3.04076e+07 0.0010202 0.000712188 0.000631752 0.000743742 0.085853
33 54 1 0.223427 1.14505 0.000354828 0.00175156 8.25177e+07 3.28648e+08 1.56303e+08 2.84544e+07 0 2.97348e+08 0 3.28648e+08 2.97348e+08 1.56303e+08 2.84544e+07 0.00105501 -0.000684866 0.00113441 0.00106705 0.0856242
27 54 2 0.00368189 1.17158 2.54351e-05 0.00190521 1.13362e+07 4.51492e+07 2.14727e+07 3.90902e+06 0 4.08493e+07 0 4.51492e+07 4.08493e+07 2.14727e+07 3.90902e+06 0.00255536 -0.000495222 -0.000221664 0.00322493 0.0850505
49 55 0 0.595101 0.397788 0.000659756 0.0007608 1.34239e+08 5.34643e+08 2.54274e+08 4.62895e+07 0 4.83725e+08 0 5.34643e+08 4.83725e+08 2.54274e+08 4.62895e+07 0.000539369 0.000183886 0.000424343 0.000782129 0.106058
50 55 1 0.491728 0.197601 0.000329364 0.00044786 3.58815e+07 1.42907e+08 6.7966e+07 1.23729e+07 0 1.29297e+08 0 1.42907e+08 1.29297e+08 6.7966e+07 1.23729e+07 0.00104542 0.000346044 0.000371402 0.0031442 0.118455
55 55 2 0.701841 0.207201 0.000649133 0.000431445 1.72156e+07 6.85657e+07 3.26095e+07 5.93642e+06 0 6.20356e+07 0 6.85657e+07 6.20356e+07 3.26095e+07 5.93642e+06 0.00150228 -0.00119573 0.00134267 0.00230939 0.117758
42 56 0 0.276436 0.527548 0.000401324 0.000779493 9.86737e+07 3.92993e+08 1.86906e+08 3.40254e+07 0 3.55565e+08 0 3.92993e+08 3.55565e+08 1.86906e+08 3.40254e+07 0.000802342 3.63286e-05 -0.000328218 0.00108763 0.098772
36 56 1 0.0933805 0.3941 0.000161942 0.000697161 3.18362e+07 1.26796e+08 6.03035e+07 1.0978e+07 0 1.1472e+08 0 1.26796e+08 1.1472e+08 6.03035e+07 1.0978e+07 0.00221921 -0.00086178 -3.22944e-05 0.00178169 0.105166
43 56 2 0.36396 0.375096 0.000454337 0.000570795 6.51586e+07 2.59511e+08 1.23422e+08 2.24685e+07 0 2.34796e+08 0 2.59511e+08 2.34796e+08 1.23422e+08 2.24685e+07 0.000802816 0.000348739 0.000554284 0.00187132 0.106628
39 57 0 0.316185 0.731695 0.000345407 0.00109538 3.93291e+07 1.56638e+08 7.44964e+07 1.35618e+07 0 1.41721e+08 0 1.56638e+08 1.41721e+08 7.44964e+07 1.35618e+07 0.00139322 0.000313603 -0.00096435 0.00214985 0.0917162
35 57 1 0.12814 0.611616 0.000134759 0.00111348 2.31299e+07 9.21206e+07 4.38121e+07 7.97581e+06 0 8.33473e+07 0 9.21206e+07 8.33473e+07 4.38121e+07 7.97581e+06 0.00274242 -0.00241589 -0.00101052 0.00257007 0.0950711
42 57 2 0.276436 0.527548 0.000401324 0.000779493 9.86737e+07 3.92993e+08 1.86906e+08 3.40254e+07 0 3.55565e+08 0 3.92993e+08 3.55565e+08 1.86906e+08 3.40254e+07 0.000802342 3.63286e-05 -0.000328218 0.00108763 0.098772
46 58 0 0.566842 0.760974 0.000601464 0.00110325 1.29711e+08 5.16606e+08 2.45695e+08 4.47278e+07 0 4.67405e+08 0 5.16606e+08 4.67405e+08 2.45695e+08 4.47278e+07 0.000574999 -0.000327524 -0.00071781 0.000740304 0.0926167
39 58 1 0.316185 0.731695 0.000345407 0.00109538 3.93291e+07 1.56638e+08 7.44964e+07 1.35618e+07 0 1.41721e+08 0 1.56638e+08 1.41721e+08 7.44964e+07 1.35618e+07 0.00139322 0.000313603 -0.00096435 0.00214985 0.0917162
47 58 2 0.478126 0.571419 0.000588551 0.000908259 7.69125e+07 3.06324e+08 1.45686e+08 2.65216e+07 0 2.7715e+08 0 3.06324e+08 2.7715e+08 1.45686e+08 2.65216e+07 0.000872411 0.000232571 0.000176634 0.00136146 0.0977522
41 59 0 0.432237 0.892575 0.000446238 0.00127785 9.16298e+07 3.64939e+08 1.73563e+08 3.15965e+07 0 3.30183e+08 0 3.64939e+08 3.30183e+08 1.73563e+08 3.15965e+07 0.00088343 -0.000820949 5.27191e-06 0.00106398 0.0890041
34 59 1 0.238664 0.942521 0.000234578 0.00149067 6.09166e+07 2.42616e+08 1.15387e+08 2.10057e+07 0 2.1951e+08 0 2.42616e+08 2.1951e+08 1.15387e+08 2.10057e+07 0.00129472 -0.000446221 0.000595578 0.00138379 0.087126
39 59 2 0.316185 0.731695 0.000345407 0.00109538 3.93291e+07 1.56638e+08 7.44964e+07 1.35618e+07 0 1.41721e+08 0 1.56638e+08 1.41721e+08 7.44964e+07 1.35618e+07 0.00139322 0.000313603 -0.00096435 0.00214985 0.0917162
32 60 0 0.0827408 0.799359 9.15919e-06 0.00139539 1.04668e+08 4.16868e+08 1.9826e+08 3.60925e+07 0 3.77166e+08 0 4.16868e+08 3.77166e+08 1.9826e+08 3.60925e+07 0.000720019 -0.00033255 0.000359244 0.000795508 0.0893219
31 60 1 -0.0638926 0.620015 -0.000150646 0.00116081 8.27612e+07 3.29618e+08 1.56765e+08 2.85384e+07 0 2.98226e+08 0 3.29618e+08 2.98226e+08 1.56765e+08 2.85384e+07 0.000838924 -0.000207891 -0.000300379 0.00111073 0.094676
35 60 2 0.12814 0.611616 0.000134759 0.00111348 2.31299e+07 9.21206e+07 4.38121e+07 7.97581e+06 0 8.33473e+07 0 9.21206e+07 8.33473e+07 4.38121e+07 7.97581e+06 0.00274242 -0.00241589 -0.00101052 0.00257007 0.0950711
36 61 0 0.0933805 0.3941 0.000161942 0.000697161 3.18362e+07 1.26796e+08 6.03035e+07 1.0978e+07 0 1.1472e+08 0 1.26796e+08 1.1472e+08 6.03035e+07 1.0978e+07 0.00221921 -0.00086178 -3.22944e-05 0.00178169 0.105166
37 61 1 0.0955065 0.179416 8.01814e-05 0.000343973 3.90095e+07 1.55366e+08 7.38911e+07 1.34516e+07 0 1.40569e+08 0 1.55366e+08 1.40569e+08 7.38911e+07 1.34516e+07 0.00138787 0.00101852 0.000694791 0.0019709 0.119527
44 61 2 0.276045 0.20119 0.000214868 0.00035036 1.91138e+08 7.61258e+08 3.62051e+08 6.59098e+07 0 6.88758e+08 0 7.61258e+08 6.88758e+08 3.62051e+08 6.59098e+07 0.000141941 -0.000629024 0.000494555 0.000195079 0.117966
28 62 0 -0.165562 0.427071 -0.000212423 0.000809627 3.86063e+07 1.5376e+08 7.31272e+07 1.33125e+07 0 1.39116e+08 0 1.5376e+08 1.39116e+08 7.31272e+07 1.33125e+07 0.00118531 -0.000405094 -0.000125897 0.00285258 0.103391
36 62 1 0.0933805 0.3941 0.000161942 0.000697161 3.18362e+07 1.26796e+08 6.03035e+07 1.0978e+07 0 1.1472e+08 0 1.26796e+08 1.1472e+08 6.03035e+07 1.0978e+07 0.00221921 -0.00086178 -3.22944e-05 0.00178169 0.105166
31 62 2 -0.0638926 0.620015 -0.000150646 0.00116081 8.27612e+07 3.29618e+08 1.56765e+08 2.85384e+07 0 2.98226e+08 0 3.29618e+08 2.98226e+08 1.56765e+08 2.85384e+07 0.000838924 -0.000207891 -0.000300379 0.00111073 0.094676
44 63 0 0.276045 0.20119 0.000214868 0.00035036 1.91138e+08 7.61258e+08 3.62051e+08 6.59098e+07 0 6.88758e+08 0 7.61258e+08 6.88758e+08 3.62051e+08 6.59098e+07 0.000141941 -0.000629024 0.000494555 0.000195079 0.117966
38 63 1 0.2 2.98682e-24 4.6017e-27 3.36799e-26 2.4626e+07 9.80796e+07 4.66462e+07 8.49174e+06 0 8.87387e+07 0 9.80796e+07 8.87387e+07 4.66462e+07 8.49174e+06 5.75373e-19 1.11476e-18 0.00158777 0.00352555 0.135478
45 63 2 0.4 3.04337e-24 -2.35592e-27 3.3036e-26 4.12707e+07 1.64371e+08 7.81742e+07 1.42313e+07 0 1.48717e+08 0 1.64371e+08 1.48717e+08 7.81742e+07 1.42313e+07 1.72991e-25 5.74591e-25 0.00194807 0.00241559 0.135562
29 64 0 -0.0850127 0.214354 -5.04888e-05 0.000337291 9.59234e+07 3.8204e+08 1.81696e+08 3.3077e+07 0 3.45655e+08 0 3.8204e+08 3.45655e+08 1.81696e+08 3.3077e+07 0.000221176 -0.000285226 0.000138804 0.00143544 0.116844
37 64 1 0.0955065 0.179416 8.01814e-05 0.000343973 3.90095e+07 1.55366e+08 7.38911e+07 1.34516e+07 0 1.40569e+08 0 1.55366e+08 1.40569e+08 7.38911e+07 1.34516e+07 0.00138787 0.00101852 0.000694791 0.0019709 0.119527
36 64 2 0.0933805 0.3941 0.000161942 0.000697161 3.18362e+07 1.26796e+08 6.03035e+07 1.0978e+07 0 1.1472e+08 0 1.26796e+08 1.1472e+08 6.03035e+07 1.0978e+07 0.00221921 -0.00086178 -3.22944e-05 0.00178169 0.105166
29 65 0 -0.0850127 0.214354 -5.04888e-05 0.000337291 9.59234e+07 3.8204e+08 1.81696e+08 3.3077e+07 0 3.45655e+08 0 3.8204e+08 3.45655e+08 1.81696e+08 3.3077e+07 0.000221176 -0.000285226 0.000138804 0.00143544 0.116844
30 65 1 2.49704e-17 2.99518e-24 1.17102e-27 3.60949e-26 9.43083e+07 3.75607e+08 1.78637e+08 3.25201e+07 0 3.39835e+08 0 3.75607e+08 3.39835e+08 1.78637e+08 3.25201e+07 -1.89605e-05 -0.000298417 -0.000529685 0.00148013 0.135432
37 65 2 0.0955065 0.179416 8.01814e-05 0.000343973 3.90095e+07 1.55366e+08 7.38911e+07 1.34516e+07 0 1.40569e+08 0 1.55366e+08 1.40569e+08 7.38911e+07 1.34516e+07 0.00138787 0.00101852 0.000694791 0.0019709 0.119527
40 66 0 0.428112 1.08003 0.000506976 0.00149268 8.28019e+07 3.2978e+08 1.56842e+08 2.85524e+07 0 2.98372e+08 0 3.2978e+08 2.98372e+08 1.56842e+08 2.85524e+07 0.000943732 -0.00102325 0.000682955 0.00118757 0.0872045
33 66 1 0.223427 1.14505 0.000354828 0.00175156 8.25177e+07 3.28648e+08 1.56303e+08 2.84544e+07 0 2.97348e+08 0 3.28648e+08 2.97348e+08 1.56303e+08 2.84544e+07 0.00105501 -0.000684866 0.00113441 0.00106705 0.0856242
34 66 2 0.238664 0.942521 0.000234578 0.00149067 6.09166e+07 2.42616e+08 1.15387e+08 2.10057e+07 0 2.1951e+08 0 2.42616e+08 2.1951e+08 1.15387e+08 2.10057e+07 0.00129472 -0.000446221 0.000595578 0.00138379 0.087126
41 67 0 0.432237 0.892575 0.000446238 0.00127785 9.16298e+07 3.64939e+08 1.73563e+08 3.15965e+07 0 3.30183e+08 0 3.64939e+08 3.30183e+08 1.73563e+08 3.15965e+07 0.00088343 -0.000820949 5.27191e-06 0.00106398 0.0890041
40 67 1 0.428112 1.08003 0.000506976 0.00149268 8.28019e+07 3.2978e+08 1.56842e+08 2.85524e+07 0 2.98372e+08 0 3.2978e+08 2.98372e+08 1.56842e+08 2.85524e+07 0.000943732 -0.00102325 0.000682955 0.00118757 0.0872045
34 67 2 0.238664 0.942521 0.000234578 0.00149067 6.09166e+07 2.42616e+08 1.15387e+08 2.10057e+07 0 2.1951e+08 0 2.42616e+08 2.1951e+08 1.15387e+08 2.10057e+07 0.00129472 -0.000446221 0.000595578 0.00138379 0.087126
32 68 0 0.0827408 0.799359 9.15919e-06 0.00139539 1.04668e+08 4.16868e+08 1.9826e+08 3.60925e+07 0 3.77166e+08 0 4.16868e+08 3.77166e+08 1.9826e+08 3.60925e+07 0.000720019 -0.00033255 0.000359244 0.000795508 0.0893219
35 68 1 0.12814 0.611616 0.000134759 0.00111348 2.31299e+07 9.21206e+07 4.38121e+07 7.97581e+06 0 8.33473e+07 0 9.21206e+07 8.33473e+07 4.38121e+07 7.97581e+06 0.00274242 -0.00241589 -0.00101052 0.00257007 0.0950711
39 68 2 0.316185 0.731695 0.000345407 0.00109538 3.93291e+07 1.56638e+08 7.44964e+07 1.35618e+07 0 1.41721e+08 0 1.56638e+08 1.41721e+08 7.44964e+07 1.35618e+07 0.00139322 0.000313603 -0.00096435 0.00214985 0.0917162
46 69 0 0.566842 0.760974 0.000601464 0.00110325 1.29711e+08 5.16606e+08 2.45695e+08 4.47278e+07 0 4.67405e+08 0 5.16606e+08 4.67405e+08 2.45695e+08 4.47278e+07 0.000574999 -0.000327524 -0.00071781 0.000740304 0.0926167
48 69 1 0.623761 0.972899 0.000605473 0.00127989 1.08205e+08 4.30956e+08 2.0496e+08 3.73122e+07 0 3.89912e+08 0 4.30956e+08 3.89912e+08 2.0496e+08 3.73122e+07 0.000629692 6.67843e-06 0.000351677 0.000928464 0.089938
41 69 2 0.432237 0.892575 0.000446238 0.00127785 9.16298e+07 3.64939e+08 1.73563e+08 3.15965e+07 0 3.30183e+08 0 3.64939e+08 3.30183e+08 1.73563e+08 3.15965e+07 0.00088343 -0.000820949 5.27191e-06 0.00106398 0.0890041
50 70 0 0.491728 0.197601 0.000329364 0.00044786 3.58815e+07 1.42907e+08 6.7966e+07 1.23729e+07 0 1.29297e+08 0 1.42907e+08 1.29297e+08 6.7966e+07 1.23729e+07 0.00104542 0.000346044 0.000371402 0.0031442 0.118455
45 70 1 0.4 3.04337e-24 -2.35592e-27 3.3036e-26 4.12707e+07 1.64371e+08 7.81742e+07 1.42313e+07 0 1.48717e+08 0 1.64371e+08 1.48717e+08 7.81742e+07 1.42313e+07 1.72991e-25 5.74591e-25 0.00194807 0.00241559 0.135562
51 70 2 0.6 3.02299e-24 5.32099e-28 3.47296e-26 8.32087e+07 3.314e+08 1.57612e+08 2.86927e+07 0 2.99838e+08 0 3.314e+08 2.99838e+08 1.57612e+08 2.86927e+07 -2.94419e-05 -0.000453194 0.00351892 0.00133007 0.135488
49 71 0 0.595101 0.397788 0.000659756 0.0007608 1.34239e+08 5.34643e+08 2.54274e+08 4.62895e+07 0 4.83725e+08 0 5.34643e+08 4.83725e+08 2.54274e+08 4.62895e+07 0.000539369 0.000183886 0.000424343 0.000782129 0.106058
43 71 1 0.36396 0.375096 0.000454337 0.000570795 6.51586e+07 2.59511e+08 1.23422e+08 2.24685e+07 0 2.34796e+08 0 2.59511e+08 2.34796e+08 1.23422e+08 2.24685e+07 0.000802816 0.000348739 0.000554284 0.00187132 0.106628
50 71 2 0.491728 0.197601 0.000329364 0.00044786 3.58815e+07 1.42907e+08 6.7966e+07 1.23729e+07 0 1.29297e+08 0 1.42907e+08 1.29297e+08 6.7966e+07 1.23729e+07 0.00104542 0.000346044 0.000371402 0.0031442 0.118455
49 72 0 0.595101 0.397788 0.000659756 0.0007608 1.34239e+08 5.34643e+08 2.54274e+08 4.62895e+07 0 4.83725e+08 0 5.34643e+08 4.83725e+08 2.54274e+08 4.62895e+07 0.000539369 0.000183886 0.000424343 0.000782129 0.106058
47 72 1 0.478126 0.571419 0.000588551 0.000908259 7.69125e+07 3.06324e+08 1.45686e+08 2.65216e+07 0 2.7715e+08 0 3.06324e+08 2.7715e+08 1.45686e+08 2.65216e+07 0.000872411 0.000232571 0.000176634 0.00136146 0.0977522
43 72 2 0.36396 0.375096 0.000454337 0.000570795 6.51586e+07 2.59511e+08 1.23422e+08 2.24685e+07 0 2.34796e+08 0 2.59511e+08 2.34796e+08 1.23422e+08 2.24685e+07 0.000802816 0.000348739 0.000554284 0.00187132 0.106628
54 73 0 0.816962 0.42205 0.000848092 0.000608379 8.20243e+07 3.26683e+08 1.55369e+08 2.82843e+07 0 2.9557e+08 0 3.26683e+08 2.9557e+08 1.55369e+08 2.82843e+07 0.00101613 -0.00238007 -0.000248163 0.00116242 0.105844
49 73 1 0.595101 0.397788 0.000659756 0.0007608 1.34239e+08 5.34643e+08 2.54274e+08 4.62895e+07 0 4.83725e+08 0 5.34643e+08 4.83725e+08 2.54274e+08 4.62895e+07 0.000539369 0.000183886 0.000424343 0.000782129 0.106058
55 73 2 0.701841 0.207201 0.000649133 0.000431445 1.72156e+07 6.85657e+07 3.26095e+07 5.93642e+06 0 6.20356e+07 0 6.85657e+07 6.20356e+07 3.26095e+07 5.93642e+06 0.00150228 -0.00119573 0.00134267 0.00230939 0.117758
54 74 0 0.816962 0.42205 0.000848092 0.000608379 8.20243e+07 3.26683e+08 1.55369e+08 2.82843e+07 0 2.9557e+08 0 3.26683e+08 2.9557e+08 1.55369e+08 2.82843e+07 0.00101613 -0.00238007 -0.000248163 0.00116242 0.105844
52 74 1 0.7064 0.605512 0.000772699 0.000923676 1.08807e+08 4.33352e+08 2.061e+08 3.75197e+07 0 3.92081e+08 0 4.33352e+08 3.92081e+08 2.061e+08 3.75197e+07 0.000757723 -0.000433286 -0.000288725 0.000886873 0.0981009
49 74 2 0.595101 0.397788 0.000659756 0.0007608 1.34239e+08 5.34643e+08 2.54274e+08 4.62895e+07 0 4.83725e+08 0 5.34643e+08 4.83725e+08 2.54274e+08 4.62895e+07 0.000539369 0.000183886 0.000424343 0.000782129 0.106058
46 75 0 0.566842 0.760974 0.000601464 0.00110325 1.29711e+08 5.16606e+08 2.45695e+08 4.47278e+07 0 4.67405e+08 0 5.16606e+08 4.67405e+08 2.45695e+08 4.47278e+07 0.000574999 -0.000327524 -0.00071781 0.000740304 0.0926167
41 75 1 0.432237 0.892575 0.000446238 0.00127785 9.16298e+07 3.64939e+08 1.73563e+08 3.15965e+07 0 3.30183e+08 0 3.64939e+08 3.30183e+08 1.73563e+08 3.15965e+07 0.00088343 -0.000820949 5.27191e-06 0.00106398 0.0890041
39 75 2 0.316185 0.731695 0.000345407 0.00109538 3.93291e+07 1.56638e+08 7.44964e+07 1.35618e+07 0 1.41721e+08 0 1.56638e+08 1.41721e+08 7.44964e+07 1.35618e+07 0.00139322 0.000313603 -0.00096435 0.00214985 0.0917162
48 76 0 0.623761 0.972899 0.000605473 0.00127989 1.08205e+08 4.30956e+08 2.0496e+08 3.73122e+07 0 3.89912e+08 0 4.30956e+08 3.89912e+08 2.0496e+08 3.73122e+07 0.000629692 6.67843e-06 0.000351677 0.000928464 0.089938
46 76 1 0.566842 0.760974 0.000601464 0.00110325 1.29711e+08 5.16606e+08 2.45695e+08 4.47278e+07 0 4.67405e+08 0 5.16606e+08 4.67405e+08 2.45695e+08 4.47278e+07 0.000574999 -0.000327524 -0.00071781 0.000740304 0.0926167
53 76 2 0.795507 0.827063 0.00080759 0.00125331 3.4106e+07 1.35836e+08 6.46029e+07 1.17607e+07 0 1.22899e+08 0 1.35836e+08 1.22899e+08 6.46029e+07 1.17607e+07 0.00201763 0.00101779 -0.000485917 0.00214035 0.0939876
39 77 0 0.316185 0.731695 0.000345407 0.00109538 3.93291e+07 1.56638e+08 7.44964e+07 1.35618e+07 0 1.41721e+08 0 1.56638e+08 1.41721e+08 7.44964e+07 1.35618e+07 0.00139322 0.000313603 -0.00096435 0.00214985 0.0917162
34 77 1 0.238664 0.942521 0.000234578 0.00149067 6.09166e+07 2.42616e+08 1.15387e+08 2.10057e+07 0 2.1951e+08 0 2.42616e+08 2.1951e+08 1.15387e+08 2.10057e+07 0.00129472 -0.000446221 0.000595578 0.00138379 0.087126
32 77 2 0.0827408 0.799359 9.15919e-06 0.00139539 1.04668e+08 4.16868e+08 1.9826e+08 3.60925e+07 0 3.77166e+08 0 4.16868e+08 3.77166e+08 1.9826e+08 3.60925e+07 0.000720019 -0.00033255 0.000359244 0.000795508 0.0893219
42 78 0 0.276436 0.527548 0.000401324 0.000779493 9.86737e+07 3.92993e+08 1.86906e+08 3.40254e+07 0 3.55565e+08 0 3.92993e+08 3.55565e+08 1.86906e+08 3.40254e+07 0.000802342 3.63286e-05 -0.000328218 0.00108763 0.098772
47 78 1 0.478126 0.571419 0.000588551 0.000908259 7.69125e+07 3.06324e+08 1.45686e+08 2.65216e+07 0 2.7715e+08 0 3.06324e+08 2.7715e+08 1.45686e+08 2.65216e+07 0.000872411 0.000232571 0.000176634 0.00136146 0.0977522
39 78 2 0.316185 0.731695 0.000345407 0.00109538 3.93291e+07 1.56638e+08 7.44964e+07 1.35618e+07 0 1.41721e+08 0 1.56638e+08 1.41721e+08 7.44964e+07 1.35618e+07 0.00139322 0.000313603 -0.00096435 0.00214985 0.0917162
36 79 0 0.0933805 0.3941 0.000161942 0.000697161 3.18362e+07 1.26796e+08 6.03035e+07 1.0978e+07 0 1.1472e+08 0 1.26796e+08 1.1472e+08 6.03035e+07 1.0978e+07 0.00221921 -0.00086178 -3.22944e-05 0.00178169 0.105166
42 79 1 0.276436 0.527548 0.000401324 0.000779493 9.86737e+07 3.92993e+08 1.86906e+08 3.40254e+07 0 3.55565e+08 0 3.92993e+08 3.55565e+08 1.86906e+08 3.40254e+07 0.000802342 3.63286e-05 -0.000328218 0.00108763 0.098772
35 79 2 0.12814 0.611616 0.000134759 0.00111348 2.31299e+07 9.21206e+07 4.38121e+07 7.97581e+06 0 8.33473e+07 0 9.21206e+07 8.33473e+07 4.38121e+07 7.97581e+06 0.00274242 -0.00241589 -0.00101052 0.00257007 0.0950711
43 80 0 0.36396 0.375096 0.000454337 0.000570795 6.51586e+07 2.59511e+08 1.23422e+08 2.24685e+07 0 2.34796e+08 0 2.59511e+08 2.34796e+08 1.23422e+08 2.24685e+07 0.000802816 0.000348739 0.000554284 0.00187132 0.106628
47 80 1 0.478126 0.571419 0.000588551 0.000908259 7.69125e+07 3.06324e+08 1.45686e+08 2.65216e+07 0 2.7715e+08 0 3.06324e+08 2.7715e+08 1.45686e+08 2.65216e+07 0.000872411 0.000232571 0.000176634 0.00136146 0.0977522
42 80 2 0.276436 0.527548 0.000401324 0.000779493 9.86737e+07 3.92993e+08 1.86906e+08 3.40254e+07 0 3.55565e+08 0 3.92993e+08 3.55565e+08 1.86906e+08 3.40254e+07 0.000802342 3.63286e-05 -0.000328218 0.00108763 0.098772
41 81 0 0.432237 0.892575 0.000446238 0.00127785 9.16298e+07 3.64939e+08 1.73563e+08 3.15965e+07 0 3.30183e+08 0 3.64939e+08 3.30183e+08 1.73563e+08 3.15965e+07 0.00088343 -0.000820949 5.27191e-06 0.00106398 0.0890041
48 81 1 0.623761 0.972899 0.000605473 0.00127989 1.08205e+08 4.30956e+08 2.0496e+08 3.73122e+07 0 3.89912e+08 0 4.30956e+08 3.89912e+08 2.0496e+08 3.73122e+07 0.000629692 6.67843e-06 0.000351677 0.000928464 0.089938
40 81 2 0.428112 1.08003 0.000506976 0.00149268 8.28019e+07 3.2978e+08 1.56842e+08 2.85524e+07 0 2.98372e+08 0 3.2978e+08 2.98372e+08 1.56842e+08 2.85524e+07 0.000943732 -0.00102325 0.000682955 0.00118757 0.0872045
55 82 0 0.701841 0.207201 0.000649133 0.000431445 1.72156e+07 6.85657e+07 3.26095e+07 5.93642e+06 0 6.20356e+07 0 6.85657e+07 6.20356e+07 3.26095e+07 5.93642e+06 0.00150228 -0.00119573 0.00134267 0.00230939 0.117758
51 82 1 0.6 3.02299e-24 5.32099e-28 3.47296e-26 8.32087e+07 3.314e+08 1.57612e+08 2.86927e+07 0 2.99838e+08 0 3.314e+08 2.99838e+08 1.57612e+08 2.86927e+07 -2.94419e-05 -0.000453194 0.00351892 0.00133007 0.135488
56 82 2 0.8 2.99232e-24 6.73114e-27 4.13611e-26 9.33947e+07 3.71969e+08 1.76906e+08 3.22051e+07 0 3.36543e+08 0 3.71969e+08 3.36543e+08 1.76906e+08 3.22051e+07 -1.58792e-27 6.9614e-25 0.00599391 0.00193646 0.134694
58 83 0 1.03459 0.441536 0.0011216 0.000470339 4.3812e+07 1.74492e+08 8.29877e+07 1.51076e+07 0 1.57874e+08 0 1.74492e+08 1.57874e+08 8.29877e+07 1.51076e+07 0.00150878 -0.000654954 0.000614678 0.00173009 0.106872
54 83 1 0.816962 0.42205 0.000848092 0.000608379 8.20243e+07 3.26683e+08 1.55369e+08 2.82843e+07 0 2.9557e+08 0 3.26683e+08 2.9557e+08 1.55369e+08 2.82843e+07 0.00101613 -0.00238007 -0.000248163 0.00116242 0.105844
59 83 2 0.901285 0.217839 0.000824534 0.00027568 1.39776e+08 5.56692e+08 2.6476e+08 4.81985e+07 0 5.03674e+08 0 5.56692e+08 5.03674e+08 2.6476e+08 4.81985e+07 0.000438153 -0.000124101 0.000802778 0.000445574 0.116539
50 84 0 0.491728 0.197601 0.000329364 0.00044786 3.58815e+07 1.42907e+08 6.7966e+07 1.23729e+07 0 1.29297e+08 0 1.42907e+08 1.29297e+08 6.7966e+07 1.23729e+07 0.00104542 0.000346044 0.000371402 0.0031442 0.118455
51 84 1 0.6 3.02299e-24 5.32099e-28 3.47296e-26 8.32087e+07 3.314e+08 1.57612e+08 2.86927e+07 0 2.99838e+08 0 3.314e+08 2.99838e+08 1.57612e+08 2.86927e+07 -2.94419e-05 -0.000453194 0.00351892 0.00133007 0.135488
55 84 2 0.701841 0.207201 0.000649133 0.000431445 1.72156e+07 6.85657e+07 3.26095e+07 5.93642e+06 0 6.20356e+07 0 6.85657e+07 6.20356e+07 3.26095e+07 5.93642e+06 0.00150228 -0.00119573 0.00134267 0.00230939 0.117758
47 85 0 0.478126 0.571419 0.000588551 0.000908259 7.69125e+07 3.06324e+08 1.45686e+08 2.65216e+07 0 2.7715e+08 0 3.06324e+08 2.7715e+08 1.45686e+08 2.65216e+07 0.000872411 0.000232571 0.000176634 0.00136146 0.0977522
49 85 1 0.595101 0.397788 0.000659756 0.0007608 1.34239e+08 5.34643e+08 2.54274e+08 4.62895e+07 0 4.83725e+08 0 5.34643e+08 4.83725e+08 2.54274e+08 4.62895e+07 0.000539369 0.000183886 0.000424343 0.000782129 0.106058
52 85 2 0.7064 0.605512 0.000772699 0.000923676 1.08807e+08 4.33352e+08 2.061e+08 3.75197e+07 0 3.92081e+08 0 4.33352e+08 3.92081e+08 2.061e+08 3.75197e+07 0.000757723 -0.000433286 -0.000288725 0.000886873 0.0981009
46 86 0 0.566842 0.760974 0.000601464 0.00110325 1.29711e+08 5.16606e+08 2.45695e+08 4.47278e+07 0 4.67405e+08 0 5.16606e+08 4.67405e+08 2.45695e+08 4.47278e+07 0.000574999 -0.000327524 -0.00071781 0.000740304 0.0926167
52 86 1 0.7064 0.605512 0.000772699 0.000923676 1.08807e+08 4.33352e+08 2.061e+08 3.75197e+07 0 3.92081e+08 0 4.33352e+08 3.92081e+08 2.061e+08 3.75197e+07 0.000757723 -0.000433286 -0.000288725 0.000886873 0.0981009
53 86 2 0.795507 0.827063 0.00080759 0.00125331 3.4106e+07 1.35836e+08 6.46029e+07 1.17607e+07 0 1.22899e+08 0 1.35836e+08 1.22899e+08 6.46029e+07 1.17607e+07 0.00201763 0.00101779 -0.000485917 0.00214035 0.0939876
54 87 0 0.816962 0.42205 0.000848092 0.000608379 8.20243e+07 3.26683e+08 1.55369e+08 2.82843e+07 0 2.9557e+08 0 3.26683e+08 2.9557e+08 1.55369e+08 2.82843e+07 0.00101613 -0.00238007 -0.000248163 0.00116242 0.105844
58 87 1 1.03459 0.441536 0.0011216 0.000470339 4.3812e+07 1.74492e+08 8.29877e+07 1.51076e+07 0 1.57874e+08 0 1.74492e+08 1.57874e+08 8.29877e+07 1.51076e+07 0.00150878 -0.000654954 0.000614678 0.00173009 0.106872
57 87 2 0.934835 0.645578 0.0010566 0.000923401 3.30289e+07 1.31546e+08 6.25626e+07 1.13893e+07 0 1.19018e+08 0 1.31546e+08 1.19018e+08 6.25626e+07 1.13893e+07 0.00187589 0.00017929 0.000730937 0.00241427 0.0996251
52 88 0 0.7064 0.605512 0.000772699 0.000923676 1.08807e+08 4.33352e+08 2.061e+08 3.75197e+07 0 3.92081e+08 0 4.33352e+08 3.92081e+08 2.061e+08 3.75197e+07 0.000757723 -0.000433286 -0.000288725 0.000886873 0.0981009
54 88 1 0.816962 0.42205 0.000848092 0.000608379 8.20243e+07 3.26683e+08 1.55369e+08 2.82843e+07 0 2.9557e+08 0 3.26683e+08 2.9557e+08 1.55369e+08 2.82843e+07 0.00101613 -0.00238007 -0.000248163 0.00116242 0.105844
57 88 2 0.934835 0.645578 0.0010566 0.000923401 3.30289e+07 1.31546e+08 6.25626e+07 1.13893e+07 0 1.19018e+08 0 1.31546e+08 1.19018e+08 6.25626e+07 1.13893e+07 0.00187589 0.00017929 0.000730937 0.00241427 0.0996251
53 89 0 0.795507 0.827063 0.00080759 0.00125331 3.4106e+07 1.35836e+08 6.46029e+07 1.17607e+07 0 1.22899e+08 0 1.35836e+08 1.22899e+08 6.46029e+07 1.17607e+07 0.00201763 0.00101779 -0.000485917 0.00214035 0.0939876
52 89 1 0.7064 0.605512 0.000772699 0.000923676 1.08807e+08 4.33352e+08 2.061e+08 3.75197e+07 0 3.92081e+08 0 4.33352e+08 3.92081e+08 2.061e+08 3.75197e+07 0.000757723 -0.000433286 -0.000288725 0.000886873 0.0981009
57 89 2 0.934835 0.645578 0.0010566 0.000923401 3.30289e+07 1.31546e+08 6.25626e+07 1.13893e+07 0 1.19018e+08 0 1.31546e+08 1.19018e+08 6.25626e+07 1.13893e+07 0.00187589 0.00017929 0.000730937 0.00241427 0.0996251
46 90 0 0.566842 0.760974 0.000601464 0.00110325 1.29711e+08 5.16606e+08 2.45695e+08 4.47278e+07 0 4.67405e+08 0 5.16606e+08 4.67405e+08 2.45695e+08 4.47278e+07 0.000574999 -0.000327524 -0.00071781 0.000740304 0.0926167
47 90 1 0.478126 0.571419 0.000588551 0.000908259 7.69125e+07 3.06324e+08 1.45686e+08 2.65216e+07 0 2.7715e+08 0 3.06324e+08 2.7715e+08 1.45686e+08 2.65216e+07 0.000872411 0.000232571 0.000176634 0.00136146 0.0977522
52 90 2 0.7064 0.605512 0.000772699 0.000923676 1.08807e+08 4.33352e+08 2.061e+08 3.75197e+07 0 3.92081e+08 0 4.33352e+08 3.92081e+08 2.061e+08 3.75197e+07 0.000757723 -0.000433286 -0.000288725 0.000886873 0.0981009
55 91 0 0.701841 0.207201 0.000649133 0.000431445 1.72156e+07 6.85657e+07 3.26095e+07 5.93642e+06 0 6.20356e+07 0 6.85657e+07 6.20356e+07 3.26095e+07 5.93642e+06 0.00150228 -0.00119573 0.00134267 0.00230939 0.117758
59 91 1 0.901285 0.217839 0.000824534 0.00027568 1.39776e+08 5.56692e+08 2.6476e+08 4.81985e+07 0 5.03674e+08 0 5.56692e+08 5.03674e+08 2.6476e+08 4.81985e+07 0.000438153 -0.000124101 0.000802778 0.000445574 0.116539
54 91 2 0.816962 0.42205 0.000848092 0.000608379 8.20243e+07 3.26683e+08 1.55369e+08 2.82843e+07 0 2.9557e+08 0 3.26683e+08 2.9557e+08 1.55369e+08 2.82843e+07 0.00101613 -0.00238007 -0.000248163 0.00116242 0.105844
56 92 0 0.8 2.99232e-24 6.73114e-27 4.13611e-26 9.33947e+07 3.71969e+08 1.76906e+08 3.22051e+07 0 3.36543e+08 0 3.71969e+08 3.36543e+08 1.76906e+08 3.22051e+07 -1.58792e-27 6.9614e-25 0.00599391 0.00193646 0.134694
59 92 1 0.901285 0.217839 0.000824534 0.00027568 1.39776e+08 5.56692e+08 2.6476e+08 4.81985e+07 0 5.03674e+08 0 5.56692e+08 5.03674e+08 2.6476e+08 4.81985e+07 0.000438153 -0.000124101 0.000802778 0.000445574 0.116539
55 92 2 0.701841 0.207201 0.000649133 0.000431445 1.72156e+07 6.85657e+07 3.26095e+07 5.93642e+06 0 6.20356e+07 0 6.85657e+07 6.20356e+07 3.26095e+07 5.93642e+06 0.00150228 -0.00119573 0.00134267 0.00230939 0.117758
56 93 0 0.8 2.99232e-24 6.73114e-27 4.13611e-26 9.33947e+07 3.71969e+08 1.76906e+08 3.22051e+07 0 3.36543e+08 0 3.71969e+08 3.36543e+08 1.76906e+08 3.22051e+07 -1.58792e-27 6.9614e-25 0.00599391 0.00193646 0.134694
60 93 1 1 8.47721e-25 -1.14173e-27 1.24584e-26 3.54993e+07 1.41385e+08 6.7242e+07 1.22411e+07 0 1.2792e+08 0 1.41385e+08 1.2792e+08 6.7242e+07 1.22411e+07 0.00201788 -0.00244058 0.00788032 0.000923276 0.13132
59 93 2 0.901285 0.217839 0.000824534 0.00027568 1.39776e+08 5.56692e+08 2.6476e+08 4.81985e+07 0 5.03674e+08 0 5.56692e+08 5.03674e+08 2.6476e+08 4.81985e+07 0.000438153 -0.000124101 0.000802778 0.000445574 0.116539
58 94 0 1.03459 0.441536 0.0011216 0.000470339 4.3812e+07 1.74492e+08 8.29877e+07 1.51076e+07 0 1.57874e+08 0 1.74492e+08 1.57874e+08 8.29877e+07 1.51076e+07 0.00150878 -0.000654954 0.000614678 0.00173009 0.106872
59 94 1 0.901285 0.217839 0.000824534 0.00027568 1.39776e+08 5.56692e+08 2.6476e+08 4.81985e+07 0 5.03674e+08 0 5.56692e+08 5.03674e+08 2.6476e+08 4.81985e+07 0.000438153 -0.000124101 0.000802778 0.000445574 0.116539
61 94 2 1.07869 0.210719 0.000931065 7.76517e-05 8.44904e+07 3.36505e+08 1.6004e+08 2.91346e+07 0 3.04457e+08 0 3.36505e+08 3.04457e+08 1.6004e+08 2.91346e+07 0.000791317 -0.00203092 -9.24115e-05 0.00148366 0.116089
59 95 0 0.901285 0.217839 0.000824534 0.00027568 1.39776e+08 5.56692e+08 2.6476e+08 4.81985e+07 0 5.03674e+08 0 5.56692e+08 5.03674e+08 2.6476e+08 4.81985e+07 0.000438153 -0.000124101 0.000802778 0.000445574 0.116539
60 95 1 1 8.47721e-25 -1.14173e-27 1.24584e-26 3.54993e+07 1.41385e+08 6.7242e+07 1.22411e+07 0 1.2792e+08 0 1.41385e+08 1.2792e+08 6.7242e+07 1.22411e+07 0.00201788 -0.00244058 0.00788032 0.000923276 0.13132
61 95 2 1.07869 0.210719 0.000931065 7.76517e-05 8.44904e+07 3.36505e+08 1.6004e+08 2.91346e+07 0 3.04457e+08 0 3.36505e+08 3.04457e+08 1.6004e+08 2.91346e+07 0.000791317 -0.00203092 -9.24115e-05 0.00148366 0.116089
