Index_Vertex nbTriangle nbInTr x y ux uy Elast AR BR IR GR ER FR A1 A2 B12 C3 Defxx Defxy Defyx Defyy Density 
94 0 0 -1 4.87182e-24 -9.63147e-27 2.80255e-26 6.32467e+07 2.51896e+08 1.19801e+08 2.18092e+07 0 2.27906e+08 0 2.51896e+08 2.27906e+08 1.19801e+08 2.18092e+07 0.00147353 0.00218321 -0.00760811 0.00119643 0.0825887
91 0 1 -0.8 9.86508e-24 -6.35332e-27 3.5078e-26 3.94347e+07 1.57059e+08 7.46964e+07 1.35982e+07 0 1.42101e+08 0 1.57059e+08 1.42101e+08 7.46964e+07 1.35982e+07 0.000660507 -0.000187586 -0.00575122 0.00253119 0.0934535
92 0 2 -0.96611 0.192282 -0.00075061 0.000219424 1.54068e+08 6.13616e+08 2.91833e+08 5.31269e+07 0 5.55177e+08 0 6.13616e+08 5.55177e+08 2.91833e+08 5.31269e+07 0.000466977 0.000945887 -0.00108216 0.000406215 0.0727234
92 1 0 -0.96611 0.192282 -0.00075061 0.000219424 1.54068e+08 6.13616e+08 2.91833e+08 5.31269e+07 0 5.55177e+08 0 6.13616e+08 5.55177e+08 2.91833e+08 5.31269e+07 0.000466977 0.000945887 -0.00108216 0.000406215 0.0727234
89 1 1 -1.14889 0.351657 -0.00119368 0.000220956 1.03876e+07 4.13714e+07 1.9676e+07 3.58194e+06 0 3.74312e+07 0 4.13714e+07 3.74312e+07 1.9676e+07 3.58194e+06 0.00184571 0.00107799 -0.000857985 0.00319067 0.0624452
93 1 2 -1.18899 0.0984231 -0.000719042 -0.000234469 1.13909e+08 4.53671e+08 2.15764e+08 3.92789e+07 0 4.10464e+08 0 4.53671e+08 4.10464e+08 2.15764e+08 3.92789e+07 0.000443944 0.00070642 -0.00222443 0.000699991 0.0680848
92 2 0 -0.96611 0.192282 -0.00075061 0.000219424 1.54068e+08 6.13616e+08 2.91833e+08 5.31269e+07 0 5.55177e+08 0 6.13616e+08 5.55177e+08 2.91833e+08 5.31269e+07 0.000466977 0.000945887 -0.00108216 0.000406215 0.0727234
93 2 1 -1.18899 0.0984231 -0.000719042 -0.000234469 1.13909e+08 4.53671e+08 2.15764e+08 3.92789e+07 0 4.10464e+08 0 4.53671e+08 4.10464e+08 2.15764e+08 3.92789e+07 0.000443944 0.00070642 -0.00222443 0.000699991 0.0680848
94 2 2 -1 4.87182e-24 -9.63147e-27 2.80255e-26 6.32467e+07 2.51896e+08 1.19801e+08 2.18092e+07 0 2.27906e+08 0 2.51896e+08 2.27906e+08 1.19801e+08 2.18092e+07 0.00147353 0.00218321 -0.00760811 0.00119643 0.0825887
90 3 0 -1.33919 0.227823 -0.0012188 -5.5209e-05 6.23485e+07 2.48319e+08 1.18099e+08 2.14995e+07 0 2.2467e+08 0 2.48319e+08 2.2467e+08 1.18099e+08 2.14995e+07 0.00102043 -0.00104384 -0.00352633 0.00194523 0.0630395
93 3 1 -1.18899 0.0984231 -0.000719042 -0.000234469 1.13909e+08 4.53671e+08 2.15764e+08 3.92789e+07 0 4.10464e+08 0 4.53671e+08 4.10464e+08 2.15764e+08 3.92789e+07 0.000443944 0.00070642 -0.00222443 0.000699991 0.0680848
89 3 2 -1.14889 0.351657 -0.00119368 0.000220956 1.03876e+07 4.13714e+07 1.9676e+07 3.58194e+06 0 3.74312e+07 0 4.13714e+07 3.74312e+07 1.9676e+07 3.58194e+06 0.00184571 0.00107799 -0.000857985 0.00319067 0.0624452
80 4 0 -0.515215 0.242799 -0.000480939 0.000457993 8.73965e+07 3.48079e+08 1.65545e+08 3.01367e+07 0 3.14929e+08 0 3.48079e+08 3.14929e+08 1.65545e+08 3.01367e+07 0.00103081 0.00149248 -0.000544682 0.000742955 0.0790287
87 4 1 -0.738985 0.220137 -0.00063324 0.000351336 1.01358e+08 4.03683e+08 1.9199e+08 3.49509e+07 0 3.65237e+08 0 4.03683e+08 3.65237e+08 1.9199e+08 3.49509e+07 0.000814607 0.000205192 -0.000814037 0.000907756 0.0771057
86 4 2 -0.6 1.00563e-23 -2.01456e-27 3.98027e-26 6.62961e+07 2.64041e+08 1.25577e+08 2.28607e+07 0 2.38895e+08 0 2.64041e+08 2.38895e+08 1.25577e+08 2.28607e+07 -1.30509e-26 -5.45659e-25 -0.00447921 0.00220673 0.0982247
84 5 0 -1.33788 0.562239 -0.00142144 0.000421735 1.12913e+08 4.49706e+08 2.13878e+08 3.89356e+07 0 4.06877e+08 0 4.49706e+08 4.06877e+08 2.13878e+08 3.89356e+07 0.000605255 0.00116193 0.000894499 0.00072646 0.0570707
85 5 1 -1.34313 0.395049 -0.00148836 0.000215243 9.49663e+07 3.78228e+08 1.79883e+08 3.2747e+07 0 3.42206e+08 0 3.78228e+08 3.42206e+08 1.79883e+08 3.2747e+07 0.000376057 0.000642475 0.000335293 0.00127988 0.0601876
89 5 2 -1.14889 0.351657 -0.00119368 0.000220956 1.03876e+07 4.13714e+07 1.9676e+07 3.58194e+06 0 3.74312e+07 0 4.13714e+07 3.74312e+07 1.9676e+07 3.58194e+06 0.00184571 0.00107799 -0.000857985 0.00319067 0.0624452
89 6 0 -1.14889 0.351657 -0.00119368 0.000220956 1.03876e+07 4.13714e+07 1.9676e+07 3.58194e+06 0 3.74312e+07 0 4.13714e+07 3.74312e+07 1.9676e+07 3.58194e+06 0.00184571 0.00107799 -0.000857985 0.00319067 0.0624452
85 6 1 -1.34313 0.395049 -0.00148836 0.000215243 9.49663e+07 3.78228e+08 1.79883e+08 3.2747e+07 0 3.42206e+08 0 3.78228e+08 3.42206e+08 1.79883e+08 3.2747e+07 0.000376057 0.000642475 0.000335293 0.00127988 0.0601876
90 6 2 -1.33919 0.227823 -0.0012188 -5.5209e-05 6.23485e+07 2.48319e+08 1.18099e+08 2.14995e+07 0 2.2467e+08 0 2.48319e+08 2.2467e+08 1.18099e+08 2.14995e+07 0.00102043 -0.00104384 -0.00352633 0.00194523 0.0630395
88 7 0 -0.90699 0.406085 -0.000949372 0.00050742 6.55473e+07 2.61059e+08 1.24158e+08 2.26025e+07 0 2.36196e+08 0 2.61059e+08 2.36196e+08 1.24158e+08 2.26025e+07 0.000891 0.000605641 -0.00104516 0.00150363 0.0641213
83 7 1 -1.08955 0.571044 -0.0012487 0.000659938 1.14555e+08 4.56244e+08 2.16987e+08 3.95016e+07 0 4.12792e+08 0 4.56244e+08 4.12792e+08 2.16987e+08 3.95016e+07 0.000766639 0.000719217 -0.000350206 0.000325091 0.0570476
89 7 2 -1.14889 0.351657 -0.00119368 0.000220956 1.03876e+07 4.13714e+07 1.9676e+07 3.58194e+06 0 3.74312e+07 0 4.13714e+07 3.74312e+07 1.9676e+07 3.58194e+06 0.00184571 0.00107799 -0.000857985 0.00319067 0.0624452
83 8 0 -1.08955 0.571044 -0.0012487 0.000659938 1.14555e+08 4.56244e+08 2.16987e+08 3.95016e+07 0 4.12792e+08 0 4.56244e+08 4.12792e+08 2.16987e+08 3.95016e+07 0.000766639 0.000719217 -0.000350206 0.000325091 0.0570476
77 8 1 -1.03492 0.787444 -0.00130263 0.000874602 1.43633e+08 5.72054e+08 2.72066e+08 4.95285e+07 0 5.17573e+08 0 5.72054e+08 5.17573e+08 2.72066e+08 4.95285e+07 0.000481818 0.000594913 -0.000495541 0.000737442 0.0521919
78 8 2 -1.28231 0.716312 -0.00142306 0.000611462 1.3003e+08 5.17879e+08 2.463e+08 4.4838e+07 0 4.68557e+08 0 5.17879e+08 4.68557e+08 2.463e+08 4.4838e+07 0.000725062 0.00102988 -0.000791597 0.000496954 0.0542362
92 9 0 -0.96611 0.192282 -0.00075061 0.000219424 1.54068e+08 6.13616e+08 2.91833e+08 5.31269e+07 0 5.55177e+08 0 6.13616e+08 5.55177e+08 2.91833e+08 5.31269e+07 0.000466977 0.000945887 -0.00108216 0.000406215 0.0727234
88 9 1 -0.90699 0.406085 -0.000949372 0.00050742 6.55473e+07 2.61059e+08 1.24158e+08 2.26025e+07 0 2.36196e+08 0 2.61059e+08 2.36196e+08 1.24158e+08 2.26025e+07 0.000891 0.000605641 -0.00104516 0.00150363 0.0641213
89 9 2 -1.14889 0.351657 -0.00119368 0.000220956 1.03876e+07 4.13714e+07 1.9676e+07 3.58194e+06 0 3.74312e+07 0 4.13714e+07 3.74312e+07 1.9676e+07 3.58194e+06 0.00184571 0.00107799 -0.000857985 0.00319067 0.0624452
82 10 0 -0.846127 0.628548 -0.00110292 0.000822009 9.91757e+07 3.94993e+08 1.87857e+08 3.41985e+07 0 3.57374e+08 0 3.94993e+08 3.57374e+08 1.87857e+08 3.41985e+07 0.000826853 0.000299286 -0.000463153 0.000987014 0.0566441
77 10 1 -1.03492 0.787444 -0.00130263 0.000874602 1.43633e+08 5.72054e+08 2.72066e+08 4.95285e+07 0 5.17573e+08 0 5.72054e+08 5.17573e+08 2.72066e+08 4.95285e+07 0.000481818 0.000594913 -0.000495541 0.000737442 0.0521919
83 10 2 -1.08955 0.571044 -0.0012487 0.000659938 1.14555e+08 4.56244e+08 2.16987e+08 3.95016e+07 0 4.12792e+08 0 4.56244e+08 4.12792e+08 2.16987e+08 3.95016e+07 0.000766639 0.000719217 -0.000350206 0.000325091 0.0570476
73 11 0 -0.292696 0.252883 -0.000301865 0.000533464 1.1216e+08 4.46706e+08 2.12451e+08 3.86758e+07 0 4.04162e+08 0 4.46706e+08 4.04162e+08 2.12451e+08 3.86758e+07 0.000103641 0.000356887 -0.000607016 0.0011762 0.0801834
79 11 1 -0.4 9.74871e-24 -2.38661e-28 2.66727e-26 4.53176e+06 1.80489e+07 8.58397e+06 1.56268e+06 0 1.633e+07 0 1.80489e+07 1.633e+07 8.58397e+06 1.56268e+06 0.000988761 -4.75258e-07 -0.00272959 0.00425368 0.100874
72 11 2 -0.2 9.85773e-24 -5.27309e-27 3.99593e-26 5.77466e+07 2.29991e+08 1.09383e+08 1.99126e+07 0 2.08087e+08 0 2.29991e+08 2.08087e+08 1.09383e+08 1.99126e+07 -1.38025e-05 -0.0011248 -0.00174744 0.00276138 0.102235
81 12 0 -0.665866 0.452799 -0.000784083 0.000638913 7.00668e+07 2.79059e+08 1.32719e+08 2.4161e+07 0 2.52482e+08 0 2.79059e+08 2.52482e+08 1.32719e+08 2.4161e+07 0.000962591 4.05275e-05 -0.00140583 0.00149735 0.0649764
87 12 1 -0.738985 0.220137 -0.00063324 0.000351336 1.01358e+08 4.03683e+08 1.9199e+08 3.49509e+07 0 3.65237e+08 0 4.03683e+08 3.65237e+08 1.9199e+08 3.49509e+07 0.000814607 0.000205192 -0.000814037 0.000907756 0.0771057
80 12 2 -0.515215 0.242799 -0.000480939 0.000457993 8.73965e+07 3.48079e+08 1.65545e+08 3.01367e+07 0 3.14929e+08 0 3.48079e+08 3.14929e+08 1.65545e+08 3.01367e+07 0.00103081 0.00149248 -0.000544682 0.000742955 0.0790287
75 13 0 -0.60697 0.699731 -0.000902785 0.000972131 8.05362e+07 3.20756e+08 1.5255e+08 2.77711e+07 0 2.90208e+08 0 3.20756e+08 2.90208e+08 1.5255e+08 2.77711e+07 0.000900212 0.000692056 -8.02188e-05 0.000535392 0.0554121
81 13 1 -0.665866 0.452799 -0.000784083 0.000638913 7.00668e+07 2.79059e+08 1.32719e+08 2.4161e+07 0 2.52482e+08 0 2.79059e+08 2.52482e+08 1.32719e+08 2.4161e+07 0.000962591 4.05275e-05 -0.00140583 0.00149735 0.0649764
74 13 2 -0.421145 0.500747 -0.000532652 0.000840842 4.89966e+07 1.95141e+08 9.28083e+07 1.68954e+07 0 1.76557e+08 0 1.95141e+08 1.76557e+08 9.28083e+07 1.68954e+07 0.00152105 1.53126e-05 -0.00133108 0.00169921 0.0644839
88 14 0 -0.90699 0.406085 -0.000949372 0.00050742 6.55473e+07 2.61059e+08 1.24158e+08 2.26025e+07 0 2.36196e+08 0 2.61059e+08 2.36196e+08 1.24158e+08 2.26025e+07 0.000891 0.000605641 -0.00104516 0.00150363 0.0641213
92 14 1 -0.96611 0.192282 -0.00075061 0.000219424 1.54068e+08 6.13616e+08 2.91833e+08 5.31269e+07 0 5.55177e+08 0 6.13616e+08 5.55177e+08 2.91833e+08 5.31269e+07 0.000466977 0.000945887 -0.00108216 0.000406215 0.0727234
87 14 2 -0.738985 0.220137 -0.00063324 0.000351336 1.01358e+08 4.03683e+08 1.9199e+08 3.49509e+07 0 3.65237e+08 0 4.03683e+08 3.65237e+08 1.9199e+08 3.49509e+07 0.000814607 0.000205192 -0.000814037 0.000907756 0.0771057
82 15 0 -0.846127 0.628548 -0.00110292 0.000822009 9.91757e+07 3.94993e+08 1.87857e+08 3.41985e+07 0 3.57374e+08 0 3.94993e+08 3.57374e+08 1.87857e+08 3.41985e+07 0.000826853 0.000299286 -0.000463153 0.000987014 0.0566441
88 15 1 -0.90699 0.406085 -0.000949372 0.00050742 6.55473e+07 2.61059e+08 1.24158e+08 2.26025e+07 0 2.36196e+08 0 2.61059e+08 2.36196e+08 1.24158e+08 2.26025e+07 0.000891 0.000605641 -0.00104516 0.00150363 0.0641213
81 15 2 -0.665866 0.452799 -0.000784083 0.000638913 7.00668e+07 2.79059e+08 1.32719e+08 2.4161e+07 0 2.52482e+08 0 2.79059e+08 2.52482e+08 1.32719e+08 2.4161e+07 0.000962591 4.05275e-05 -0.00140583 0.00149735 0.0649764
82 16 0 -0.846127 0.628548 -0.00110292 0.000822009 9.91757e+07 3.94993e+08 1.87857e+08 3.41985e+07 0 3.57374e+08 0 3.94993e+08 3.57374e+08 1.87857e+08 3.41985e+07 0.000826853 0.000299286 -0.000463153 0.000987014 0.0566441
83 16 1 -1.08955 0.571044 -0.0012487 0.000659938 1.14555e+08 4.56244e+08 2.16987e+08 3.95016e+07 0 4.12792e+08 0 4.56244e+08 4.12792e+08 2.16987e+08 3.95016e+07 0.000766639 0.000719217 -0.000350206 0.000325091 0.0570476
88 16 2 -0.90699 0.406085 -0.000949372 0.00050742 6.55473e+07 2.61059e+08 1.24158e+08 2.26025e+07 0 2.36196e+08 0 2.61059e+08 2.36196e+08 1.24158e+08 2.26025e+07 0.000891 0.000605641 -0.00104516 0.00150363 0.0641213
86 17 0 -0.6 1.00563e-23 -2.01456e-27 3.98027e-26 6.62961e+07 2.64041e+08 1.25577e+08 2.28607e+07 0 2.38895e+08 0 2.64041e+08 2.38895e+08 1.25577e+08 2.28607e+07 -1.30509e-26 -5.45659e-25 -0.00447921 0.00220673 0.0982247
79 17 1 -0.4 9.74871e-24 -2.38661e-28 2.66727e-26 4.53176e+06 1.80489e+07 8.58397e+06 1.56268e+06 0 1.633e+07 0 1.80489e+07 1.633e+07 8.58397e+06 1.56268e+06 0.000988761 -4.75258e-07 -0.00272959 0.00425368 0.100874
80 17 2 -0.515215 0.242799 -0.000480939 0.000457993 8.73965e+07 3.48079e+08 1.65545e+08 3.01367e+07 0 3.14929e+08 0 3.48079e+08 3.14929e+08 1.65545e+08 3.01367e+07 0.00103081 0.00149248 -0.000544682 0.000742955 0.0790287
84 18 0 -1.33788 0.562239 -0.00142144 0.000421735 1.12913e+08 4.49706e+08 2.13878e+08 3.89356e+07 0 4.06877e+08 0 4.49706e+08 4.06877e+08 2.13878e+08 3.89356e+07 0.000605255 0.00116193 0.000894499 0.00072646 0.0570707
83 18 1 -1.08955 0.571044 -0.0012487 0.000659938 1.14555e+08 4.56244e+08 2.16987e+08 3.95016e+07 0 4.12792e+08 0 4.56244e+08 4.12792e+08 2.16987e+08 3.95016e+07 0.000766639 0.000719217 -0.000350206 0.000325091 0.0570476
78 18 2 -1.28231 0.716312 -0.00142306 0.000611462 1.3003e+08 5.17879e+08 2.463e+08 4.4838e+07 0 4.68557e+08 0 5.17879e+08 4.68557e+08 2.463e+08 4.4838e+07 0.000725062 0.00102988 -0.000791597 0.000496954 0.0542362
91 19 0 -0.8 9.86508e-24 -6.35332e-27 3.5078e-26 3.94347e+07 1.57059e+08 7.46964e+07 1.35982e+07 0 1.42101e+08 0 1.57059e+08 1.42101e+08 7.46964e+07 1.35982e+07 0.000660507 -0.000187586 -0.00575122 0.00253119 0.0934535
86 19 1 -0.6 1.00563e-23 -2.01456e-27 3.98027e-26 6.62961e+07 2.64041e+08 1.25577e+08 2.28607e+07 0 2.38895e+08 0 2.64041e+08 2.38895e+08 1.25577e+08 2.28607e+07 -1.30509e-26 -5.45659e-25 -0.00447921 0.00220673 0.0982247
87 19 2 -0.738985 0.220137 -0.00063324 0.000351336 1.01358e+08 4.03683e+08 1.9199e+08 3.49509e+07 0 3.65237e+08 0 4.03683e+08 3.65237e+08 1.9199e+08 3.49509e+07 0.000814607 0.000205192 -0.000814037 0.000907756 0.0771057
76 20 0 -0.789918 0.855621 -0.00115357 0.00112176 6.7294e+07 2.68016e+08 1.27467e+08 2.32048e+07 0 2.4249e+08 0 2.68016e+08 2.4249e+08 1.27467e+08 2.32048e+07 0.000864066 0.00100872 -6.4639e-05 0.00168076 0.0506833
64 20 1 -0.588002 0.973615 -0.0008434 0.00153208 1.5221e+07 6.06216e+07 2.88313e+07 5.24862e+06 0 5.48481e+07 0 6.06216e+07 5.48481e+07 2.88313e+07 5.24862e+06 0.00280311 0.00161358 -5.29298e-05 0.00203779 0.0481278
68 20 2 -0.794009 1.11326 -0.00108915 0.00143891 1.14573e+08 4.56318e+08 2.17023e+08 3.95081e+07 0 4.12859e+08 0 4.56318e+08 4.12859e+08 2.17023e+08 3.95081e+07 0.000681517 0.00155851 0.000589227 0.000821924 0.0461602
77 21 0 -1.03492 0.787444 -0.00130263 0.000874602 1.43633e+08 5.72054e+08 2.72066e+08 4.95285e+07 0 5.17573e+08 0 5.72054e+08 5.17573e+08 2.72066e+08 4.95285e+07 0.000481818 0.000594913 -0.000495541 0.000737442 0.0521919
76 21 1 -0.789918 0.855621 -0.00115357 0.00112176 6.7294e+07 2.68016e+08 1.27467e+08 2.32048e+07 0 2.4249e+08 0 2.68016e+08 2.4249e+08 1.27467e+08 2.32048e+07 0.000864066 0.00100872 -6.4639e-05 0.00168076 0.0506833
69 21 2 -0.947289 0.976068 -0.00125958 0.00111728 1.06775e+08 4.25258e+08 2.0225e+08 3.68188e+07 0 3.84757e+08 0 4.25258e+08 3.84757e+08 2.0225e+08 3.68188e+07 0.000701582 0.00105736 0.000349964 0.000944217 0.0486402
75 22 0 -0.60697 0.699731 -0.000902785 0.000972131 8.05362e+07 3.20756e+08 1.5255e+08 2.77711e+07 0 2.90208e+08 0 3.20756e+08 2.90208e+08 1.5255e+08 2.77711e+07 0.000900212 0.000692056 -8.02188e-05 0.000535392 0.0554121
64 22 1 -0.588002 0.973615 -0.0008434 0.00153208 1.5221e+07 6.06216e+07 2.88313e+07 5.24862e+06 0 5.48481e+07 0 6.06216e+07 5.48481e+07 2.88313e+07 5.24862e+06 0.00280311 0.00161358 -5.29298e-05 0.00203779 0.0481278
76 22 2 -0.789918 0.855621 -0.00115357 0.00112176 6.7294e+07 2.68016e+08 1.27467e+08 2.32048e+07 0 2.4249e+08 0 2.68016e+08 2.4249e+08 1.27467e+08 2.32048e+07 0.000864066 0.00100872 -6.4639e-05 0.00168076 0.0506833
84 23 0 -1.33788 0.562239 -0.00142144 0.000421735 1.12913e+08 4.49706e+08 2.13878e+08 3.89356e+07 0 4.06877e+08 0 4.49706e+08 4.06877e+08 2.13878e+08 3.89356e+07 0.000605255 0.00116193 0.000894499 0.00072646 0.0570707
89 23 1 -1.14889 0.351657 -0.00119368 0.000220956 1.03876e+07 4.13714e+07 1.9676e+07 3.58194e+06 0 3.74312e+07 0 4.13714e+07 3.74312e+07 1.9676e+07 3.58194e+06 0.00184571 0.00107799 -0.000857985 0.00319067 0.0624452
83 23 2 -1.08955 0.571044 -0.0012487 0.000659938 1.14555e+08 4.56244e+08 2.16987e+08 3.95016e+07 0 4.12792e+08 0 4.56244e+08 4.12792e+08 2.16987e+08 3.95016e+07 0.000766639 0.000719217 -0.000350206 0.000325091 0.0570476
42 24 0 0.200993 0.866751 0.00031679 0.0014761 8.50867e+07 3.3888e+08 1.61169e+08 2.93402e+07 0 3.06605e+08 0 3.3888e+08 3.06605e+08 1.61169e+08 2.93402e+07 0.00121992 0.000291202 -0.000917839 0.000825277 0.0509675
52 24 1 0.057811 0.676066 3.23527e-05 0.00115009 1.79324e+07 7.14204e+07 3.39672e+07 6.18359e+06 0 6.46185e+07 0 7.14204e+07 6.46185e+07 3.39672e+07 6.18359e+06 0.00215205 -0.00100141 -0.000207675 0.00279086 0.0575676
43 24 2 0.302649 0.648756 0.000349076 0.00121391 5.87601e+07 2.34027e+08 1.11302e+08 2.02621e+07 0 2.11739e+08 0 2.34027e+08 2.11739e+08 1.11302e+08 2.02621e+07 0.000803061 0.0012505 0.000647292 0.0020843 0.0583402
21 25 0 0.621655 1.03856 0.000690409 0.0016812 6.95124e+07 2.76851e+08 1.31669e+08 2.39698e+07 0 2.50485e+08 0 2.76851e+08 2.50485e+08 1.31669e+08 2.39698e+07 0.00113292 0.00012249 5.28151e-05 0.00107694 0.0470417
23 25 1 0.414684 1.13203 0.000421477 0.00188556 4.89892e+07 1.95112e+08 9.27943e+07 1.68928e+07 0 1.7653e+08 0 1.95112e+08 1.7653e+08 9.27943e+07 1.68928e+07 0.00115521 -0.000650699 -0.000740643 0.00212653 0.0451605
32 25 2 0.455661 0.865584 0.000561498 0.00154609 1.50791e+08 6.00563e+08 2.85625e+08 5.19968e+07 0 5.43367e+08 0 6.00563e+08 5.43367e+08 2.85625e+08 5.19968e+07 0.000698527 0.000264262 0.000190982 0.000447337 0.0508323
45 26 0 -0.00282634 0.947299 -5.05813e-05 0.00164846 6.29042e+07 2.50532e+08 1.19152e+08 2.16911e+07 0 2.26672e+08 0 2.50532e+08 2.26672e+08 1.19152e+08 2.16911e+07 0.00151207 -0.000117983 -0.00101254 0.00113439 0.0488146
54 26 1 -0.214145 0.969577 -0.000289074 0.00169647 1.21564e+08 4.8416e+08 2.30264e+08 4.19186e+07 0 4.3805e+08 0 4.8416e+08 4.3805e+08 2.30264e+08 4.19186e+07 0.000515294 -0.000126557 -0.00116748 0.000856543 0.0482265
55 26 2 -0.147816 0.754691 -0.000228639 0.00142428 8.52479e+07 3.39522e+08 1.61475e+08 2.93958e+07 0 3.07186e+08 0 3.39522e+08 3.07186e+08 1.61475e+08 2.93958e+07 0.000495167 4.06796e-05 0.00086072 0.0013024 0.0545546
33 27 0 0.155751 1.14869 2.8583e-05 0.00189182 4.21175e+07 1.67744e+08 7.97781e+07 1.45233e+07 0 1.51768e+08 0 1.67744e+08 1.51768e+08 7.97781e+07 1.45233e+07 0.00179689 0.00140093 0.000309238 0.0020027 0.0446597
45 27 1 -0.00282634 0.947299 -5.05813e-05 0.00164846 6.29042e+07 2.50532e+08 1.19152e+08 2.16911e+07 0 2.26672e+08 0 2.50532e+08 2.26672e+08 1.19152e+08 2.16911e+07 0.00151207 -0.000117983 -0.00101254 0.00113439 0.0488146
42 27 2 0.200993 0.866751 0.00031679 0.0014761 8.50867e+07 3.3888e+08 1.61169e+08 2.93402e+07 0 3.06605e+08 0 3.3888e+08 3.06605e+08 1.61169e+08 2.93402e+07 0.00121992 0.000291202 -0.000917839 0.000825277 0.0509675
33 28 0 0.155751 1.14869 2.8583e-05 0.00189182 4.21175e+07 1.67744e+08 7.97781e+07 1.45233e+07 0 1.51768e+08 0 1.67744e+08 1.51768e+08 7.97781e+07 1.45233e+07 0.00179689 0.00140093 0.000309238 0.0020027 0.0446597
44 28 1 -0.119346 1.19913 -0.00047491 0.00203906 4.98928e+07 1.98711e+08 9.4506e+07 1.72044e+07 0 1.79786e+08 0 1.98711e+08 1.79786e+08 9.4506e+07 1.72044e+07 0.00108671 -0.000144898 -0.00136827 0.00203591 0.0438313
45 28 2 -0.00282634 0.947299 -5.05813e-05 0.00164846 6.29042e+07 2.50532e+08 1.19152e+08 2.16911e+07 0 2.26672e+08 0 2.50532e+08 2.26672e+08 1.19152e+08 2.16911e+07 0.00151207 -0.000117983 -0.00101254 0.00113439 0.0488146
49 29 0 -0.569947 1.52747 -0.00106356 0.0021667 6.87371e+07 2.73763e+08 1.302e+08 2.37024e+07 0 2.47691e+08 0 2.73763e+08 2.47691e+08 1.302e+08 2.37024e+07 0.00121045 0.000998047 -0.000334551 0.00116825 0.0420748
50 29 1 -0.699057 1.44579 -0.0011601 0.00188341 9.43216e+07 3.7566e+08 1.78662e+08 3.25247e+07 0 3.39883e+08 0 3.7566e+08 3.39883e+08 1.78662e+08 3.25247e+07 0.000884503 0.00153075 -0.000591426 0.00101417 0.0429819
58 29 2 -0.593236 1.25157 -0.00096534 0.0018725 1.2092e+08 4.81595e+08 2.29044e+08 4.16965e+07 0 4.35728e+08 0 4.81595e+08 4.35728e+08 2.29044e+08 4.16965e+07 0.000604227 0.00108091 -0.000760336 0.000462441 0.0438718
65 30 0 -0.393062 0.810324 -0.000489337 0.0014398 3.6374e+07 1.44869e+08 6.88988e+07 1.25427e+07 0 1.31072e+08 0 1.44869e+08 1.31072e+08 6.88988e+07 1.25427e+07 0.00183809 0.00240168 0.00112434 0.00204555 0.0524206
74 30 1 -0.421145 0.500747 -0.000532652 0.000840842 4.89966e+07 1.95141e+08 9.28083e+07 1.68954e+07 0 1.76557e+08 0 1.95141e+08 1.76557e+08 9.28083e+07 1.68954e+07 0.00152105 1.53126e-05 -0.00133108 0.00169921 0.0644839
66 30 2 -0.285627 0.630722 -0.000406574 0.00116003 4.42924e+07 1.76406e+08 8.38977e+07 1.52732e+07 0 1.59605e+08 0 1.76406e+08 1.59605e+08 8.38977e+07 1.52732e+07 0.00144372 0.000826076 0.00017991 0.00233503 0.0590979
76 31 0 -0.789918 0.855621 -0.00115357 0.00112176 6.7294e+07 2.68016e+08 1.27467e+08 2.32048e+07 0 2.4249e+08 0 2.68016e+08 2.4249e+08 1.27467e+08 2.32048e+07 0.000864066 0.00100872 -6.4639e-05 0.00168076 0.0506833
82 31 1 -0.846127 0.628548 -0.00110292 0.000822009 9.91757e+07 3.94993e+08 1.87857e+08 3.41985e+07 0 3.57374e+08 0 3.94993e+08 3.57374e+08 1.87857e+08 3.41985e+07 0.000826853 0.000299286 -0.000463153 0.000987014 0.0566441
75 31 2 -0.60697 0.699731 -0.000902785 0.000972131 8.05362e+07 3.20756e+08 1.5255e+08 2.77711e+07 0 2.90208e+08 0 3.20756e+08 2.90208e+08 1.5255e+08 2.77711e+07 0.000900212 0.000692056 -8.02188e-05 0.000535392 0.0554121
71 32 0 -1.22883 0.871128 -0.00155321 0.000856548 2.22314e+07 8.85423e+07 4.21103e+07 7.666e+06 0 8.01097e+07 0 8.85423e+07 8.01097e+07 4.21103e+07 7.666e+06 0.00151112 0.000606446 -0.00166207 0.00210403 0.051535
77 32 1 -1.03492 0.787444 -0.00130263 0.000874602 1.43633e+08 5.72054e+08 2.72066e+08 4.95285e+07 0 5.17573e+08 0 5.72054e+08 5.17573e+08 2.72066e+08 4.95285e+07 0.000481818 0.000594913 -0.000495541 0.000737442 0.0521919
70 32 2 -1.1421 1.00981 -0.00141292 0.00109224 6.64115e+07 2.64501e+08 1.25795e+08 2.29005e+07 0 2.3931e+08 0 2.64501e+08 2.3931e+08 1.25795e+08 2.29005e+07 0.00107166 -0.000410937 0.000365261 0.00139715 0.0491967
71 33 0 -1.22883 0.871128 -0.00155321 0.000856548 2.22314e+07 8.85423e+07 4.21103e+07 7.666e+06 0 8.01097e+07 0 8.85423e+07 8.01097e+07 4.21103e+07 7.666e+06 0.00151112 0.000606446 -0.00166207 0.00210403 0.051535
78 33 1 -1.28231 0.716312 -0.00142306 0.000611462 1.3003e+08 5.17879e+08 2.463e+08 4.4838e+07 0 4.68557e+08 0 5.17879e+08 4.68557e+08 2.463e+08 4.4838e+07 0.000725062 0.00102988 -0.000791597 0.000496954 0.0542362
77 33 2 -1.03492 0.787444 -0.00130263 0.000874602 1.43633e+08 5.72054e+08 2.72066e+08 4.95285e+07 0 5.17573e+08 0 5.72054e+08 5.17573e+08 2.72066e+08 4.95285e+07 0.000481818 0.000594913 -0.000495541 0.000737442 0.0521919
87 34 0 -0.738985 0.220137 -0.00063324 0.000351336 1.01358e+08 4.03683e+08 1.9199e+08 3.49509e+07 0 3.65237e+08 0 4.03683e+08 3.65237e+08 1.9199e+08 3.49509e+07 0.000814607 0.000205192 -0.000814037 0.000907756 0.0771057
92 34 1 -0.96611 0.192282 -0.00075061 0.000219424 1.54068e+08 6.13616e+08 2.91833e+08 5.31269e+07 0 5.55177e+08 0 6.13616e+08 5.55177e+08 2.91833e+08 5.31269e+07 0.000466977 0.000945887 -0.00108216 0.000406215 0.0727234
91 34 2 -0.8 9.86508e-24 -6.35332e-27 3.5078e-26 3.94347e+07 1.57059e+08 7.46964e+07 1.35982e+07 0 1.42101e+08 0 1.57059e+08 1.42101e+08 7.46964e+07 1.35982e+07 0.000660507 -0.000187586 -0.00575122 0.00253119 0.0934535
74 35 0 -0.421145 0.500747 -0.000532652 0.000840842 4.89966e+07 1.95141e+08 9.28083e+07 1.68954e+07 0 1.76557e+08 0 1.95141e+08 1.76557e+08 9.28083e+07 1.68954e+07 0.00152105 1.53126e-05 -0.00133108 0.00169921 0.0644839
81 35 1 -0.665866 0.452799 -0.000784083 0.000638913 7.00668e+07 2.79059e+08 1.32719e+08 2.4161e+07 0 2.52482e+08 0 2.79059e+08 2.52482e+08 1.32719e+08 2.4161e+07 0.000962591 4.05275e-05 -0.00140583 0.00149735 0.0649764
80 35 2 -0.515215 0.242799 -0.000480939 0.000457993 8.73965e+07 3.48079e+08 1.65545e+08 3.01367e+07 0 3.14929e+08 0 3.48079e+08 3.14929e+08 1.65545e+08 3.01367e+07 0.00103081 0.00149248 -0.000544682 0.000742955 0.0790287
81 36 0 -0.665866 0.452799 -0.000784083 0.000638913 7.00668e+07 2.79059e+08 1.32719e+08 2.4161e+07 0 2.52482e+08 0 2.79059e+08 2.52482e+08 1.32719e+08 2.4161e+07 0.000962591 4.05275e-05 -0.00140583 0.00149735 0.0649764
88 36 1 -0.90699 0.406085 -0.000949372 0.00050742 6.55473e+07 2.61059e+08 1.24158e+08 2.26025e+07 0 2.36196e+08 0 2.61059e+08 2.36196e+08 1.24158e+08 2.26025e+07 0.000891 0.000605641 -0.00104516 0.00150363 0.0641213
87 36 2 -0.738985 0.220137 -0.00063324 0.000351336 1.01358e+08 4.03683e+08 1.9199e+08 3.49509e+07 0 3.65237e+08 0 4.03683e+08 3.65237e+08 1.9199e+08 3.49509e+07 0.000814607 0.000205192 -0.000814037 0.000907756 0.0771057
45 37 0 -0.00282634 0.947299 -5.05813e-05 0.00164846 6.29042e+07 2.50532e+08 1.19152e+08 2.16911e+07 0 2.26672e+08 0 2.50532e+08 2.26672e+08 1.19152e+08 2.16911e+07 0.00151207 -0.000117983 -0.00101254 0.00113439 0.0488146
52 37 1 0.057811 0.676066 3.23527e-05 0.00115009 1.79324e+07 7.14204e+07 3.39672e+07 6.18359e+06 0 6.46185e+07 0 7.14204e+07 6.46185e+07 3.39672e+07 6.18359e+06 0.00215205 -0.00100141 -0.000207675 0.00279086 0.0575676
42 37 2 0.200993 0.866751 0.00031679 0.0014761 8.50867e+07 3.3888e+08 1.61169e+08 2.93402e+07 0 3.06605e+08 0 3.3888e+08 3.06605e+08 1.61169e+08 2.93402e+07 0.00121992 0.000291202 -0.000917839 0.000825277 0.0509675
65 38 0 -0.393062 0.810324 -0.000489337 0.0014398 3.6374e+07 1.44869e+08 6.88988e+07 1.25427e+07 0 1.31072e+08 0 1.44869e+08 1.31072e+08 6.88988e+07 1.25427e+07 0.00183809 0.00240168 0.00112434 0.00204555 0.0524206
55 38 1 -0.147816 0.754691 -0.000228639 0.00142428 8.52479e+07 3.39522e+08 1.61475e+08 2.93958e+07 0 3.07186e+08 0 3.39522e+08 3.07186e+08 1.61475e+08 2.93958e+07 0.000495167 4.06796e-05 0.00086072 0.0013024 0.0545546
54 38 2 -0.214145 0.969577 -0.000289074 0.00169647 1.21564e+08 4.8416e+08 2.30264e+08 4.19186e+07 0 4.3805e+08 0 4.8416e+08 4.3805e+08 2.30264e+08 4.19186e+07 0.000515294 -0.000126557 -0.00116748 0.000856543 0.0482265
66 39 0 -0.285627 0.630722 -0.000406574 0.00116003 4.42924e+07 1.76406e+08 8.38977e+07 1.52732e+07 0 1.59605e+08 0 1.76406e+08 1.59605e+08 8.38977e+07 1.52732e+07 0.00144372 0.000826076 0.00017991 0.00233503 0.0590979
63 39 1 -0.135739 0.484259 -0.00015748 0.000996764 6.04165e+07 2.40624e+08 1.1444e+08 2.08333e+07 0 2.17708e+08 0 2.40624e+08 2.17708e+08 1.1444e+08 2.08333e+07 0.00127542 -0.00164883 -0.00127153 0.00148222 0.066361
55 39 2 -0.147816 0.754691 -0.000228639 0.00142428 8.52479e+07 3.39522e+08 1.61475e+08 2.93958e+07 0 3.07186e+08 0 3.39522e+08 3.07186e+08 1.61475e+08 2.93958e+07 0.000495167 4.06796e-05 0.00086072 0.0013024 0.0545546
73 40 0 -0.292696 0.252883 -0.000301865 0.000533464 1.1216e+08 4.46706e+08 2.12451e+08 3.86758e+07 0 4.04162e+08 0 4.46706e+08 4.04162e+08 2.12451e+08 3.86758e+07 0.000103641 0.000356887 -0.000607016 0.0011762 0.0801834
63 40 1 -0.135739 0.484259 -0.00015748 0.000996764 6.04165e+07 2.40624e+08 1.1444e+08 2.08333e+07 0 2.17708e+08 0 2.40624e+08 2.17708e+08 1.1444e+08 2.08333e+07 0.00127542 -0.00164883 -0.00127153 0.00148222 0.066361
74 40 2 -0.421145 0.500747 -0.000532652 0.000840842 4.89966e+07 1.95141e+08 9.28083e+07 1.68954e+07 0 1.76557e+08 0 1.95141e+08 1.76557e+08 9.28083e+07 1.68954e+07 0.00152105 1.53126e-05 -0.00133108 0.00169921 0.0644839
79 41 0 -0.4 9.74871e-24 -2.38661e-28 2.66727e-26 4.53176e+06 1.80489e+07 8.58397e+06 1.56268e+06 0 1.633e+07 0 1.80489e+07 1.633e+07 8.58397e+06 1.56268e+06 0.000988761 -4.75258e-07 -0.00272959 0.00425368 0.100874
73 41 1 -0.292696 0.252883 -0.000301865 0.000533464 1.1216e+08 4.46706e+08 2.12451e+08 3.86758e+07 0 4.04162e+08 0 4.46706e+08 4.04162e+08 2.12451e+08 3.86758e+07 0.000103641 0.000356887 -0.000607016 0.0011762 0.0801834
80 41 2 -0.515215 0.242799 -0.000480939 0.000457993 8.73965e+07 3.48079e+08 1.65545e+08 3.01367e+07 0 3.14929e+08 0 3.48079e+08 3.14929e+08 1.65545e+08 3.01367e+07 0.00103081 0.00149248 -0.000544682 0.000742955 0.0790287
72 42 0 -0.2 9.85773e-24 -5.27309e-27 3.99593e-26 5.77466e+07 2.29991e+08 1.09383e+08 1.99126e+07 0 2.08087e+08 0 2.29991e+08 2.08087e+08 1.09383e+08 1.99126e+07 -1.38025e-05 -0.0011248 -0.00174744 0.00276138 0.102235
67 42 1 2.49704e-17 9.94009e-24 2.20743e-27 3.44183e-26 7.36992e+07 2.93526e+08 1.39599e+08 2.54135e+07 0 2.65571e+08 0 2.93526e+08 2.65571e+08 1.39599e+08 2.54135e+07 -5.11838e-26 8.26221e-25 0.000532821 0.00224032 0.102642
62 42 2 -0.0733017 0.238829 -6.41992e-05 0.000506513 1.96948e+07 7.84395e+07 3.73054e+07 6.7913e+06 0 7.09691e+07 0 7.84395e+07 7.09691e+07 3.73054e+07 6.7913e+06 0.00178074 -0.00114555 -9.74135e-05 0.00236045 0.0819595
62 43 0 -0.0733017 0.238829 -6.41992e-05 0.000506513 1.96948e+07 7.84395e+07 3.73054e+07 6.7913e+06 0 7.09691e+07 0 7.84395e+07 7.09691e+07 3.73054e+07 6.7913e+06 0.00178074 -0.00114555 -9.74135e-05 0.00236045 0.0819595
67 43 1 2.49704e-17 9.94009e-24 2.20743e-27 3.44183e-26 7.36992e+07 2.93526e+08 1.39599e+08 2.54135e+07 0 2.65571e+08 0 2.93526e+08 2.65571e+08 1.39599e+08 2.54135e+07 -5.11838e-26 8.26221e-25 0.000532821 0.00224032 0.102642
57 43 2 0.111624 0.193404 0.000100571 0.000405378 1.08436e+08 4.31873e+08 2.05396e+08 3.73916e+07 0 3.90742e+08 0 4.31873e+08 3.90742e+08 2.05396e+08 3.73916e+07 0.000108325 0.000960988 0.000533194 0.00134093 0.0853374
70 44 0 -1.1421 1.00981 -0.00141292 0.00109224 6.64115e+07 2.64501e+08 1.25795e+08 2.29005e+07 0 2.3931e+08 0 2.64501e+08 2.3931e+08 1.25795e+08 2.29005e+07 0.00107166 -0.000410937 0.000365261 0.00139715 0.0491967
77 44 1 -1.03492 0.787444 -0.00130263 0.000874602 1.43633e+08 5.72054e+08 2.72066e+08 4.95285e+07 0 5.17573e+08 0 5.72054e+08 5.17573e+08 2.72066e+08 4.95285e+07 0.000481818 0.000594913 -0.000495541 0.000737442 0.0521919
69 44 2 -0.947289 0.976068 -0.00125958 0.00111728 1.06775e+08 4.25258e+08 2.0225e+08 3.68188e+07 0 3.84757e+08 0 4.25258e+08 3.84757e+08 2.0225e+08 3.68188e+07 0.000701582 0.00105736 0.000349964 0.000944217 0.0486402
58 45 0 -0.593236 1.25157 -0.00096534 0.0018725 1.2092e+08 4.81595e+08 2.29044e+08 4.16965e+07 0 4.35728e+08 0 4.81595e+08 4.35728e+08 2.29044e+08 4.16965e+07 0.000604227 0.00108091 -0.000760336 0.000462441 0.0438718
53 45 1 -0.381857 1.09749 -0.000611283 0.00186019 9.01282e+07 3.58959e+08 1.70719e+08 3.10787e+07 0 3.24772e+08 0 3.58959e+08 3.24772e+08 1.70719e+08 3.10787e+07 0.000705624 -0.000199523 -0.00203852 0.000906502 0.04563
48 45 2 -0.365597 1.34611 -0.00082195 0.00211185 9.92647e+07 3.95347e+08 1.88025e+08 3.42292e+07 0 3.57695e+08 0 3.95347e+08 3.57695e+08 1.88025e+08 3.42292e+07 0.000783069 0.000615526 -0.000157949 0.000965893 0.0423845
59 46 0 -0.828064 1.36395 -0.00120441 0.00161854 1.15731e+08 4.60927e+08 2.19214e+08 3.99071e+07 0 4.17029e+08 0 4.60927e+08 4.17029e+08 2.19214e+08 3.99071e+07 0.00062018 0.00141706 -0.000946486 0.000931935 0.0441107
58 46 1 -0.593236 1.25157 -0.00096534 0.0018725 1.2092e+08 4.81595e+08 2.29044e+08 4.16965e+07 0 4.35728e+08 0 4.81595e+08 4.35728e+08 2.29044e+08 4.16965e+07 0.000604227 0.00108091 -0.000760336 0.000462441 0.0438718
50 46 2 -0.699057 1.44579 -0.0011601 0.00188341 9.43216e+07 3.7566e+08 1.78662e+08 3.25247e+07 0 3.39883e+08 0 3.7566e+08 3.39883e+08 1.78662e+08 3.25247e+07 0.000884503 0.00153075 -0.000591426 0.00101417 0.0429819
68 47 0 -0.794009 1.11326 -0.00108915 0.00143891 1.14573e+08 4.56318e+08 2.17023e+08 3.95081e+07 0 4.12859e+08 0 4.56318e+08 4.12859e+08 2.17023e+08 3.95081e+07 0.000681517 0.00155851 0.000589227 0.000821924 0.0461602
64 47 1 -0.588002 0.973615 -0.0008434 0.00153208 1.5221e+07 6.06216e+07 2.88313e+07 5.24862e+06 0 5.48481e+07 0 6.06216e+07 5.48481e+07 2.88313e+07 5.24862e+06 0.00280311 0.00161358 -5.29298e-05 0.00203779 0.0481278
58 47 2 -0.593236 1.25157 -0.00096534 0.0018725 1.2092e+08 4.81595e+08 2.29044e+08 4.16965e+07 0 4.35728e+08 0 4.81595e+08 4.35728e+08 2.29044e+08 4.16965e+07 0.000604227 0.00108091 -0.000760336 0.000462441 0.0438718
61 48 0 -1.05508 1.14831 -0.00129902 0.00123408 9.49156e+07 3.78026e+08 1.79787e+08 3.27295e+07 0 3.42023e+08 0 3.78026e+08 3.42023e+08 1.79787e+08 3.27295e+07 0.000783735 0.000237441 -0.000536828 0.00103685 0.0471605
69 48 1 -0.947289 0.976068 -0.00125958 0.00111728 1.06775e+08 4.25258e+08 2.0225e+08 3.68188e+07 0 3.84757e+08 0 4.25258e+08 3.84757e+08 2.0225e+08 3.68188e+07 0.000701582 0.00105736 0.000349964 0.000944217 0.0486402
68 48 2 -0.794009 1.11326 -0.00108915 0.00143891 1.14573e+08 4.56318e+08 2.17023e+08 3.95081e+07 0 4.12859e+08 0 4.56318e+08 4.12859e+08 2.17023e+08 3.95081e+07 0.000681517 0.00155851 0.000589227 0.000821924 0.0461602
75 49 0 -0.60697 0.699731 -0.000902785 0.000972131 8.05362e+07 3.20756e+08 1.5255e+08 2.77711e+07 0 2.90208e+08 0 3.20756e+08 2.90208e+08 1.5255e+08 2.77711e+07 0.000900212 0.000692056 -8.02188e-05 0.000535392 0.0554121
74 49 1 -0.421145 0.500747 -0.000532652 0.000840842 4.89966e+07 1.95141e+08 9.28083e+07 1.68954e+07 0 1.76557e+08 0 1.95141e+08 1.76557e+08 9.28083e+07 1.68954e+07 0.00152105 1.53126e-05 -0.00133108 0.00169921 0.0644839
65 49 2 -0.393062 0.810324 -0.000489337 0.0014398 3.6374e+07 1.44869e+08 6.88988e+07 1.25427e+07 0 1.31072e+08 0 1.44869e+08 1.31072e+08 6.88988e+07 1.25427e+07 0.00183809 0.00240168 0.00112434 0.00204555 0.0524206
81 50 0 -0.665866 0.452799 -0.000784083 0.000638913 7.00668e+07 2.79059e+08 1.32719e+08 2.4161e+07 0 2.52482e+08 0 2.79059e+08 2.52482e+08 1.32719e+08 2.4161e+07 0.000962591 4.05275e-05 -0.00140583 0.00149735 0.0649764
75 50 1 -0.60697 0.699731 -0.000902785 0.000972131 8.05362e+07 3.20756e+08 1.5255e+08 2.77711e+07 0 2.90208e+08 0 3.20756e+08 2.90208e+08 1.5255e+08 2.77711e+07 0.000900212 0.000692056 -8.02188e-05 0.000535392 0.0554121
82 50 2 -0.846127 0.628548 -0.00110292 0.000822009 9.91757e+07 3.94993e+08 1.87857e+08 3.41985e+07 0 3.57374e+08 0 3.94993e+08 3.57374e+08 1.87857e+08 3.41985e+07 0.000826853 0.000299286 -0.000463153 0.000987014 0.0566441
73 51 0 -0.292696 0.252883 -0.000301865 0.000533464 1.1216e+08 4.46706e+08 2.12451e+08 3.86758e+07 0 4.04162e+08 0 4.46706e+08 4.04162e+08 2.12451e+08 3.86758e+07 0.000103641 0.000356887 -0.000607016 0.0011762 0.0801834
74 51 1 -0.421145 0.500747 -0.000532652 0.000840842 4.89966e+07 1.95141e+08 9.28083e+07 1.68954e+07 0 1.76557e+08 0 1.95141e+08 1.76557e+08 9.28083e+07 1.68954e+07 0.00152105 1.53126e-05 -0.00133108 0.00169921 0.0644839
80 51 2 -0.515215 0.242799 -0.000480939 0.000457993 8.73965e+07 3.48079e+08 1.65545e+08 3.01367e+07 0 3.14929e+08 0 3.48079e+08 3.14929e+08 1.65545e+08 3.01367e+07 0.00103081 0.00149248 -0.000544682 0.000742955 0.0790287
65 52 0 -0.393062 0.810324 -0.000489337 0.0014398 3.6374e+07 1.44869e+08 6.88988e+07 1.25427e+07 0 1.31072e+08 0 1.44869e+08 1.31072e+08 6.88988e+07 1.25427e+07 0.00183809 0.00240168 0.00112434 0.00204555 0.0524206
54 52 1 -0.214145 0.969577 -0.000289074 0.00169647 1.21564e+08 4.8416e+08 2.30264e+08 4.19186e+07 0 4.3805e+08 0 4.8416e+08 4.3805e+08 2.30264e+08 4.19186e+07 0.000515294 -0.000126557 -0.00116748 0.000856543 0.0482265
53 52 2 -0.381857 1.09749 -0.000611283 0.00186019 9.01282e+07 3.58959e+08 1.70719e+08 3.10787e+07 0 3.24772e+08 0 3.58959e+08 3.24772e+08 1.70719e+08 3.10787e+07 0.000705624 -0.000199523 -0.00203852 0.000906502 0.04563
75 53 0 -0.60697 0.699731 -0.000902785 0.000972131 8.05362e+07 3.20756e+08 1.5255e+08 2.77711e+07 0 2.90208e+08 0 3.20756e+08 2.90208e+08 1.5255e+08 2.77711e+07 0.000900212 0.000692056 -8.02188e-05 0.000535392 0.0554121
65 53 1 -0.393062 0.810324 -0.000489337 0.0014398 3.6374e+07 1.44869e+08 6.88988e+07 1.25427e+07 0 1.31072e+08 0 1.44869e+08 1.31072e+08 6.88988e+07 1.25427e+07 0.00183809 0.00240168 0.00112434 0.00204555 0.0524206
64 53 2 -0.588002 0.973615 -0.0008434 0.00153208 1.5221e+07 6.06216e+07 2.88313e+07 5.24862e+06 0 5.48481e+07 0 6.06216e+07 5.48481e+07 2.88313e+07 5.24862e+06 0.00280311 0.00161358 -5.29298e-05 0.00203779 0.0481278
66 54 0 -0.285627 0.630722 -0.000406574 0.00116003 4.42924e+07 1.76406e+08 8.38977e+07 1.52732e+07 0 1.59605e+08 0 1.76406e+08 1.59605e+08 8.38977e+07 1.52732e+07 0.00144372 0.000826076 0.00017991 0.00233503 0.0590979
55 54 1 -0.147816 0.754691 -0.000228639 0.00142428 8.52479e+07 3.39522e+08 1.61475e+08 2.93958e+07 0 3.07186e+08 0 3.39522e+08 3.07186e+08 1.61475e+08 2.93958e+07 0.000495167 4.06796e-05 0.00086072 0.0013024 0.0545546
65 54 2 -0.393062 0.810324 -0.000489337 0.0014398 3.6374e+07 1.44869e+08 6.88988e+07 1.25427e+07 0 1.31072e+08 0 1.44869e+08 1.31072e+08 6.88988e+07 1.25427e+07 0.00183809 0.00240168 0.00112434 0.00204555 0.0524206
63 55 0 -0.135739 0.484259 -0.00015748 0.000996764 6.04165e+07 2.40624e+08 1.1444e+08 2.08333e+07 0 2.17708e+08 0 2.40624e+08 2.17708e+08 1.1444e+08 2.08333e+07 0.00127542 -0.00164883 -0.00127153 0.00148222 0.066361
66 55 1 -0.285627 0.630722 -0.000406574 0.00116003 4.42924e+07 1.76406e+08 8.38977e+07 1.52732e+07 0 1.59605e+08 0 1.76406e+08 1.59605e+08 8.38977e+07 1.52732e+07 0.00144372 0.000826076 0.00017991 0.00233503 0.0590979
74 55 2 -0.421145 0.500747 -0.000532652 0.000840842 4.89966e+07 1.95141e+08 9.28083e+07 1.68954e+07 0 1.76557e+08 0 1.95141e+08 1.76557e+08 9.28083e+07 1.68954e+07 0.00152105 1.53126e-05 -0.00133108 0.00169921 0.0644839
63 56 0 -0.135739 0.484259 -0.00015748 0.000996764 6.04165e+07 2.40624e+08 1.1444e+08 2.08333e+07 0 2.17708e+08 0 2.40624e+08 2.17708e+08 1.1444e+08 2.08333e+07 0.00127542 -0.00164883 -0.00127153 0.00148222 0.066361
52 56 1 0.057811 0.676066 3.23527e-05 0.00115009 1.79324e+07 7.14204e+07 3.39672e+07 6.18359e+06 0 6.46185e+07 0 7.14204e+07 6.46185e+07 3.39672e+07 6.18359e+06 0.00215205 -0.00100141 -0.000207675 0.00279086 0.0575676
55 56 2 -0.147816 0.754691 -0.000228639 0.00142428 8.52479e+07 3.39522e+08 1.61475e+08 2.93958e+07 0 3.07186e+08 0 3.39522e+08 3.07186e+08 1.61475e+08 2.93958e+07 0.000495167 4.06796e-05 0.00086072 0.0013024 0.0545546
59 57 0 -0.828064 1.36395 -0.00120441 0.00161854 1.15731e+08 4.60927e+08 2.19214e+08 3.99071e+07 0 4.17029e+08 0 4.60927e+08 4.17029e+08 2.19214e+08 3.99071e+07 0.00062018 0.00141706 -0.000946486 0.000931935 0.0441107
60 57 1 -0.94093 1.25545 -0.00123922 0.00142873 6.09163e+07 2.42615e+08 1.15386e+08 2.10056e+07 0 2.19509e+08 0 2.42615e+08 2.19509e+08 1.15386e+08 2.10056e+07 0.00115321 0.000791057 -0.000410397 0.00150082 0.0455387
68 57 2 -0.794009 1.11326 -0.00108915 0.00143891 1.14573e+08 4.56318e+08 2.17023e+08 3.95081e+07 0 4.12859e+08 0 4.56318e+08 4.12859e+08 2.17023e+08 3.95081e+07 0.000681517 0.00155851 0.000589227 0.000821924 0.0461602
49 58 0 -0.569947 1.52747 -0.00106356 0.0021667 6.87371e+07 2.73763e+08 1.302e+08 2.37024e+07 0 2.47691e+08 0 2.73763e+08 2.47691e+08 1.302e+08 2.37024e+07 0.00121045 0.000998047 -0.000334551 0.00116825 0.0420748
58 58 1 -0.593236 1.25157 -0.00096534 0.0018725 1.2092e+08 4.81595e+08 2.29044e+08 4.16965e+07 0 4.35728e+08 0 4.81595e+08 4.35728e+08 2.29044e+08 4.16965e+07 0.000604227 0.00108091 -0.000760336 0.000462441 0.0438718
48 58 2 -0.365597 1.34611 -0.00082195 0.00211185 9.92647e+07 3.95347e+08 1.88025e+08 3.42292e+07 0 3.57695e+08 0 3.95347e+08 3.57695e+08 1.88025e+08 3.42292e+07 0.000783069 0.000615526 -0.000157949 0.000965893 0.0423845
62 59 0 -0.0733017 0.238829 -6.41992e-05 0.000506513 1.96948e+07 7.84395e+07 3.73054e+07 6.7913e+06 0 7.09691e+07 0 7.84395e+07 7.09691e+07 3.73054e+07 6.7913e+06 0.00178074 -0.00114555 -9.74135e-05 0.00236045 0.0819595
51 59 1 0.135842 0.427347 0.000135124 0.000703486 1.04067e+08 4.14473e+08 1.97121e+08 3.58851e+07 0 3.75e+08 0 4.14473e+08 3.75e+08 1.97121e+08 3.58851e+07 0.000668736 -0.000105379 0.000266243 0.000453142 0.0694818
63 59 2 -0.135739 0.484259 -0.00015748 0.000996764 6.04165e+07 2.40624e+08 1.1444e+08 2.08333e+07 0 2.17708e+08 0 2.40624e+08 2.17708e+08 1.1444e+08 2.08333e+07 0.00127542 -0.00164883 -0.00127153 0.00148222 0.066361
56 60 0 0.2 9.71855e-24 -1.86345e-27 3.24998e-26 2.13238e+07 8.49275e+07 4.03911e+07 7.35303e+06 0 7.68392e+07 0 8.49275e+07 7.68392e+07 4.03911e+07 7.35303e+06 1.18621e-25 6.24688e-25 0.0012603 0.00409641 0.102208
57 60 1 0.111624 0.193404 0.000100571 0.000405378 1.08436e+08 4.31873e+08 2.05396e+08 3.73916e+07 0 3.90742e+08 0 4.31873e+08 3.90742e+08 2.05396e+08 3.73916e+07 0.000108325 0.000960988 0.000533194 0.00134093 0.0853374
67 60 2 2.49704e-17 9.94009e-24 2.20743e-27 3.44183e-26 7.36992e+07 2.93526e+08 1.39599e+08 2.54135e+07 0 2.65571e+08 0 2.93526e+08 2.65571e+08 1.39599e+08 2.54135e+07 -5.11838e-26 8.26221e-25 0.000532821 0.00224032 0.102642
47 61 0 0.302539 0.224236 0.000234256 0.000535131 7.26959e+07 2.8953e+08 1.37699e+08 2.50675e+07 0 2.61956e+08 0 2.8953e+08 2.61956e+08 1.37699e+08 2.50675e+07 0.000693638 -0.00020994 0.000492212 0.0014787 0.0821951
51 61 1 0.135842 0.427347 0.000135124 0.000703486 1.04067e+08 4.14473e+08 1.97121e+08 3.58851e+07 0 3.75e+08 0 4.14473e+08 3.75e+08 1.97121e+08 3.58851e+07 0.000668736 -0.000105379 0.000266243 0.000453142 0.0694818
57 61 2 0.111624 0.193404 0.000100571 0.000405378 1.08436e+08 4.31873e+08 2.05396e+08 3.73916e+07 0 3.90742e+08 0 4.31873e+08 3.90742e+08 2.05396e+08 3.73916e+07 0.000108325 0.000960988 0.000533194 0.00134093 0.0853374
39 62 0 -0.155158 1.44741 -0.000659405 0.00237612 1.0232e+08 4.07517e+08 1.93813e+08 3.52828e+07 0 3.68706e+08 0 4.07517e+08 3.68706e+08 1.93813e+08 3.52828e+07 0.000478261 0.00186452 0.000107812 0.000927348 0.0413259
48 62 1 -0.365597 1.34611 -0.00082195 0.00211185 9.92647e+07 3.95347e+08 1.88025e+08 3.42292e+07 0 3.57695e+08 0 3.95347e+08 3.57695e+08 1.88025e+08 3.42292e+07 0.000783069 0.000615526 -0.000157949 0.000965893 0.0423845
44 62 2 -0.119346 1.19913 -0.00047491 0.00203906 4.98928e+07 1.98711e+08 9.4506e+07 1.72044e+07 0 1.79786e+08 0 1.98711e+08 1.79786e+08 9.4506e+07 1.72044e+07 0.00108671 -0.000144898 -0.00136827 0.00203591 0.0438313
47 63 0 0.302539 0.224236 0.000234256 0.000535131 7.26959e+07 2.8953e+08 1.37699e+08 2.50675e+07 0 2.61956e+08 0 2.8953e+08 2.61956e+08 1.37699e+08 2.50675e+07 0.000693638 -0.00020994 0.000492212 0.0014787 0.0821951
57 63 1 0.111624 0.193404 0.000100571 0.000405378 1.08436e+08 4.31873e+08 2.05396e+08 3.73916e+07 0 3.90742e+08 0 4.31873e+08 3.90742e+08 2.05396e+08 3.73916e+07 0.000108325 0.000960988 0.000533194 0.00134093 0.0853374
56 63 2 0.2 9.71855e-24 -1.86345e-27 3.24998e-26 2.13238e+07 8.49275e+07 4.03911e+07 7.35303e+06 0 7.68392e+07 0 8.49275e+07 7.68392e+07 4.03911e+07 7.35303e+06 1.18621e-25 6.24688e-25 0.0012603 0.00409641 0.102208
48 64 0 -0.365597 1.34611 -0.00082195 0.00211185 9.92647e+07 3.95347e+08 1.88025e+08 3.42292e+07 0 3.57695e+08 0 3.95347e+08 3.57695e+08 1.88025e+08 3.42292e+07 0.000783069 0.000615526 -0.000157949 0.000965893 0.0423845
39 64 1 -0.155158 1.44741 -0.000659405 0.00237612 1.0232e+08 4.07517e+08 1.93813e+08 3.52828e+07 0 3.68706e+08 0 4.07517e+08 3.68706e+08 1.93813e+08 3.52828e+07 0.000478261 0.00186452 0.000107812 0.000927348 0.0413259
40 64 2 -0.385306 1.59366 -0.000935667 0.00230931 1.30643e+08 5.20321e+08 2.47462e+08 4.50494e+07 0 4.70766e+08 0 5.20321e+08 4.70766e+08 2.47462e+08 4.50494e+07 0.00017228 0.000450195 -0.00177674 0.000524295 0.0412785
49 65 0 -0.569947 1.52747 -0.00106356 0.0021667 6.87371e+07 2.73763e+08 1.302e+08 2.37024e+07 0 2.47691e+08 0 2.73763e+08 2.47691e+08 1.302e+08 2.37024e+07 0.00121045 0.000998047 -0.000334551 0.00116825 0.0420748
48 65 1 -0.365597 1.34611 -0.00082195 0.00211185 9.92647e+07 3.95347e+08 1.88025e+08 3.42292e+07 0 3.57695e+08 0 3.95347e+08 3.57695e+08 1.88025e+08 3.42292e+07 0.000783069 0.000615526 -0.000157949 0.000965893 0.0423845
40 65 2 -0.385306 1.59366 -0.000935667 0.00230931 1.30643e+08 5.20321e+08 2.47462e+08 4.50494e+07 0 4.70766e+08 0 5.20321e+08 4.70766e+08 2.47462e+08 4.50494e+07 0.00017228 0.000450195 -0.00177674 0.000524295 0.0412785
53 66 0 -0.381857 1.09749 -0.000611283 0.00186019 9.01282e+07 3.58959e+08 1.70719e+08 3.10787e+07 0 3.24772e+08 0 3.58959e+08 3.24772e+08 1.70719e+08 3.10787e+07 0.000705624 -0.000199523 -0.00203852 0.000906502 0.04563
44 66 1 -0.119346 1.19913 -0.00047491 0.00203906 4.98928e+07 1.98711e+08 9.4506e+07 1.72044e+07 0 1.79786e+08 0 1.98711e+08 1.79786e+08 9.4506e+07 1.72044e+07 0.00108671 -0.000144898 -0.00136827 0.00203591 0.0438313
48 66 2 -0.365597 1.34611 -0.00082195 0.00211185 9.92647e+07 3.95347e+08 1.88025e+08 3.42292e+07 0 3.57695e+08 0 3.95347e+08 3.57695e+08 1.88025e+08 3.42292e+07 0.000783069 0.000615526 -0.000157949 0.000965893 0.0423845
39 67 0 -0.155158 1.44741 -0.000659405 0.00237612 1.0232e+08 4.07517e+08 1.93813e+08 3.52828e+07 0 3.68706e+08 0 4.07517e+08 3.68706e+08 1.93813e+08 3.52828e+07 0.000478261 0.00186452 0.000107812 0.000927348 0.0413259
30 67 1 0.00223926 1.65046 -0.000452054 0.00282006 1.11133e+08 4.42617e+08 2.10506e+08 3.83218e+07 0 4.00463e+08 0 4.42617e+08 4.00463e+08 2.10506e+08 3.83218e+07 0.00077757 0.00160132 0.000594605 0.000446503 0.0406713
29 67 2 -0.193117 1.63286 -0.000772032 0.00267981 3.29996e+06 1.3143e+07 6.25072e+06 1.13792e+06 0 1.18912e+07 0 1.3143e+07 1.18912e+07 6.25072e+06 1.13792e+06 0.00205413 0.00257069 -0.000789948 0.00356734 0.0408072
40 68 0 -0.385306 1.59366 -0.000935667 0.00230931 1.30643e+08 5.20321e+08 2.47462e+08 4.50494e+07 0 4.70766e+08 0 5.20321e+08 4.70766e+08 2.47462e+08 4.50494e+07 0.00017228 0.000450195 -0.00177674 0.000524295 0.0412785
39 68 1 -0.155158 1.44741 -0.000659405 0.00237612 1.0232e+08 4.07517e+08 1.93813e+08 3.52828e+07 0 3.68706e+08 0 4.07517e+08 3.68706e+08 1.93813e+08 3.52828e+07 0.000478261 0.00186452 0.000107812 0.000927348 0.0413259
29 68 2 -0.193117 1.63286 -0.000772032 0.00267981 3.29996e+06 1.3143e+07 6.25072e+06 1.13792e+06 0 1.18912e+07 0 1.3143e+07 1.18912e+07 6.25072e+06 1.13792e+06 0.00205413 0.00257069 -0.000789948 0.00356734 0.0408072
44 69 0 -0.119346 1.19913 -0.00047491 0.00203906 4.98928e+07 1.98711e+08 9.4506e+07 1.72044e+07 0 1.79786e+08 0 1.98711e+08 1.79786e+08 9.4506e+07 1.72044e+07 0.00108671 -0.000144898 -0.00136827 0.00203591 0.0438313
33 69 1 0.155751 1.14869 2.8583e-05 0.00189182 4.21175e+07 1.67744e+08 7.97781e+07 1.45233e+07 0 1.51768e+08 0 1.67744e+08 1.51768e+08 7.97781e+07 1.45233e+07 0.00179689 0.00140093 0.000309238 0.0020027 0.0446597
34 69 2 0.0889198 1.40298 -0.000253461 0.00256326 1.49657e+07 5.96049e+07 2.83478e+07 5.1606e+06 0 5.39282e+07 0 5.96049e+07 5.39282e+07 2.83478e+07 5.1606e+06 0.00314956 -0.0010904 -0.00121273 0.00305404 0.0416106
54 70 0 -0.214145 0.969577 -0.000289074 0.00169647 1.21564e+08 4.8416e+08 2.30264e+08 4.19186e+07 0 4.3805e+08 0 4.8416e+08 4.3805e+08 2.30264e+08 4.19186e+07 0.000515294 -0.000126557 -0.00116748 0.000856543 0.0482265
44 70 1 -0.119346 1.19913 -0.00047491 0.00203906 4.98928e+07 1.98711e+08 9.4506e+07 1.72044e+07 0 1.79786e+08 0 1.98711e+08 1.79786e+08 9.4506e+07 1.72044e+07 0.00108671 -0.000144898 -0.00136827 0.00203591 0.0438313
53 70 2 -0.381857 1.09749 -0.000611283 0.00186019 9.01282e+07 3.58959e+08 1.70719e+08 3.10787e+07 0 3.24772e+08 0 3.58959e+08 3.24772e+08 1.70719e+08 3.10787e+07 0.000705624 -0.000199523 -0.00203852 0.000906502 0.04563
64 71 0 -0.588002 0.973615 -0.0008434 0.00153208 1.5221e+07 6.06216e+07 2.88313e+07 5.24862e+06 0 5.48481e+07 0 6.06216e+07 5.48481e+07 2.88313e+07 5.24862e+06 0.00280311 0.00161358 -5.29298e-05 0.00203779 0.0481278
65 71 1 -0.393062 0.810324 -0.000489337 0.0014398 3.6374e+07 1.44869e+08 6.88988e+07 1.25427e+07 0 1.31072e+08 0 1.44869e+08 1.31072e+08 6.88988e+07 1.25427e+07 0.00183809 0.00240168 0.00112434 0.00204555 0.0524206
53 71 2 -0.381857 1.09749 -0.000611283 0.00186019 9.01282e+07 3.58959e+08 1.70719e+08 3.10787e+07 0 3.24772e+08 0 3.58959e+08 3.24772e+08 1.70719e+08 3.10787e+07 0.000705624 -0.000199523 -0.00203852 0.000906502 0.04563
55 72 0 -0.147816 0.754691 -0.000228639 0.00142428 8.52479e+07 3.39522e+08 1.61475e+08 2.93958e+07 0 3.07186e+08 0 3.39522e+08 3.07186e+08 1.61475e+08 2.93958e+07 0.000495167 4.06796e-05 0.00086072 0.0013024 0.0545546
52 72 1 0.057811 0.676066 3.23527e-05 0.00115009 1.79324e+07 7.14204e+07 3.39672e+07 6.18359e+06 0 6.46185e+07 0 7.14204e+07 6.46185e+07 3.39672e+07 6.18359e+06 0.00215205 -0.00100141 -0.000207675 0.00279086 0.0575676
45 72 2 -0.00282634 0.947299 -5.05813e-05 0.00164846 6.29042e+07 2.50532e+08 1.19152e+08 2.16911e+07 0 2.26672e+08 0 2.50532e+08 2.26672e+08 1.19152e+08 2.16911e+07 0.00151207 -0.000117983 -0.00101254 0.00113439 0.0488146
34 73 0 0.0889198 1.40298 -0.000253461 0.00256326 1.49657e+07 5.96049e+07 2.83478e+07 5.1606e+06 0 5.39282e+07 0 5.96049e+07 5.39282e+07 2.83478e+07 5.1606e+06 0.00314956 -0.0010904 -0.00121273 0.00305404 0.0416106
30 73 1 0.00223926 1.65046 -0.000452054 0.00282006 1.11133e+08 4.42617e+08 2.10506e+08 3.83218e+07 0 4.00463e+08 0 4.42617e+08 4.00463e+08 2.10506e+08 3.83218e+07 0.00077757 0.00160132 0.000594605 0.000446503 0.0406713
39 73 2 -0.155158 1.44741 -0.000659405 0.00237612 1.0232e+08 4.07517e+08 1.93813e+08 3.52828e+07 0 3.68706e+08 0 4.07517e+08 3.68706e+08 1.93813e+08 3.52828e+07 0.000478261 0.00186452 0.000107812 0.000927348 0.0413259
56 74 0 0.2 9.71855e-24 -1.86345e-27 3.24998e-26 2.13238e+07 8.49275e+07 4.03911e+07 7.35303e+06 0 7.68392e+07 0 8.49275e+07 7.68392e+07 4.03911e+07 7.35303e+06 1.18621e-25 6.24688e-25 0.0012603 0.00409641 0.102208
46 74 1 0.4 9.9619e-24 -5.28902e-28 3.36384e-26 4.58611e+07 1.82654e+08 8.68691e+07 1.58142e+07 0 1.65258e+08 0 1.82654e+08 1.65258e+08 8.68691e+07 1.58142e+07 1.68716e-18 1.23506e-18 0.00251166 0.00261575 0.100848
47 74 2 0.302539 0.224236 0.000234256 0.000535131 7.26959e+07 2.8953e+08 1.37699e+08 2.50675e+07 0 2.61956e+08 0 2.8953e+08 2.61956e+08 1.37699e+08 2.50675e+07 0.000693638 -0.00020994 0.000492212 0.0014787 0.0821951
32 75 0 0.455661 0.865584 0.000561498 0.00154609 1.50791e+08 6.00563e+08 2.85625e+08 5.19968e+07 0 5.43367e+08 0 6.00563e+08 5.43367e+08 2.85625e+08 5.19968e+07 0.000698527 0.000264262 0.000190982 0.000447337 0.0508323
42 75 1 0.200993 0.866751 0.00031679 0.0014761 8.50867e+07 3.3888e+08 1.61169e+08 2.93402e+07 0 3.06605e+08 0 3.3888e+08 3.06605e+08 1.61169e+08 2.93402e+07 0.00121992 0.000291202 -0.000917839 0.000825277 0.0509675
43 75 2 0.302649 0.648756 0.000349076 0.00121391 5.87601e+07 2.34027e+08 1.11302e+08 2.02621e+07 0 2.11739e+08 0 2.34027e+08 2.11739e+08 1.11302e+08 2.02621e+07 0.000803061 0.0012505 0.000647292 0.0020843 0.0583402
24 76 0 0.289685 1.61485 -0.000108691 0.00270228 6.67451e+07 2.6583e+08 1.26427e+08 2.30155e+07 0 2.40512e+08 0 2.6583e+08 2.40512e+08 1.26427e+08 2.30155e+07 0.00132847 -0.0020131 -0.00166408 0.00119927 0.0410832
22 76 1 0.340094 1.36009 0.000242249 0.00234238 8.37434e+07 3.3353e+08 1.58625e+08 2.8877e+07 0 3.01765e+08 0 3.3353e+08 3.01765e+08 1.58625e+08 2.8877e+07 0.000687875 4.44295e-05 -0.000192818 0.00127792 0.0422979
13 76 2 0.560866 1.52487 0.000313778 0.00266327 8.85222e+07 3.52562e+08 1.67677e+08 3.05249e+07 0 3.18985e+08 0 3.52562e+08 3.18985e+08 1.67677e+08 3.05249e+07 0.00109673 0.00130777 -0.00133002 0.000805133 0.0421971
24 77 0 0.289685 1.61485 -0.000108691 0.00270228 6.67451e+07 2.6583e+08 1.26427e+08 2.30155e+07 0 2.40512e+08 0 2.6583e+08 2.40512e+08 1.26427e+08 2.30155e+07 0.00132847 -0.0020131 -0.00166408 0.00119927 0.0410832
30 77 1 0.00223926 1.65046 -0.000452054 0.00282006 1.11133e+08 4.42617e+08 2.10506e+08 3.83218e+07 0 4.00463e+08 0 4.42617e+08 4.00463e+08 2.10506e+08 3.83218e+07 0.00077757 0.00160132 0.000594605 0.000446503 0.0406713
34 77 2 0.0889198 1.40298 -0.000253461 0.00256326 1.49657e+07 5.96049e+07 2.83478e+07 5.1606e+06 0 5.39282e+07 0 5.96049e+07 5.39282e+07 2.83478e+07 5.1606e+06 0.00314956 -0.0010904 -0.00121273 0.00305404 0.0416106
36 78 0 0.558525 0.642337 0.000633707 0.00117146 2.2267e+07 8.86841e+07 4.21777e+07 7.67828e+06 0 8.0238e+07 0 8.86841e+07 8.0238e+07 4.21777e+07 7.67828e+06 0.0011397 -0.00166914 -0.000557172 0.00362812 0.0577493
43 78 1 0.302649 0.648756 0.000349076 0.00121391 5.87601e+07 2.34027e+08 1.11302e+08 2.02621e+07 0 2.11739e+08 0 2.34027e+08 2.11739e+08 1.11302e+08 2.02621e+07 0.000803061 0.0012505 0.000647292 0.0020843 0.0583402
41 78 2 0.407627 0.437376 0.000447512 0.000865317 4.85536e+07 1.93377e+08 9.19693e+07 1.67426e+07 0 1.7496e+08 0 1.93377e+08 1.7496e+08 9.19693e+07 1.67426e+07 0.00154451 -1.20389e-05 0.000405346 0.00172904 0.0678633
26 79 0 0.820567 0.625699 0.00101496 0.00099474 9.74252e+06 3.88021e+07 1.84541e+07 3.35949e+06 0 3.51067e+07 0 3.88021e+07 3.51067e+07 1.84541e+07 3.35949e+06 0.00168151 0.00117389 0.00117191 0.00399899 0.0570521
36 79 1 0.558525 0.642337 0.000633707 0.00117146 2.2267e+07 8.86841e+07 4.21777e+07 7.67828e+06 0 8.0238e+07 0 8.86841e+07 8.0238e+07 4.21777e+07 7.67828e+06 0.0011397 -0.00166914 -0.000557172 0.00362812 0.0577493
31 79 2 0.659662 0.430482 0.000715768 0.000635964 1.48416e+08 5.91105e+08 2.81127e+08 5.11779e+07 0 5.3481e+08 0 5.91105e+08 5.3481e+08 2.81127e+08 5.11779e+07 0.000332537 -0.00110799 0.00048531 0.000101362 0.0662194
32 80 0 0.455661 0.865584 0.000561498 0.00154609 1.50791e+08 6.00563e+08 2.85625e+08 5.19968e+07 0 5.43367e+08 0 6.00563e+08 5.43367e+08 2.85625e+08 5.19968e+07 0.000698527 0.000264262 0.000190982 0.000447337 0.0508323
43 80 1 0.302649 0.648756 0.000349076 0.00121391 5.87601e+07 2.34027e+08 1.11302e+08 2.02621e+07 0 2.11739e+08 0 2.34027e+08 2.11739e+08 1.11302e+08 2.02621e+07 0.000803061 0.0012505 0.000647292 0.0020843 0.0583402
36 80 2 0.558525 0.642337 0.000633707 0.00117146 2.2267e+07 8.86841e+07 4.21777e+07 7.67828e+06 0 8.0238e+07 0 8.86841e+07 8.0238e+07 4.21777e+07 7.67828e+06 0.0011397 -0.00166914 -0.000557172 0.00362812 0.0577493
21 81 0 0.621655 1.03856 0.000690409 0.0016812 6.95124e+07 2.76851e+08 1.31669e+08 2.39698e+07 0 2.50485e+08 0 2.76851e+08 2.50485e+08 1.31669e+08 2.39698e+07 0.00113292 0.00012249 5.28151e-05 0.00107694 0.0470417
32 81 1 0.455661 0.865584 0.000561498 0.00154609 1.50791e+08 6.00563e+08 2.85625e+08 5.19968e+07 0 5.43367e+08 0 6.00563e+08 5.43367e+08 2.85625e+08 5.19968e+07 0.000698527 0.000264262 0.000190982 0.000447337 0.0508323
25 81 2 0.716069 0.832593 0.000815486 0.0014187 1.06186e+08 4.22912e+08 2.01135e+08 3.66158e+07 0 3.82635e+08 0 4.22912e+08 3.82635e+08 2.01135e+08 3.66158e+07 0.00111697 -0.000646646 -0.000343938 0.000546947 0.0514519
7 82 0 0.93359 1.25723 0.00118806 0.00248327 8.68974e+07 3.46092e+08 1.64599e+08 2.99646e+07 0 3.1313e+08 0 3.46092e+08 3.1313e+08 1.64599e+08 2.99646e+07 0.000532561 -0.00152934 -0.00259314 0.00123777 0.04569
16 82 1 0.751613 1.18178 0.00102105 0.00223541 1.72706e+07 6.87846e+07 3.27136e+07 5.95538e+06 0 6.22337e+07 0 6.87846e+07 6.22337e+07 3.27136e+07 5.95538e+06 0.00203014 0.00211201 -2.41284e-05 0.00283784 0.0453565
14 82 2 0.875945 1.02002 0.00115879 0.00180676 1.39963e+07 5.57437e+07 2.65114e+07 4.8263e+06 0 5.04348e+07 0 5.57437e+07 5.04348e+07 2.65114e+07 4.8263e+06 0.00321757 0.00153142 0.00248829 0.00456797 0.0479696
12 83 0 0.576522 1.28588 0.000650949 0.00227106 2.22496e+07 8.8615e+07 4.21448e+07 7.67229e+06 0 8.01754e+07 0 8.8615e+07 8.01754e+07 4.21448e+07 7.67229e+06 0.00231077 0.000569493 -0.00126838 0.00260002 0.0436126
22 83 1 0.340094 1.36009 0.000242249 0.00234238 8.37434e+07 3.3353e+08 1.58625e+08 2.8877e+07 0 3.01765e+08 0 3.3353e+08 3.01765e+08 1.58625e+08 2.8877e+07 0.000687875 4.44295e-05 -0.000192818 0.00127792 0.0422979
23 83 2 0.414684 1.13203 0.000421477 0.00188556 4.89892e+07 1.95112e+08 9.27943e+07 1.68928e+07 0 1.7653e+08 0 1.95112e+08 1.7653e+08 9.27943e+07 1.68928e+07 0.00115521 -0.000650699 -0.000740643 0.00212653 0.0451605
45 84 0 -0.00282634 0.947299 -5.05813e-05 0.00164846 6.29042e+07 2.50532e+08 1.19152e+08 2.16911e+07 0 2.26672e+08 0 2.50532e+08 2.26672e+08 1.19152e+08 2.16911e+07 0.00151207 -0.000117983 -0.00101254 0.00113439 0.0488146
44 84 1 -0.119346 1.19913 -0.00047491 0.00203906 4.98928e+07 1.98711e+08 9.4506e+07 1.72044e+07 0 1.79786e+08 0 1.98711e+08 1.79786e+08 9.4506e+07 1.72044e+07 0.00108671 -0.000144898 -0.00136827 0.00203591 0.0438313
54 84 2 -0.214145 0.969577 -0.000289074 0.00169647 1.21564e+08 4.8416e+08 2.30264e+08 4.19186e+07 0 4.3805e+08 0 4.8416e+08 4.3805e+08 2.30264e+08 4.19186e+07 0.000515294 -0.000126557 -0.00116748 0.000856543 0.0482265
32 85 0 0.455661 0.865584 0.000561498 0.00154609 1.50791e+08 6.00563e+08 2.85625e+08 5.19968e+07 0 5.43367e+08 0 6.00563e+08 5.43367e+08 2.85625e+08 5.19968e+07 0.000698527 0.000264262 0.000190982 0.000447337 0.0508323
23 85 1 0.414684 1.13203 0.000421477 0.00188556 4.89892e+07 1.95112e+08 9.27943e+07 1.68928e+07 0 1.7653e+08 0 1.95112e+08 1.7653e+08 9.27943e+07 1.68928e+07 0.00115521 -0.000650699 -0.000740643 0.00212653 0.0451605
35 85 2 0.301371 1.00464 0.00036526 0.00166316 4.22175e+07 1.68142e+08 7.99676e+07 1.45578e+07 0 1.52129e+08 0 1.68142e+08 1.52129e+08 7.99676e+07 1.45578e+07 0.00172069 -0.0001254 -0.000722385 0.00223111 0.0474716
34 86 0 0.0889198 1.40298 -0.000253461 0.00256326 1.49657e+07 5.96049e+07 2.83478e+07 5.1606e+06 0 5.39282e+07 0 5.96049e+07 5.39282e+07 2.83478e+07 5.1606e+06 0.00314956 -0.0010904 -0.00121273 0.00305404 0.0416106
39 86 1 -0.155158 1.44741 -0.000659405 0.00237612 1.0232e+08 4.07517e+08 1.93813e+08 3.52828e+07 0 3.68706e+08 0 4.07517e+08 3.68706e+08 1.93813e+08 3.52828e+07 0.000478261 0.00186452 0.000107812 0.000927348 0.0413259
44 86 2 -0.119346 1.19913 -0.00047491 0.00203906 4.98928e+07 1.98711e+08 9.4506e+07 1.72044e+07 0 1.79786e+08 0 1.98711e+08 1.79786e+08 9.4506e+07 1.72044e+07 0.00108671 -0.000144898 -0.00136827 0.00203591 0.0438313
22 87 0 0.340094 1.36009 0.000242249 0.00234238 8.37434e+07 3.3353e+08 1.58625e+08 2.8877e+07 0 3.01765e+08 0 3.3353e+08 3.01765e+08 1.58625e+08 2.8877e+07 0.000687875 4.44295e-05 -0.000192818 0.00127792 0.0422979
34 87 1 0.0889198 1.40298 -0.000253461 0.00256326 1.49657e+07 5.96049e+07 2.83478e+07 5.1606e+06 0 5.39282e+07 0 5.96049e+07 5.39282e+07 2.83478e+07 5.1606e+06 0.00314956 -0.0010904 -0.00121273 0.00305404 0.0416106
33 87 2 0.155751 1.14869 2.8583e-05 0.00189182 4.21175e+07 1.67744e+08 7.97781e+07 1.45233e+07 0 1.51768e+08 0 1.67744e+08 1.51768e+08 7.97781e+07 1.45233e+07 0.00179689 0.00140093 0.000309238 0.0020027 0.0446597
22 88 0 0.340094 1.36009 0.000242249 0.00234238 8.37434e+07 3.3353e+08 1.58625e+08 2.8877e+07 0 3.01765e+08 0 3.3353e+08 3.01765e+08 1.58625e+08 2.8877e+07 0.000687875 4.44295e-05 -0.000192818 0.00127792 0.0422979
24 88 1 0.289685 1.61485 -0.000108691 0.00270228 6.67451e+07 2.6583e+08 1.26427e+08 2.30155e+07 0 2.40512e+08 0 2.6583e+08 2.40512e+08 1.26427e+08 2.30155e+07 0.00132847 -0.0020131 -0.00166408 0.00119927 0.0410832
34 88 2 0.0889198 1.40298 -0.000253461 0.00256326 1.49657e+07 5.96049e+07 2.83478e+07 5.1606e+06 0 5.39282e+07 0 5.96049e+07 5.39282e+07 2.83478e+07 5.1606e+06 0.00314956 -0.0010904 -0.00121273 0.00305404 0.0416106
28 89 0 0.744244 0.215916 0.00063898 0.000317649 1.20785e+08 4.81056e+08 2.28788e+08 4.16499e+07 0 4.35241e+08 0 4.81056e+08 4.35241e+08 2.28788e+08 4.16499e+07 0.000363799 -0.000664127 0.000658714 0.00100522 0.0773365
31 89 1 0.659662 0.430482 0.000715768 0.000635964 1.48416e+08 5.91105e+08 2.81127e+08 5.11779e+07 0 5.3481e+08 0 5.91105e+08 5.3481e+08 2.81127e+08 5.11779e+07 0.000332537 -0.00110799 0.00048531 0.000101362 0.0662194
38 89 2 0.520775 0.221989 0.000480276 0.000494186 4.07601e+07 1.62338e+08 7.72069e+07 1.40552e+07 0 1.46877e+08 0 1.62338e+08 1.46877e+08 7.72069e+07 1.40552e+07 0.00201676 -0.000247851 0.000718126 0.00197145 0.0804593
19 90 0 1 5.00406e-24 1.18541e-26 2.58428e-26 2.32921e+07 9.27666e+07 4.41193e+07 8.03174e+06 0 8.39317e+07 0 9.27666e+07 8.39317e+07 4.41193e+07 8.03174e+06 0.00327666 9.67138e-05 0.00899255 0.00259627 0.0825761
18 90 1 0.968212 0.195597 0.000807666 0.000328317 6.51606e+07 2.59519e+08 1.23426e+08 2.24692e+07 0 2.34803e+08 0 2.59519e+08 2.34803e+08 1.23426e+08 2.24692e+07 0.0013178 0.000936842 0.001273 0.000950691 0.0726118
27 90 2 0.8 9.95347e-24 6.8293e-27 3.82997e-26 8.36761e+07 3.33262e+08 1.58498e+08 2.88538e+07 0 3.01523e+08 0 3.33262e+08 3.01523e+08 1.58498e+08 2.88538e+07 0.0004455 -0.000147474 0.00546904 0.00172753 0.0934947
20 91 0 0.909378 0.414769 0.000955038 0.000554918 4.92974e+07 1.9634e+08 9.33781e+07 1.69991e+07 0 1.77641e+08 0 1.9634e+08 1.77641e+08 9.33781e+07 1.69991e+07 0.00164657 0.00107065 0.000797528 0.00111638 0.063895
31 91 1 0.659662 0.430482 0.000715768 0.000635964 1.48416e+08 5.91105e+08 2.81127e+08 5.11779e+07 0 5.3481e+08 0 5.91105e+08 5.3481e+08 2.81127e+08 5.11779e+07 0.000332537 -0.00110799 0.00048531 0.000101362 0.0662194
28 91 2 0.744244 0.215916 0.00063898 0.000317649 1.20785e+08 4.81056e+08 2.28788e+08 4.16499e+07 0 4.35241e+08 0 4.81056e+08 4.35241e+08 2.28788e+08 4.16499e+07 0.000363799 -0.000664127 0.000658714 0.00100522 0.0773365
18 92 0 0.968212 0.195597 0.000807666 0.000328317 6.51606e+07 2.59519e+08 1.23426e+08 2.24692e+07 0 2.34803e+08 0 2.59519e+08 2.34803e+08 1.23426e+08 2.24692e+07 0.0013178 0.000936842 0.001273 0.000950691 0.0726118
20 92 1 0.909378 0.414769 0.000955038 0.000554918 4.92974e+07 1.9634e+08 9.33781e+07 1.69991e+07 0 1.77641e+08 0 1.9634e+08 1.77641e+08 9.33781e+07 1.69991e+07 0.00164657 0.00107065 0.000797528 0.00111638 0.063895
28 92 2 0.744244 0.215916 0.00063898 0.000317649 1.20785e+08 4.81056e+08 2.28788e+08 4.16499e+07 0 4.35241e+08 0 4.81056e+08 4.35241e+08 2.28788e+08 4.16499e+07 0.000363799 -0.000664127 0.000658714 0.00100522 0.0773365
10 93 0 1.18469 0.0925747 0.000870454 0.000122545 9.07241e+07 3.61332e+08 1.71848e+08 3.12842e+07 0 3.26919e+08 0 3.61332e+08 3.26919e+08 1.71848e+08 3.12842e+07 0.000607501 -0.00082226 0.00156924 0.00118307 0.0684865
18 93 1 0.968212 0.195597 0.000807666 0.000328317 6.51606e+07 2.59519e+08 1.23426e+08 2.24692e+07 0 2.34803e+08 0 2.59519e+08 2.34803e+08 1.23426e+08 2.24692e+07 0.0013178 0.000936842 0.001273 0.000950691 0.0726118
19 93 2 1 5.00406e-24 1.18541e-26 2.58428e-26 2.32921e+07 9.27666e+07 4.41193e+07 8.03174e+06 0 8.39317e+07 0 9.27666e+07 8.39317e+07 4.41193e+07 8.03174e+06 0.00327666 9.67138e-05 0.00899255 0.00259627 0.0825761
11 94 0 1.14998 0.361305 0.00116423 0.000441756 1.07473e+08 4.28037e+08 2.03572e+08 3.70595e+07 0 3.87272e+08 0 4.28037e+08 3.87272e+08 2.03572e+08 3.70595e+07 0.000703746 -0.00101903 0.000786518 0.000954763 0.062396
20 94 1 0.909378 0.414769 0.000955038 0.000554918 4.92974e+07 1.9634e+08 9.33781e+07 1.69991e+07 0 1.77641e+08 0 1.9634e+08 1.77641e+08 9.33781e+07 1.69991e+07 0.00164657 0.00107065 0.000797528 0.00111638 0.063895
18 94 2 0.968212 0.195597 0.000807666 0.000328317 6.51606e+07 2.59519e+08 1.23426e+08 2.24692e+07 0 2.34803e+08 0 2.59519e+08 2.34803e+08 1.23426e+08 2.24692e+07 0.0013178 0.000936842 0.001273 0.000950691 0.0726118
0 95 0 1.34069 0.218051 0.00114985 0.000101322 1.2961e+08 5.16205e+08 2.45505e+08 4.46931e+07 0 4.67043e+08 0 5.16205e+08 4.67043e+08 2.45505e+08 4.46931e+07 0.000564802 -0.00138694 0.00110025 0.000670551 0.0633796
11 95 1 1.14998 0.361305 0.00116423 0.000441756 1.07473e+08 4.28037e+08 2.03572e+08 3.70595e+07 0 3.87272e+08 0 4.28037e+08 3.87272e+08 2.03572e+08 3.70595e+07 0.000703746 -0.00101903 0.000786518 0.000954763 0.062396
10 95 2 1.18469 0.0925747 0.000870454 0.000122545 9.07241e+07 3.61332e+08 1.71848e+08 3.12842e+07 0 3.26919e+08 0 3.61332e+08 3.26919e+08 1.71848e+08 3.12842e+07 0.000607501 -0.00082226 0.00156924 0.00118307 0.0684865
1 96 0 1.34593 0.388616 0.0013876 0.000276088 5.69084e+07 2.26652e+08 1.07795e+08 1.96236e+07 0 2.05067e+08 0 2.26652e+08 2.05067e+08 1.07795e+08 1.96236e+07 0.00121424 -0.00110283 0.00163289 0.00145521 0.0605192
6 96 1 1.34637 0.559261 0.00158425 0.000527326 7.59859e+07 3.02633e+08 1.43931e+08 2.6202e+07 0 2.73811e+08 0 3.02633e+08 2.73811e+08 1.43931e+08 2.6202e+07 0.00101766 -0.000453055 0.00116956 0.00129013 0.0574082
11 96 2 1.14998 0.361305 0.00116423 0.000441756 1.07473e+08 4.28037e+08 2.03572e+08 3.70595e+07 0 3.87272e+08 0 4.28037e+08 3.87272e+08 2.03572e+08 3.70595e+07 0.000703746 -0.00101903 0.000786518 0.000954763 0.062396
15 97 0 1.08965 0.614582 0.00140551 0.000821863 7.45278e+07 2.96826e+08 1.41169e+08 2.56992e+07 0 2.68557e+08 0 2.96826e+08 2.68557e+08 1.41169e+08 2.56992e+07 0.000725695 -0.00171727 -0.00059061 0.00161647 0.0562425
17 97 1 0.974495 0.820681 0.00115937 0.00130354 7.75018e+07 3.08671e+08 1.46802e+08 2.67248e+07 0 2.79274e+08 0 3.08671e+08 2.79274e+08 1.46802e+08 2.67248e+07 0.00115366 -0.0016454 -0.000166941 0.00143323 0.0517351
26 97 2 0.820567 0.625699 0.00101496 0.00099474 9.74252e+06 3.88021e+07 1.84541e+07 3.35949e+06 0 3.51067e+07 0 3.88021e+07 3.51067e+07 1.84541e+07 3.35949e+06 0.00168151 0.00117389 0.00117191 0.00399899 0.0570521
11 98 0 1.14998 0.361305 0.00116423 0.000441756 1.07473e+08 4.28037e+08 2.03572e+08 3.70595e+07 0 3.87272e+08 0 4.28037e+08 3.87272e+08 2.03572e+08 3.70595e+07 0.000703746 -0.00101903 0.000786518 0.000954763 0.062396
0 98 1 1.34069 0.218051 0.00114985 0.000101322 1.2961e+08 5.16205e+08 2.45505e+08 4.46931e+07 0 4.67043e+08 0 5.16205e+08 4.67043e+08 2.45505e+08 4.46931e+07 0.000564802 -0.00138694 0.00110025 0.000670551 0.0633796
1 98 2 1.34593 0.388616 0.0013876 0.000276088 5.69084e+07 2.26652e+08 1.07795e+08 1.96236e+07 0 2.05067e+08 0 2.26652e+08 2.05067e+08 1.07795e+08 1.96236e+07 0.00121424 -0.00110283 0.00163289 0.00145521 0.0605192
20 99 0 0.909378 0.414769 0.000955038 0.000554918 4.92974e+07 1.9634e+08 9.33781e+07 1.69991e+07 0 1.77641e+08 0 1.9634e+08 1.77641e+08 9.33781e+07 1.69991e+07 0.00164657 0.00107065 0.000797528 0.00111638 0.063895
11 99 1 1.14998 0.361305 0.00116423 0.000441756 1.07473e+08 4.28037e+08 2.03572e+08 3.70595e+07 0 3.87272e+08 0 4.28037e+08 3.87272e+08 2.03572e+08 3.70595e+07 0.000703746 -0.00101903 0.000786518 0.000954763 0.062396
15 99 2 1.08965 0.614582 0.00140551 0.000821863 7.45278e+07 2.96826e+08 1.41169e+08 2.56992e+07 0 2.68557e+08 0 2.96826e+08 2.68557e+08 1.41169e+08 2.56992e+07 0.000725695 -0.00171727 -0.00059061 0.00161647 0.0562425
6 100 0 1.34637 0.559261 0.00158425 0.000527326 7.59859e+07 3.02633e+08 1.43931e+08 2.6202e+07 0 2.73811e+08 0 3.02633e+08 2.73811e+08 1.43931e+08 2.6202e+07 0.00101766 -0.000453055 0.00116956 0.00129013 0.0574082
4 100 1 1.28427 0.716184 0.00154152 0.000753294 9.8968e+07 3.94166e+08 1.87463e+08 3.41269e+07 0 3.56626e+08 0 3.94166e+08 3.56626e+08 1.87463e+08 3.41269e+07 0.00069861 -0.000799597 5.19557e-05 0.00104824 0.0546231
15 100 2 1.08965 0.614582 0.00140551 0.000821863 7.45278e+07 2.96826e+08 1.41169e+08 2.56992e+07 0 2.68557e+08 0 2.96826e+08 2.68557e+08 1.41169e+08 2.56992e+07 0.000725695 -0.00171727 -0.00059061 0.00161647 0.0562425
11 101 0 1.14998 0.361305 0.00116423 0.000441756 1.07473e+08 4.28037e+08 2.03572e+08 3.70595e+07 0 3.87272e+08 0 4.28037e+08 3.87272e+08 2.03572e+08 3.70595e+07 0.000703746 -0.00101903 0.000786518 0.000954763 0.062396
6 101 1 1.34637 0.559261 0.00158425 0.000527326 7.59859e+07 3.02633e+08 1.43931e+08 2.6202e+07 0 2.73811e+08 0 3.02633e+08 2.73811e+08 1.43931e+08 2.6202e+07 0.00101766 -0.000453055 0.00116956 0.00129013 0.0574082
15 101 2 1.08965 0.614582 0.00140551 0.000821863 7.45278e+07 2.96826e+08 1.41169e+08 2.56992e+07 0 2.68557e+08 0 2.96826e+08 2.68557e+08 1.41169e+08 2.56992e+07 0.000725695 -0.00171727 -0.00059061 0.00161647 0.0562425
8 102 0 1.13295 1.01014 0.00172288 0.00136386 4.73656e+07 1.88646e+08 8.97189e+07 1.6333e+07 0 1.70679e+08 0 1.88646e+08 1.70679e+08 8.97189e+07 1.6333e+07 0.00113402 -0.00258523 0.00610422 0.00107027 0.0494543
14 102 1 0.875945 1.02002 0.00115879 0.00180676 1.39963e+07 5.57437e+07 2.65114e+07 4.8263e+06 0 5.04348e+07 0 5.57437e+07 5.04348e+07 2.65114e+07 4.8263e+06 0.00321757 0.00153142 0.00248829 0.00456797 0.0479696
17 102 2 0.974495 0.820681 0.00115937 0.00130354 7.75018e+07 3.08671e+08 1.46802e+08 2.67248e+07 0 2.79274e+08 0 3.08671e+08 2.79274e+08 1.46802e+08 2.67248e+07 0.00115366 -0.0016454 -0.000166941 0.00143323 0.0517351
15 103 0 1.08965 0.614582 0.00140551 0.000821863 7.45278e+07 2.96826e+08 1.41169e+08 2.56992e+07 0 2.68557e+08 0 2.96826e+08 2.68557e+08 1.41169e+08 2.56992e+07 0.000725695 -0.00171727 -0.00059061 0.00161647 0.0562425
4 103 1 1.28427 0.716184 0.00154152 0.000753294 9.8968e+07 3.94166e+08 1.87463e+08 3.41269e+07 0 3.56626e+08 0 3.94166e+08 3.56626e+08 1.87463e+08 3.41269e+07 0.00069861 -0.000799597 5.19557e-05 0.00104824 0.0546231
9 103 2 1.22099 0.872637 0.00149784 0.00101769 5.84221e+07 2.32681e+08 1.10662e+08 2.01456e+07 0 2.10521e+08 0 2.32681e+08 2.10521e+08 1.10662e+08 2.01456e+07 0.00133779 -0.00128565 0.00137578 0.00146931 0.0518624
38 104 0 0.520775 0.221989 0.000480276 0.000494186 4.07601e+07 1.62338e+08 7.72069e+07 1.40552e+07 0 1.46877e+08 0 1.62338e+08 1.46877e+08 7.72069e+07 1.40552e+07 0.00201676 -0.000247851 0.000718126 0.00197145 0.0804593
37 104 1 0.6 9.81026e-24 4.48781e-27 3.6283e-26 5.41648e+07 2.15725e+08 1.02598e+08 1.86775e+07 0 1.9518e+08 0 2.15725e+08 1.9518e+08 1.02598e+08 1.86775e+07 -1.68716e-18 -1.23506e-18 0.00432865 0.00239245 0.0982276
28 104 2 0.744244 0.215916 0.00063898 0.000317649 1.20785e+08 4.81056e+08 2.28788e+08 4.16499e+07 0 4.35241e+08 0 4.81056e+08 4.35241e+08 2.28788e+08 4.16499e+07 0.000363799 -0.000664127 0.000658714 0.00100522 0.0773365
11 105 0 1.14998 0.361305 0.00116423 0.000441756 1.07473e+08 4.28037e+08 2.03572e+08 3.70595e+07 0 3.87272e+08 0 4.28037e+08 3.87272e+08 2.03572e+08 3.70595e+07 0.000703746 -0.00101903 0.000786518 0.000954763 0.062396
18 105 1 0.968212 0.195597 0.000807666 0.000328317 6.51606e+07 2.59519e+08 1.23426e+08 2.24692e+07 0 2.34803e+08 0 2.59519e+08 2.34803e+08 1.23426e+08 2.24692e+07 0.0013178 0.000936842 0.001273 0.000950691 0.0726118
10 105 2 1.18469 0.0925747 0.000870454 0.000122545 9.07241e+07 3.61332e+08 1.71848e+08 3.12842e+07 0 3.26919e+08 0 3.61332e+08 3.26919e+08 1.71848e+08 3.12842e+07 0.000607501 -0.00082226 0.00156924 0.00118307 0.0684865
26 106 0 0.820567 0.625699 0.00101496 0.00099474 9.74252e+06 3.88021e+07 1.84541e+07 3.35949e+06 0 3.51067e+07 0 3.88021e+07 3.51067e+07 1.84541e+07 3.35949e+06 0.00168151 0.00117389 0.00117191 0.00399899 0.0570521
25 106 1 0.716069 0.832593 0.000815486 0.0014187 1.06186e+08 4.22912e+08 2.01135e+08 3.66158e+07 0 3.82635e+08 0 4.22912e+08 3.82635e+08 2.01135e+08 3.66158e+07 0.00111697 -0.000646646 -0.000343938 0.000546947 0.0514519
36 106 2 0.558525 0.642337 0.000633707 0.00117146 2.2267e+07 8.86841e+07 4.21777e+07 7.67828e+06 0 8.0238e+07 0 8.86841e+07 8.0238e+07 4.21777e+07 7.67828e+06 0.0011397 -0.00166914 -0.000557172 0.00362812 0.0577493
15 107 0 1.08965 0.614582 0.00140551 0.000821863 7.45278e+07 2.96826e+08 1.41169e+08 2.56992e+07 0 2.68557e+08 0 2.96826e+08 2.68557e+08 1.41169e+08 2.56992e+07 0.000725695 -0.00171727 -0.00059061 0.00161647 0.0562425
26 107 1 0.820567 0.625699 0.00101496 0.00099474 9.74252e+06 3.88021e+07 1.84541e+07 3.35949e+06 0 3.51067e+07 0 3.88021e+07 3.51067e+07 1.84541e+07 3.35949e+06 0.00168151 0.00117389 0.00117191 0.00399899 0.0570521
20 107 2 0.909378 0.414769 0.000955038 0.000554918 4.92974e+07 1.9634e+08 9.33781e+07 1.69991e+07 0 1.77641e+08 0 1.9634e+08 1.77641e+08 9.33781e+07 1.69991e+07 0.00164657 0.00107065 0.000797528 0.00111638 0.063895
17 108 0 0.974495 0.820681 0.00115937 0.00130354 7.75018e+07 3.08671e+08 1.46802e+08 2.67248e+07 0 2.79274e+08 0 3.08671e+08 2.79274e+08 1.46802e+08 2.67248e+07 0.00115366 -0.0016454 -0.000166941 0.00143323 0.0517351
25 108 1 0.716069 0.832593 0.000815486 0.0014187 1.06186e+08 4.22912e+08 2.01135e+08 3.66158e+07 0 3.82635e+08 0 4.22912e+08 3.82635e+08 2.01135e+08 3.66158e+07 0.00111697 -0.000646646 -0.000343938 0.000546947 0.0514519
26 108 2 0.820567 0.625699 0.00101496 0.00099474 9.74252e+06 3.88021e+07 1.84541e+07 3.35949e+06 0 3.51067e+07 0 3.88021e+07 3.51067e+07 1.84541e+07 3.35949e+06 0.00168151 0.00117389 0.00117191 0.00399899 0.0570521
9 109 0 1.22099 0.872637 0.00149784 0.00101769 5.84221e+07 2.32681e+08 1.10662e+08 2.01456e+07 0 2.10521e+08 0 2.32681e+08 2.10521e+08 1.10662e+08 2.01456e+07 0.00133779 -0.00128565 0.00137578 0.00146931 0.0518624
17 109 1 0.974495 0.820681 0.00115937 0.00130354 7.75018e+07 3.08671e+08 1.46802e+08 2.67248e+07 0 2.79274e+08 0 3.08671e+08 2.79274e+08 1.46802e+08 2.67248e+07 0.00115366 -0.0016454 -0.000166941 0.00143323 0.0517351
15 109 2 1.08965 0.614582 0.00140551 0.000821863 7.45278e+07 2.96826e+08 1.41169e+08 2.56992e+07 0 2.68557e+08 0 2.96826e+08 2.68557e+08 1.41169e+08 2.56992e+07 0.000725695 -0.00171727 -0.00059061 0.00161647 0.0562425
14 110 0 0.875945 1.02002 0.00115879 0.00180676 1.39963e+07 5.57437e+07 2.65114e+07 4.8263e+06 0 5.04348e+07 0 5.57437e+07 5.04348e+07 2.65114e+07 4.8263e+06 0.00321757 0.00153142 0.00248829 0.00456797 0.0479696
25 110 1 0.716069 0.832593 0.000815486 0.0014187 1.06186e+08 4.22912e+08 2.01135e+08 3.66158e+07 0 3.82635e+08 0 4.22912e+08 3.82635e+08 2.01135e+08 3.66158e+07 0.00111697 -0.000646646 -0.000343938 0.000546947 0.0514519
17 110 2 0.974495 0.820681 0.00115937 0.00130354 7.75018e+07 3.08671e+08 1.46802e+08 2.67248e+07 0 2.79274e+08 0 3.08671e+08 2.79274e+08 1.46802e+08 2.67248e+07 0.00115366 -0.0016454 -0.000166941 0.00143323 0.0517351
7 111 0 0.93359 1.25723 0.00118806 0.00248327 8.68974e+07 3.46092e+08 1.64599e+08 2.99646e+07 0 3.1313e+08 0 3.46092e+08 3.1313e+08 1.64599e+08 2.99646e+07 0.000532561 -0.00152934 -0.00259314 0.00123777 0.04569
14 111 1 0.875945 1.02002 0.00115879 0.00180676 1.39963e+07 5.57437e+07 2.65114e+07 4.8263e+06 0 5.04348e+07 0 5.57437e+07 5.04348e+07 2.65114e+07 4.8263e+06 0.00321757 0.00153142 0.00248829 0.00456797 0.0479696
3 111 2 1.04544 1.14797 0.00170934 0.00216733 1.49063e+07 5.93683e+07 2.82353e+07 5.14012e+06 0 5.37142e+07 0 5.93683e+07 5.37142e+07 2.82353e+07 5.14012e+06 0.00422807 -0.00455493 -0.00289632 0.00605477 0.0473592
26 112 0 0.820567 0.625699 0.00101496 0.00099474 9.74252e+06 3.88021e+07 1.84541e+07 3.35949e+06 0 3.51067e+07 0 3.88021e+07 3.51067e+07 1.84541e+07 3.35949e+06 0.00168151 0.00117389 0.00117191 0.00399899 0.0570521
31 112 1 0.659662 0.430482 0.000715768 0.000635964 1.48416e+08 5.91105e+08 2.81127e+08 5.11779e+07 0 5.3481e+08 0 5.91105e+08 5.3481e+08 2.81127e+08 5.11779e+07 0.000332537 -0.00110799 0.00048531 0.000101362 0.0662194
20 112 2 0.909378 0.414769 0.000955038 0.000554918 4.92974e+07 1.9634e+08 9.33781e+07 1.69991e+07 0 1.77641e+08 0 1.9634e+08 1.77641e+08 9.33781e+07 1.69991e+07 0.00164657 0.00107065 0.000797528 0.00111638 0.063895
21 113 0 0.621655 1.03856 0.000690409 0.0016812 6.95124e+07 2.76851e+08 1.31669e+08 2.39698e+07 0 2.50485e+08 0 2.76851e+08 2.50485e+08 1.31669e+08 2.39698e+07 0.00113292 0.00012249 5.28151e-05 0.00107694 0.0470417
25 113 1 0.716069 0.832593 0.000815486 0.0014187 1.06186e+08 4.22912e+08 2.01135e+08 3.66158e+07 0 3.82635e+08 0 4.22912e+08 3.82635e+08 2.01135e+08 3.66158e+07 0.00111697 -0.000646646 -0.000343938 0.000546947 0.0514519
14 113 2 0.875945 1.02002 0.00115879 0.00180676 1.39963e+07 5.57437e+07 2.65114e+07 4.8263e+06 0 5.04348e+07 0 5.57437e+07 5.04348e+07 2.65114e+07 4.8263e+06 0.00321757 0.00153142 0.00248829 0.00456797 0.0479696
32 114 0 0.455661 0.865584 0.000561498 0.00154609 1.50791e+08 6.00563e+08 2.85625e+08 5.19968e+07 0 5.43367e+08 0 6.00563e+08 5.43367e+08 2.85625e+08 5.19968e+07 0.000698527 0.000264262 0.000190982 0.000447337 0.0508323
36 114 1 0.558525 0.642337 0.000633707 0.00117146 2.2267e+07 8.86841e+07 4.21777e+07 7.67828e+06 0 8.0238e+07 0 8.86841e+07 8.0238e+07 4.21777e+07 7.67828e+06 0.0011397 -0.00166914 -0.000557172 0.00362812 0.0577493
25 114 2 0.716069 0.832593 0.000815486 0.0014187 1.06186e+08 4.22912e+08 2.01135e+08 3.66158e+07 0 3.82635e+08 0 4.22912e+08 3.82635e+08 2.01135e+08 3.66158e+07 0.00111697 -0.000646646 -0.000343938 0.000546947 0.0514519
51 115 0 0.135842 0.427347 0.000135124 0.000703486 1.04067e+08 4.14473e+08 1.97121e+08 3.58851e+07 0 3.75e+08 0 4.14473e+08 3.75e+08 1.97121e+08 3.58851e+07 0.000668736 -0.000105379 0.000266243 0.000453142 0.0694818
43 115 1 0.302649 0.648756 0.000349076 0.00121391 5.87601e+07 2.34027e+08 1.11302e+08 2.02621e+07 0 2.11739e+08 0 2.34027e+08 2.11739e+08 1.11302e+08 2.02621e+07 0.000803061 0.0012505 0.000647292 0.0020843 0.0583402
52 115 2 0.057811 0.676066 3.23527e-05 0.00115009 1.79324e+07 7.14204e+07 3.39672e+07 6.18359e+06 0 6.46185e+07 0 7.14204e+07 6.46185e+07 3.39672e+07 6.18359e+06 0.00215205 -0.00100141 -0.000207675 0.00279086 0.0575676
8 116 0 1.13295 1.01014 0.00172288 0.00136386 4.73656e+07 1.88646e+08 8.97189e+07 1.6333e+07 0 1.70679e+08 0 1.88646e+08 1.70679e+08 8.97189e+07 1.6333e+07 0.00113402 -0.00258523 0.00610422 0.00107027 0.0494543
17 116 1 0.974495 0.820681 0.00115937 0.00130354 7.75018e+07 3.08671e+08 1.46802e+08 2.67248e+07 0 2.79274e+08 0 3.08671e+08 2.79274e+08 1.46802e+08 2.67248e+07 0.00115366 -0.0016454 -0.000166941 0.00143323 0.0517351
9 116 2 1.22099 0.872637 0.00149784 0.00101769 5.84221e+07 2.32681e+08 1.10662e+08 2.01456e+07 0 2.10521e+08 0 2.32681e+08 2.10521e+08 1.10662e+08 2.01456e+07 0.00133779 -0.00128565 0.00137578 0.00146931 0.0518624
41 117 0 0.407627 0.437376 0.000447512 0.000865317 4.85536e+07 1.93377e+08 9.19693e+07 1.67426e+07 0 1.7496e+08 0 1.93377e+08 1.7496e+08 9.19693e+07 1.67426e+07 0.00154451 -1.20389e-05 0.000405346 0.00172904 0.0678633
38 117 1 0.520775 0.221989 0.000480276 0.000494186 4.07601e+07 1.62338e+08 7.72069e+07 1.40552e+07 0 1.46877e+08 0 1.62338e+08 1.46877e+08 7.72069e+07 1.40552e+07 0.00201676 -0.000247851 0.000718126 0.00197145 0.0804593
31 117 2 0.659662 0.430482 0.000715768 0.000635964 1.48416e+08 5.91105e+08 2.81127e+08 5.11779e+07 0 5.3481e+08 0 5.91105e+08 5.3481e+08 2.81127e+08 5.11779e+07 0.000332537 -0.00110799 0.00048531 0.000101362 0.0662194
51 118 0 0.135842 0.427347 0.000135124 0.000703486 1.04067e+08 4.14473e+08 1.97121e+08 3.58851e+07 0 3.75e+08 0 4.14473e+08 3.75e+08 1.97121e+08 3.58851e+07 0.000668736 -0.000105379 0.000266243 0.000453142 0.0694818
41 118 1 0.407627 0.437376 0.000447512 0.000865317 4.85536e+07 1.93377e+08 9.19693e+07 1.67426e+07 0 1.7496e+08 0 1.93377e+08 1.7496e+08 9.19693e+07 1.67426e+07 0.00154451 -1.20389e-05 0.000405346 0.00172904 0.0678633
43 118 2 0.302649 0.648756 0.000349076 0.00121391 5.87601e+07 2.34027e+08 1.11302e+08 2.02621e+07 0 2.11739e+08 0 2.34027e+08 2.11739e+08 1.11302e+08 2.02621e+07 0.000803061 0.0012505 0.000647292 0.0020843 0.0583402
47 119 0 0.302539 0.224236 0.000234256 0.000535131 7.26959e+07 2.8953e+08 1.37699e+08 2.50675e+07 0 2.61956e+08 0 2.8953e+08 2.61956e+08 1.37699e+08 2.50675e+07 0.000693638 -0.00020994 0.000492212 0.0014787 0.0821951
38 119 1 0.520775 0.221989 0.000480276 0.000494186 4.07601e+07 1.62338e+08 7.72069e+07 1.40552e+07 0 1.46877e+08 0 1.62338e+08 1.46877e+08 7.72069e+07 1.40552e+07 0.00201676 -0.000247851 0.000718126 0.00197145 0.0804593
41 119 2 0.407627 0.437376 0.000447512 0.000865317 4.85536e+07 1.93377e+08 9.19693e+07 1.67426e+07 0 1.7496e+08 0 1.93377e+08 1.7496e+08 9.19693e+07 1.67426e+07 0.00154451 -1.20389e-05 0.000405346 0.00172904 0.0678633
28 120 0 0.744244 0.215916 0.00063898 0.000317649 1.20785e+08 4.81056e+08 2.28788e+08 4.16499e+07 0 4.35241e+08 0 4.81056e+08 4.35241e+08 2.28788e+08 4.16499e+07 0.000363799 -0.000664127 0.000658714 0.00100522 0.0773365
37 120 1 0.6 9.81026e-24 4.48781e-27 3.6283e-26 5.41648e+07 2.15725e+08 1.02598e+08 1.86775e+07 0 1.9518e+08 0 2.15725e+08 1.9518e+08 1.02598e+08 1.86775e+07 -1.68716e-18 -1.23506e-18 0.00432865 0.00239245 0.0982276
27 120 2 0.8 9.95347e-24 6.8293e-27 3.82997e-26 8.36761e+07 3.33262e+08 1.58498e+08 2.88538e+07 0 3.01523e+08 0 3.33262e+08 3.01523e+08 1.58498e+08 2.88538e+07 0.0004455 -0.000147474 0.00546904 0.00172753 0.0934947
36 121 0 0.558525 0.642337 0.000633707 0.00117146 2.2267e+07 8.86841e+07 4.21777e+07 7.67828e+06 0 8.0238e+07 0 8.86841e+07 8.0238e+07 4.21777e+07 7.67828e+06 0.0011397 -0.00166914 -0.000557172 0.00362812 0.0577493
41 121 1 0.407627 0.437376 0.000447512 0.000865317 4.85536e+07 1.93377e+08 9.19693e+07 1.67426e+07 0 1.7496e+08 0 1.93377e+08 1.7496e+08 9.19693e+07 1.67426e+07 0.00154451 -1.20389e-05 0.000405346 0.00172904 0.0678633
31 121 2 0.659662 0.430482 0.000715768 0.000635964 1.48416e+08 5.91105e+08 2.81127e+08 5.11779e+07 0 5.3481e+08 0 5.91105e+08 5.3481e+08 2.81127e+08 5.11779e+07 0.000332537 -0.00110799 0.00048531 0.000101362 0.0662194
47 122 0 0.302539 0.224236 0.000234256 0.000535131 7.26959e+07 2.8953e+08 1.37699e+08 2.50675e+07 0 2.61956e+08 0 2.8953e+08 2.61956e+08 1.37699e+08 2.50675e+07 0.000693638 -0.00020994 0.000492212 0.0014787 0.0821951
46 122 1 0.4 9.9619e-24 -5.28902e-28 3.36384e-26 4.58611e+07 1.82654e+08 8.68691e+07 1.58142e+07 0 1.65258e+08 0 1.82654e+08 1.65258e+08 8.68691e+07 1.58142e+07 1.68716e-18 1.23506e-18 0.00251166 0.00261575 0.100848
38 122 2 0.520775 0.221989 0.000480276 0.000494186 4.07601e+07 1.62338e+08 7.72069e+07 1.40552e+07 0 1.46877e+08 0 1.62338e+08 1.46877e+08 7.72069e+07 1.40552e+07 0.00201676 -0.000247851 0.000718126 0.00197145 0.0804593
3 123 0 1.04544 1.14797 0.00170934 0.00216733 1.49063e+07 5.93683e+07 2.82353e+07 5.14012e+06 0 5.37142e+07 0 5.93683e+07 5.37142e+07 2.82353e+07 5.14012e+06 0.00422807 -0.00455493 -0.00289632 0.00605477 0.0473592
14 123 1 0.875945 1.02002 0.00115879 0.00180676 1.39963e+07 5.57437e+07 2.65114e+07 4.8263e+06 0 5.04348e+07 0 5.57437e+07 5.04348e+07 2.65114e+07 4.8263e+06 0.00321757 0.00153142 0.00248829 0.00456797 0.0479696
8 123 2 1.13295 1.01014 0.00172288 0.00136386 4.73656e+07 1.88646e+08 8.97189e+07 1.6333e+07 0 1.70679e+08 0 1.88646e+08 1.70679e+08 8.97189e+07 1.6333e+07 0.00113402 -0.00258523 0.00610422 0.00107027 0.0494543
12 124 0 0.576522 1.28588 0.000650949 0.00227106 2.22496e+07 8.8615e+07 4.21448e+07 7.67229e+06 0 8.01754e+07 0 8.8615e+07 8.01754e+07 4.21448e+07 7.67229e+06 0.00231077 0.000569493 -0.00126838 0.00260002 0.0436126
5 124 1 0.821581 1.36633 0.000830999 0.00260462 1.4753e+08 5.87576e+08 2.79448e+08 5.08724e+07 0 5.31617e+08 0 5.87576e+08 5.31617e+08 2.79448e+08 5.08724e+07 0.000341144 0.00100894 -0.00293438 -2.00441e-05 0.0442531
2 124 2 0.690862 1.44501 0.000584135 0.00260756 7.41361e+07 2.95266e+08 1.40427e+08 2.55642e+07 0 2.67146e+08 0 2.95266e+08 2.67146e+08 1.40427e+08 2.55642e+07 0.00104527 3.6373e-05 -0.00221741 0.00135812 0.0431212
14 125 0 0.875945 1.02002 0.00115879 0.00180676 1.39963e+07 5.57437e+07 2.65114e+07 4.8263e+06 0 5.04348e+07 0 5.57437e+07 5.04348e+07 2.65114e+07 4.8263e+06 0.00321757 0.00153142 0.00248829 0.00456797 0.0479696
16 125 1 0.751613 1.18178 0.00102105 0.00223541 1.72706e+07 6.87846e+07 3.27136e+07 5.95538e+06 0 6.22337e+07 0 6.87846e+07 6.22337e+07 3.27136e+07 5.95538e+06 0.00203014 0.00211201 -2.41284e-05 0.00283784 0.0453565
21 125 2 0.621655 1.03856 0.000690409 0.0016812 6.95124e+07 2.76851e+08 1.31669e+08 2.39698e+07 0 2.50485e+08 0 2.76851e+08 2.50485e+08 1.31669e+08 2.39698e+07 0.00113292 0.00012249 5.28151e-05 0.00107694 0.0470417
7 126 0 0.93359 1.25723 0.00118806 0.00248327 8.68974e+07 3.46092e+08 1.64599e+08 2.99646e+07 0 3.1313e+08 0 3.46092e+08 3.1313e+08 1.64599e+08 2.99646e+07 0.000532561 -0.00152934 -0.00259314 0.00123777 0.04569
5 126 1 0.821581 1.36633 0.000830999 0.00260462 1.4753e+08 5.87576e+08 2.79448e+08 5.08724e+07 0 5.31617e+08 0 5.87576e+08 5.31617e+08 2.79448e+08 5.08724e+07 0.000341144 0.00100894 -0.00293438 -2.00441e-05 0.0442531
16 126 2 0.751613 1.18178 0.00102105 0.00223541 1.72706e+07 6.87846e+07 3.27136e+07 5.95538e+06 0 6.22337e+07 0 6.87846e+07 6.22337e+07 3.27136e+07 5.95538e+06 0.00203014 0.00211201 -2.41284e-05 0.00283784 0.0453565
35 127 0 0.301371 1.00464 0.00036526 0.00166316 4.22175e+07 1.68142e+08 7.99676e+07 1.45578e+07 0 1.52129e+08 0 1.68142e+08 1.52129e+08 7.99676e+07 1.45578e+07 0.00172069 -0.0001254 -0.000722385 0.00223111 0.0474716
33 127 1 0.155751 1.14869 2.8583e-05 0.00189182 4.21175e+07 1.67744e+08 7.97781e+07 1.45233e+07 0 1.51768e+08 0 1.67744e+08 1.51768e+08 7.97781e+07 1.45233e+07 0.00179689 0.00140093 0.000309238 0.0020027 0.0446597
42 127 2 0.200993 0.866751 0.00031679 0.0014761 8.50867e+07 3.3888e+08 1.61169e+08 2.93402e+07 0 3.06605e+08 0 3.3888e+08 3.06605e+08 1.61169e+08 2.93402e+07 0.00121992 0.000291202 -0.000917839 0.000825277 0.0509675
32 128 0 0.455661 0.865584 0.000561498 0.00154609 1.50791e+08 6.00563e+08 2.85625e+08 5.19968e+07 0 5.43367e+08 0 6.00563e+08 5.43367e+08 2.85625e+08 5.19968e+07 0.000698527 0.000264262 0.000190982 0.000447337 0.0508323
35 128 1 0.301371 1.00464 0.00036526 0.00166316 4.22175e+07 1.68142e+08 7.99676e+07 1.45578e+07 0 1.52129e+08 0 1.68142e+08 1.52129e+08 7.99676e+07 1.45578e+07 0.00172069 -0.0001254 -0.000722385 0.00223111 0.0474716
42 128 2 0.200993 0.866751 0.00031679 0.0014761 8.50867e+07 3.3888e+08 1.61169e+08 2.93402e+07 0 3.06605e+08 0 3.3888e+08 3.06605e+08 1.61169e+08 2.93402e+07 0.00121992 0.000291202 -0.000917839 0.000825277 0.0509675
23 129 0 0.414684 1.13203 0.000421477 0.00188556 4.89892e+07 1.95112e+08 9.27943e+07 1.68928e+07 0 1.7653e+08 0 1.95112e+08 1.7653e+08 9.27943e+07 1.68928e+07 0.00115521 -0.000650699 -0.000740643 0.00212653 0.0451605
33 129 1 0.155751 1.14869 2.8583e-05 0.00189182 4.21175e+07 1.67744e+08 7.97781e+07 1.45233e+07 0 1.51768e+08 0 1.67744e+08 1.51768e+08 7.97781e+07 1.45233e+07 0.00179689 0.00140093 0.000309238 0.0020027 0.0446597
35 129 2 0.301371 1.00464 0.00036526 0.00166316 4.22175e+07 1.68142e+08 7.99676e+07 1.45578e+07 0 1.52129e+08 0 1.68142e+08 1.52129e+08 7.99676e+07 1.45578e+07 0.00172069 -0.0001254 -0.000722385 0.00223111 0.0474716
16 130 0 0.751613 1.18178 0.00102105 0.00223541 1.72706e+07 6.87846e+07 3.27136e+07 5.95538e+06 0 6.22337e+07 0 6.87846e+07 6.22337e+07 3.27136e+07 5.95538e+06 0.00203014 0.00211201 -2.41284e-05 0.00283784 0.0453565
12 130 1 0.576522 1.28588 0.000650949 0.00227106 2.22496e+07 8.8615e+07 4.21448e+07 7.67229e+06 0 8.01754e+07 0 8.8615e+07 8.01754e+07 4.21448e+07 7.67229e+06 0.00231077 0.000569493 -0.00126838 0.00260002 0.0436126
21 130 2 0.621655 1.03856 0.000690409 0.0016812 6.95124e+07 2.76851e+08 1.31669e+08 2.39698e+07 0 2.50485e+08 0 2.76851e+08 2.50485e+08 1.31669e+08 2.39698e+07 0.00113292 0.00012249 5.28151e-05 0.00107694 0.0470417
22 131 0 0.340094 1.36009 0.000242249 0.00234238 8.37434e+07 3.3353e+08 1.58625e+08 2.8877e+07 0 3.01765e+08 0 3.3353e+08 3.01765e+08 1.58625e+08 2.8877e+07 0.000687875 4.44295e-05 -0.000192818 0.00127792 0.0422979
33 131 1 0.155751 1.14869 2.8583e-05 0.00189182 4.21175e+07 1.67744e+08 7.97781e+07 1.45233e+07 0 1.51768e+08 0 1.67744e+08 1.51768e+08 7.97781e+07 1.45233e+07 0.00179689 0.00140093 0.000309238 0.0020027 0.0446597
23 131 2 0.414684 1.13203 0.000421477 0.00188556 4.89892e+07 1.95112e+08 9.27943e+07 1.68928e+07 0 1.7653e+08 0 1.95112e+08 1.7653e+08 9.27943e+07 1.68928e+07 0.00115521 -0.000650699 -0.000740643 0.00212653 0.0451605
12 132 0 0.576522 1.28588 0.000650949 0.00227106 2.22496e+07 8.8615e+07 4.21448e+07 7.67229e+06 0 8.01754e+07 0 8.8615e+07 8.01754e+07 4.21448e+07 7.67229e+06 0.00231077 0.000569493 -0.00126838 0.00260002 0.0436126
16 132 1 0.751613 1.18178 0.00102105 0.00223541 1.72706e+07 6.87846e+07 3.27136e+07 5.95538e+06 0 6.22337e+07 0 6.87846e+07 6.22337e+07 3.27136e+07 5.95538e+06 0.00203014 0.00211201 -2.41284e-05 0.00283784 0.0453565
5 132 2 0.821581 1.36633 0.000830999 0.00260462 1.4753e+08 5.87576e+08 2.79448e+08 5.08724e+07 0 5.31617e+08 0 5.87576e+08 5.31617e+08 2.79448e+08 5.08724e+07 0.000341144 0.00100894 -0.00293438 -2.00441e-05 0.0442531
13 133 0 0.560866 1.52487 0.000313778 0.00266327 8.85222e+07 3.52562e+08 1.67677e+08 3.05249e+07 0 3.18985e+08 0 3.52562e+08 3.18985e+08 1.67677e+08 3.05249e+07 0.00109673 0.00130777 -0.00133002 0.000805133 0.0421971
12 133 1 0.576522 1.28588 0.000650949 0.00227106 2.22496e+07 8.8615e+07 4.21448e+07 7.67229e+06 0 8.01754e+07 0 8.8615e+07 8.01754e+07 4.21448e+07 7.67229e+06 0.00231077 0.000569493 -0.00126838 0.00260002 0.0436126
2 133 2 0.690862 1.44501 0.000584135 0.00260756 7.41361e+07 2.95266e+08 1.40427e+08 2.55642e+07 0 2.67146e+08 0 2.95266e+08 2.67146e+08 1.40427e+08 2.55642e+07 0.00104527 3.6373e-05 -0.00221741 0.00135812 0.0431212
23 134 0 0.414684 1.13203 0.000421477 0.00188556 4.89892e+07 1.95112e+08 9.27943e+07 1.68928e+07 0 1.7653e+08 0 1.95112e+08 1.7653e+08 9.27943e+07 1.68928e+07 0.00115521 -0.000650699 -0.000740643 0.00212653 0.0451605
21 134 1 0.621655 1.03856 0.000690409 0.0016812 6.95124e+07 2.76851e+08 1.31669e+08 2.39698e+07 0 2.50485e+08 0 2.76851e+08 2.50485e+08 1.31669e+08 2.39698e+07 0.00113292 0.00012249 5.28151e-05 0.00107694 0.0470417
12 134 2 0.576522 1.28588 0.000650949 0.00227106 2.22496e+07 8.8615e+07 4.21448e+07 7.67229e+06 0 8.01754e+07 0 8.8615e+07 8.01754e+07 4.21448e+07 7.67229e+06 0.00231077 0.000569493 -0.00126838 0.00260002 0.0436126
38 135 0 0.520775 0.221989 0.000480276 0.000494186 4.07601e+07 1.62338e+08 7.72069e+07 1.40552e+07 0 1.46877e+08 0 1.62338e+08 1.46877e+08 7.72069e+07 1.40552e+07 0.00201676 -0.000247851 0.000718126 0.00197145 0.0804593
46 135 1 0.4 9.9619e-24 -5.28902e-28 3.36384e-26 4.58611e+07 1.82654e+08 8.68691e+07 1.58142e+07 0 1.65258e+08 0 1.82654e+08 1.65258e+08 8.68691e+07 1.58142e+07 1.68716e-18 1.23506e-18 0.00251166 0.00261575 0.100848
37 135 2 0.6 9.81026e-24 4.48781e-27 3.6283e-26 5.41648e+07 2.15725e+08 1.02598e+08 1.86775e+07 0 1.9518e+08 0 2.15725e+08 1.9518e+08 1.02598e+08 1.86775e+07 -1.68716e-18 -1.23506e-18 0.00432865 0.00239245 0.0982276
28 136 0 0.744244 0.215916 0.00063898 0.000317649 1.20785e+08 4.81056e+08 2.28788e+08 4.16499e+07 0 4.35241e+08 0 4.81056e+08 4.35241e+08 2.28788e+08 4.16499e+07 0.000363799 -0.000664127 0.000658714 0.00100522 0.0773365
27 136 1 0.8 9.95347e-24 6.8293e-27 3.82997e-26 8.36761e+07 3.33262e+08 1.58498e+08 2.88538e+07 0 3.01523e+08 0 3.33262e+08 3.01523e+08 1.58498e+08 2.88538e+07 0.0004455 -0.000147474 0.00546904 0.00172753 0.0934947
18 136 2 0.968212 0.195597 0.000807666 0.000328317 6.51606e+07 2.59519e+08 1.23426e+08 2.24692e+07 0 2.34803e+08 0 2.59519e+08 2.34803e+08 1.23426e+08 2.24692e+07 0.0013178 0.000936842 0.001273 0.000950691 0.0726118
62 137 0 -0.0733017 0.238829 -6.41992e-05 0.000506513 1.96948e+07 7.84395e+07 3.73054e+07 6.7913e+06 0 7.09691e+07 0 7.84395e+07 7.09691e+07 3.73054e+07 6.7913e+06 0.00178074 -0.00114555 -9.74135e-05 0.00236045 0.0819595
63 137 1 -0.135739 0.484259 -0.00015748 0.000996764 6.04165e+07 2.40624e+08 1.1444e+08 2.08333e+07 0 2.17708e+08 0 2.40624e+08 2.17708e+08 1.1444e+08 2.08333e+07 0.00127542 -0.00164883 -0.00127153 0.00148222 0.066361
73 137 2 -0.292696 0.252883 -0.000301865 0.000533464 1.1216e+08 4.46706e+08 2.12451e+08 3.86758e+07 0 4.04162e+08 0 4.46706e+08 4.04162e+08 2.12451e+08 3.86758e+07 0.000103641 0.000356887 -0.000607016 0.0011762 0.0801834
72 138 0 -0.2 9.85773e-24 -5.27309e-27 3.99593e-26 5.77466e+07 2.29991e+08 1.09383e+08 1.99126e+07 0 2.08087e+08 0 2.29991e+08 2.08087e+08 1.09383e+08 1.99126e+07 -1.38025e-05 -0.0011248 -0.00174744 0.00276138 0.102235
62 138 1 -0.0733017 0.238829 -6.41992e-05 0.000506513 1.96948e+07 7.84395e+07 3.73054e+07 6.7913e+06 0 7.09691e+07 0 7.84395e+07 7.09691e+07 3.73054e+07 6.7913e+06 0.00178074 -0.00114555 -9.74135e-05 0.00236045 0.0819595
73 138 2 -0.292696 0.252883 -0.000301865 0.000533464 1.1216e+08 4.46706e+08 2.12451e+08 3.86758e+07 0 4.04162e+08 0 4.46706e+08 4.04162e+08 2.12451e+08 3.86758e+07 0.000103641 0.000356887 -0.000607016 0.0011762 0.0801834
57 139 0 0.111624 0.193404 0.000100571 0.000405378 1.08436e+08 4.31873e+08 2.05396e+08 3.73916e+07 0 3.90742e+08 0 4.31873e+08 3.90742e+08 2.05396e+08 3.73916e+07 0.000108325 0.000960988 0.000533194 0.00134093 0.0853374
51 139 1 0.135842 0.427347 0.000135124 0.000703486 1.04067e+08 4.14473e+08 1.97121e+08 3.58851e+07 0 3.75e+08 0 4.14473e+08 3.75e+08 1.97121e+08 3.58851e+07 0.000668736 -0.000105379 0.000266243 0.000453142 0.0694818
62 139 2 -0.0733017 0.238829 -6.41992e-05 0.000506513 1.96948e+07 7.84395e+07 3.73054e+07 6.7913e+06 0 7.09691e+07 0 7.84395e+07 7.09691e+07 3.73054e+07 6.7913e+06 0.00178074 -0.00114555 -9.74135e-05 0.00236045 0.0819595
41 140 0 0.407627 0.437376 0.000447512 0.000865317 4.85536e+07 1.93377e+08 9.19693e+07 1.67426e+07 0 1.7496e+08 0 1.93377e+08 1.7496e+08 9.19693e+07 1.67426e+07 0.00154451 -1.20389e-05 0.000405346 0.00172904 0.0678633
51 140 1 0.135842 0.427347 0.000135124 0.000703486 1.04067e+08 4.14473e+08 1.97121e+08 3.58851e+07 0 3.75e+08 0 4.14473e+08 3.75e+08 1.97121e+08 3.58851e+07 0.000668736 -0.000105379 0.000266243 0.000453142 0.0694818
47 140 2 0.302539 0.224236 0.000234256 0.000535131 7.26959e+07 2.8953e+08 1.37699e+08 2.50675e+07 0 2.61956e+08 0 2.8953e+08 2.61956e+08 1.37699e+08 2.50675e+07 0.000693638 -0.00020994 0.000492212 0.0014787 0.0821951
52 141 0 0.057811 0.676066 3.23527e-05 0.00115009 1.79324e+07 7.14204e+07 3.39672e+07 6.18359e+06 0 6.46185e+07 0 7.14204e+07 6.46185e+07 3.39672e+07 6.18359e+06 0.00215205 -0.00100141 -0.000207675 0.00279086 0.0575676
63 141 1 -0.135739 0.484259 -0.00015748 0.000996764 6.04165e+07 2.40624e+08 1.1444e+08 2.08333e+07 0 2.17708e+08 0 2.40624e+08 2.17708e+08 1.1444e+08 2.08333e+07 0.00127542 -0.00164883 -0.00127153 0.00148222 0.066361
51 141 2 0.135842 0.427347 0.000135124 0.000703486 1.04067e+08 4.14473e+08 1.97121e+08 3.58851e+07 0 3.75e+08 0 4.14473e+08 3.75e+08 1.97121e+08 3.58851e+07 0.000668736 -0.000105379 0.000266243 0.000453142 0.0694818
12 142 0 0.576522 1.28588 0.000650949 0.00227106 2.22496e+07 8.8615e+07 4.21448e+07 7.67229e+06 0 8.01754e+07 0 8.8615e+07 8.01754e+07 4.21448e+07 7.67229e+06 0.00231077 0.000569493 -0.00126838 0.00260002 0.0436126
13 142 1 0.560866 1.52487 0.000313778 0.00266327 8.85222e+07 3.52562e+08 1.67677e+08 3.05249e+07 0 3.18985e+08 0 3.52562e+08 3.18985e+08 1.67677e+08 3.05249e+07 0.00109673 0.00130777 -0.00133002 0.000805133 0.0421971
22 142 2 0.340094 1.36009 0.000242249 0.00234238 8.37434e+07 3.3353e+08 1.58625e+08 2.8877e+07 0 3.01765e+08 0 3.3353e+08 3.01765e+08 1.58625e+08 2.8877e+07 0.000687875 4.44295e-05 -0.000192818 0.00127792 0.0422979
68 143 0 -0.794009 1.11326 -0.00108915 0.00143891 1.14573e+08 4.56318e+08 2.17023e+08 3.95081e+07 0 4.12859e+08 0 4.56318e+08 4.12859e+08 2.17023e+08 3.95081e+07 0.000681517 0.00155851 0.000589227 0.000821924 0.0461602
58 143 1 -0.593236 1.25157 -0.00096534 0.0018725 1.2092e+08 4.81595e+08 2.29044e+08 4.16965e+07 0 4.35728e+08 0 4.81595e+08 4.35728e+08 2.29044e+08 4.16965e+07 0.000604227 0.00108091 -0.000760336 0.000462441 0.0438718
59 143 2 -0.828064 1.36395 -0.00120441 0.00161854 1.15731e+08 4.60927e+08 2.19214e+08 3.99071e+07 0 4.17029e+08 0 4.60927e+08 4.17029e+08 2.19214e+08 3.99071e+07 0.00062018 0.00141706 -0.000946486 0.000931935 0.0441107
69 144 0 -0.947289 0.976068 -0.00125958 0.00111728 1.06775e+08 4.25258e+08 2.0225e+08 3.68188e+07 0 3.84757e+08 0 4.25258e+08 3.84757e+08 2.0225e+08 3.68188e+07 0.000701582 0.00105736 0.000349964 0.000944217 0.0486402
61 144 1 -1.05508 1.14831 -0.00129902 0.00123408 9.49156e+07 3.78026e+08 1.79787e+08 3.27295e+07 0 3.42023e+08 0 3.78026e+08 3.42023e+08 1.79787e+08 3.27295e+07 0.000783735 0.000237441 -0.000536828 0.00103685 0.0471605
70 144 2 -1.1421 1.00981 -0.00141292 0.00109224 6.64115e+07 2.64501e+08 1.25795e+08 2.29005e+07 0 2.3931e+08 0 2.64501e+08 2.3931e+08 1.25795e+08 2.29005e+07 0.00107166 -0.000410937 0.000365261 0.00139715 0.0491967
82 145 0 -0.846127 0.628548 -0.00110292 0.000822009 9.91757e+07 3.94993e+08 1.87857e+08 3.41985e+07 0 3.57374e+08 0 3.94993e+08 3.57374e+08 1.87857e+08 3.41985e+07 0.000826853 0.000299286 -0.000463153 0.000987014 0.0566441
76 145 1 -0.789918 0.855621 -0.00115357 0.00112176 6.7294e+07 2.68016e+08 1.27467e+08 2.32048e+07 0 2.4249e+08 0 2.68016e+08 2.4249e+08 1.27467e+08 2.32048e+07 0.000864066 0.00100872 -6.4639e-05 0.00168076 0.0506833
77 145 2 -1.03492 0.787444 -0.00130263 0.000874602 1.43633e+08 5.72054e+08 2.72066e+08 4.95285e+07 0 5.17573e+08 0 5.72054e+08 5.17573e+08 2.72066e+08 4.95285e+07 0.000481818 0.000594913 -0.000495541 0.000737442 0.0521919
68 146 0 -0.794009 1.11326 -0.00108915 0.00143891 1.14573e+08 4.56318e+08 2.17023e+08 3.95081e+07 0 4.12859e+08 0 4.56318e+08 4.12859e+08 2.17023e+08 3.95081e+07 0.000681517 0.00155851 0.000589227 0.000821924 0.0461602
60 146 1 -0.94093 1.25545 -0.00123922 0.00142873 6.09163e+07 2.42615e+08 1.15386e+08 2.10056e+07 0 2.19509e+08 0 2.42615e+08 2.19509e+08 1.15386e+08 2.10056e+07 0.00115321 0.000791057 -0.000410397 0.00150082 0.0455387
61 146 2 -1.05508 1.14831 -0.00129902 0.00123408 9.49156e+07 3.78026e+08 1.79787e+08 3.27295e+07 0 3.42023e+08 0 3.78026e+08 3.42023e+08 1.79787e+08 3.27295e+07 0.000783735 0.000237441 -0.000536828 0.00103685 0.0471605
76 147 0 -0.789918 0.855621 -0.00115357 0.00112176 6.7294e+07 2.68016e+08 1.27467e+08 2.32048e+07 0 2.4249e+08 0 2.68016e+08 2.4249e+08 1.27467e+08 2.32048e+07 0.000864066 0.00100872 -6.4639e-05 0.00168076 0.0506833
68 147 1 -0.794009 1.11326 -0.00108915 0.00143891 1.14573e+08 4.56318e+08 2.17023e+08 3.95081e+07 0 4.12859e+08 0 4.56318e+08 4.12859e+08 2.17023e+08 3.95081e+07 0.000681517 0.00155851 0.000589227 0.000821924 0.0461602
69 147 2 -0.947289 0.976068 -0.00125958 0.00111728 1.06775e+08 4.25258e+08 2.0225e+08 3.68188e+07 0 3.84757e+08 0 4.25258e+08 3.84757e+08 2.0225e+08 3.68188e+07 0.000701582 0.00105736 0.000349964 0.000944217 0.0486402
64 148 0 -0.588002 0.973615 -0.0008434 0.00153208 1.5221e+07 6.06216e+07 2.88313e+07 5.24862e+06 0 5.48481e+07 0 6.06216e+07 5.48481e+07 2.88313e+07 5.24862e+06 0.00280311 0.00161358 -5.29298e-05 0.00203779 0.0481278
53 148 1 -0.381857 1.09749 -0.000611283 0.00186019 9.01282e+07 3.58959e+08 1.70719e+08 3.10787e+07 0 3.24772e+08 0 3.58959e+08 3.24772e+08 1.70719e+08 3.10787e+07 0.000705624 -0.000199523 -0.00203852 0.000906502 0.04563
58 148 2 -0.593236 1.25157 -0.00096534 0.0018725 1.2092e+08 4.81595e+08 2.29044e+08 4.16965e+07 0 4.35728e+08 0 4.81595e+08 4.35728e+08 2.29044e+08 4.16965e+07 0.000604227 0.00108091 -0.000760336 0.000462441 0.0438718
