Index_Vertex nbTriangle nbInTr x y ux uy Elast AR BR IR GR ER FR A1 A2 B12 C3 Defxx Defxy Defyx Defyy Density 
5 0 0 -0.940617 0.166444 -0.000814701 0.0002402 7.24846e+07 2.88689e+08 1.37299e+08 2.49947e+07 0 2.61195e+08 0 2.88689e+08 2.61195e+08 1.37299e+08 2.49947e+07 0.00151111 7.19683e-05 -0.00298801 0.00129486 0.100017
7 0 1 -0.8 5.42868e-24 -6.922e-27 3.9151e-26 1.00444e+08 4.00042e+08 1.90258e+08 3.46357e+07 0 3.61943e+08 0 4.00042e+08 3.61943e+08 1.90258e+08 3.46357e+07 1.48466e-25 -7.38697e-25 -0.00552486 0.0016522 0.11661
12 0 2 -0.735173 0.195928 -0.000708756 0.000295375 6.48112e+07 2.58128e+08 1.22764e+08 2.23487e+07 0 2.33544e+08 0 2.58128e+08 2.33544e+08 1.22764e+08 2.23487e+07 0.00134563 0.000307986 -0.00296007 0.000984901 0.101151
5 1 0 -0.940617 0.166444 -0.000814701 0.0002402 7.24846e+07 2.88689e+08 1.37299e+08 2.49947e+07 0 2.61195e+08 0 2.88689e+08 2.61195e+08 1.37299e+08 2.49947e+07 0.00151111 7.19683e-05 -0.00298801 0.00129486 0.100017
1 1 1 -1.16018 0.222602 -0.001207 -0.000129267 5.10558e+07 2.03343e+08 9.67088e+07 1.76054e+07 0 1.83977e+08 0 2.03343e+08 1.83977e+08 9.67088e+07 1.76054e+07 0.00121127 0.00269173 -0.00174014 0.00167469 0.0937854
0 1 2 -1 2.0462e-24 5.68009e-27 1.81959e-26 6.96569e+07 2.77427e+08 1.31943e+08 2.40196e+07 0 2.51005e+08 0 2.77427e+08 2.51005e+08 1.31943e+08 2.40196e+07 -5.69004e-26 8.93826e-25 -0.00734062 0.00156572 0.110237
12 2 0 -0.735173 0.195928 -0.000708756 0.000295375 6.48112e+07 2.58128e+08 1.22764e+08 2.23487e+07 0 2.33544e+08 0 2.58128e+08 2.33544e+08 1.22764e+08 2.23487e+07 0.00134563 0.000307986 -0.00296007 0.000984901 0.101151
18 2 1 -0.672972 0.394542 -0.00100509 0.000700449 1.34374e+07 5.35179e+07 2.54528e+07 4.63359e+06 0 4.8421e+07 0 5.35179e+07 4.8421e+07 2.54528e+07 4.63359e+06 0.00292748 0.000106573 -0.00136214 0.00296427 0.0895716
9 2 2 -0.926394 0.349634 -0.001235 0.000453562 1.23033e+08 4.9001e+08 2.33046e+08 4.24251e+07 0 4.43342e+08 0 4.9001e+08 4.43342e+08 2.33046e+08 4.24251e+07 0.000482476 0.000930983 -0.0018177 0.000834217 0.0905452
15 3 0 -0.6 5.49524e-24 -2.71873e-27 2.94397e-26 5.6052e+07 2.23242e+08 1.06173e+08 1.93283e+07 0 2.0198e+08 0 2.23242e+08 2.0198e+08 1.06173e+08 1.93283e+07 2.62744e-26 7.34836e-25 -0.00359308 0.00200817 0.119169
12 3 1 -0.735173 0.195928 -0.000708756 0.000295375 6.48112e+07 2.58128e+08 1.22764e+08 2.23487e+07 0 2.33544e+08 0 2.58128e+08 2.33544e+08 1.22764e+08 2.23487e+07 0.00134563 0.000307986 -0.00296007 0.000984901 0.101151
7 3 2 -0.8 5.42868e-24 -6.922e-27 3.9151e-26 1.00444e+08 4.00042e+08 1.90258e+08 3.46357e+07 0 3.61943e+08 0 4.00042e+08 3.61943e+08 1.90258e+08 3.46357e+07 1.48466e-25 -7.38697e-25 -0.00552486 0.0016522 0.11661
20 4 0 -0.515435 0.213351 -0.00050203 0.000349906 7.6273e+07 3.03777e+08 1.44475e+08 2.6301e+07 0 2.74846e+08 0 3.03777e+08 2.74846e+08 1.44475e+08 2.6301e+07 0.00072563 -0.000853 -0.00125633 0.00165466 0.101537
27 4 1 -0.416443 0.429795 -0.000578754 0.000670077 6.10188e+07 2.43023e+08 1.15581e+08 2.1041e+07 0 2.19878e+08 0 2.43023e+08 2.19878e+08 1.15581e+08 2.1041e+07 0.000696523 -0.00187132 -0.000603709 0.00189784 0.0883106
18 4 2 -0.672972 0.394542 -0.00100509 0.000700449 1.34374e+07 5.35179e+07 2.54528e+07 4.63359e+06 0 4.8421e+07 0 5.35179e+07 4.8421e+07 2.54528e+07 4.63359e+06 0.00292748 0.000106573 -0.00136214 0.00296427 0.0895716
15 5 0 -0.6 5.49524e-24 -2.71873e-27 2.94397e-26 5.6052e+07 2.23242e+08 1.06173e+08 1.93283e+07 0 2.0198e+08 0 2.23242e+08 2.0198e+08 1.06173e+08 1.93283e+07 2.62744e-26 7.34836e-25 -0.00359308 0.00200817 0.119169
20 5 1 -0.515435 0.213351 -0.00050203 0.000349906 7.6273e+07 3.03777e+08 1.44475e+08 2.6301e+07 0 2.74846e+08 0 3.03777e+08 2.74846e+08 1.44475e+08 2.6301e+07 0.00072563 -0.000853 -0.00125633 0.00165466 0.101537
12 5 2 -0.735173 0.195928 -0.000708756 0.000295375 6.48112e+07 2.58128e+08 1.22764e+08 2.23487e+07 0 2.33544e+08 0 2.58128e+08 2.33544e+08 1.22764e+08 2.23487e+07 0.00134563 0.000307986 -0.00296007 0.000984901 0.101151
15 6 0 -0.6 5.49524e-24 -2.71873e-27 2.94397e-26 5.6052e+07 2.23242e+08 1.06173e+08 1.93283e+07 0 2.0198e+08 0 2.23242e+08 2.0198e+08 1.06173e+08 1.93283e+07 2.62744e-26 7.34836e-25 -0.00359308 0.00200817 0.119169
24 6 1 -0.4 5.38537e-24 -2.55174e-27 3.99772e-26 1.12289e+08 4.47221e+08 2.12696e+08 3.87205e+07 0 4.04629e+08 0 4.47221e+08 4.04629e+08 2.12696e+08 3.87205e+07 -0.000143027 0.000186438 -0.00289753 0.00148804 0.120432
20 6 2 -0.515435 0.213351 -0.00050203 0.000349906 7.6273e+07 3.03777e+08 1.44475e+08 2.6301e+07 0 2.74846e+08 0 3.03777e+08 2.74846e+08 1.44475e+08 2.6301e+07 0.00072563 -0.000853 -0.00125633 0.00165466 0.101537
9 7 0 -0.926394 0.349634 -0.001235 0.000453562 1.23033e+08 4.9001e+08 2.33046e+08 4.24251e+07 0 4.43342e+08 0 4.9001e+08 4.43342e+08 2.33046e+08 4.24251e+07 0.000482476 0.000930983 -0.0018177 0.000834217 0.0905452
3 7 1 -1.13188 0.483973 -0.00163641 0.000323387 7.65948e+07 3.05059e+08 1.45084e+08 2.6412e+07 0 2.76005e+08 0 3.05059e+08 2.76005e+08 1.45084e+08 2.6412e+07 0.00104096 0.00150872 -0.00166973 0.00109529 0.0859556
1 7 2 -1.16018 0.222602 -0.001207 -0.000129267 5.10558e+07 2.03343e+08 9.67088e+07 1.76054e+07 0 1.83977e+08 0 2.03343e+08 1.83977e+08 9.67088e+07 1.76054e+07 0.00121127 0.00269173 -0.00174014 0.00167469 0.0937854
24 8 0 -0.4 5.38537e-24 -2.55174e-27 3.99772e-26 1.12289e+08 4.47221e+08 2.12696e+08 3.87205e+07 0 4.04629e+08 0 4.47221e+08 4.04629e+08 2.12696e+08 3.87205e+07 -0.000143027 0.000186438 -0.00289753 0.00148804 0.120432
31 8 1 -0.2 5.44391e-24 -1.17218e-27 3.13167e-26 4.03329e+07 1.60636e+08 7.63977e+07 1.39079e+07 0 1.45337e+08 0 1.60636e+08 1.45337e+08 7.63977e+07 1.39079e+07 -5.33483e-26 3.83237e-25 -0.00252228 0.00276781 0.121023
28 8 2 -0.294334 0.223861 -0.000384876 0.000333607 1.20226e+08 4.78831e+08 2.27729e+08 4.14572e+07 0 4.33228e+08 0 4.78831e+08 4.33228e+08 2.27729e+08 4.14572e+07 2.70996e-05 0.000765962 -0.00145779 0.000821108 0.101516
11 9 0 -0.859704 0.54672 -0.00140698 0.00080878 5.84234e+07 2.32686e+08 1.10664e+08 2.0146e+07 0 2.10526e+08 0 2.32686e+08 2.10526e+08 1.10664e+08 2.0146e+07 0.00149646 0.00252138 -0.000720498 0.00149724 0.0828895
3 9 1 -1.13188 0.483973 -0.00163641 0.000323387 7.65948e+07 3.05059e+08 1.45084e+08 2.6412e+07 0 2.76005e+08 0 3.05059e+08 2.76005e+08 1.45084e+08 2.6412e+07 0.00104096 0.00150872 -0.00166973 0.00109529 0.0859556
9 9 2 -0.926394 0.349634 -0.001235 0.000453562 1.23033e+08 4.9001e+08 2.33046e+08 4.24251e+07 0 4.43342e+08 0 4.9001e+08 4.43342e+08 2.33046e+08 4.24251e+07 0.000482476 0.000930983 -0.0018177 0.000834217 0.0905452
11 10 0 -0.859704 0.54672 -0.00140698 0.00080878 5.84234e+07 2.32686e+08 1.10664e+08 2.0146e+07 0 2.10526e+08 0 2.32686e+08 2.10526e+08 1.10664e+08 2.0146e+07 0.00149646 0.00252138 -0.000720498 0.00149724 0.0828895
4 10 1 -1.03226 0.721099 -0.00183451 0.0009501 3.60164e+07 1.43445e+08 6.82216e+07 1.24195e+07 0 1.29783e+08 0 1.43445e+08 1.29783e+08 6.82216e+07 1.24195e+07 0.00161564 0.00207647 0.00127037 0.00230397 0.079394
3 10 2 -1.13188 0.483973 -0.00163641 0.000323387 7.65948e+07 3.05059e+08 1.45084e+08 2.6412e+07 0 2.76005e+08 0 3.05059e+08 2.76005e+08 1.45084e+08 2.6412e+07 0.00104096 0.00150872 -0.00166973 0.00109529 0.0859556
18 11 0 -0.672972 0.394542 -0.00100509 0.000700449 1.34374e+07 5.35179e+07 2.54528e+07 4.63359e+06 0 4.8421e+07 0 5.35179e+07 4.8421e+07 2.54528e+07 4.63359e+06 0.00292748 0.000106573 -0.00136214 0.00296427 0.0895716
11 11 1 -0.859704 0.54672 -0.00140698 0.00080878 5.84234e+07 2.32686e+08 1.10664e+08 2.0146e+07 0 2.10526e+08 0 2.32686e+08 2.10526e+08 1.10664e+08 2.0146e+07 0.00149646 0.00252138 -0.000720498 0.00149724 0.0828895
9 11 2 -0.926394 0.349634 -0.001235 0.000453562 1.23033e+08 4.9001e+08 2.33046e+08 4.24251e+07 0 4.43342e+08 0 4.9001e+08 4.43342e+08 2.33046e+08 4.24251e+07 0.000482476 0.000930983 -0.0018177 0.000834217 0.0905452
10 12 0 -0.770751 0.733843 -0.00141254 0.00139146 3.4426e+07 1.3711e+08 6.5209e+07 1.1871e+07 0 1.24052e+08 0 1.3711e+08 1.24052e+08 6.5209e+07 1.1871e+07 0.00131837 0.000994212 -0.000893639 0.00220276 0.0770583
4 12 1 -1.03226 0.721099 -0.00183451 0.0009501 3.60164e+07 1.43445e+08 6.82216e+07 1.24195e+07 0 1.29783e+08 0 1.43445e+08 1.29783e+08 6.82216e+07 1.24195e+07 0.00161564 0.00207647 0.00127037 0.00230397 0.079394
11 12 2 -0.859704 0.54672 -0.00140698 0.00080878 5.84234e+07 2.32686e+08 1.10664e+08 2.0146e+07 0 2.10526e+08 0 2.32686e+08 2.10526e+08 1.10664e+08 2.0146e+07 0.00149646 0.00252138 -0.000720498 0.00149724 0.0828895
18 13 0 -0.672972 0.394542 -0.00100509 0.000700449 1.34374e+07 5.35179e+07 2.54528e+07 4.63359e+06 0 4.8421e+07 0 5.35179e+07 4.8421e+07 2.54528e+07 4.63359e+06 0.00292748 0.000106573 -0.00136214 0.00296427 0.0895716
19 13 1 -0.585254 0.58895 -0.000951838 0.00126404 4.92594e+07 1.96188e+08 9.33061e+07 1.6986e+07 0 1.77504e+08 0 1.96188e+08 1.77504e+08 9.33061e+07 1.6986e+07 0.00173788 0.000630977 -0.000801373 0.00170293 0.0810427
11 13 2 -0.859704 0.54672 -0.00140698 0.00080878 5.84234e+07 2.32686e+08 1.10664e+08 2.0146e+07 0 2.10526e+08 0 2.32686e+08 2.10526e+08 1.10664e+08 2.0146e+07 0.00149646 0.00252138 -0.000720498 0.00149724 0.0828895
5 14 0 -0.940617 0.166444 -0.000814701 0.0002402 7.24846e+07 2.88689e+08 1.37299e+08 2.49947e+07 0 2.61195e+08 0 2.88689e+08 2.61195e+08 1.37299e+08 2.49947e+07 0.00151111 7.19683e-05 -0.00298801 0.00129486 0.100017
12 14 1 -0.735173 0.195928 -0.000708756 0.000295375 6.48112e+07 2.58128e+08 1.22764e+08 2.23487e+07 0 2.33544e+08 0 2.58128e+08 2.33544e+08 1.22764e+08 2.23487e+07 0.00134563 0.000307986 -0.00296007 0.000984901 0.101151
9 14 2 -0.926394 0.349634 -0.001235 0.000453562 1.23033e+08 4.9001e+08 2.33046e+08 4.24251e+07 0 4.43342e+08 0 4.9001e+08 4.43342e+08 2.33046e+08 4.24251e+07 0.000482476 0.000930983 -0.0018177 0.000834217 0.0905452
1 15 0 -1.16018 0.222602 -0.001207 -0.000129267 5.10558e+07 2.03343e+08 9.67088e+07 1.76054e+07 0 1.83977e+08 0 2.03343e+08 1.83977e+08 9.67088e+07 1.76054e+07 0.00121127 0.00269173 -0.00174014 0.00167469 0.0937854
5 15 1 -0.940617 0.166444 -0.000814701 0.0002402 7.24846e+07 2.88689e+08 1.37299e+08 2.49947e+07 0 2.61195e+08 0 2.88689e+08 2.61195e+08 1.37299e+08 2.49947e+07 0.00151111 7.19683e-05 -0.00298801 0.00129486 0.100017
9 15 2 -0.926394 0.349634 -0.001235 0.000453562 1.23033e+08 4.9001e+08 2.33046e+08 4.24251e+07 0 4.43342e+08 0 4.9001e+08 4.43342e+08 2.33046e+08 4.24251e+07 0.000482476 0.000930983 -0.0018177 0.000834217 0.0905452
0 16 0 -1 2.0462e-24 5.68009e-27 1.81959e-26 6.96569e+07 2.77427e+08 1.31943e+08 2.40196e+07 0 2.51005e+08 0 2.77427e+08 2.51005e+08 1.31943e+08 2.40196e+07 -5.69004e-26 8.93826e-25 -0.00734062 0.00156572 0.110237
7 16 1 -0.8 5.42868e-24 -6.922e-27 3.9151e-26 1.00444e+08 4.00042e+08 1.90258e+08 3.46357e+07 0 3.61943e+08 0 4.00042e+08 3.61943e+08 1.90258e+08 3.46357e+07 1.48466e-25 -7.38697e-25 -0.00552486 0.0016522 0.11661
5 16 2 -0.940617 0.166444 -0.000814701 0.0002402 7.24846e+07 2.88689e+08 1.37299e+08 2.49947e+07 0 2.61195e+08 0 2.88689e+08 2.61195e+08 1.37299e+08 2.49947e+07 0.00151111 7.19683e-05 -0.00298801 0.00129486 0.100017
27 17 0 -0.416443 0.429795 -0.000578754 0.000670077 6.10188e+07 2.43023e+08 1.15581e+08 2.1041e+07 0 2.19878e+08 0 2.43023e+08 2.19878e+08 1.15581e+08 2.1041e+07 0.000696523 -0.00187132 -0.000603709 0.00189784 0.0883106
19 17 1 -0.585254 0.58895 -0.000951838 0.00126404 4.92594e+07 1.96188e+08 9.33061e+07 1.6986e+07 0 1.77504e+08 0 1.96188e+08 1.77504e+08 9.33061e+07 1.6986e+07 0.00173788 0.000630977 -0.000801373 0.00170293 0.0810427
18 17 2 -0.672972 0.394542 -0.00100509 0.000700449 1.34374e+07 5.35179e+07 2.54528e+07 4.63359e+06 0 4.8421e+07 0 5.35179e+07 4.8421e+07 2.54528e+07 4.63359e+06 0.00292748 0.000106573 -0.00136214 0.00296427 0.0895716
31 18 0 -0.2 5.44391e-24 -1.17218e-27 3.13167e-26 4.03329e+07 1.60636e+08 7.63977e+07 1.39079e+07 0 1.45337e+08 0 1.60636e+08 1.45337e+08 7.63977e+07 1.39079e+07 -5.33483e-26 3.83237e-25 -0.00252228 0.00276781 0.121023
35 18 1 -0.0781823 0.228034 -8.51809e-05 0.00061091 1.45999e+07 5.8148e+07 2.76549e+07 5.03446e+06 0 5.26101e+07 0 5.8148e+07 5.26101e+07 2.76549e+07 5.03446e+06 0.0046079 -0.000233069 -0.000747284 0.00235546 0.101509
28 18 2 -0.294334 0.223861 -0.000384876 0.000333607 1.20226e+08 4.78831e+08 2.27729e+08 4.14572e+07 0 4.33228e+08 0 4.78831e+08 4.33228e+08 2.27729e+08 4.14572e+07 2.70996e-05 0.000765962 -0.00145779 0.000821108 0.101516
19 19 0 -0.585254 0.58895 -0.000951838 0.00126404 4.92594e+07 1.96188e+08 9.33061e+07 1.6986e+07 0 1.77504e+08 0 1.96188e+08 1.77504e+08 9.33061e+07 1.6986e+07 0.00173788 0.000630977 -0.000801373 0.00170293 0.0810427
10 19 1 -0.770751 0.733843 -0.00141254 0.00139146 3.4426e+07 1.3711e+08 6.5209e+07 1.1871e+07 0 1.24052e+08 0 1.3711e+08 1.24052e+08 6.5209e+07 1.1871e+07 0.00131837 0.000994212 -0.000893639 0.00220276 0.0770583
11 19 2 -0.859704 0.54672 -0.00140698 0.00080878 5.84234e+07 2.32686e+08 1.10664e+08 2.0146e+07 0 2.10526e+08 0 2.32686e+08 2.10526e+08 1.10664e+08 2.0146e+07 0.00149646 0.00252138 -0.000720498 0.00149724 0.0828895
26 20 0 -0.305315 0.6588 -0.00039497 0.00113437 2.072e+07 8.25227e+07 3.92474e+07 7.14482e+06 0 7.46634e+07 0 8.25227e+07 7.46634e+07 3.92474e+07 7.14482e+06 0.00559909 -0.000212659 -0.00177681 0.00199945 0.0781484
19 20 1 -0.585254 0.58895 -0.000951838 0.00126404 4.92594e+07 1.96188e+08 9.33061e+07 1.6986e+07 0 1.77504e+08 0 1.96188e+08 1.77504e+08 9.33061e+07 1.6986e+07 0.00173788 0.000630977 -0.000801373 0.00170293 0.0810427
27 20 2 -0.416443 0.429795 -0.000578754 0.000670077 6.10188e+07 2.43023e+08 1.15581e+08 2.1041e+07 0 2.19878e+08 0 2.43023e+08 2.19878e+08 1.15581e+08 2.1041e+07 0.000696523 -0.00187132 -0.000603709 0.00189784 0.0883106
17 21 0 -0.521854 0.779024 -0.00111705 0.00160881 6.96787e+07 2.77513e+08 1.31984e+08 2.40271e+07 0 2.51084e+08 0 2.77513e+08 2.51084e+08 1.31984e+08 2.40271e+07 0.00011042 -0.00109237 -0.00226826 0.000650367 0.0748523
8 21 1 -0.67821 0.906325 -0.00144097 0.00176265 7.96869e+07 3.17374e+08 1.50941e+08 2.74782e+07 0 2.87148e+08 0 3.17374e+08 2.87148e+08 1.50941e+08 2.74782e+07 0.000894886 0.000321704 -0.000347006 0.0010161 0.072897
10 21 2 -0.770751 0.733843 -0.00141254 0.00139146 3.4426e+07 1.3711e+08 6.5209e+07 1.1871e+07 0 1.24052e+08 0 1.3711e+08 1.24052e+08 6.5209e+07 1.1871e+07 0.00131837 0.000994212 -0.000893639 0.00220276 0.0770583
26 22 0 -0.305315 0.6588 -0.00039497 0.00113437 2.072e+07 8.25227e+07 3.92474e+07 7.14482e+06 0 7.46634e+07 0 8.25227e+07 7.46634e+07 3.92474e+07 7.14482e+06 0.00559909 -0.000212659 -0.00177681 0.00199945 0.0781484
17 22 1 -0.521854 0.779024 -0.00111705 0.00160881 6.96787e+07 2.77513e+08 1.31984e+08 2.40271e+07 0 2.51084e+08 0 2.77513e+08 2.51084e+08 1.31984e+08 2.40271e+07 0.00011042 -0.00109237 -0.00226826 0.000650367 0.0748523
19 22 2 -0.585254 0.58895 -0.000951838 0.00126404 4.92594e+07 1.96188e+08 9.33061e+07 1.6986e+07 0 1.77504e+08 0 1.96188e+08 1.77504e+08 9.33061e+07 1.6986e+07 0.00173788 0.000630977 -0.000801373 0.00170293 0.0810427
21 23 0 -0.333412 0.871097 -0.00108104 0.00214147 8.06702e+06 3.2129e+07 1.52804e+07 2.78173e+06 0 2.90691e+07 0 3.2129e+07 2.90691e+07 1.52804e+07 2.78173e+06 0.00564195 0.0057577 -0.00319875 0.00822214 0.0720239
13 23 1 -0.498348 1.00393 -0.00113137 0.00213962 3.84349e+07 1.53077e+08 7.28026e+07 1.32534e+07 0 1.38498e+08 0 1.53077e+08 1.38498e+08 7.28026e+07 1.32534e+07 0.00184109 0.00215219 0.00197008 0.00273823 0.0702769
17 23 2 -0.521854 0.779024 -0.00111705 0.00160881 6.96787e+07 2.77513e+08 1.31984e+08 2.40271e+07 0 2.51084e+08 0 2.77513e+08 2.51084e+08 1.31984e+08 2.40271e+07 0.00011042 -0.00109237 -0.00226826 0.000650367 0.0748523
13 24 0 -0.498348 1.00393 -0.00113137 0.00213962 3.84349e+07 1.53077e+08 7.28026e+07 1.32534e+07 0 1.38498e+08 0 1.53077e+08 1.38498e+08 7.28026e+07 1.32534e+07 0.00184109 0.00215219 0.00197008 0.00273823 0.0702769
21 24 1 -0.333412 0.871097 -0.00108104 0.00214147 8.06702e+06 3.2129e+07 1.52804e+07 2.78173e+06 0 2.90691e+07 0 3.2129e+07 2.90691e+07 1.52804e+07 2.78173e+06 0.00564195 0.0057577 -0.00319875 0.00822214 0.0720239
22 24 2 -0.298322 1.07546 -0.000638761 0.00304042 5.09743e+07 2.03018e+08 9.65545e+07 1.75774e+07 0 1.83683e+08 0 2.03018e+08 1.83683e+08 9.65545e+07 1.75774e+07 0.00135351 0.00379664 0.00154305 4.56997e-05 0.0684814
2 25 0 -0.884857 0.930574 -0.00157174 0.0014736 1.80925e+08 7.20579e+08 3.42704e+08 6.23878e+07 0 6.51952e+08 0 7.20579e+08 6.51952e+08 3.42704e+08 6.23878e+07 0.000341762 0.0019643 0.000238083 0.000348254 0.074371
8 25 1 -0.67821 0.906325 -0.00144097 0.00176265 7.96869e+07 3.17374e+08 1.50941e+08 2.74782e+07 0 2.87148e+08 0 3.17374e+08 2.87148e+08 1.50941e+08 2.74782e+07 0.000894886 0.000321704 -0.000347006 0.0010161 0.072897
6 25 2 -0.69487 1.09858 -0.00125699 0.00196233 7.68572e+07 3.06104e+08 1.45581e+08 2.65025e+07 0 2.76951e+08 0 3.06104e+08 2.76951e+08 1.45581e+08 2.65025e+07 0.00127249 0.00145371 0.00184036 0.00100278 0.0707472
10 26 0 -0.770751 0.733843 -0.00141254 0.00139146 3.4426e+07 1.3711e+08 6.5209e+07 1.1871e+07 0 1.24052e+08 0 1.3711e+08 1.24052e+08 6.5209e+07 1.1871e+07 0.00131837 0.000994212 -0.000893639 0.00220276 0.0770583
19 26 1 -0.585254 0.58895 -0.000951838 0.00126404 4.92594e+07 1.96188e+08 9.33061e+07 1.6986e+07 0 1.77504e+08 0 1.96188e+08 1.77504e+08 9.33061e+07 1.6986e+07 0.00173788 0.000630977 -0.000801373 0.00170293 0.0810427
17 26 2 -0.521854 0.779024 -0.00111705 0.00160881 6.96787e+07 2.77513e+08 1.31984e+08 2.40271e+07 0 2.51084e+08 0 2.77513e+08 2.51084e+08 1.31984e+08 2.40271e+07 0.00011042 -0.00109237 -0.00226826 0.000650367 0.0748523
4 27 0 -1.03226 0.721099 -0.00183451 0.0009501 3.60164e+07 1.43445e+08 6.82216e+07 1.24195e+07 0 1.29783e+08 0 1.43445e+08 1.29783e+08 6.82216e+07 1.24195e+07 0.00161564 0.00207647 0.00127037 0.00230397 0.079394
10 27 1 -0.770751 0.733843 -0.00141254 0.00139146 3.4426e+07 1.3711e+08 6.5209e+07 1.1871e+07 0 1.24052e+08 0 1.3711e+08 1.24052e+08 6.5209e+07 1.1871e+07 0.00131837 0.000994212 -0.000893639 0.00220276 0.0770583
2 27 2 -0.884857 0.930574 -0.00157174 0.0014736 1.80925e+08 7.20579e+08 3.42704e+08 6.23878e+07 0 6.51952e+08 0 7.20579e+08 6.51952e+08 3.42704e+08 6.23878e+07 0.000341762 0.0019643 0.000238083 0.000348254 0.074371
18 28 0 -0.672972 0.394542 -0.00100509 0.000700449 1.34374e+07 5.35179e+07 2.54528e+07 4.63359e+06 0 4.8421e+07 0 5.35179e+07 4.8421e+07 2.54528e+07 4.63359e+06 0.00292748 0.000106573 -0.00136214 0.00296427 0.0895716
12 28 1 -0.735173 0.195928 -0.000708756 0.000295375 6.48112e+07 2.58128e+08 1.22764e+08 2.23487e+07 0 2.33544e+08 0 2.58128e+08 2.33544e+08 1.22764e+08 2.23487e+07 0.00134563 0.000307986 -0.00296007 0.000984901 0.101151
20 28 2 -0.515435 0.213351 -0.00050203 0.000349906 7.6273e+07 3.03777e+08 1.44475e+08 2.6301e+07 0 2.74846e+08 0 3.03777e+08 2.74846e+08 1.44475e+08 2.6301e+07 0.00072563 -0.000853 -0.00125633 0.00165466 0.101537
46 29 0 0.2 5.42743e-24 4.02098e-29 3.73159e-26 8.47752e+07 3.37639e+08 1.60579e+08 2.92328e+07 0 3.05483e+08 0 3.37639e+08 3.05483e+08 1.60579e+08 2.92328e+07 -0.000178483 -0.000545733 0.00152216 0.00177564 0.121056
41 29 1 0.105851 0.193691 0.000190445 0.000408156 9.81615e+07 3.90953e+08 1.85935e+08 3.38488e+07 0 3.5372e+08 0 3.90953e+08 3.5372e+08 1.85935e+08 3.38488e+07 0.000137878 -0.00113716 0.00128422 0.000971132 0.104083
39 29 2 2.49704e-17 5.45165e-24 2.64256e-27 2.78921e-26 3.11789e+07 1.24178e+08 5.90584e+07 1.07513e+07 0 1.12351e+08 0 1.24178e+08 1.12351e+08 5.90584e+07 1.07513e+07 0.000188993 0.000413312 0.00138321 0.00321642 0.121202
8 30 0 -0.67821 0.906325 -0.00144097 0.00176265 7.96869e+07 3.17374e+08 1.50941e+08 2.74782e+07 0 2.87148e+08 0 3.17374e+08 2.87148e+08 1.50941e+08 2.74782e+07 0.000894886 0.000321704 -0.000347006 0.0010161 0.072897
2 30 1 -0.884857 0.930574 -0.00157174 0.0014736 1.80925e+08 7.20579e+08 3.42704e+08 6.23878e+07 0 6.51952e+08 0 7.20579e+08 6.51952e+08 3.42704e+08 6.23878e+07 0.000341762 0.0019643 0.000238083 0.000348254 0.074371
10 30 2 -0.770751 0.733843 -0.00141254 0.00139146 3.4426e+07 1.3711e+08 6.5209e+07 1.1871e+07 0 1.24052e+08 0 1.3711e+08 1.24052e+08 6.5209e+07 1.1871e+07 0.00131837 0.000994212 -0.000893639 0.00220276 0.0770583
22 31 0 -0.298322 1.07546 -0.000638761 0.00304042 5.09743e+07 2.03018e+08 9.65545e+07 1.75774e+07 0 1.83683e+08 0 2.03018e+08 1.83683e+08 9.65545e+07 1.75774e+07 0.00135351 0.00379664 0.00154305 4.56997e-05 0.0684814
23 31 1 -0.111686 1.1315 -0.000157211 0.00301563 2.76844e+07 1.1026e+08 5.24393e+07 9.54636e+06 0 9.97595e+07 0 1.1026e+08 9.97595e+07 5.24393e+07 9.54636e+06 0.00349888 -0.00471497 -0.000517457 0.00212846 0.0674357
16 31 2 -0.244051 1.29746 -0.000362017 0.00341541 9.34188e+07 3.72064e+08 1.76952e+08 3.22134e+07 0 3.3663e+08 0 3.72064e+08 3.3663e+08 1.76952e+08 3.22134e+07 0.00160566 0.00198089 0.00155354 0.000600789 0.0669563
6 32 0 -0.69487 1.09858 -0.00125699 0.00196233 7.68572e+07 3.06104e+08 1.45581e+08 2.65025e+07 0 2.76951e+08 0 3.06104e+08 2.76951e+08 1.45581e+08 2.65025e+07 0.00127249 0.00145371 0.00184036 0.00100278 0.0707472
8 32 1 -0.67821 0.906325 -0.00144097 0.00176265 7.96869e+07 3.17374e+08 1.50941e+08 2.74782e+07 0 2.87148e+08 0 3.17374e+08 2.87148e+08 1.50941e+08 2.74782e+07 0.000894886 0.000321704 -0.000347006 0.0010161 0.072897
13 32 2 -0.498348 1.00393 -0.00113137 0.00213962 3.84349e+07 1.53077e+08 7.28026e+07 1.32534e+07 0 1.38498e+08 0 1.53077e+08 1.38498e+08 7.28026e+07 1.32534e+07 0.00184109 0.00215219 0.00197008 0.00273823 0.0702769
21 33 0 -0.333412 0.871097 -0.00108104 0.00214147 8.06702e+06 3.2129e+07 1.52804e+07 2.78173e+06 0 2.90691e+07 0 3.2129e+07 2.90691e+07 1.52804e+07 2.78173e+06 0.00564195 0.0057577 -0.00319875 0.00822214 0.0720239
30 33 1 -0.120711 0.895657 0.000288533 0.0021271 3.36332e+06 1.33953e+07 6.37074e+06 1.15977e+06 0 1.21196e+07 0 1.33953e+07 1.21196e+07 6.37074e+06 1.15977e+06 0.00795336 -0.00834988 -0.00301439 0.0130566 0.0710914
22 33 2 -0.298322 1.07546 -0.000638761 0.00304042 5.09743e+07 2.03018e+08 9.65545e+07 1.75774e+07 0 1.83683e+08 0 2.03018e+08 1.83683e+08 9.65545e+07 1.75774e+07 0.00135351 0.00379664 0.00154305 4.56997e-05 0.0684814
13 34 0 -0.498348 1.00393 -0.00113137 0.00213962 3.84349e+07 1.53077e+08 7.28026e+07 1.32534e+07 0 1.38498e+08 0 1.53077e+08 1.38498e+08 7.28026e+07 1.32534e+07 0.00184109 0.00215219 0.00197008 0.00273823 0.0702769
8 34 1 -0.67821 0.906325 -0.00144097 0.00176265 7.96869e+07 3.17374e+08 1.50941e+08 2.74782e+07 0 2.87148e+08 0 3.17374e+08 2.87148e+08 1.50941e+08 2.74782e+07 0.000894886 0.000321704 -0.000347006 0.0010161 0.072897
17 34 2 -0.521854 0.779024 -0.00111705 0.00160881 6.96787e+07 2.77513e+08 1.31984e+08 2.40271e+07 0 2.51084e+08 0 2.77513e+08 2.51084e+08 1.31984e+08 2.40271e+07 0.00011042 -0.00109237 -0.00226826 0.000650367 0.0748523
14 35 0 -0.478549 1.22507 -0.000819642 0.00262626 7.48501e+07 2.9811e+08 1.4178e+08 2.58104e+07 0 2.69718e+08 0 2.9811e+08 2.69718e+08 1.4178e+08 2.58104e+07 0.00153573 0.00419365 0.000913762 0.0012006 0.0683143
13 35 1 -0.498348 1.00393 -0.00113137 0.00213962 3.84349e+07 1.53077e+08 7.28026e+07 1.32534e+07 0 1.38498e+08 0 1.53077e+08 1.38498e+08 7.28026e+07 1.32534e+07 0.00184109 0.00215219 0.00197008 0.00273823 0.0702769
22 35 2 -0.298322 1.07546 -0.000638761 0.00304042 5.09743e+07 2.03018e+08 9.65545e+07 1.75774e+07 0 1.83683e+08 0 2.03018e+08 1.83683e+08 9.65545e+07 1.75774e+07 0.00135351 0.00379664 0.00154305 4.56997e-05 0.0684814
14 36 0 -0.478549 1.22507 -0.000819642 0.00262626 7.48501e+07 2.9811e+08 1.4178e+08 2.58104e+07 0 2.69718e+08 0 2.9811e+08 2.69718e+08 1.4178e+08 2.58104e+07 0.00153573 0.00419365 0.000913762 0.0012006 0.0683143
6 36 1 -0.69487 1.09858 -0.00125699 0.00196233 7.68572e+07 3.06104e+08 1.45581e+08 2.65025e+07 0 2.76951e+08 0 3.06104e+08 2.76951e+08 1.45581e+08 2.65025e+07 0.00127249 0.00145371 0.00184036 0.00100278 0.0707472
13 36 2 -0.498348 1.00393 -0.00113137 0.00213962 3.84349e+07 1.53077e+08 7.28026e+07 1.32534e+07 0 1.38498e+08 0 1.53077e+08 1.38498e+08 7.28026e+07 1.32534e+07 0.00184109 0.00215219 0.00197008 0.00273823 0.0702769
41 37 0 0.105851 0.193691 0.000190445 0.000408156 9.81615e+07 3.90953e+08 1.85935e+08 3.38488e+07 0 3.5372e+08 0 3.90953e+08 3.5372e+08 1.85935e+08 3.38488e+07 0.000137878 -0.00113716 0.00128422 0.000971132 0.104083
43 37 1 0.115945 0.429294 0.000429374 0.00103519 2.59528e+07 1.03364e+08 4.91593e+07 8.94926e+06 0 9.35197e+07 0 1.03364e+08 9.35197e+07 4.91593e+07 8.94926e+06 0.00119938 -0.00180123 0.000148645 0.00437644 0.0885605
35 37 2 -0.0781823 0.228034 -8.51809e-05 0.00061091 1.45999e+07 5.8148e+07 2.76549e+07 5.03446e+06 0 5.26101e+07 0 5.8148e+07 5.26101e+07 2.76549e+07 5.03446e+06 0.0046079 -0.000233069 -0.000747284 0.00235546 0.101509
52 38 0 0.4 5.47807e-24 3.11299e-27 3.58786e-26 6.01576e+07 2.39593e+08 1.13949e+08 2.0744e+07 0 2.16775e+08 0 2.39593e+08 2.16775e+08 1.13949e+08 2.0744e+07 0.000105341 0.000256686 0.00259246 0.00238419 0.120522
48 38 1 0.292894 0.221587 0.000357067 0.000488836 3.71729e+07 1.4805e+08 7.04121e+07 1.28182e+07 0 1.3395e+08 0 1.4805e+08 1.3395e+08 7.04121e+07 1.28182e+07 0.00117592 0.00118867 0.00124966 0.00272658 0.101723
46 38 2 0.2 5.42743e-24 4.02098e-29 3.73159e-26 8.47752e+07 3.37639e+08 1.60579e+08 2.92328e+07 0 3.05483e+08 0 3.37639e+08 3.05483e+08 1.60579e+08 2.92328e+07 -0.000178483 -0.000545733 0.00152216 0.00177564 0.121056
50 39 0 0.398485 0.419574 0.000812972 0.000980008 6.32988e+07 2.52104e+08 1.19899e+08 2.18272e+07 0 2.28094e+08 0 2.52104e+08 2.28094e+08 1.19899e+08 2.18272e+07 0.000807657 0.000211015 0.00179031 0.00171486 0.0889146
43 39 1 0.115945 0.429294 0.000429374 0.00103519 2.59528e+07 1.03364e+08 4.91593e+07 8.94926e+06 0 9.35197e+07 0 1.03364e+08 9.35197e+07 4.91593e+07 8.94926e+06 0.00119938 -0.00180123 0.000148645 0.00437644 0.0885605
48 39 2 0.292894 0.221587 0.000357067 0.000488836 3.71729e+07 1.4805e+08 7.04121e+07 1.28182e+07 0 1.3395e+08 0 1.4805e+08 1.3395e+08 7.04121e+07 1.28182e+07 0.00117592 0.00118867 0.00124966 0.00272658 0.101723
30 40 0 -0.120711 0.895657 0.000288533 0.0021271 3.36332e+06 1.33953e+07 6.37074e+06 1.15977e+06 0 1.21196e+07 0 1.33953e+07 1.21196e+07 6.37074e+06 1.15977e+06 0.00795336 -0.00834988 -0.00301439 0.0130566 0.0710914
33 40 1 -0.0454308 0.657895 0.000298359 0.00160274 8.19897e+07 3.26545e+08 1.55303e+08 2.82723e+07 0 2.95445e+08 0 3.26545e+08 2.95445e+08 1.55303e+08 2.82723e+07 0.000599431 0.00260443 0.00118381 1.43277e-05 0.0780588
37 40 2 0.117805 0.871073 0.000608205 0.00203344 6.91652e+07 2.75468e+08 1.31011e+08 2.38501e+07 0 2.49233e+08 0 2.75468e+08 2.49233e+08 1.31011e+08 2.38501e+07 0.000133757 0.000458278 -0.00104187 0.00213061 0.0716387
35 41 0 -0.0781823 0.228034 -8.51809e-05 0.00061091 1.45999e+07 5.8148e+07 2.76549e+07 5.03446e+06 0 5.26101e+07 0 5.8148e+07 5.26101e+07 2.76549e+07 5.03446e+06 0.0046079 -0.000233069 -0.000747284 0.00235546 0.101509
31 41 1 -0.2 5.44391e-24 -1.17218e-27 3.13167e-26 4.03329e+07 1.60636e+08 7.63977e+07 1.39079e+07 0 1.45337e+08 0 1.60636e+08 1.45337e+08 7.63977e+07 1.39079e+07 -5.33483e-26 3.83237e-25 -0.00252228 0.00276781 0.121023
39 41 2 2.49704e-17 5.45165e-24 2.64256e-27 2.78921e-26 3.11789e+07 1.24178e+08 5.90584e+07 1.07513e+07 0 1.12351e+08 0 1.24178e+08 1.12351e+08 5.90584e+07 1.07513e+07 0.000188993 0.000413312 0.00138321 0.00321642 0.121202
33 42 0 -0.0454308 0.657895 0.000298359 0.00160274 8.19897e+07 3.26545e+08 1.55303e+08 2.82723e+07 0 2.95445e+08 0 3.26545e+08 2.95445e+08 1.55303e+08 2.82723e+07 0.000599431 0.00260443 0.00118381 1.43277e-05 0.0780588
34 42 1 -0.163647 0.444536 -0.0002137 0.000954249 2.89165e+07 1.15168e+08 5.47731e+07 9.97121e+06 0 1.04199e+08 0 1.15168e+08 1.04199e+08 5.47731e+07 9.97121e+06 0.00207126 0.0038478 0.00266785 0.00276253 0.0877041
43 42 2 0.115945 0.429294 0.000429374 0.00103519 2.59528e+07 1.03364e+08 4.91593e+07 8.94926e+06 0 9.35197e+07 0 1.03364e+08 9.35197e+07 4.91593e+07 8.94926e+06 0.00119938 -0.00180123 0.000148645 0.00437644 0.0885605
28 43 0 -0.294334 0.223861 -0.000384876 0.000333607 1.20226e+08 4.78831e+08 2.27729e+08 4.14572e+07 0 4.33228e+08 0 4.78831e+08 4.33228e+08 2.27729e+08 4.14572e+07 2.70996e-05 0.000765962 -0.00145779 0.000821108 0.101516
20 43 1 -0.515435 0.213351 -0.00050203 0.000349906 7.6273e+07 3.03777e+08 1.44475e+08 2.6301e+07 0 2.74846e+08 0 3.03777e+08 2.74846e+08 1.44475e+08 2.6301e+07 0.00072563 -0.000853 -0.00125633 0.00165466 0.101537
24 43 2 -0.4 5.38537e-24 -2.55174e-27 3.99772e-26 1.12289e+08 4.47221e+08 2.12696e+08 3.87205e+07 0 4.04629e+08 0 4.47221e+08 4.04629e+08 2.12696e+08 3.87205e+07 -0.000143027 0.000186438 -0.00289753 0.00148804 0.120432
34 44 0 -0.163647 0.444536 -0.0002137 0.000954249 2.89165e+07 1.15168e+08 5.47731e+07 9.97121e+06 0 1.04199e+08 0 1.15168e+08 1.04199e+08 5.47731e+07 9.97121e+06 0.00207126 0.0038478 0.00266785 0.00276253 0.0877041
28 44 1 -0.294334 0.223861 -0.000384876 0.000333607 1.20226e+08 4.78831e+08 2.27729e+08 4.14572e+07 0 4.33228e+08 0 4.78831e+08 4.33228e+08 2.27729e+08 4.14572e+07 2.70996e-05 0.000765962 -0.00145779 0.000821108 0.101516
35 44 2 -0.0781823 0.228034 -8.51809e-05 0.00061091 1.45999e+07 5.8148e+07 2.76549e+07 5.03446e+06 0 5.26101e+07 0 5.8148e+07 5.26101e+07 2.76549e+07 5.03446e+06 0.0046079 -0.000233069 -0.000747284 0.00235546 0.101509
27 45 0 -0.416443 0.429795 -0.000578754 0.000670077 6.10188e+07 2.43023e+08 1.15581e+08 2.1041e+07 0 2.19878e+08 0 2.43023e+08 2.19878e+08 1.15581e+08 2.1041e+07 0.000696523 -0.00187132 -0.000603709 0.00189784 0.0883106
20 45 1 -0.515435 0.213351 -0.00050203 0.000349906 7.6273e+07 3.03777e+08 1.44475e+08 2.6301e+07 0 2.74846e+08 0 3.03777e+08 2.74846e+08 1.44475e+08 2.6301e+07 0.00072563 -0.000853 -0.00125633 0.00165466 0.101537
28 45 2 -0.294334 0.223861 -0.000384876 0.000333607 1.20226e+08 4.78831e+08 2.27729e+08 4.14572e+07 0 4.33228e+08 0 4.78831e+08 4.33228e+08 2.27729e+08 4.14572e+07 2.70996e-05 0.000765962 -0.00145779 0.000821108 0.101516
54 46 0 0.513553 0.220893 0.000541967 0.000430331 6.3889e+07 2.54455e+08 1.21017e+08 2.20307e+07 0 2.30221e+08 0 2.54455e+08 2.30221e+08 1.21017e+08 2.20307e+07 0.000510181 -0.0017033 0.00199817 0.00225573 0.101116
50 46 1 0.398485 0.419574 0.000812972 0.000980008 6.32988e+07 2.52104e+08 1.19899e+08 2.18272e+07 0 2.28094e+08 0 2.52104e+08 2.28094e+08 1.19899e+08 2.18272e+07 0.000807657 0.000211015 0.00179031 0.00171486 0.0889146
48 46 2 0.292894 0.221587 0.000357067 0.000488836 3.71729e+07 1.4805e+08 7.04121e+07 1.28182e+07 0 1.3395e+08 0 1.4805e+08 1.3395e+08 7.04121e+07 1.28182e+07 0.00117592 0.00118867 0.00124966 0.00272658 0.101723
29 47 0 0.075882 1.09609 0.000235883 0.00240877 8.63991e+07 3.44107e+08 1.63655e+08 2.97928e+07 0 3.11335e+08 0 3.44107e+08 3.11335e+08 1.63655e+08 2.97928e+07 0.00102749 -0.00220259 -0.00205108 0.000880403 0.0677409
23 47 1 -0.111686 1.1315 -0.000157211 0.00301563 2.76844e+07 1.1026e+08 5.24393e+07 9.54636e+06 0 9.97595e+07 0 1.1026e+08 9.97595e+07 5.24393e+07 9.54636e+06 0.00349888 -0.00471497 -0.000517457 0.00212846 0.0674357
30 47 2 -0.120711 0.895657 0.000288533 0.0021271 3.36332e+06 1.33953e+07 6.37074e+06 1.15977e+06 0 1.21196e+07 0 1.33953e+07 1.21196e+07 6.37074e+06 1.15977e+06 0.00795336 -0.00834988 -0.00301439 0.0130566 0.0710914
63 48 0 0.926849 0.202299 0.00132457 0.000441647 3.65367e+07 1.45517e+08 6.92071e+07 1.25989e+07 0 1.31658e+08 0 1.45517e+08 1.31658e+08 6.92071e+07 1.25989e+07 0.000966082 -0.0032531 0.0028298 0.00296078 0.0984091
66 48 1 1.16712 0.214418 0.00155548 7.63129e-06 1.29432e+08 5.15497e+08 2.45168e+08 4.46318e+07 0 4.66402e+08 0 5.15497e+08 4.66402e+08 2.45168e+08 4.46318e+07 0.000197914 -0.00137052 0.00349516 0.000961863 0.0942361
64 48 2 1.03037 0.345262 0.00175636 0.00051913 3.70392e+07 1.47518e+08 7.01589e+07 1.27721e+07 0 1.33469e+08 0 1.47518e+08 1.33469e+08 7.01589e+07 1.27721e+07 0.00153857 -0.00300866 0.00102505 0.0023999 0.0906288
63 49 0 0.926849 0.202299 0.00132457 0.000441647 3.65367e+07 1.45517e+08 6.92071e+07 1.25989e+07 0 1.31658e+08 0 1.45517e+08 1.31658e+08 6.92071e+07 1.25989e+07 0.000966082 -0.0032531 0.0028298 0.00296078 0.0984091
59 49 1 0.72816 0.230445 0.000932367 0.000482984 7.86376e+06 3.13194e+07 1.48954e+07 2.71164e+06 0 2.83366e+07 0 3.13194e+07 2.83366e+07 1.48954e+07 2.71164e+06 0.00390606 0.00374586 0.00369414 0.00345488 0.0990858
61 49 2 0.8 5.43265e-24 8.92412e-27 2.9315e-26 4.6404e+07 1.84816e+08 8.78974e+07 1.60014e+07 0 1.67214e+08 0 1.84816e+08 1.67214e+08 8.78974e+07 1.60014e+07 1.56256e-18 3.46114e-19 0.00601487 0.001501 0.116879
66 50 0 1.16712 0.214418 0.00155548 7.63129e-06 1.29432e+08 5.15497e+08 2.45168e+08 4.46318e+07 0 4.66402e+08 0 5.15497e+08 4.66402e+08 2.45168e+08 4.46318e+07 0.000197914 -0.00137052 0.00349516 0.000961863 0.0942361
63 50 1 0.926849 0.202299 0.00132457 0.000441647 3.65367e+07 1.45517e+08 6.92071e+07 1.25989e+07 0 1.31658e+08 0 1.45517e+08 1.31658e+08 6.92071e+07 1.25989e+07 0.000966082 -0.0032531 0.0028298 0.00296078 0.0984091
65 50 2 1 2.14e-24 -4.4501e-27 2.7874e-26 7.75875e+07 3.09012e+08 1.46965e+08 2.67543e+07 0 2.79582e+08 0 3.09012e+08 2.79582e+08 1.46965e+08 2.67543e+07 -3.04309e-18 -7.80261e-19 0.0101752 0.00165134 0.110269
64 51 0 1.03037 0.345262 0.00175636 0.00051913 3.70392e+07 1.47518e+08 7.01589e+07 1.27721e+07 0 1.33469e+08 0 1.47518e+08 1.33469e+08 7.01589e+07 1.27721e+07 0.00153857 -0.00300866 0.00102505 0.0023999 0.0906288
60 51 1 0.883505 0.463549 0.00166885 0.00103307 9.73337e+07 3.87656e+08 1.84367e+08 3.35633e+07 0 3.50737e+08 0 3.87656e+08 3.50737e+08 1.84367e+08 3.35633e+07 0.000790274 -0.00143634 0.000386966 0.000770732 0.0863273
63 51 2 0.926849 0.202299 0.00132457 0.000441647 3.65367e+07 1.45517e+08 6.92071e+07 1.25989e+07 0 1.31658e+08 0 1.45517e+08 1.31658e+08 6.92071e+07 1.25989e+07 0.000966082 -0.0032531 0.0028298 0.00296078 0.0984091
62 52 0 1.13774 0.484232 0.00191346 0.000484668 6.45566e+07 2.57114e+08 1.22282e+08 2.22609e+07 0 2.32627e+08 0 2.57114e+08 2.32627e+08 1.22282e+08 2.22609e+07 0.00117235 -0.00308816 -0.000858501 0.00181427 0.0864219
64 52 1 1.03037 0.345262 0.00175636 0.00051913 3.70392e+07 1.47518e+08 7.01589e+07 1.27721e+07 0 1.33469e+08 0 1.47518e+08 1.33469e+08 7.01589e+07 1.27721e+07 0.00153857 -0.00300866 0.00102505 0.0023999 0.0906288
66 52 2 1.16712 0.214418 0.00155548 7.63129e-06 1.29432e+08 5.15497e+08 2.45168e+08 4.46318e+07 0 4.66402e+08 0 5.15497e+08 4.66402e+08 2.45168e+08 4.46318e+07 0.000197914 -0.00137052 0.00349516 0.000961863 0.0942361
60 53 0 0.883505 0.463549 0.00166885 0.00103307 9.73337e+07 3.87656e+08 1.84367e+08 3.35633e+07 0 3.50737e+08 0 3.87656e+08 3.50737e+08 1.84367e+08 3.35633e+07 0.000790274 -0.00143634 0.000386966 0.000770732 0.0863273
58 53 1 1.02893 0.723204 0.00185278 0.00110545 7.61841e+07 3.03423e+08 1.44306e+08 2.62704e+07 0 2.74525e+08 0 3.03423e+08 2.74525e+08 1.44306e+08 2.62704e+07 0.000977872 -0.00185223 0.000737434 0.00125776 0.0798345
55 53 2 0.775852 0.679457 0.00151665 0.00151702 5.1123e+07 2.03611e+08 9.68362e+07 1.76286e+07 0 1.84219e+08 0 2.03611e+08 1.84219e+08 9.68362e+07 1.76286e+07 0.00234424 -0.000158735 -0.000906687 0.000827961 0.0788435
45 54 0 0.31616 0.589528 0.000862916 0.00140478 3.1447e+07 1.25246e+08 5.95662e+07 1.08438e+07 0 1.13317e+08 0 1.25246e+08 1.13317e+08 5.95662e+07 1.08438e+07 0.00211461 -0.00210154 0.000351319 0.00240785 0.0808487
44 54 1 0.364286 0.817539 0.000911256 0.00184128 4.12264e+07 1.64195e+08 7.80903e+07 1.4216e+07 0 1.48557e+08 0 1.64195e+08 1.48557e+08 7.80903e+07 1.4216e+07 0.0012517 -0.00112176 -0.00164864 0.0029085 0.0733883
38 54 2 0.162129 0.671285 0.000591941 0.00169157 6.56122e+07 2.61318e+08 1.24281e+08 2.26249e+07 0 2.3643e+08 0 2.61318e+08 2.3643e+08 1.24281e+08 2.26249e+07 0.00136364 -0.00056969 0.000705778 0.00150081 0.0776054
54 55 0 0.513553 0.220893 0.000541967 0.000430331 6.3889e+07 2.54455e+08 1.21017e+08 2.20307e+07 0 2.30221e+08 0 2.54455e+08 2.30221e+08 1.21017e+08 2.20307e+07 0.000510181 -0.0017033 0.00199817 0.00225573 0.101116
56 55 1 0.642628 0.445481 0.00121866 0.00111844 1.51614e+07 6.0384e+07 2.87183e+07 5.22805e+06 0 5.46331e+07 0 6.0384e+07 5.46331e+07 2.87183e+07 5.22805e+06 0.0026106 0.000353663 0.000632663 0.00246805 0.0873102
50 55 2 0.398485 0.419574 0.000812972 0.000980008 6.32988e+07 2.52104e+08 1.19899e+08 2.18272e+07 0 2.28094e+08 0 2.52104e+08 2.28094e+08 1.19899e+08 2.18272e+07 0.000807657 0.000211015 0.00179031 0.00171486 0.0889146
55 56 0 0.775852 0.679457 0.00151665 0.00151702 5.1123e+07 2.03611e+08 9.68362e+07 1.76286e+07 0 1.84219e+08 0 2.03611e+08 1.84219e+08 9.68362e+07 1.76286e+07 0.00234424 -0.000158735 -0.000906687 0.000827961 0.0788435
49 56 1 0.629943 0.859338 0.00155128 0.00184822 1.47458e+07 5.8729e+07 2.79312e+07 5.08476e+06 0 5.31357e+07 0 5.8729e+07 5.31357e+07 2.79312e+07 5.08476e+06 0.00330947 0.000195149 0.0025258 0.00369032 0.0736298
51 56 2 0.530092 0.640577 0.00117054 0.00132082 1.12002e+08 4.46077e+08 2.12152e+08 3.86214e+07 0 4.03594e+08 0 4.46077e+08 4.03594e+08 2.12152e+08 3.86214e+07 0.000509252 0.00151601 0.000673716 0.000685114 0.079172
58 57 0 1.02893 0.723204 0.00185278 0.00110545 7.61841e+07 3.03423e+08 1.44306e+08 2.62704e+07 0 2.74525e+08 0 3.03423e+08 2.74525e+08 1.44306e+08 2.62704e+07 0.000977872 -0.00185223 0.000737434 0.00125776 0.0798345
60 57 1 0.883505 0.463549 0.00166885 0.00103307 9.73337e+07 3.87656e+08 1.84367e+08 3.35633e+07 0 3.50737e+08 0 3.87656e+08 3.50737e+08 1.84367e+08 3.35633e+07 0.000790274 -0.00143634 0.000386966 0.000770732 0.0863273
62 57 2 1.13774 0.484232 0.00191346 0.000484668 6.45566e+07 2.57114e+08 1.22282e+08 2.22609e+07 0 2.32627e+08 0 2.57114e+08 2.32627e+08 1.22282e+08 2.22609e+07 0.00117235 -0.00308816 -0.000858501 0.00181427 0.0864219
57 58 0 0.6 5.39172e-24 8.59971e-27 3.44531e-26 1.17619e+08 4.6845e+08 2.22792e+08 4.05584e+07 0 4.23835e+08 0 4.6845e+08 4.23835e+08 2.22792e+08 4.05584e+07 -1.42797e-18 -8.57062e-19 0.0031699 0.000974014 0.119372
59 58 1 0.72816 0.230445 0.000932367 0.000482984 7.86376e+06 3.13194e+07 1.48954e+07 2.71164e+06 0 2.83366e+07 0 3.13194e+07 2.83366e+07 1.48954e+07 2.71164e+06 0.00390606 0.00374586 0.00369414 0.00345488 0.0990858
54 58 2 0.513553 0.220893 0.000541967 0.000430331 6.3889e+07 2.54455e+08 1.21017e+08 2.20307e+07 0 2.30221e+08 0 2.54455e+08 2.30221e+08 1.21017e+08 2.20307e+07 0.000510181 -0.0017033 0.00199817 0.00225573 0.101116
61 59 0 0.8 5.43265e-24 8.92412e-27 2.9315e-26 4.6404e+07 1.84816e+08 8.78974e+07 1.60014e+07 0 1.67214e+08 0 1.84816e+08 1.67214e+08 8.78974e+07 1.60014e+07 1.56256e-18 3.46114e-19 0.00601487 0.001501 0.116879
65 59 1 1 2.14e-24 -4.4501e-27 2.7874e-26 7.75875e+07 3.09012e+08 1.46965e+08 2.67543e+07 0 2.79582e+08 0 3.09012e+08 2.79582e+08 1.46965e+08 2.67543e+07 -3.04309e-18 -7.80261e-19 0.0101752 0.00165134 0.110269
63 59 2 0.926849 0.202299 0.00132457 0.000441647 3.65367e+07 1.45517e+08 6.92071e+07 1.25989e+07 0 1.31658e+08 0 1.45517e+08 1.31658e+08 6.92071e+07 1.25989e+07 0.000966082 -0.0032531 0.0028298 0.00296078 0.0984091
51 60 0 0.530092 0.640577 0.00117054 0.00132082 1.12002e+08 4.46077e+08 2.12152e+08 3.86214e+07 0 4.03594e+08 0 4.46077e+08 4.03594e+08 2.12152e+08 3.86214e+07 0.000509252 0.00151601 0.000673716 0.000685114 0.079172
49 60 1 0.629943 0.859338 0.00155128 0.00184822 1.47458e+07 5.8729e+07 2.79312e+07 5.08476e+06 0 5.31357e+07 0 5.8729e+07 5.31357e+07 2.79312e+07 5.08476e+06 0.00330947 0.000195149 0.0025258 0.00369032 0.0736298
44 60 2 0.364286 0.817539 0.000911256 0.00184128 4.12264e+07 1.64195e+08 7.80903e+07 1.4216e+07 0 1.48557e+08 0 1.64195e+08 1.48557e+08 7.80903e+07 1.4216e+07 0.0012517 -0.00112176 -0.00164864 0.0029085 0.0733883
56 61 0 0.642628 0.445481 0.00121866 0.00111844 1.51614e+07 6.0384e+07 2.87183e+07 5.22805e+06 0 5.46331e+07 0 6.0384e+07 5.46331e+07 2.87183e+07 5.22805e+06 0.0026106 0.000353663 0.000632663 0.00246805 0.0873102
51 61 1 0.530092 0.640577 0.00117054 0.00132082 1.12002e+08 4.46077e+08 2.12152e+08 3.86214e+07 0 4.03594e+08 0 4.46077e+08 4.03594e+08 2.12152e+08 3.86214e+07 0.000509252 0.00151601 0.000673716 0.000685114 0.079172
50 61 2 0.398485 0.419574 0.000812972 0.000980008 6.32988e+07 2.52104e+08 1.19899e+08 2.18272e+07 0 2.28094e+08 0 2.52104e+08 2.28094e+08 1.19899e+08 2.18272e+07 0.000807657 0.000211015 0.00179031 0.00171486 0.0889146
60 62 0 0.883505 0.463549 0.00166885 0.00103307 9.73337e+07 3.87656e+08 1.84367e+08 3.35633e+07 0 3.50737e+08 0 3.87656e+08 3.50737e+08 1.84367e+08 3.35633e+07 0.000790274 -0.00143634 0.000386966 0.000770732 0.0863273
56 62 1 0.642628 0.445481 0.00121866 0.00111844 1.51614e+07 6.0384e+07 2.87183e+07 5.22805e+06 0 5.46331e+07 0 6.0384e+07 5.46331e+07 2.87183e+07 5.22805e+06 0.0026106 0.000353663 0.000632663 0.00246805 0.0873102
59 62 2 0.72816 0.230445 0.000932367 0.000482984 7.86376e+06 3.13194e+07 1.48954e+07 2.71164e+06 0 2.83366e+07 0 3.13194e+07 2.83366e+07 1.48954e+07 2.71164e+06 0.00390606 0.00374586 0.00369414 0.00345488 0.0990858
60 63 0 0.883505 0.463549 0.00166885 0.00103307 9.73337e+07 3.87656e+08 1.84367e+08 3.35633e+07 0 3.50737e+08 0 3.87656e+08 3.50737e+08 1.84367e+08 3.35633e+07 0.000790274 -0.00143634 0.000386966 0.000770732 0.0863273
55 63 1 0.775852 0.679457 0.00151665 0.00151702 5.1123e+07 2.03611e+08 9.68362e+07 1.76286e+07 0 1.84219e+08 0 2.03611e+08 1.84219e+08 9.68362e+07 1.76286e+07 0.00234424 -0.000158735 -0.000906687 0.000827961 0.0788435
56 63 2 0.642628 0.445481 0.00121866 0.00111844 1.51614e+07 6.0384e+07 2.87183e+07 5.22805e+06 0 5.46331e+07 0 6.0384e+07 5.46331e+07 2.87183e+07 5.22805e+06 0.0026106 0.000353663 0.000632663 0.00246805 0.0873102
53 64 0 0.877497 0.935818 0.00195918 0.0016057 1.39879e+08 5.57105e+08 2.64956e+08 4.82342e+07 0 5.04047e+08 0 5.57105e+08 5.04047e+08 2.64956e+08 4.82342e+07 0.000161565 -0.0033802 0.00108962 0.000333793 0.0745579
55 64 1 0.775852 0.679457 0.00151665 0.00151702 5.1123e+07 2.03611e+08 9.68362e+07 1.76286e+07 0 1.84219e+08 0 2.03611e+08 1.84219e+08 9.68362e+07 1.76286e+07 0.00234424 -0.000158735 -0.000906687 0.000827961 0.0788435
58 64 2 1.02893 0.723204 0.00185278 0.00110545 7.61841e+07 3.03423e+08 1.44306e+08 2.62704e+07 0 2.74525e+08 0 3.03423e+08 2.74525e+08 1.44306e+08 2.62704e+07 0.000977872 -0.00185223 0.000737434 0.00125776 0.0798345
49 65 0 0.629943 0.859338 0.00155128 0.00184822 1.47458e+07 5.8729e+07 2.79312e+07 5.08476e+06 0 5.31357e+07 0 5.8729e+07 5.31357e+07 2.79312e+07 5.08476e+06 0.00330947 0.000195149 0.0025258 0.00369032 0.0736298
42 65 1 0.488999 1.0087 0.00102398 0.00248988 7.0942e+06 2.82545e+07 1.34377e+07 2.44627e+06 0 2.55636e+07 0 2.82545e+07 2.55636e+07 1.34377e+07 2.44627e+06 0.00455982 0.00296547 0.000421603 0.00483762 0.0702233
44 65 2 0.364286 0.817539 0.000911256 0.00184128 4.12264e+07 1.64195e+08 7.80903e+07 1.4216e+07 0 1.48557e+08 0 1.64195e+08 1.48557e+08 7.80903e+07 1.4216e+07 0.0012517 -0.00112176 -0.00164864 0.0029085 0.0733883
53 66 0 0.877497 0.935818 0.00195918 0.0016057 1.39879e+08 5.57105e+08 2.64956e+08 4.82342e+07 0 5.04047e+08 0 5.57105e+08 5.04047e+08 2.64956e+08 4.82342e+07 0.000161565 -0.0033802 0.00108962 0.000333793 0.0745579
49 66 1 0.629943 0.859338 0.00155128 0.00184822 1.47458e+07 5.8729e+07 2.79312e+07 5.08476e+06 0 5.31357e+07 0 5.8729e+07 5.31357e+07 2.79312e+07 5.08476e+06 0.00330947 0.000195149 0.0025258 0.00369032 0.0736298
55 66 2 0.775852 0.679457 0.00151665 0.00151702 5.1123e+07 2.03611e+08 9.68362e+07 1.76286e+07 0 1.84219e+08 0 2.03611e+08 1.84219e+08 9.68362e+07 1.76286e+07 0.00234424 -0.000158735 -0.000906687 0.000827961 0.0788435
53 67 0 0.877497 0.935818 0.00195918 0.0016057 1.39879e+08 5.57105e+08 2.64956e+08 4.82342e+07 0 5.04047e+08 0 5.57105e+08 5.04047e+08 2.64956e+08 4.82342e+07 0.000161565 -0.0033802 0.00108962 0.000333793 0.0745579
47 67 1 0.688497 1.10455 0.00163635 0.00233503 6.43377e+07 2.56241e+08 1.21867e+08 2.21854e+07 0 2.31837e+08 0 2.56241e+08 2.31837e+08 1.21867e+08 2.21854e+07 -8.11313e-05 -0.00488646 -0.00260283 0.0014004 0.0708358
49 67 2 0.629943 0.859338 0.00155128 0.00184822 1.47458e+07 5.8729e+07 2.79312e+07 5.08476e+06 0 5.31357e+07 0 5.8729e+07 5.31357e+07 2.79312e+07 5.08476e+06 0.00330947 0.000195149 0.0025258 0.00369032 0.0736298
56 68 0 0.642628 0.445481 0.00121866 0.00111844 1.51614e+07 6.0384e+07 2.87183e+07 5.22805e+06 0 5.46331e+07 0 6.0384e+07 5.46331e+07 2.87183e+07 5.22805e+06 0.0026106 0.000353663 0.000632663 0.00246805 0.0873102
54 68 1 0.513553 0.220893 0.000541967 0.000430331 6.3889e+07 2.54455e+08 1.21017e+08 2.20307e+07 0 2.30221e+08 0 2.54455e+08 2.30221e+08 1.21017e+08 2.20307e+07 0.000510181 -0.0017033 0.00199817 0.00225573 0.101116
59 68 2 0.72816 0.230445 0.000932367 0.000482984 7.86376e+06 3.13194e+07 1.48954e+07 2.71164e+06 0 2.83366e+07 0 3.13194e+07 2.83366e+07 1.48954e+07 2.71164e+06 0.00390606 0.00374586 0.00369414 0.00345488 0.0990858
45 69 0 0.31616 0.589528 0.000862916 0.00140478 3.1447e+07 1.25246e+08 5.95662e+07 1.08438e+07 0 1.13317e+08 0 1.25246e+08 1.13317e+08 5.95662e+07 1.08438e+07 0.00211461 -0.00210154 0.000351319 0.00240785 0.0808487
43 69 1 0.115945 0.429294 0.000429374 0.00103519 2.59528e+07 1.03364e+08 4.91593e+07 8.94926e+06 0 9.35197e+07 0 1.03364e+08 9.35197e+07 4.91593e+07 8.94926e+06 0.00119938 -0.00180123 0.000148645 0.00437644 0.0885605
50 69 2 0.398485 0.419574 0.000812972 0.000980008 6.32988e+07 2.52104e+08 1.19899e+08 2.18272e+07 0 2.28094e+08 0 2.52104e+08 2.28094e+08 1.19899e+08 2.18272e+07 0.000807657 0.000211015 0.00179031 0.00171486 0.0889146
37 70 0 0.117805 0.871073 0.000608205 0.00203344 6.91652e+07 2.75468e+08 1.31011e+08 2.38501e+07 0 2.49233e+08 0 2.75468e+08 2.49233e+08 1.31011e+08 2.38501e+07 0.000133757 0.000458278 -0.00104187 0.00213061 0.0716387
38 70 1 0.162129 0.671285 0.000591941 0.00169157 6.56122e+07 2.61318e+08 1.24281e+08 2.26249e+07 0 2.3643e+08 0 2.61318e+08 2.3643e+08 1.24281e+08 2.26249e+07 0.00136364 -0.00056969 0.000705778 0.00150081 0.0776054
44 70 2 0.364286 0.817539 0.000911256 0.00184128 4.12264e+07 1.64195e+08 7.80903e+07 1.4216e+07 0 1.48557e+08 0 1.64195e+08 1.48557e+08 7.80903e+07 1.4216e+07 0.0012517 -0.00112176 -0.00164864 0.0029085 0.0733883
37 71 0 0.117805 0.871073 0.000608205 0.00203344 6.91652e+07 2.75468e+08 1.31011e+08 2.38501e+07 0 2.49233e+08 0 2.75468e+08 2.49233e+08 1.31011e+08 2.38501e+07 0.000133757 0.000458278 -0.00104187 0.00213061 0.0716387
33 71 1 -0.0454308 0.657895 0.000298359 0.00160274 8.19897e+07 3.26545e+08 1.55303e+08 2.82723e+07 0 2.95445e+08 0 3.26545e+08 2.95445e+08 1.55303e+08 2.82723e+07 0.000599431 0.00260443 0.00118381 1.43277e-05 0.0780588
38 71 2 0.162129 0.671285 0.000591941 0.00169157 6.56122e+07 2.61318e+08 1.24281e+08 2.26249e+07 0 2.3643e+08 0 2.61318e+08 2.3643e+08 1.24281e+08 2.26249e+07 0.00136364 -0.00056969 0.000705778 0.00150081 0.0776054
41 72 0 0.105851 0.193691 0.000190445 0.000408156 9.81615e+07 3.90953e+08 1.85935e+08 3.38488e+07 0 3.5372e+08 0 3.90953e+08 3.5372e+08 1.85935e+08 3.38488e+07 0.000137878 -0.00113716 0.00128422 0.000971132 0.104083
35 72 1 -0.0781823 0.228034 -8.51809e-05 0.00061091 1.45999e+07 5.8148e+07 2.76549e+07 5.03446e+06 0 5.26101e+07 0 5.8148e+07 5.26101e+07 2.76549e+07 5.03446e+06 0.0046079 -0.000233069 -0.000747284 0.00235546 0.101509
39 72 2 2.49704e-17 5.45165e-24 2.64256e-27 2.78921e-26 3.11789e+07 1.24178e+08 5.90584e+07 1.07513e+07 0 1.12351e+08 0 1.24178e+08 1.12351e+08 5.90584e+07 1.07513e+07 0.000188993 0.000413312 0.00138321 0.00321642 0.121202
48 73 0 0.292894 0.221587 0.000357067 0.000488836 3.71729e+07 1.4805e+08 7.04121e+07 1.28182e+07 0 1.3395e+08 0 1.4805e+08 1.3395e+08 7.04121e+07 1.28182e+07 0.00117592 0.00118867 0.00124966 0.00272658 0.101723
41 73 1 0.105851 0.193691 0.000190445 0.000408156 9.81615e+07 3.90953e+08 1.85935e+08 3.38488e+07 0 3.5372e+08 0 3.90953e+08 3.5372e+08 1.85935e+08 3.38488e+07 0.000137878 -0.00113716 0.00128422 0.000971132 0.104083
46 73 2 0.2 5.42743e-24 4.02098e-29 3.73159e-26 8.47752e+07 3.37639e+08 1.60579e+08 2.92328e+07 0 3.05483e+08 0 3.37639e+08 3.05483e+08 1.60579e+08 2.92328e+07 -0.000178483 -0.000545733 0.00152216 0.00177564 0.121056
48 74 0 0.292894 0.221587 0.000357067 0.000488836 3.71729e+07 1.4805e+08 7.04121e+07 1.28182e+07 0 1.3395e+08 0 1.4805e+08 1.3395e+08 7.04121e+07 1.28182e+07 0.00117592 0.00118867 0.00124966 0.00272658 0.101723
43 74 1 0.115945 0.429294 0.000429374 0.00103519 2.59528e+07 1.03364e+08 4.91593e+07 8.94926e+06 0 9.35197e+07 0 1.03364e+08 9.35197e+07 4.91593e+07 8.94926e+06 0.00119938 -0.00180123 0.000148645 0.00437644 0.0885605
41 74 2 0.105851 0.193691 0.000190445 0.000408156 9.81615e+07 3.90953e+08 1.85935e+08 3.38488e+07 0 3.5372e+08 0 3.90953e+08 3.5372e+08 1.85935e+08 3.38488e+07 0.000137878 -0.00113716 0.00128422 0.000971132 0.104083
45 75 0 0.31616 0.589528 0.000862916 0.00140478 3.1447e+07 1.25246e+08 5.95662e+07 1.08438e+07 0 1.13317e+08 0 1.25246e+08 1.13317e+08 5.95662e+07 1.08438e+07 0.00211461 -0.00210154 0.000351319 0.00240785 0.0808487
38 75 1 0.162129 0.671285 0.000591941 0.00169157 6.56122e+07 2.61318e+08 1.24281e+08 2.26249e+07 0 2.3643e+08 0 2.61318e+08 2.3643e+08 1.24281e+08 2.26249e+07 0.00136364 -0.00056969 0.000705778 0.00150081 0.0776054
43 75 2 0.115945 0.429294 0.000429374 0.00103519 2.59528e+07 1.03364e+08 4.91593e+07 8.94926e+06 0 9.35197e+07 0 1.03364e+08 9.35197e+07 4.91593e+07 8.94926e+06 0.00119938 -0.00180123 0.000148645 0.00437644 0.0885605
51 76 0 0.530092 0.640577 0.00117054 0.00132082 1.12002e+08 4.46077e+08 2.12152e+08 3.86214e+07 0 4.03594e+08 0 4.46077e+08 4.03594e+08 2.12152e+08 3.86214e+07 0.000509252 0.00151601 0.000673716 0.000685114 0.079172
45 76 1 0.31616 0.589528 0.000862916 0.00140478 3.1447e+07 1.25246e+08 5.95662e+07 1.08438e+07 0 1.13317e+08 0 1.25246e+08 1.13317e+08 5.95662e+07 1.08438e+07 0.00211461 -0.00210154 0.000351319 0.00240785 0.0808487
50 76 2 0.398485 0.419574 0.000812972 0.000980008 6.32988e+07 2.52104e+08 1.19899e+08 2.18272e+07 0 2.28094e+08 0 2.52104e+08 2.28094e+08 1.19899e+08 2.18272e+07 0.000807657 0.000211015 0.00179031 0.00171486 0.0889146
51 77 0 0.530092 0.640577 0.00117054 0.00132082 1.12002e+08 4.46077e+08 2.12152e+08 3.86214e+07 0 4.03594e+08 0 4.46077e+08 4.03594e+08 2.12152e+08 3.86214e+07 0.000509252 0.00151601 0.000673716 0.000685114 0.079172
44 77 1 0.364286 0.817539 0.000911256 0.00184128 4.12264e+07 1.64195e+08 7.80903e+07 1.4216e+07 0 1.48557e+08 0 1.64195e+08 1.48557e+08 7.80903e+07 1.4216e+07 0.0012517 -0.00112176 -0.00164864 0.0029085 0.0733883
45 77 2 0.31616 0.589528 0.000862916 0.00140478 3.1447e+07 1.25246e+08 5.95662e+07 1.08438e+07 0 1.13317e+08 0 1.25246e+08 1.13317e+08 5.95662e+07 1.08438e+07 0.00211461 -0.00210154 0.000351319 0.00240785 0.0808487
34 78 0 -0.163647 0.444536 -0.0002137 0.000954249 2.89165e+07 1.15168e+08 5.47731e+07 9.97121e+06 0 1.04199e+08 0 1.15168e+08 1.04199e+08 5.47731e+07 9.97121e+06 0.00207126 0.0038478 0.00266785 0.00276253 0.0877041
27 78 1 -0.416443 0.429795 -0.000578754 0.000670077 6.10188e+07 2.43023e+08 1.15581e+08 2.1041e+07 0 2.19878e+08 0 2.43023e+08 2.19878e+08 1.15581e+08 2.1041e+07 0.000696523 -0.00187132 -0.000603709 0.00189784 0.0883106
28 78 2 -0.294334 0.223861 -0.000384876 0.000333607 1.20226e+08 4.78831e+08 2.27729e+08 4.14572e+07 0 4.33228e+08 0 4.78831e+08 4.33228e+08 2.27729e+08 4.14572e+07 2.70996e-05 0.000765962 -0.00145779 0.000821108 0.101516
43 79 0 0.115945 0.429294 0.000429374 0.00103519 2.59528e+07 1.03364e+08 4.91593e+07 8.94926e+06 0 9.35197e+07 0 1.03364e+08 9.35197e+07 4.91593e+07 8.94926e+06 0.00119938 -0.00180123 0.000148645 0.00437644 0.0885605
34 79 1 -0.163647 0.444536 -0.0002137 0.000954249 2.89165e+07 1.15168e+08 5.47731e+07 9.97121e+06 0 1.04199e+08 0 1.15168e+08 1.04199e+08 5.47731e+07 9.97121e+06 0.00207126 0.0038478 0.00266785 0.00276253 0.0877041
35 79 2 -0.0781823 0.228034 -8.51809e-05 0.00061091 1.45999e+07 5.8148e+07 2.76549e+07 5.03446e+06 0 5.26101e+07 0 5.8148e+07 5.26101e+07 2.76549e+07 5.03446e+06 0.0046079 -0.000233069 -0.000747284 0.00235546 0.101509
33 80 0 -0.0454308 0.657895 0.000298359 0.00160274 8.19897e+07 3.26545e+08 1.55303e+08 2.82723e+07 0 2.95445e+08 0 3.26545e+08 2.95445e+08 1.55303e+08 2.82723e+07 0.000599431 0.00260443 0.00118381 1.43277e-05 0.0780588
26 80 1 -0.305315 0.6588 -0.00039497 0.00113437 2.072e+07 8.25227e+07 3.92474e+07 7.14482e+06 0 7.46634e+07 0 8.25227e+07 7.46634e+07 3.92474e+07 7.14482e+06 0.00559909 -0.000212659 -0.00177681 0.00199945 0.0781484
34 80 2 -0.163647 0.444536 -0.0002137 0.000954249 2.89165e+07 1.15168e+08 5.47731e+07 9.97121e+06 0 1.04199e+08 0 1.15168e+08 1.04199e+08 5.47731e+07 9.97121e+06 0.00207126 0.0038478 0.00266785 0.00276253 0.0877041
57 81 0 0.6 5.39172e-24 8.59971e-27 3.44531e-26 1.17619e+08 4.6845e+08 2.22792e+08 4.05584e+07 0 4.23835e+08 0 4.6845e+08 4.23835e+08 2.22792e+08 4.05584e+07 -1.42797e-18 -8.57062e-19 0.0031699 0.000974014 0.119372
61 81 1 0.8 5.43265e-24 8.92412e-27 2.9315e-26 4.6404e+07 1.84816e+08 8.78974e+07 1.60014e+07 0 1.67214e+08 0 1.84816e+08 1.67214e+08 8.78974e+07 1.60014e+07 1.56256e-18 3.46114e-19 0.00601487 0.001501 0.116879
59 81 2 0.72816 0.230445 0.000932367 0.000482984 7.86376e+06 3.13194e+07 1.48954e+07 2.71164e+06 0 2.83366e+07 0 3.13194e+07 2.83366e+07 1.48954e+07 2.71164e+06 0.00390606 0.00374586 0.00369414 0.00345488 0.0990858
42 82 0 0.488999 1.0087 0.00102398 0.00248988 7.0942e+06 2.82545e+07 1.34377e+07 2.44627e+06 0 2.55636e+07 0 2.82545e+07 2.55636e+07 1.34377e+07 2.44627e+06 0.00455982 0.00296547 0.000421603 0.00483762 0.0702233
47 82 1 0.688497 1.10455 0.00163635 0.00233503 6.43377e+07 2.56241e+08 1.21867e+08 2.21854e+07 0 2.31837e+08 0 2.56241e+08 2.31837e+08 1.21867e+08 2.21854e+07 -8.11313e-05 -0.00488646 -0.00260283 0.0014004 0.0708358
40 82 2 0.470197 1.22469 0.00067516 0.00346154 9.02507e+06 3.59447e+07 1.70951e+07 3.11209e+06 0 3.25214e+07 0 3.59447e+07 3.25214e+07 1.70951e+07 3.11209e+06 0.0050556 0.00828512 -0.00281451 0.00513895 0.0683229
44 83 0 0.364286 0.817539 0.000911256 0.00184128 4.12264e+07 1.64195e+08 7.80903e+07 1.4216e+07 0 1.48557e+08 0 1.64195e+08 1.48557e+08 7.80903e+07 1.4216e+07 0.0012517 -0.00112176 -0.00164864 0.0029085 0.0733883
42 83 1 0.488999 1.0087 0.00102398 0.00248988 7.0942e+06 2.82545e+07 1.34377e+07 2.44627e+06 0 2.55636e+07 0 2.82545e+07 2.55636e+07 1.34377e+07 2.44627e+06 0.00455982 0.00296547 0.000421603 0.00483762 0.0702233
36 83 2 0.287661 1.05414 0.000556948 0.00233612 9.27778e+07 3.69511e+08 1.75738e+08 3.19923e+07 0 3.3432e+08 0 3.69511e+08 3.3432e+08 1.75738e+08 3.19923e+07 0.00102311 0.000636239 -0.00229175 0.00101185 0.0686812
33 84 0 -0.0454308 0.657895 0.000298359 0.00160274 8.19897e+07 3.26545e+08 1.55303e+08 2.82723e+07 0 2.95445e+08 0 3.26545e+08 2.95445e+08 1.55303e+08 2.82723e+07 0.000599431 0.00260443 0.00118381 1.43277e-05 0.0780588
43 84 1 0.115945 0.429294 0.000429374 0.00103519 2.59528e+07 1.03364e+08 4.91593e+07 8.94926e+06 0 9.35197e+07 0 1.03364e+08 9.35197e+07 4.91593e+07 8.94926e+06 0.00119938 -0.00180123 0.000148645 0.00437644 0.0885605
38 84 2 0.162129 0.671285 0.000591941 0.00169157 6.56122e+07 2.61318e+08 1.24281e+08 2.26249e+07 0 2.3643e+08 0 2.61318e+08 2.3643e+08 1.24281e+08 2.26249e+07 0.00136364 -0.00056969 0.000705778 0.00150081 0.0776054
60 85 0 0.883505 0.463549 0.00166885 0.00103307 9.73337e+07 3.87656e+08 1.84367e+08 3.35633e+07 0 3.50737e+08 0 3.87656e+08 3.50737e+08 1.84367e+08 3.35633e+07 0.000790274 -0.00143634 0.000386966 0.000770732 0.0863273
59 85 1 0.72816 0.230445 0.000932367 0.000482984 7.86376e+06 3.13194e+07 1.48954e+07 2.71164e+06 0 2.83366e+07 0 3.13194e+07 2.83366e+07 1.48954e+07 2.71164e+06 0.00390606 0.00374586 0.00369414 0.00345488 0.0990858
63 85 2 0.926849 0.202299 0.00132457 0.000441647 3.65367e+07 1.45517e+08 6.92071e+07 1.25989e+07 0 1.31658e+08 0 1.45517e+08 1.31658e+08 6.92071e+07 1.25989e+07 0.000966082 -0.0032531 0.0028298 0.00296078 0.0984091
62 86 0 1.13774 0.484232 0.00191346 0.000484668 6.45566e+07 2.57114e+08 1.22282e+08 2.22609e+07 0 2.32627e+08 0 2.57114e+08 2.32627e+08 1.22282e+08 2.22609e+07 0.00117235 -0.00308816 -0.000858501 0.00181427 0.0864219
60 86 1 0.883505 0.463549 0.00166885 0.00103307 9.73337e+07 3.87656e+08 1.84367e+08 3.35633e+07 0 3.50737e+08 0 3.87656e+08 3.50737e+08 1.84367e+08 3.35633e+07 0.000790274 -0.00143634 0.000386966 0.000770732 0.0863273
64 86 2 1.03037 0.345262 0.00175636 0.00051913 3.70392e+07 1.47518e+08 7.01589e+07 1.27721e+07 0 1.33469e+08 0 1.47518e+08 1.33469e+08 7.01589e+07 1.27721e+07 0.00153857 -0.00300866 0.00102505 0.0023999 0.0906288
55 87 0 0.775852 0.679457 0.00151665 0.00151702 5.1123e+07 2.03611e+08 9.68362e+07 1.76286e+07 0 1.84219e+08 0 2.03611e+08 1.84219e+08 9.68362e+07 1.76286e+07 0.00234424 -0.000158735 -0.000906687 0.000827961 0.0788435
51 87 1 0.530092 0.640577 0.00117054 0.00132082 1.12002e+08 4.46077e+08 2.12152e+08 3.86214e+07 0 4.03594e+08 0 4.46077e+08 4.03594e+08 2.12152e+08 3.86214e+07 0.000509252 0.00151601 0.000673716 0.000685114 0.079172
56 87 2 0.642628 0.445481 0.00121866 0.00111844 1.51614e+07 6.0384e+07 2.87183e+07 5.22805e+06 0 5.46331e+07 0 6.0384e+07 5.46331e+07 2.87183e+07 5.22805e+06 0.0026106 0.000353663 0.000632663 0.00246805 0.0873102
49 88 0 0.629943 0.859338 0.00155128 0.00184822 1.47458e+07 5.8729e+07 2.79312e+07 5.08476e+06 0 5.31357e+07 0 5.8729e+07 5.31357e+07 2.79312e+07 5.08476e+06 0.00330947 0.000195149 0.0025258 0.00369032 0.0736298
47 88 1 0.688497 1.10455 0.00163635 0.00233503 6.43377e+07 2.56241e+08 1.21867e+08 2.21854e+07 0 2.31837e+08 0 2.56241e+08 2.31837e+08 1.21867e+08 2.21854e+07 -8.11313e-05 -0.00488646 -0.00260283 0.0014004 0.0708358
42 88 2 0.488999 1.0087 0.00102398 0.00248988 7.0942e+06 2.82545e+07 1.34377e+07 2.44627e+06 0 2.55636e+07 0 2.82545e+07 2.55636e+07 1.34377e+07 2.44627e+06 0.00455982 0.00296547 0.000421603 0.00483762 0.0702233
54 89 0 0.513553 0.220893 0.000541967 0.000430331 6.3889e+07 2.54455e+08 1.21017e+08 2.20307e+07 0 2.30221e+08 0 2.54455e+08 2.30221e+08 1.21017e+08 2.20307e+07 0.000510181 -0.0017033 0.00199817 0.00225573 0.101116
52 89 1 0.4 5.47807e-24 3.11299e-27 3.58786e-26 6.01576e+07 2.39593e+08 1.13949e+08 2.0744e+07 0 2.16775e+08 0 2.39593e+08 2.16775e+08 1.13949e+08 2.0744e+07 0.000105341 0.000256686 0.00259246 0.00238419 0.120522
57 89 2 0.6 5.39172e-24 8.59971e-27 3.44531e-26 1.17619e+08 4.6845e+08 2.22792e+08 4.05584e+07 0 4.23835e+08 0 4.6845e+08 4.23835e+08 2.22792e+08 4.05584e+07 -1.42797e-18 -8.57062e-19 0.0031699 0.000974014 0.119372
36 90 0 0.287661 1.05414 0.000556948 0.00233612 9.27778e+07 3.69511e+08 1.75738e+08 3.19923e+07 0 3.3432e+08 0 3.69511e+08 3.3432e+08 1.75738e+08 3.19923e+07 0.00102311 0.000636239 -0.00229175 0.00101185 0.0686812
40 90 1 0.470197 1.22469 0.00067516 0.00346154 9.02507e+06 3.59447e+07 1.70951e+07 3.11209e+06 0 3.25214e+07 0 3.59447e+07 3.25214e+07 1.70951e+07 3.11209e+06 0.0050556 0.00828512 -0.00281451 0.00513895 0.0683229
32 90 2 0.244007 1.29789 0.000229486 0.00260144 7.36657e+07 2.93393e+08 1.39536e+08 2.5402e+07 0 2.65451e+08 0 2.93393e+08 2.65451e+08 1.39536e+08 2.5402e+07 0.00111362 0.000455971 -1.24453e-05 0.00136076 0.0669154
36 91 0 0.287661 1.05414 0.000556948 0.00233612 9.27778e+07 3.69511e+08 1.75738e+08 3.19923e+07 0 3.3432e+08 0 3.69511e+08 3.3432e+08 1.75738e+08 3.19923e+07 0.00102311 0.000636239 -0.00229175 0.00101185 0.0686812
37 91 1 0.117805 0.871073 0.000608205 0.00203344 6.91652e+07 2.75468e+08 1.31011e+08 2.38501e+07 0 2.49233e+08 0 2.75468e+08 2.49233e+08 1.31011e+08 2.38501e+07 0.000133757 0.000458278 -0.00104187 0.00213061 0.0716387
44 91 2 0.364286 0.817539 0.000911256 0.00184128 4.12264e+07 1.64195e+08 7.80903e+07 1.4216e+07 0 1.48557e+08 0 1.64195e+08 1.48557e+08 7.80903e+07 1.4216e+07 0.0012517 -0.00112176 -0.00164864 0.0029085 0.0733883
25 92 0 -0.000564824 1.32818 3.40519e-05 0.00283655 8.10974e+07 3.22991e+08 1.53613e+08 2.79646e+07 0 2.9223e+08 0 3.22991e+08 2.9223e+08 1.53613e+08 2.79646e+07 0.00135273 -0.00394676 0.00120518 0.00073838 0.0664484
29 92 1 0.075882 1.09609 0.000235883 0.00240877 8.63991e+07 3.44107e+08 1.63655e+08 2.97928e+07 0 3.11335e+08 0 3.44107e+08 3.11335e+08 1.63655e+08 2.97928e+07 0.00102749 -0.00220259 -0.00205108 0.000880403 0.0677409
32 92 2 0.244007 1.29789 0.000229486 0.00260144 7.36657e+07 2.93393e+08 1.39536e+08 2.5402e+07 0 2.65451e+08 0 2.93393e+08 2.65451e+08 1.39536e+08 2.5402e+07 0.00111362 0.000455971 -1.24453e-05 0.00136076 0.0669154
25 93 0 -0.000564824 1.32818 3.40519e-05 0.00283655 8.10974e+07 3.22991e+08 1.53613e+08 2.79646e+07 0 2.9223e+08 0 3.22991e+08 2.9223e+08 1.53613e+08 2.79646e+07 0.00135273 -0.00394676 0.00120518 0.00073838 0.0664484
16 93 1 -0.244051 1.29746 -0.000362017 0.00341541 9.34188e+07 3.72064e+08 1.76952e+08 3.22134e+07 0 3.3663e+08 0 3.72064e+08 3.3663e+08 1.76952e+08 3.22134e+07 0.00160566 0.00198089 0.00155354 0.000600789 0.0669563
23 93 2 -0.111686 1.1315 -0.000157211 0.00301563 2.76844e+07 1.1026e+08 5.24393e+07 9.54636e+06 0 9.97595e+07 0 1.1026e+08 9.97595e+07 5.24393e+07 9.54636e+06 0.00349888 -0.00471497 -0.000517457 0.00212846 0.0674357
54 94 0 0.513553 0.220893 0.000541967 0.000430331 6.3889e+07 2.54455e+08 1.21017e+08 2.20307e+07 0 2.30221e+08 0 2.54455e+08 2.30221e+08 1.21017e+08 2.20307e+07 0.000510181 -0.0017033 0.00199817 0.00225573 0.101116
48 94 1 0.292894 0.221587 0.000357067 0.000488836 3.71729e+07 1.4805e+08 7.04121e+07 1.28182e+07 0 1.3395e+08 0 1.4805e+08 1.3395e+08 7.04121e+07 1.28182e+07 0.00117592 0.00118867 0.00124966 0.00272658 0.101723
52 94 2 0.4 5.47807e-24 3.11299e-27 3.58786e-26 6.01576e+07 2.39593e+08 1.13949e+08 2.0744e+07 0 2.16775e+08 0 2.39593e+08 2.16775e+08 1.13949e+08 2.0744e+07 0.000105341 0.000256686 0.00259246 0.00238419 0.120522
36 95 0 0.287661 1.05414 0.000556948 0.00233612 9.27778e+07 3.69511e+08 1.75738e+08 3.19923e+07 0 3.3432e+08 0 3.69511e+08 3.3432e+08 1.75738e+08 3.19923e+07 0.00102311 0.000636239 -0.00229175 0.00101185 0.0686812
29 95 1 0.075882 1.09609 0.000235883 0.00240877 8.63991e+07 3.44107e+08 1.63655e+08 2.97928e+07 0 3.11335e+08 0 3.44107e+08 3.11335e+08 1.63655e+08 2.97928e+07 0.00102749 -0.00220259 -0.00205108 0.000880403 0.0677409
37 95 2 0.117805 0.871073 0.000608205 0.00203344 6.91652e+07 2.75468e+08 1.31011e+08 2.38501e+07 0 2.49233e+08 0 2.75468e+08 2.49233e+08 1.31011e+08 2.38501e+07 0.000133757 0.000458278 -0.00104187 0.00213061 0.0716387
40 96 0 0.470197 1.22469 0.00067516 0.00346154 9.02507e+06 3.59447e+07 1.70951e+07 3.11209e+06 0 3.25214e+07 0 3.59447e+07 3.25214e+07 1.70951e+07 3.11209e+06 0.0050556 0.00828512 -0.00281451 0.00513895 0.0683229
36 96 1 0.287661 1.05414 0.000556948 0.00233612 9.27778e+07 3.69511e+08 1.75738e+08 3.19923e+07 0 3.3432e+08 0 3.69511e+08 3.3432e+08 1.75738e+08 3.19923e+07 0.00102311 0.000636239 -0.00229175 0.00101185 0.0686812
42 96 2 0.488999 1.0087 0.00102398 0.00248988 7.0942e+06 2.82545e+07 1.34377e+07 2.44627e+06 0 2.55636e+07 0 2.82545e+07 2.55636e+07 1.34377e+07 2.44627e+06 0.00455982 0.00296547 0.000421603 0.00483762 0.0702233
32 97 0 0.244007 1.29789 0.000229486 0.00260144 7.36657e+07 2.93393e+08 1.39536e+08 2.5402e+07 0 2.65451e+08 0 2.93393e+08 2.65451e+08 1.39536e+08 2.5402e+07 0.00111362 0.000455971 -1.24453e-05 0.00136076 0.0669154
29 97 1 0.075882 1.09609 0.000235883 0.00240877 8.63991e+07 3.44107e+08 1.63655e+08 2.97928e+07 0 3.11335e+08 0 3.44107e+08 3.11335e+08 1.63655e+08 2.97928e+07 0.00102749 -0.00220259 -0.00205108 0.000880403 0.0677409
36 97 2 0.287661 1.05414 0.000556948 0.00233612 9.27778e+07 3.69511e+08 1.75738e+08 3.19923e+07 0 3.3432e+08 0 3.69511e+08 3.3432e+08 1.75738e+08 3.19923e+07 0.00102311 0.000636239 -0.00229175 0.00101185 0.0686812
26 98 0 -0.305315 0.6588 -0.00039497 0.00113437 2.072e+07 8.25227e+07 3.92474e+07 7.14482e+06 0 7.46634e+07 0 8.25227e+07 7.46634e+07 3.92474e+07 7.14482e+06 0.00559909 -0.000212659 -0.00177681 0.00199945 0.0781484
27 98 1 -0.416443 0.429795 -0.000578754 0.000670077 6.10188e+07 2.43023e+08 1.15581e+08 2.1041e+07 0 2.19878e+08 0 2.43023e+08 2.19878e+08 1.15581e+08 2.1041e+07 0.000696523 -0.00187132 -0.000603709 0.00189784 0.0883106
34 98 2 -0.163647 0.444536 -0.0002137 0.000954249 2.89165e+07 1.15168e+08 5.47731e+07 9.97121e+06 0 1.04199e+08 0 1.15168e+08 1.04199e+08 5.47731e+07 9.97121e+06 0.00207126 0.0038478 0.00266785 0.00276253 0.0877041
30 99 0 -0.120711 0.895657 0.000288533 0.0021271 3.36332e+06 1.33953e+07 6.37074e+06 1.15977e+06 0 1.21196e+07 0 1.33953e+07 1.21196e+07 6.37074e+06 1.15977e+06 0.00795336 -0.00834988 -0.00301439 0.0130566 0.0710914
26 99 1 -0.305315 0.6588 -0.00039497 0.00113437 2.072e+07 8.25227e+07 3.92474e+07 7.14482e+06 0 7.46634e+07 0 8.25227e+07 7.46634e+07 3.92474e+07 7.14482e+06 0.00559909 -0.000212659 -0.00177681 0.00199945 0.0781484
33 99 2 -0.0454308 0.657895 0.000298359 0.00160274 8.19897e+07 3.26545e+08 1.55303e+08 2.82723e+07 0 2.95445e+08 0 3.26545e+08 2.95445e+08 1.55303e+08 2.82723e+07 0.000599431 0.00260443 0.00118381 1.43277e-05 0.0780588
21 100 0 -0.333412 0.871097 -0.00108104 0.00214147 8.06702e+06 3.2129e+07 1.52804e+07 2.78173e+06 0 2.90691e+07 0 3.2129e+07 2.90691e+07 1.52804e+07 2.78173e+06 0.00564195 0.0057577 -0.00319875 0.00822214 0.0720239
17 100 1 -0.521854 0.779024 -0.00111705 0.00160881 6.96787e+07 2.77513e+08 1.31984e+08 2.40271e+07 0 2.51084e+08 0 2.77513e+08 2.51084e+08 1.31984e+08 2.40271e+07 0.00011042 -0.00109237 -0.00226826 0.000650367 0.0748523
26 100 2 -0.305315 0.6588 -0.00039497 0.00113437 2.072e+07 8.25227e+07 3.92474e+07 7.14482e+06 0 7.46634e+07 0 8.25227e+07 7.46634e+07 3.92474e+07 7.14482e+06 0.00559909 -0.000212659 -0.00177681 0.00199945 0.0781484
23 101 0 -0.111686 1.1315 -0.000157211 0.00301563 2.76844e+07 1.1026e+08 5.24393e+07 9.54636e+06 0 9.97595e+07 0 1.1026e+08 9.97595e+07 5.24393e+07 9.54636e+06 0.00349888 -0.00471497 -0.000517457 0.00212846 0.0674357
29 101 1 0.075882 1.09609 0.000235883 0.00240877 8.63991e+07 3.44107e+08 1.63655e+08 2.97928e+07 0 3.11335e+08 0 3.44107e+08 3.11335e+08 1.63655e+08 2.97928e+07 0.00102749 -0.00220259 -0.00205108 0.000880403 0.0677409
25 101 2 -0.000564824 1.32818 3.40519e-05 0.00283655 8.10974e+07 3.22991e+08 1.53613e+08 2.79646e+07 0 2.9223e+08 0 3.22991e+08 2.9223e+08 1.53613e+08 2.79646e+07 0.00135273 -0.00394676 0.00120518 0.00073838 0.0664484
14 102 0 -0.478549 1.22507 -0.000819642 0.00262626 7.48501e+07 2.9811e+08 1.4178e+08 2.58104e+07 0 2.69718e+08 0 2.9811e+08 2.69718e+08 1.4178e+08 2.58104e+07 0.00153573 0.00419365 0.000913762 0.0012006 0.0683143
22 102 1 -0.298322 1.07546 -0.000638761 0.00304042 5.09743e+07 2.03018e+08 9.65545e+07 1.75774e+07 0 1.83683e+08 0 2.03018e+08 1.83683e+08 9.65545e+07 1.75774e+07 0.00135351 0.00379664 0.00154305 4.56997e-05 0.0684814
16 102 2 -0.244051 1.29746 -0.000362017 0.00341541 9.34188e+07 3.72064e+08 1.76952e+08 3.22134e+07 0 3.3663e+08 0 3.72064e+08 3.3663e+08 1.76952e+08 3.22134e+07 0.00160566 0.00198089 0.00155354 0.000600789 0.0669563
30 103 0 -0.120711 0.895657 0.000288533 0.0021271 3.36332e+06 1.33953e+07 6.37074e+06 1.15977e+06 0 1.21196e+07 0 1.33953e+07 1.21196e+07 6.37074e+06 1.15977e+06 0.00795336 -0.00834988 -0.00301439 0.0130566 0.0710914
37 103 1 0.117805 0.871073 0.000608205 0.00203344 6.91652e+07 2.75468e+08 1.31011e+08 2.38501e+07 0 2.49233e+08 0 2.75468e+08 2.49233e+08 1.31011e+08 2.38501e+07 0.000133757 0.000458278 -0.00104187 0.00213061 0.0716387
29 103 2 0.075882 1.09609 0.000235883 0.00240877 8.63991e+07 3.44107e+08 1.63655e+08 2.97928e+07 0 3.11335e+08 0 3.44107e+08 3.11335e+08 1.63655e+08 2.97928e+07 0.00102749 -0.00220259 -0.00205108 0.000880403 0.0677409
22 104 0 -0.298322 1.07546 -0.000638761 0.00304042 5.09743e+07 2.03018e+08 9.65545e+07 1.75774e+07 0 1.83683e+08 0 2.03018e+08 1.83683e+08 9.65545e+07 1.75774e+07 0.00135351 0.00379664 0.00154305 4.56997e-05 0.0684814
30 104 1 -0.120711 0.895657 0.000288533 0.0021271 3.36332e+06 1.33953e+07 6.37074e+06 1.15977e+06 0 1.21196e+07 0 1.33953e+07 1.21196e+07 6.37074e+06 1.15977e+06 0.00795336 -0.00834988 -0.00301439 0.0130566 0.0710914
23 104 2 -0.111686 1.1315 -0.000157211 0.00301563 2.76844e+07 1.1026e+08 5.24393e+07 9.54636e+06 0 9.97595e+07 0 1.1026e+08 9.97595e+07 5.24393e+07 9.54636e+06 0.00349888 -0.00471497 -0.000517457 0.00212846 0.0674357
21 105 0 -0.333412 0.871097 -0.00108104 0.00214147 8.06702e+06 3.2129e+07 1.52804e+07 2.78173e+06 0 2.90691e+07 0 3.2129e+07 2.90691e+07 1.52804e+07 2.78173e+06 0.00564195 0.0057577 -0.00319875 0.00822214 0.0720239
26 105 1 -0.305315 0.6588 -0.00039497 0.00113437 2.072e+07 8.25227e+07 3.92474e+07 7.14482e+06 0 7.46634e+07 0 8.25227e+07 7.46634e+07 3.92474e+07 7.14482e+06 0.00559909 -0.000212659 -0.00177681 0.00199945 0.0781484
30 105 2 -0.120711 0.895657 0.000288533 0.0021271 3.36332e+06 1.33953e+07 6.37074e+06 1.15977e+06 0 1.21196e+07 0 1.33953e+07 1.21196e+07 6.37074e+06 1.15977e+06 0.00795336 -0.00834988 -0.00301439 0.0130566 0.0710914
