Index_Vertex nbTriangle nbInTr x y ux uy Elast AR BR IR GR ER FR A1 A2 B12 C3 Defxx Defxy Defyx Defyy Density 
20 0 0 -0.583409 1.22662 -0.000670604 0.00182145 5.23778e+07 2.08608e+08 9.9213e+07 1.80613e+07 0 1.88741e+08 0 2.08608e+08 1.88741e+08 9.9213e+07 1.80613e+07 0.00156229 0.00185565 0.000484034 0.0013116 0.0458471
22 0 1 -0.561645 1.49757 -0.000741841 0.00260926 4.15602e+06 1.65524e+07 7.87224e+06 1.43311e+06 0 1.4976e+07 0 1.65524e+07 1.4976e+07 7.87224e+06 1.43311e+06 0.0019941 -0.00136106 -0.00129554 0.00446387 0.0440005
11 0 2 -0.688524 1.41746 -0.00113032 0.00234105 2.50259e+07 9.96722e+07 4.74036e+07 8.62963e+06 0 9.01796e+07 0 9.96722e+07 9.01796e+07 4.74036e+07 8.62963e+06 0.0031499 -0.000431972 -0.00273808 0.00357899 0.0450501
20 1 0 -0.583409 1.22662 -0.000670604 0.00182145 5.23778e+07 2.08608e+08 9.9213e+07 1.80613e+07 0 1.88741e+08 0 2.08608e+08 1.88741e+08 9.9213e+07 1.80613e+07 0.00156229 0.00185565 0.000484034 0.0013116 0.0458471
11 1 1 -0.688524 1.41746 -0.00113032 0.00234105 2.50259e+07 9.96722e+07 4.74036e+07 8.62963e+06 0 9.01796e+07 0 9.96722e+07 9.01796e+07 4.74036e+07 8.62963e+06 0.0031499 -0.000431972 -0.00273808 0.00357899 0.0450501
10 1 2 -0.815403 1.33736 -0.00110247 0.00214546 4.58958e+07 1.82792e+08 8.6935e+07 1.58262e+07 0 1.65383e+08 0 1.82792e+08 1.65383e+08 8.6935e+07 1.58262e+07 0.00201231 -0.000955224 -0.000904587 0.00181191 0.0460997
9 2 0 -0.926882 1.2318 -0.00117801 0.00208291 6.78241e+07 2.70127e+08 1.28471e+08 2.33876e+07 0 2.44401e+08 0 2.70127e+08 2.44401e+08 1.28471e+08 2.33876e+07 0.00116422 -0.00140758 -0.000427676 0.00106014 0.0475571
18 2 1 -0.780597 1.09174 -0.000964771 0.00167168 5.57543e+07 2.22056e+08 1.05609e+08 1.92256e+07 0 2.00908e+08 0 2.22056e+08 2.00908e+08 1.05609e+08 1.92256e+07 0.00140132 -0.0011057 -1.13852e-06 0.00167615 0.0481666
10 2 2 -0.815403 1.33736 -0.00110247 0.00214546 4.58958e+07 1.82792e+08 8.6935e+07 1.58262e+07 0 1.65383e+08 0 1.82792e+08 1.65383e+08 8.6935e+07 1.58262e+07 0.00201231 -0.000955224 -0.000904587 0.00181191 0.0460997
31 3 0 -0.375523 1.07565 -0.000510823 0.00200196 5.15244e+07 2.05209e+08 9.75965e+07 1.7767e+07 0 1.85666e+08 0 2.05209e+08 1.85666e+08 9.75965e+07 1.7767e+07 0.00175994 0.000463036 -0.000928549 0.00133196 0.0475729
32 3 1 -0.359694 1.31948 -0.000429713 0.0022442 1.6062e+08 6.39711e+08 3.04243e+08 5.53862e+07 0 5.78786e+08 0 6.39711e+08 5.78786e+08 3.04243e+08 5.53862e+07 0.000521897 0.00102791 0.000406122 0.000481069 0.0443188
20 3 2 -0.583409 1.22662 -0.000670604 0.00182145 5.23778e+07 2.08608e+08 9.9213e+07 1.80613e+07 0 1.88741e+08 0 2.08608e+08 1.88741e+08 9.9213e+07 1.80613e+07 0.00156229 0.00185565 0.000484034 0.0013116 0.0458471
46 4 0 2.49704e-17 9.51669e-24 -3.8943e-28 3.43803e-26 4.23076e+07 1.68501e+08 8.01382e+07 1.45888e+07 0 1.52453e+08 0 1.68501e+08 1.52453e+08 8.01382e+07 1.45888e+07 0.000163576 -4.82392e-06 -0.000720736 0.00294622 0.103891
55 4 1 0.2 9.32253e-24 -6.14277e-28 3.77203e-26 8.42303e+07 3.35469e+08 1.59547e+08 2.90449e+07 0 3.0352e+08 0 3.35469e+08 3.0352e+08 1.59547e+08 2.90449e+07 2.94963e-05 -1.28431e-05 5.37953e-05 0.00182187 0.103518
54 4 2 0.110842 0.189882 -4.5868e-05 0.000371383 7.48377e+07 2.98061e+08 1.41756e+08 2.58061e+07 0 2.69674e+08 0 2.98061e+08 2.69674e+08 1.41756e+08 2.58061e+07 0.000551245 -0.000788111 -0.000461737 0.00162721 0.0869274
21 5 0 -0.379507 1.56288 -0.00060475 0.0023967 1.10895e+08 4.41669e+08 2.10056e+08 3.82397e+07 0 3.99605e+08 0 4.41669e+08 3.99605e+08 2.10056e+08 3.82397e+07 0.00064753 0.00110914 -0.0017492 0.00094597 0.0432146
22 5 1 -0.561645 1.49757 -0.000741841 0.00260926 4.15602e+06 1.65524e+07 7.87224e+06 1.43311e+06 0 1.4976e+07 0 1.65524e+07 1.4976e+07 7.87224e+06 1.43311e+06 0.0019941 -0.00136106 -0.00129554 0.00446387 0.0440005
32 5 2 -0.359694 1.31948 -0.000429713 0.0022442 1.6062e+08 6.39711e+08 3.04243e+08 5.53862e+07 0 5.78786e+08 0 6.39711e+08 5.78786e+08 3.04243e+08 5.53862e+07 0.000521897 0.00102791 0.000406122 0.000481069 0.0443188
52 6 0 -0.0731605 0.233861 -0.000167209 0.0004396 9.52694e+07 3.79435e+08 1.80457e+08 3.28515e+07 0 3.43299e+08 0 3.79435e+08 3.43299e+08 1.80457e+08 3.28515e+07 0.000550144 0.000935228 -0.000485973 0.00110434 0.083602
42 6 1 -0.2 9.42796e-24 -2.31884e-27 3.71653e-26 7.75648e+07 3.08922e+08 1.46922e+08 2.67465e+07 0 2.79501e+08 0 3.08922e+08 2.79501e+08 1.46922e+08 2.67465e+07 -9.592e-26 -5.86152e-25 -0.00133653 0.00191455 0.103489
46 6 2 2.49704e-17 9.51669e-24 -3.8943e-28 3.43803e-26 4.23076e+07 1.68501e+08 8.01382e+07 1.45888e+07 0 1.52453e+08 0 1.68501e+08 1.52453e+08 8.01382e+07 1.45888e+07 0.000163576 -4.82392e-06 -0.000720736 0.00294622 0.103891
18 7 0 -0.780597 1.09174 -0.000964771 0.00167168 5.57543e+07 2.22056e+08 1.05609e+08 1.92256e+07 0 2.00908e+08 0 2.22056e+08 2.00908e+08 1.05609e+08 1.92256e+07 0.00140132 -0.0011057 -1.13852e-06 0.00167615 0.0481666
12 7 1 -0.931316 0.957593 -0.00123481 0.00150209 3.77339e+07 1.50285e+08 7.14747e+07 1.30117e+07 0 1.35972e+08 0 1.50285e+08 1.35972e+08 7.14747e+07 1.30117e+07 0.00204928 0.000588323 -1.81797e-05 0.00193663 0.0507024
23 7 2 -0.776584 0.838719 -0.00106023 0.00134016 8.58296e+07 3.41839e+08 1.62577e+08 2.95964e+07 0 3.09283e+08 0 3.41839e+08 3.09283e+08 1.62577e+08 2.95964e+07 0.000889491 -0.000983235 0.00042492 0.000977673 0.0527488
10 8 0 -0.815403 1.33736 -0.00110247 0.00214546 4.58958e+07 1.82792e+08 8.6935e+07 1.58262e+07 0 1.65383e+08 0 1.82792e+08 1.65383e+08 8.6935e+07 1.58262e+07 0.00201231 -0.000955224 -0.000904587 0.00181191 0.0460997
18 8 1 -0.780597 1.09174 -0.000964771 0.00167168 5.57543e+07 2.22056e+08 1.05609e+08 1.92256e+07 0 2.00908e+08 0 2.22056e+08 2.00908e+08 1.05609e+08 1.92256e+07 0.00140132 -0.0011057 -1.13852e-06 0.00167615 0.0481666
20 8 2 -0.583409 1.22662 -0.000670604 0.00182145 5.23778e+07 2.08608e+08 9.9213e+07 1.80613e+07 0 1.88741e+08 0 2.08608e+08 1.88741e+08 9.9213e+07 1.80613e+07 0.00156229 0.00185565 0.000484034 0.0013116 0.0458471
9 9 0 -0.926882 1.2318 -0.00117801 0.00208291 6.78241e+07 2.70127e+08 1.28471e+08 2.33876e+07 0 2.44401e+08 0 2.70127e+08 2.44401e+08 1.28471e+08 2.33876e+07 0.00116422 -0.00140758 -0.000427676 0.00106014 0.0475571
8 9 1 -1.03888 1.12679 -0.001519 0.00190683 1.92949e+07 7.68471e+07 3.65481e+07 6.65343e+06 0 6.95283e+07 0 7.68471e+07 6.95283e+07 3.65481e+07 6.65343e+06 0.00282337 0.00157381 0.000220192 0.00441473 0.0492148
18 9 2 -0.780597 1.09174 -0.000964771 0.00167168 5.57543e+07 2.22056e+08 1.05609e+08 1.92256e+07 0 2.00908e+08 0 2.22056e+08 2.00908e+08 1.05609e+08 1.92256e+07 0.00140132 -0.0011057 -1.13852e-06 0.00167615 0.0481666
8 10 0 -1.03888 1.12679 -0.001519 0.00190683 1.92949e+07 7.68471e+07 3.65481e+07 6.65343e+06 0 6.95283e+07 0 7.68471e+07 6.95283e+07 3.65481e+07 6.65343e+06 0.00282337 0.00157381 0.000220192 0.00441473 0.0492148
12 10 1 -0.931316 0.957593 -0.00123481 0.00150209 3.77339e+07 1.50285e+08 7.14747e+07 1.30117e+07 0 1.35972e+08 0 1.50285e+08 1.35972e+08 7.14747e+07 1.30117e+07 0.00204928 0.000588323 -1.81797e-05 0.00193663 0.0507024
18 10 2 -0.780597 1.09174 -0.000964771 0.00167168 5.57543e+07 2.22056e+08 1.05609e+08 1.92256e+07 0 2.00908e+08 0 2.22056e+08 2.00908e+08 1.05609e+08 1.92256e+07 0.00140132 -0.0011057 -1.13852e-06 0.00167615 0.0481666
24 11 0 -0.833262 0.616682 -0.00116843 0.00106023 3.16461e+07 1.26039e+08 5.99434e+07 1.09124e+07 0 1.14035e+08 0 1.26039e+08 1.14035e+08 5.99434e+07 1.09124e+07 0.00258362 0.000734294 8.99247e-05 0.00152031 0.0587509
34 11 1 -0.657357 0.443769 -0.000802065 0.000782158 7.76435e+07 3.09235e+08 1.47071e+08 2.67736e+07 0 2.79784e+08 0 3.09235e+08 2.79784e+08 1.47071e+08 2.67736e+07 0.000825904 0.00155831 -0.000974638 0.00154353 0.0670014
33 11 2 -0.597412 0.685396 -0.000962699 0.00114346 1.3393e+08 5.33412e+08 2.53688e+08 4.61828e+07 0 4.82611e+08 0 5.33412e+08 4.82611e+08 2.53688e+08 4.61828e+07 0.000146554 -0.000590107 -0.000196434 0.00103836 0.0574459
12 12 0 -0.931316 0.957593 -0.00123481 0.00150209 3.77339e+07 1.50285e+08 7.14747e+07 1.30117e+07 0 1.35972e+08 0 1.50285e+08 1.35972e+08 7.14747e+07 1.30117e+07 0.00204928 0.000588323 -1.81797e-05 0.00193663 0.0507024
1 12 1 -1.12369 0.991652 -0.00156418 0.00144415 6.71874e+07 2.67591e+08 1.27265e+08 2.31681e+07 0 2.42106e+08 0 2.67591e+08 2.42106e+08 1.27265e+08 2.31681e+07 0.00110188 -0.00121369 -0.000454898 0.00103687 0.0512933
13 12 2 -1.01822 0.772923 -0.00143956 0.00108203 5.09232e+07 2.02815e+08 9.64577e+07 1.75597e+07 0 1.83499e+08 0 2.02815e+08 1.83499e+08 9.64577e+07 1.75597e+07 0.00120146 0.00190202 0.00092029 0.00187963 0.0543179
28 13 0 -0.578137 0.954212 -0.000800083 0.00144091 1.17406e+08 4.67598e+08 2.22387e+08 4.04847e+07 0 4.23065e+08 0 4.67598e+08 4.23065e+08 2.22387e+08 4.04847e+07 0.000522836 0.000560013 0.000438777 0.000876387 0.0501172
18 13 1 -0.780597 1.09174 -0.000964771 0.00167168 5.57543e+07 2.22056e+08 1.05609e+08 1.92256e+07 0 2.00908e+08 0 2.22056e+08 2.00908e+08 1.05609e+08 1.92256e+07 0.00140132 -0.0011057 -1.13852e-06 0.00167615 0.0481666
23 13 2 -0.776584 0.838719 -0.00106023 0.00134016 8.58296e+07 3.41839e+08 1.62577e+08 2.95964e+07 0 3.09283e+08 0 3.41839e+08 3.09283e+08 1.62577e+08 2.95964e+07 0.000889491 -0.000983235 0.00042492 0.000977673 0.0527488
8 14 0 -1.03888 1.12679 -0.001519 0.00190683 1.92949e+07 7.68471e+07 3.65481e+07 6.65343e+06 0 6.95283e+07 0 7.68471e+07 6.95283e+07 3.65481e+07 6.65343e+06 0.00282337 0.00157381 0.000220192 0.00441473 0.0492148
1 14 1 -1.12369 0.991652 -0.00156418 0.00144415 6.71874e+07 2.67591e+08 1.27265e+08 2.31681e+07 0 2.42106e+08 0 2.67591e+08 2.42106e+08 1.27265e+08 2.31681e+07 0.00110188 -0.00121369 -0.000454898 0.00103687 0.0512933
12 14 2 -0.931316 0.957593 -0.00123481 0.00150209 3.77339e+07 1.50285e+08 7.14747e+07 1.30117e+07 0 1.35972e+08 0 1.50285e+08 1.35972e+08 7.14747e+07 1.30117e+07 0.00204928 0.000588323 -1.81797e-05 0.00193663 0.0507024
3 15 0 -1.32152 0.228124 -0.00127587 9.52068e-05 1.3121e+08 5.22578e+08 2.48535e+08 4.52449e+07 0 4.72809e+08 0 5.22578e+08 4.72809e+08 2.48535e+08 4.52449e+07 0.000594497 0.00162458 -0.00123686 0.000694157 0.0653521
6 15 1 -1.1775 0.0999667 -0.000986845 0.000185257 1.00356e+08 3.99695e+08 1.90093e+08 3.46057e+07 0 3.61629e+08 0 3.99695e+08 3.61629e+08 1.90093e+08 3.46057e+07 0.000447443 0.00152244 -0.00177915 0.00111988 0.0704723
15 15 2 -1.13285 0.347556 -0.00132391 0.000449952 1.86666e+08 7.43444e+08 3.53578e+08 6.43674e+07 0 6.7264e+08 0 7.43444e+08 6.7264e+08 3.53578e+08 6.43674e+07 -3.61679e-05 0.00165306 -0.00130528 0.000478271 0.064726
16 16 0 -0.957281 0.189805 -0.000928375 0.000352712 4.52618e+07 1.80267e+08 8.57339e+07 1.56075e+07 0 1.63098e+08 0 1.80267e+08 1.63098e+08 8.57339e+07 1.56075e+07 0.00161054 -0.0013395 -0.00195711 0.00110355 0.0749351
15 16 1 -1.13285 0.347556 -0.00132391 0.000449952 1.86666e+08 7.43444e+08 3.53578e+08 6.43674e+07 0 6.7264e+08 0 7.43444e+08 6.7264e+08 3.53578e+08 6.43674e+07 -3.61679e-05 0.00165306 -0.00130528 0.000478271 0.064726
6 16 2 -1.1775 0.0999667 -0.000986845 0.000185257 1.00356e+08 3.99695e+08 1.90093e+08 3.46057e+07 0 3.61629e+08 0 3.99695e+08 3.61629e+08 1.90093e+08 3.46057e+07 0.000447443 0.00152244 -0.00177915 0.00111988 0.0704723
17 17 0 -0.8 9.43489e-24 -8.18972e-27 3.57394e-26 8.33449e+07 3.31943e+08 1.5787e+08 2.87396e+07 0 3.00329e+08 0 3.31943e+08 3.00329e+08 1.5787e+08 2.87396e+07 0.000445532 0.000302604 -0.00587458 0.00159302 0.0950595
16 17 1 -0.957281 0.189805 -0.000928375 0.000352712 4.52618e+07 1.80267e+08 8.57339e+07 1.56075e+07 0 1.63098e+08 0 1.80267e+08 1.63098e+08 8.57339e+07 1.56075e+07 0.00161054 -0.0013395 -0.00195711 0.00110355 0.0749351
7 17 2 -1 4.56388e-24 -1.15995e-26 2.61055e-26 1.95231e+07 7.77556e+07 3.69802e+07 6.73209e+06 0 7.03503e+07 0 7.77556e+07 7.03503e+07 3.69802e+07 6.73209e+06 0.00368518 -0.00125362 -0.0106265 0.00306382 0.0845243
26 18 0 -0.732891 0.215983 -0.000723491 0.000334487 1.18291e+08 4.71123e+08 2.24063e+08 4.07898e+07 0 4.26254e+08 0 4.71123e+08 4.26254e+08 2.24063e+08 4.07898e+07 0.000299327 0.000907339 -0.000733842 0.00111703 0.0790504
34 18 1 -0.657357 0.443769 -0.000802065 0.000782158 7.76435e+07 3.09235e+08 1.47071e+08 2.67736e+07 0 2.79784e+08 0 3.09235e+08 2.79784e+08 1.47071e+08 2.67736e+07 0.000825904 0.00155831 -0.000974638 0.00154353 0.0670014
25 18 2 -0.895125 0.399272 -0.00115607 0.000605464 1.39799e+07 5.56786e+07 2.64805e+07 4.82066e+06 0 5.03759e+07 0 5.56786e+07 5.03759e+07 2.64805e+07 4.82066e+06 0.00201326 -0.000876773 -0.0012922 0.00196739 0.0662688
27 19 0 -0.6 9.61142e-24 -3.2197e-27 4.04178e-26 5.92695e+07 2.36056e+08 1.12267e+08 2.04378e+07 0 2.13575e+08 0 2.36056e+08 2.13575e+08 1.12267e+08 2.04378e+07 -1.48149e-25 5.14815e-25 -0.00502203 0.00258048 0.0996659
26 19 1 -0.732891 0.215983 -0.000723491 0.000334487 1.18291e+08 4.71123e+08 2.24063e+08 4.07898e+07 0 4.26254e+08 0 4.71123e+08 4.26254e+08 2.24063e+08 4.07898e+07 0.000299327 0.000907339 -0.000733842 0.00111703 0.0790504
17 19 2 -0.8 9.43489e-24 -8.18972e-27 3.57394e-26 8.33449e+07 3.31943e+08 1.5787e+08 2.87396e+07 0 3.00329e+08 0 3.31943e+08 3.00329e+08 1.5787e+08 2.87396e+07 0.000445532 0.000302604 -0.00587458 0.00159302 0.0950595
25 20 0 -0.895125 0.399272 -0.00115607 0.000605464 1.39799e+07 5.56786e+07 2.64805e+07 4.82066e+06 0 5.03759e+07 0 5.56786e+07 5.03759e+07 2.64805e+07 4.82066e+06 0.00201326 -0.000876773 -0.0012922 0.00196739 0.0662688
24 20 1 -0.833262 0.616682 -0.00116843 0.00106023 3.16461e+07 1.26039e+08 5.99434e+07 1.09124e+07 0 1.14035e+08 0 1.26039e+08 1.14035e+08 5.99434e+07 1.09124e+07 0.00258362 0.000734294 8.99247e-05 0.00152031 0.0587509
14 20 2 -1.07324 0.56185 -0.00149 0.000713218 1.25599e+08 5.0023e+08 2.37907e+08 4.331e+07 0 4.52589e+08 0 5.0023e+08 4.52589e+08 2.37907e+08 4.331e+07 0.000264193 0.00165313 -0.000824349 0.000688376 0.0592226
26 21 0 -0.732891 0.215983 -0.000723491 0.000334487 1.18291e+08 4.71123e+08 2.24063e+08 4.07898e+07 0 4.26254e+08 0 4.71123e+08 4.26254e+08 2.24063e+08 4.07898e+07 0.000299327 0.000907339 -0.000733842 0.00111703 0.0790504
25 21 1 -0.895125 0.399272 -0.00115607 0.000605464 1.39799e+07 5.56786e+07 2.64805e+07 4.82066e+06 0 5.03759e+07 0 5.56786e+07 5.03759e+07 2.64805e+07 4.82066e+06 0.00201326 -0.000876773 -0.0012922 0.00196739 0.0662688
16 21 2 -0.957281 0.189805 -0.000928375 0.000352712 4.52618e+07 1.80267e+08 8.57339e+07 1.56075e+07 0 1.63098e+08 0 1.80267e+08 1.63098e+08 8.57339e+07 1.56075e+07 0.00161054 -0.0013395 -0.00195711 0.00110355 0.0749351
34 22 0 -0.657357 0.443769 -0.000802065 0.000782158 7.76435e+07 3.09235e+08 1.47071e+08 2.67736e+07 0 2.79784e+08 0 3.09235e+08 2.79784e+08 1.47071e+08 2.67736e+07 0.000825904 0.00155831 -0.000974638 0.00154353 0.0670014
24 22 1 -0.833262 0.616682 -0.00116843 0.00106023 3.16461e+07 1.26039e+08 5.99434e+07 1.09124e+07 0 1.14035e+08 0 1.26039e+08 1.14035e+08 5.99434e+07 1.09124e+07 0.00258362 0.000734294 8.99247e-05 0.00152031 0.0587509
25 22 2 -0.895125 0.399272 -0.00115607 0.000605464 1.39799e+07 5.56786e+07 2.64805e+07 4.82066e+06 0 5.03759e+07 0 5.56786e+07 5.03759e+07 2.64805e+07 4.82066e+06 0.00201326 -0.000876773 -0.0012922 0.00196739 0.0662688
16 23 0 -0.957281 0.189805 -0.000928375 0.000352712 4.52618e+07 1.80267e+08 8.57339e+07 1.56075e+07 0 1.63098e+08 0 1.80267e+08 1.63098e+08 8.57339e+07 1.56075e+07 0.00161054 -0.0013395 -0.00195711 0.00110355 0.0749351
17 23 1 -0.8 9.43489e-24 -8.18972e-27 3.57394e-26 8.33449e+07 3.31943e+08 1.5787e+08 2.87396e+07 0 3.00329e+08 0 3.31943e+08 3.00329e+08 1.5787e+08 2.87396e+07 0.000445532 0.000302604 -0.00587458 0.00159302 0.0950595
26 23 2 -0.732891 0.215983 -0.000723491 0.000334487 1.18291e+08 4.71123e+08 2.24063e+08 4.07898e+07 0 4.26254e+08 0 4.71123e+08 4.26254e+08 2.24063e+08 4.07898e+07 0.000299327 0.000907339 -0.000733842 0.00111703 0.0790504
27 24 0 -0.6 9.61142e-24 -3.2197e-27 4.04178e-26 5.92695e+07 2.36056e+08 1.12267e+08 2.04378e+07 0 2.13575e+08 0 2.36056e+08 2.13575e+08 1.12267e+08 2.04378e+07 -1.48149e-25 5.14815e-25 -0.00502203 0.00258048 0.0996659
36 24 1 -0.511286 0.237603 -0.000577776 0.000624654 4.22024e+07 1.68082e+08 7.99389e+07 1.45525e+07 0 1.52074e+08 0 1.68082e+08 1.52074e+08 7.99389e+07 1.45525e+07 0.00137653 0.000903058 -0.00073371 0.00174121 0.0808474
26 24 2 -0.732891 0.215983 -0.000723491 0.000334487 1.18291e+08 4.71123e+08 2.24063e+08 4.07898e+07 0 4.26254e+08 0 4.71123e+08 4.26254e+08 2.24063e+08 4.07898e+07 0.000299327 0.000907339 -0.000733842 0.00111703 0.0790504
15 25 0 -1.13285 0.347556 -0.00132391 0.000449952 1.86666e+08 7.43444e+08 3.53578e+08 6.43674e+07 0 6.7264e+08 0 7.43444e+08 6.7264e+08 3.53578e+08 6.43674e+07 -3.61679e-05 0.00165306 -0.00130528 0.000478271 0.064726
5 25 1 -1.32271 0.391469 -0.00150917 0.000232461 7.60991e+07 3.03084e+08 1.44145e+08 2.62411e+07 0 2.74219e+08 0 3.03084e+08 2.74219e+08 1.44145e+08 2.62411e+07 0.000981934 0.00133968 -0.00149188 0.00109229 0.0624687
3 25 2 -1.32152 0.228124 -0.00127587 9.52068e-05 1.3121e+08 5.22578e+08 2.48535e+08 4.52449e+07 0 4.72809e+08 0 5.22578e+08 4.72809e+08 2.48535e+08 4.52449e+07 0.000594497 0.00162458 -0.00123686 0.000694157 0.0653521
7 26 0 -1 4.56388e-24 -1.15995e-26 2.61055e-26 1.95231e+07 7.77556e+07 3.69802e+07 6.73209e+06 0 7.03503e+07 0 7.77556e+07 7.03503e+07 3.69802e+07 6.73209e+06 0.00368518 -0.00125362 -0.0106265 0.00306382 0.0845243
16 26 1 -0.957281 0.189805 -0.000928375 0.000352712 4.52618e+07 1.80267e+08 8.57339e+07 1.56075e+07 0 1.63098e+08 0 1.80267e+08 1.63098e+08 8.57339e+07 1.56075e+07 0.00161054 -0.0013395 -0.00195711 0.00110355 0.0749351
6 26 2 -1.1775 0.0999667 -0.000986845 0.000185257 1.00356e+08 3.99695e+08 1.90093e+08 3.46057e+07 0 3.61629e+08 0 3.99695e+08 3.61629e+08 1.90093e+08 3.46057e+07 0.000447443 0.00152244 -0.00177915 0.00111988 0.0704723
14 27 0 -1.07324 0.56185 -0.00149 0.000713218 1.25599e+08 5.0023e+08 2.37907e+08 4.331e+07 0 4.52589e+08 0 5.0023e+08 4.52589e+08 2.37907e+08 4.331e+07 0.000264193 0.00165313 -0.000824349 0.000688376 0.0592226
4 27 1 -1.31696 0.554717 -0.00168048 0.00042287 6.99554e+07 2.78615e+08 1.32508e+08 2.41225e+07 0 2.52081e+08 0 2.78615e+08 2.52081e+08 1.32508e+08 2.41225e+07 0.00102671 0.000866285 -0.000677551 0.00116282 0.0592842
15 27 2 -1.13285 0.347556 -0.00132391 0.000449952 1.86666e+08 7.43444e+08 3.53578e+08 6.43674e+07 0 6.7264e+08 0 7.43444e+08 6.7264e+08 3.53578e+08 6.43674e+07 -3.61679e-05 0.00165306 -0.00130528 0.000478271 0.064726
36 28 0 -0.511286 0.237603 -0.000577776 0.000624654 4.22024e+07 1.68082e+08 7.99389e+07 1.45525e+07 0 1.52074e+08 0 1.68082e+08 1.52074e+08 7.99389e+07 1.45525e+07 0.00137653 0.000903058 -0.00073371 0.00174121 0.0808474
27 28 1 -0.6 9.61142e-24 -3.2197e-27 4.04178e-26 5.92695e+07 2.36056e+08 1.12267e+08 2.04378e+07 0 2.13575e+08 0 2.36056e+08 2.13575e+08 1.12267e+08 2.04378e+07 -1.48149e-25 5.14815e-25 -0.00502203 0.00258048 0.0996659
35 28 2 -0.4 9.38245e-24 -7.42815e-29 2.69289e-26 2.114e+07 8.41957e+07 4.0043e+07 7.28967e+06 0 7.6177e+07 0 8.41957e+07 7.6177e+07 4.0043e+07 7.28967e+06 7.43093e-26 6.87225e-25 -0.00233303 0.00376002 0.102199
34 29 0 -0.657357 0.443769 -0.000802065 0.000782158 7.76435e+07 3.09235e+08 1.47071e+08 2.67736e+07 0 2.79784e+08 0 3.09235e+08 2.79784e+08 1.47071e+08 2.67736e+07 0.000825904 0.00155831 -0.000974638 0.00154353 0.0670014
36 29 1 -0.511286 0.237603 -0.000577776 0.000624654 4.22024e+07 1.68082e+08 7.99389e+07 1.45525e+07 0 1.52074e+08 0 1.68082e+08 1.52074e+08 7.99389e+07 1.45525e+07 0.00137653 0.000903058 -0.00073371 0.00174121 0.0808474
43 29 2 -0.416042 0.489784 -0.000672742 0.000886486 1.48756e+08 5.9246e+08 2.81771e+08 5.12953e+07 0 5.36036e+08 0 5.9246e+08 5.36036e+08 2.81771e+08 5.12953e+07 0.000415891 -0.00107254 -0.000696412 0.000399334 0.0664263
37 30 0 -0.387175 0.793744 -0.000695687 0.00137305 2.57494e+06 1.02553e+07 4.87739e+06 887909 0 9.27865e+06 0 1.02553e+07 9.27865e+06 4.87739e+06 887909 0.00473318 0.00434524 0.000513583 0.00207455 0.0543782
33 30 1 -0.597412 0.685396 -0.000962699 0.00114346 1.3393e+08 5.33412e+08 2.53688e+08 4.61828e+07 0 4.82611e+08 0 5.33412e+08 4.82611e+08 2.53688e+08 4.61828e+07 0.000146554 -0.000590107 -0.000196434 0.00103836 0.0574459
43 30 2 -0.416042 0.489784 -0.000672742 0.000886486 1.48756e+08 5.9246e+08 2.81771e+08 5.12953e+07 0 5.36036e+08 0 5.9246e+08 5.36036e+08 2.81771e+08 5.12953e+07 0.000415891 -0.00107254 -0.000696412 0.000399334 0.0664263
25 31 0 -0.895125 0.399272 -0.00115607 0.000605464 1.39799e+07 5.56786e+07 2.64805e+07 4.82066e+06 0 5.03759e+07 0 5.56786e+07 5.03759e+07 2.64805e+07 4.82066e+06 0.00201326 -0.000876773 -0.0012922 0.00196739 0.0662688
14 31 1 -1.07324 0.56185 -0.00149 0.000713218 1.25599e+08 5.0023e+08 2.37907e+08 4.331e+07 0 4.52589e+08 0 5.0023e+08 4.52589e+08 2.37907e+08 4.331e+07 0.000264193 0.00165313 -0.000824349 0.000688376 0.0592226
15 31 2 -1.13285 0.347556 -0.00132391 0.000449952 1.86666e+08 7.43444e+08 3.53578e+08 6.43674e+07 0 6.7264e+08 0 7.43444e+08 6.7264e+08 3.53578e+08 6.43674e+07 -3.61679e-05 0.00165306 -0.00130528 0.000478271 0.064726
34 32 0 -0.657357 0.443769 -0.000802065 0.000782158 7.76435e+07 3.09235e+08 1.47071e+08 2.67736e+07 0 2.79784e+08 0 3.09235e+08 2.79784e+08 1.47071e+08 2.67736e+07 0.000825904 0.00155831 -0.000974638 0.00154353 0.0670014
26 32 1 -0.732891 0.215983 -0.000723491 0.000334487 1.18291e+08 4.71123e+08 2.24063e+08 4.07898e+07 0 4.26254e+08 0 4.71123e+08 4.26254e+08 2.24063e+08 4.07898e+07 0.000299327 0.000907339 -0.000733842 0.00111703 0.0790504
36 32 2 -0.511286 0.237603 -0.000577776 0.000624654 4.22024e+07 1.68082e+08 7.99389e+07 1.45525e+07 0 1.52074e+08 0 1.68082e+08 1.52074e+08 7.99389e+07 1.45525e+07 0.00137653 0.000903058 -0.00073371 0.00174121 0.0808474
14 33 0 -1.07324 0.56185 -0.00149 0.000713218 1.25599e+08 5.0023e+08 2.37907e+08 4.331e+07 0 4.52589e+08 0 5.0023e+08 4.52589e+08 2.37907e+08 4.331e+07 0.000264193 0.00165313 -0.000824349 0.000688376 0.0592226
2 33 1 -1.26265 0.705666 -0.00182792 0.00071392 3.36355e+07 1.33962e+08 6.37117e+07 1.15984e+07 0 1.21204e+08 0 1.33962e+08 1.21204e+08 6.37117e+07 1.15984e+07 0.00190038 0.000565752 -0.00104895 0.00216616 0.0563936
4 33 2 -1.31696 0.554717 -0.00168048 0.00042287 6.99554e+07 2.78615e+08 1.32508e+08 2.41225e+07 0 2.52081e+08 0 2.78615e+08 2.52081e+08 1.32508e+08 2.41225e+07 0.00102671 0.000866285 -0.000677551 0.00116282 0.0592842
5 34 0 -1.32271 0.391469 -0.00150917 0.000232461 7.60991e+07 3.03084e+08 1.44145e+08 2.62411e+07 0 2.74219e+08 0 3.03084e+08 2.74219e+08 1.44145e+08 2.62411e+07 0.000981934 0.00133968 -0.00149188 0.00109229 0.0624687
15 34 1 -1.13285 0.347556 -0.00132391 0.000449952 1.86666e+08 7.43444e+08 3.53578e+08 6.43674e+07 0 6.7264e+08 0 7.43444e+08 6.7264e+08 3.53578e+08 6.43674e+07 -3.61679e-05 0.00165306 -0.00130528 0.000478271 0.064726
4 34 2 -1.31696 0.554717 -0.00168048 0.00042287 6.99554e+07 2.78615e+08 1.32508e+08 2.41225e+07 0 2.52081e+08 0 2.78615e+08 2.52081e+08 1.32508e+08 2.41225e+07 0.00102671 0.000866285 -0.000677551 0.00116282 0.0592842
13 35 0 -1.01822 0.772923 -0.00143956 0.00108203 5.09232e+07 2.02815e+08 9.64577e+07 1.75597e+07 0 1.83499e+08 0 2.02815e+08 1.83499e+08 9.64577e+07 1.75597e+07 0.00120146 0.00190202 0.00092029 0.00187963 0.0543179
23 35 1 -0.776584 0.838719 -0.00106023 0.00134016 8.58296e+07 3.41839e+08 1.62577e+08 2.95964e+07 0 3.09283e+08 0 3.41839e+08 3.09283e+08 1.62577e+08 2.95964e+07 0.000889491 -0.000983235 0.00042492 0.000977673 0.0527488
12 35 2 -0.931316 0.957593 -0.00123481 0.00150209 3.77339e+07 1.50285e+08 7.14747e+07 1.30117e+07 0 1.35972e+08 0 1.50285e+08 1.35972e+08 7.14747e+07 1.30117e+07 0.00204928 0.000588323 -1.81797e-05 0.00193663 0.0507024
2 36 0 -1.26265 0.705666 -0.00182792 0.00071392 3.36355e+07 1.33962e+08 6.37117e+07 1.15984e+07 0 1.21204e+08 0 1.33962e+08 1.21204e+08 6.37117e+07 1.15984e+07 0.00190038 0.000565752 -0.00104895 0.00216616 0.0563936
13 36 1 -1.01822 0.772923 -0.00143956 0.00108203 5.09232e+07 2.02815e+08 9.64577e+07 1.75597e+07 0 1.83499e+08 0 2.02815e+08 1.83499e+08 9.64577e+07 1.75597e+07 0.00120146 0.00190202 0.00092029 0.00187963 0.0543179
0 36 2 -1.2091 0.85689 -0.00179239 0.00123943 1.97588e+07 7.86946e+07 3.74268e+07 6.81339e+06 0 7.11999e+07 0 7.86946e+07 7.11999e+07 3.74268e+07 6.81339e+06 0.00322828 -0.000732448 0.00109743 0.00323477 0.053675
24 37 0 -0.833262 0.616682 -0.00116843 0.00106023 3.16461e+07 1.26039e+08 5.99434e+07 1.09124e+07 0 1.14035e+08 0 1.26039e+08 1.14035e+08 5.99434e+07 1.09124e+07 0.00258362 0.000734294 8.99247e-05 0.00152031 0.0587509
23 37 1 -0.776584 0.838719 -0.00106023 0.00134016 8.58296e+07 3.41839e+08 1.62577e+08 2.95964e+07 0 3.09283e+08 0 3.41839e+08 3.09283e+08 1.62577e+08 2.95964e+07 0.000889491 -0.000983235 0.00042492 0.000977673 0.0527488
13 37 2 -1.01822 0.772923 -0.00143956 0.00108203 5.09232e+07 2.02815e+08 9.64577e+07 1.75597e+07 0 1.83499e+08 0 2.02815e+08 1.83499e+08 9.64577e+07 1.75597e+07 0.00120146 0.00190202 0.00092029 0.00187963 0.0543179
15 38 0 -1.13285 0.347556 -0.00132391 0.000449952 1.86666e+08 7.43444e+08 3.53578e+08 6.43674e+07 0 6.7264e+08 0 7.43444e+08 6.7264e+08 3.53578e+08 6.43674e+07 -3.61679e-05 0.00165306 -0.00130528 0.000478271 0.064726
16 38 1 -0.957281 0.189805 -0.000928375 0.000352712 4.52618e+07 1.80267e+08 8.57339e+07 1.56075e+07 0 1.63098e+08 0 1.80267e+08 1.63098e+08 8.57339e+07 1.56075e+07 0.00161054 -0.0013395 -0.00195711 0.00110355 0.0749351
25 38 2 -0.895125 0.399272 -0.00115607 0.000605464 1.39799e+07 5.56786e+07 2.64805e+07 4.82066e+06 0 5.03759e+07 0 5.56786e+07 5.03759e+07 2.64805e+07 4.82066e+06 0.00201326 -0.000876773 -0.0012922 0.00196739 0.0662688
37 39 0 -0.387175 0.793744 -0.000695687 0.00137305 2.57494e+06 1.02553e+07 4.87739e+06 887909 0 9.27865e+06 0 1.02553e+07 9.27865e+06 4.87739e+06 887909 0.00473318 0.00434524 0.000513583 0.00207455 0.0543782
38 39 1 -0.210662 0.949968 -0.000241911 0.00186261 1.04196e+08 4.14989e+08 1.97367e+08 3.59298e+07 0 3.75466e+08 0 4.14989e+08 3.75466e+08 1.97367e+08 3.59298e+07 0.000990984 -0.000809717 0.000257753 0.000430868 0.0501743
31 39 2 -0.375523 1.07565 -0.000510823 0.00200196 5.15244e+07 2.05209e+08 9.75965e+07 1.7767e+07 0 1.85666e+08 0 2.05209e+08 1.85666e+08 9.75965e+07 1.7767e+07 0.00175994 0.000463036 -0.000928549 0.00133196 0.0475729
28 40 0 -0.578137 0.954212 -0.000800083 0.00144091 1.17406e+08 4.67598e+08 2.22387e+08 4.04847e+07 0 4.23065e+08 0 4.67598e+08 4.23065e+08 2.22387e+08 4.04847e+07 0.000522836 0.000560013 0.000438777 0.000876387 0.0501172
37 40 1 -0.387175 0.793744 -0.000695687 0.00137305 2.57494e+06 1.02553e+07 4.87739e+06 887909 0 9.27865e+06 0 1.02553e+07 9.27865e+06 4.87739e+06 887909 0.00473318 0.00434524 0.000513583 0.00207455 0.0543782
31 40 2 -0.375523 1.07565 -0.000510823 0.00200196 5.15244e+07 2.05209e+08 9.75965e+07 1.7767e+07 0 1.85666e+08 0 2.05209e+08 1.85666e+08 9.75965e+07 1.7767e+07 0.00175994 0.000463036 -0.000928549 0.00133196 0.0475729
20 41 0 -0.583409 1.22662 -0.000670604 0.00182145 5.23778e+07 2.08608e+08 9.9213e+07 1.80613e+07 0 1.88741e+08 0 2.08608e+08 1.88741e+08 9.9213e+07 1.80613e+07 0.00156229 0.00185565 0.000484034 0.0013116 0.0458471
28 41 1 -0.578137 0.954212 -0.000800083 0.00144091 1.17406e+08 4.67598e+08 2.22387e+08 4.04847e+07 0 4.23065e+08 0 4.67598e+08 4.23065e+08 2.22387e+08 4.04847e+07 0.000522836 0.000560013 0.000438777 0.000876387 0.0501172
31 41 2 -0.375523 1.07565 -0.000510823 0.00200196 5.15244e+07 2.05209e+08 9.75965e+07 1.7767e+07 0 1.85666e+08 0 2.05209e+08 1.85666e+08 9.75965e+07 1.7767e+07 0.00175994 0.000463036 -0.000928549 0.00133196 0.0475729
23 42 0 -0.776584 0.838719 -0.00106023 0.00134016 8.58296e+07 3.41839e+08 1.62577e+08 2.95964e+07 0 3.09283e+08 0 3.41839e+08 3.09283e+08 1.62577e+08 2.95964e+07 0.000889491 -0.000983235 0.00042492 0.000977673 0.0527488
33 42 1 -0.597412 0.685396 -0.000962699 0.00114346 1.3393e+08 5.33412e+08 2.53688e+08 4.61828e+07 0 4.82611e+08 0 5.33412e+08 4.82611e+08 2.53688e+08 4.61828e+07 0.000146554 -0.000590107 -0.000196434 0.00103836 0.0574459
28 42 2 -0.578137 0.954212 -0.000800083 0.00144091 1.17406e+08 4.67598e+08 2.22387e+08 4.04847e+07 0 4.23065e+08 0 4.67598e+08 4.23065e+08 2.22387e+08 4.04847e+07 0.000522836 0.000560013 0.000438777 0.000876387 0.0501172
53 43 0 -0.133911 0.473448 -0.000301807 0.00088082 2.19985e+07 8.76146e+07 4.1669e+07 7.58568e+06 0 7.92703e+07 0 8.76146e+07 7.92703e+07 4.1669e+07 7.58568e+06 0.00293167 0.00277951 0.00244766 0.00398641 0.0682483
52 43 1 -0.0731605 0.233861 -0.000167209 0.0004396 9.52694e+07 3.79435e+08 1.80457e+08 3.28515e+07 0 3.43299e+08 0 3.79435e+08 3.43299e+08 1.80457e+08 3.28515e+07 0.000550144 0.000935228 -0.000485973 0.00110434 0.083602
62 43 2 0.134339 0.418571 2.96339e-05 0.000681116 9.16523e+07 3.65029e+08 1.73606e+08 3.16043e+07 0 3.30264e+08 0 3.65029e+08 3.30264e+08 1.73606e+08 3.16043e+07 0.000725482 -0.00142837 0.00139341 0.00119773 0.0713435
56 44 0 0.0570614 0.661479 0.000137815 0.0012486 5.28424e+07 2.10458e+08 1.00093e+08 1.82215e+07 0 1.90415e+08 0 2.10458e+08 1.90415e+08 1.00093e+08 1.82215e+07 0.000947152 -0.00331295 -0.00129268 0.0021114 0.0595387
53 44 1 -0.133911 0.473448 -0.000301807 0.00088082 2.19985e+07 8.76146e+07 4.1669e+07 7.58568e+06 0 7.92703e+07 0 8.76146e+07 7.92703e+07 4.1669e+07 7.58568e+06 0.00293167 0.00277951 0.00244766 0.00398641 0.0682483
62 44 2 0.134339 0.418571 2.96339e-05 0.000681116 9.16523e+07 3.65029e+08 1.73606e+08 3.16043e+07 0 3.30264e+08 0 3.65029e+08 3.30264e+08 1.73606e+08 3.16043e+07 0.000725482 -0.00142837 0.00139341 0.00119773 0.0713435
45 45 0 -0.2819 0.616842 -0.000504566 0.00101568 2.17819e+06 8.67522e+06 4.12589e+06 751101 0 7.84901e+06 0 8.67522e+06 7.84901e+06 4.12589e+06 751101 0.00497414 0.00508777 0.00288349 0.00601403 0.0610455
43 45 1 -0.416042 0.489784 -0.000672742 0.000886486 1.48756e+08 5.9246e+08 2.81771e+08 5.12953e+07 0 5.36036e+08 0 5.9246e+08 5.36036e+08 2.81771e+08 5.12953e+07 0.000415891 -0.00107254 -0.000696412 0.000399334 0.0664263
53 45 2 -0.133911 0.473448 -0.000301807 0.00088082 2.19985e+07 8.76146e+07 4.1669e+07 7.58568e+06 0 7.92703e+07 0 8.76146e+07 7.92703e+07 4.1669e+07 7.58568e+06 0.00293167 0.00277951 0.00244766 0.00398641 0.0682483
44 46 0 -0.290744 0.247474 -0.000329257 0.000489709 6.82743e+07 2.7192e+08 1.29324e+08 2.35429e+07 0 2.46023e+08 0 2.7192e+08 2.46023e+08 1.29324e+08 2.35429e+07 0.00090236 -0.00141003 -0.00151262 0.00128722 0.0818633
36 46 1 -0.511286 0.237603 -0.000577776 0.000624654 4.22024e+07 1.68082e+08 7.99389e+07 1.45525e+07 0 1.52074e+08 0 1.68082e+08 1.52074e+08 7.99389e+07 1.45525e+07 0.00137653 0.000903058 -0.00073371 0.00174121 0.0808474
35 46 2 -0.4 9.38245e-24 -7.42815e-29 2.69289e-26 2.114e+07 8.41957e+07 4.0043e+07 7.28967e+06 0 7.6177e+07 0 8.41957e+07 7.6177e+07 4.0043e+07 7.28967e+06 7.43093e-26 6.87225e-25 -0.00233303 0.00376002 0.102199
33 47 0 -0.597412 0.685396 -0.000962699 0.00114346 1.3393e+08 5.33412e+08 2.53688e+08 4.61828e+07 0 4.82611e+08 0 5.33412e+08 4.82611e+08 2.53688e+08 4.61828e+07 0.000146554 -0.000590107 -0.000196434 0.00103836 0.0574459
23 47 1 -0.776584 0.838719 -0.00106023 0.00134016 8.58296e+07 3.41839e+08 1.62577e+08 2.95964e+07 0 3.09283e+08 0 3.41839e+08 3.09283e+08 1.62577e+08 2.95964e+07 0.000889491 -0.000983235 0.00042492 0.000977673 0.0527488
24 47 2 -0.833262 0.616682 -0.00116843 0.00106023 3.16461e+07 1.26039e+08 5.99434e+07 1.09124e+07 0 1.14035e+08 0 1.26039e+08 1.14035e+08 5.99434e+07 1.09124e+07 0.00258362 0.000734294 8.99247e-05 0.00152031 0.0587509
43 48 0 -0.416042 0.489784 -0.000672742 0.000886486 1.48756e+08 5.9246e+08 2.81771e+08 5.12953e+07 0 5.36036e+08 0 5.9246e+08 5.36036e+08 2.81771e+08 5.12953e+07 0.000415891 -0.00107254 -0.000696412 0.000399334 0.0664263
33 48 1 -0.597412 0.685396 -0.000962699 0.00114346 1.3393e+08 5.33412e+08 2.53688e+08 4.61828e+07 0 4.82611e+08 0 5.33412e+08 4.82611e+08 2.53688e+08 4.61828e+07 0.000146554 -0.000590107 -0.000196434 0.00103836 0.0574459
34 48 2 -0.657357 0.443769 -0.000802065 0.000782158 7.76435e+07 3.09235e+08 1.47071e+08 2.67736e+07 0 2.79784e+08 0 3.09235e+08 2.79784e+08 1.47071e+08 2.67736e+07 0.000825904 0.00155831 -0.000974638 0.00154353 0.0670014
37 49 0 -0.387175 0.793744 -0.000695687 0.00137305 2.57494e+06 1.02553e+07 4.87739e+06 887909 0 9.27865e+06 0 1.02553e+07 9.27865e+06 4.87739e+06 887909 0.00473318 0.00434524 0.000513583 0.00207455 0.0543782
28 49 1 -0.578137 0.954212 -0.000800083 0.00144091 1.17406e+08 4.67598e+08 2.22387e+08 4.04847e+07 0 4.23065e+08 0 4.67598e+08 4.23065e+08 2.22387e+08 4.04847e+07 0.000522836 0.000560013 0.000438777 0.000876387 0.0501172
33 49 2 -0.597412 0.685396 -0.000962699 0.00114346 1.3393e+08 5.33412e+08 2.53688e+08 4.61828e+07 0 4.82611e+08 0 5.33412e+08 4.82611e+08 2.53688e+08 4.61828e+07 0.000146554 -0.000590107 -0.000196434 0.00103836 0.0574459
13 50 0 -1.01822 0.772923 -0.00143956 0.00108203 5.09232e+07 2.02815e+08 9.64577e+07 1.75597e+07 0 1.83499e+08 0 2.02815e+08 1.83499e+08 9.64577e+07 1.75597e+07 0.00120146 0.00190202 0.00092029 0.00187963 0.0543179
2 50 1 -1.26265 0.705666 -0.00182792 0.00071392 3.36355e+07 1.33962e+08 6.37117e+07 1.15984e+07 0 1.21204e+08 0 1.33962e+08 1.21204e+08 6.37117e+07 1.15984e+07 0.00190038 0.000565752 -0.00104895 0.00216616 0.0563936
14 50 2 -1.07324 0.56185 -0.00149 0.000713218 1.25599e+08 5.0023e+08 2.37907e+08 4.331e+07 0 4.52589e+08 0 5.0023e+08 4.52589e+08 2.37907e+08 4.331e+07 0.000264193 0.00165313 -0.000824349 0.000688376 0.0592226
13 51 0 -1.01822 0.772923 -0.00143956 0.00108203 5.09232e+07 2.02815e+08 9.64577e+07 1.75597e+07 0 1.83499e+08 0 2.02815e+08 1.83499e+08 9.64577e+07 1.75597e+07 0.00120146 0.00190202 0.00092029 0.00187963 0.0543179
1 51 1 -1.12369 0.991652 -0.00156418 0.00144415 6.71874e+07 2.67591e+08 1.27265e+08 2.31681e+07 0 2.42106e+08 0 2.67591e+08 2.42106e+08 1.27265e+08 2.31681e+07 0.00110188 -0.00121369 -0.000454898 0.00103687 0.0512933
0 51 2 -1.2091 0.85689 -0.00179239 0.00123943 1.97588e+07 7.86946e+07 3.74268e+07 6.81339e+06 0 7.11999e+07 0 7.86946e+07 7.11999e+07 3.74268e+07 6.81339e+06 0.00322828 -0.000732448 0.00109743 0.00323477 0.053675
14 52 0 -1.07324 0.56185 -0.00149 0.000713218 1.25599e+08 5.0023e+08 2.37907e+08 4.331e+07 0 4.52589e+08 0 5.0023e+08 4.52589e+08 2.37907e+08 4.331e+07 0.000264193 0.00165313 -0.000824349 0.000688376 0.0592226
24 52 1 -0.833262 0.616682 -0.00116843 0.00106023 3.16461e+07 1.26039e+08 5.99434e+07 1.09124e+07 0 1.14035e+08 0 1.26039e+08 1.14035e+08 5.99434e+07 1.09124e+07 0.00258362 0.000734294 8.99247e-05 0.00152031 0.0587509
13 52 2 -1.01822 0.772923 -0.00143956 0.00108203 5.09232e+07 2.02815e+08 9.64577e+07 1.75597e+07 0 1.83499e+08 0 2.02815e+08 1.83499e+08 9.64577e+07 1.75597e+07 0.00120146 0.00190202 0.00092029 0.00187963 0.0543179
42 53 0 -0.2 9.42796e-24 -2.31884e-27 3.71653e-26 7.75648e+07 3.08922e+08 1.46922e+08 2.67465e+07 0 2.79501e+08 0 3.08922e+08 2.79501e+08 1.46922e+08 2.67465e+07 -9.592e-26 -5.86152e-25 -0.00133653 0.00191455 0.103489
52 53 1 -0.0731605 0.233861 -0.000167209 0.0004396 9.52694e+07 3.79435e+08 1.80457e+08 3.28515e+07 0 3.43299e+08 0 3.79435e+08 3.43299e+08 1.80457e+08 3.28515e+07 0.000550144 0.000935228 -0.000485973 0.00110434 0.083602
44 53 2 -0.290744 0.247474 -0.000329257 0.000489709 6.82743e+07 2.7192e+08 1.29324e+08 2.35429e+07 0 2.46023e+08 0 2.7192e+08 2.46023e+08 1.29324e+08 2.35429e+07 0.00090236 -0.00141003 -0.00151262 0.00128722 0.0818633
91 54 0 1.13379 0.356939 0.00174423 0.000263192 5.86047e+07 2.33408e+08 1.11008e+08 2.02085e+07 0 2.11179e+08 0 2.33408e+08 2.11179e+08 1.11008e+08 2.02085e+07 0.000953279 -0.000531821 0.00115565 0.00214504 0.0646958
86 54 1 0.959057 0.19329 0.00106437 0.000266712 4.41066e+07 1.75666e+08 8.35459e+07 1.52092e+07 0 1.58936e+08 0 1.75666e+08 1.58936e+08 8.35459e+07 1.52092e+07 0.0010563 -0.00210212 0.00414239 0.00182274 0.0748664
90 54 2 1.17189 0.0937444 0.00080314 -0.00034991 5.30538e+07 2.113e+08 1.00493e+08 1.82944e+07 0 1.91177e+08 0 2.113e+08 1.91177e+08 1.00493e+08 1.82944e+07 0.00128564 -0.00188033 0.00611332 0.00205118 0.0709723
89 55 0 1.32546 0.551052 0.00219094 0.00056159 7.20366e+07 2.86904e+08 1.3645e+08 2.48402e+07 0 2.5958e+08 0 2.86904e+08 2.5958e+08 1.3645e+08 2.48402e+07 0.000846005 0.000514152 0.000808144 0.00149035 0.0596413
91 55 1 1.13379 0.356939 0.00174423 0.000263192 5.86047e+07 2.33408e+08 1.11008e+08 2.02085e+07 0 2.11179e+08 0 2.33408e+08 2.11179e+08 1.11008e+08 2.02085e+07 0.000953279 -0.000531821 0.00115565 0.00214504 0.0646958
92 55 2 1.32597 0.383836 0.00222293 0.000151565 9.25069e+06 3.68432e+07 1.75225e+07 3.18989e+06 0 3.33344e+07 0 3.68432e+07 3.33344e+07 1.75225e+07 3.18989e+06 0.00392793 -0.0011299 0.00115173 0.00637635 0.0628432
87 56 0 0.897724 0.408123 0.00154568 0.000760245 8.2191e+07 3.27347e+08 1.55684e+08 2.83417e+07 0 2.96171e+08 0 3.27347e+08 2.96171e+08 1.55684e+08 2.83417e+07 0.000615919 -0.000347331 0.000568677 0.00158037 0.0660648
86 56 1 0.959057 0.19329 0.00106437 0.000266712 4.41066e+07 1.75666e+08 8.35459e+07 1.52092e+07 0 1.58936e+08 0 1.75666e+08 1.58936e+08 8.35459e+07 1.52092e+07 0.0010563 -0.00210212 0.00414239 0.00182274 0.0748664
91 56 2 1.13379 0.356939 0.00174423 0.000263192 5.86047e+07 2.33408e+08 1.11008e+08 2.02085e+07 0 2.11179e+08 0 2.33408e+08 2.11179e+08 1.11008e+08 2.02085e+07 0.000953279 -0.000531821 0.00115565 0.00214504 0.0646958
92 57 0 1.32597 0.383836 0.00222293 0.000151565 9.25069e+06 3.68432e+07 1.75225e+07 3.18989e+06 0 3.33344e+07 0 3.68432e+07 3.33344e+07 1.75225e+07 3.18989e+06 0.00392793 -0.0011299 0.00115173 0.00637635 0.0628432
91 57 1 1.13379 0.356939 0.00174423 0.000263192 5.86047e+07 2.33408e+08 1.11008e+08 2.02085e+07 0 2.11179e+08 0 2.33408e+08 2.11179e+08 1.11008e+08 2.02085e+07 0.000953279 -0.000531821 0.00115565 0.00214504 0.0646958
93 57 2 1.32169 0.216674 0.00172452 -0.000626651 2.66759e+07 1.06243e+08 5.05289e+07 9.19857e+06 0 9.6125e+07 0 1.06243e+08 9.6125e+07 5.05289e+07 9.19857e+06 0.00256986 -0.00498582 0.00384515 0.00315124 0.0657814
87 58 0 0.897724 0.408123 0.00154568 0.000760245 8.2191e+07 3.27347e+08 1.55684e+08 2.83417e+07 0 2.96171e+08 0 3.27347e+08 2.96171e+08 1.55684e+08 2.83417e+07 0.000615919 -0.000347331 0.000568677 0.00158037 0.0660648
91 58 1 1.13379 0.356939 0.00174423 0.000263192 5.86047e+07 2.33408e+08 1.11008e+08 2.02085e+07 0 2.11179e+08 0 2.33408e+08 2.11179e+08 1.11008e+08 2.02085e+07 0.000953279 -0.000531821 0.00115565 0.00214504 0.0646958
88 58 2 1.0732 0.604225 0.00184248 0.000971133 2.88365e+07 1.14849e+08 5.46214e+07 9.9436e+06 0 1.03911e+08 0 1.14849e+08 1.03911e+08 5.46214e+07 9.9436e+06 0.00172924 -0.00150557 -9.16072e-05 0.0034204 0.058414
88 59 0 1.0732 0.604225 0.00184248 0.000971133 2.88365e+07 1.14849e+08 5.46214e+07 9.9436e+06 0 1.03911e+08 0 1.14849e+08 1.03911e+08 5.46214e+07 9.9436e+06 0.00172924 -0.00150557 -9.16072e-05 0.0034204 0.058414
89 59 1 1.32546 0.551052 0.00219094 0.00056159 7.20366e+07 2.86904e+08 1.3645e+08 2.48402e+07 0 2.5958e+08 0 2.86904e+08 2.5958e+08 1.3645e+08 2.48402e+07 0.000846005 0.000514152 0.000808144 0.00149035 0.0596413
84 59 2 1.26438 0.704716 0.00214366 0.000867965 4.62783e+07 1.84315e+08 8.76593e+07 1.5958e+07 0 1.66761e+08 0 1.84315e+08 1.66761e+08 8.76593e+07 1.5958e+07 0.00143605 -0.00122275 -0.000421168 0.00242557 0.056786
82 60 0 1.20182 0.857787 0.00195383 0.00141382 3.14587e+07 1.25293e+08 5.95885e+07 1.08478e+07 0 1.1336e+08 0 1.25293e+08 1.1336e+08 5.95885e+07 1.08478e+07 0.00215603 -0.000926674 0.000463919 0.00250105 0.0539751
88 60 1 1.0732 0.604225 0.00184248 0.000971133 2.88365e+07 1.14849e+08 5.46214e+07 9.9436e+06 0 1.03911e+08 0 1.14849e+08 1.03911e+08 5.46214e+07 9.9436e+06 0.00172924 -0.00150557 -9.16072e-05 0.0034204 0.058414
84 60 2 1.26438 0.704716 0.00214366 0.000867965 4.62783e+07 1.84315e+08 8.76593e+07 1.5958e+07 0 1.66761e+08 0 1.84315e+08 1.66761e+08 8.76593e+07 1.5958e+07 0.00143605 -0.00122275 -0.000421168 0.00242557 0.056786
86 61 0 0.959057 0.19329 0.00106437 0.000266712 4.41066e+07 1.75666e+08 8.35459e+07 1.52092e+07 0 1.58936e+08 0 1.75666e+08 1.58936e+08 8.35459e+07 1.52092e+07 0.0010563 -0.00210212 0.00414239 0.00182274 0.0748664
80 61 1 0.738243 0.212195 0.000912459 0.000396668 6.08213e+07 2.42236e+08 1.15206e+08 2.09729e+07 0 2.19166e+08 0 2.42236e+08 2.19166e+08 1.15206e+08 2.09729e+07 0.000925831 0.000787992 0.00464016 0.00177227 0.0793276
78 61 2 0.8 9.49514e-24 3.80897e-27 3.6868e-26 7.23221e+07 2.88041e+08 1.36991e+08 2.49386e+07 0 2.60609e+08 0 2.88041e+08 2.60609e+08 1.36991e+08 2.49386e+07 3.32064e-25 8.66634e-25 0.00559651 0.00184021 0.0951848
83 62 0 0.959613 0.805307 0.00163772 0.00149785 1.11869e+08 4.45547e+08 2.119e+08 3.85755e+07 0 4.03114e+08 0 4.45547e+08 4.03114e+08 2.119e+08 3.85755e+07 0.000283351 -0.000444142 0.000324803 0.000623219 0.0538296
81 62 1 0.808811 0.614115 0.00142164 0.00128156 3.6229e+07 1.44291e+08 6.86242e+07 1.24928e+07 0 1.30549e+08 0 1.44291e+08 1.30549e+08 6.86242e+07 1.24928e+07 0.00164591 -0.0019986 -0.00105314 0.00288962 0.0591604
88 62 2 1.0732 0.604225 0.00184248 0.000971133 2.88365e+07 1.14849e+08 5.46214e+07 9.9436e+06 0 1.03911e+08 0 1.14849e+08 1.03911e+08 5.46214e+07 9.9436e+06 0.00172924 -0.00150557 -9.16072e-05 0.0034204 0.058414
79 63 0 0.651767 0.422425 0.00110887 0.000996785 1.47407e+07 5.87086e+07 2.79215e+07 5.083e+06 0 5.31173e+07 0 5.87086e+07 5.31173e+07 2.79215e+07 5.083e+06 0.00397348 -0.00268432 -0.00127333 0.00310959 0.0682478
80 63 1 0.738243 0.212195 0.000912459 0.000396668 6.08213e+07 2.42236e+08 1.15206e+08 2.09729e+07 0 2.19166e+08 0 2.42236e+08 2.19166e+08 1.15206e+08 2.09729e+07 0.000925831 0.000787992 0.00464016 0.00177227 0.0793276
87 63 2 0.897724 0.408123 0.00154568 0.000760245 8.2191e+07 3.27347e+08 1.55684e+08 2.83417e+07 0 2.96171e+08 0 3.27347e+08 2.96171e+08 1.55684e+08 2.83417e+07 0.000615919 -0.000347331 0.000568677 0.00158037 0.0660648
75 64 0 1.11522 0.991906 0.00170914 0.00178834 3.1547e+07 1.25644e+08 5.97556e+07 1.08783e+07 0 1.13678e+08 0 1.25644e+08 1.13678e+08 5.97556e+07 1.08783e+07 0.00197694 0.000253571 -0.00144417 0.00264923 0.0515324
76 64 1 0.861995 0.99966 0.00143104 0.00179827 1.17123e+08 4.66472e+08 2.21852e+08 4.03872e+07 0 4.22046e+08 0 4.66472e+08 4.22046e+08 2.21852e+08 4.03872e+07 0.000550879 -0.000530095 -0.00200933 0.000854616 0.0500111
83 64 2 0.959613 0.805307 0.00163772 0.00149785 1.11869e+08 4.45547e+08 2.119e+08 3.85755e+07 0 4.03114e+08 0 4.45547e+08 4.03114e+08 2.119e+08 3.85755e+07 0.000283351 -0.000444142 0.000324803 0.000623219 0.0538296
72 65 0 0.517095 0.217678 0.00031234 0.000329673 2.95716e+06 1.17777e+07 5.6014e+06 1.01971e+06 0 1.0656e+07 0 1.17777e+07 1.0656e+07 5.6014e+06 1.01971e+06 0.00565983 0.000980447 0.00271772 0.00452761 0.0822803
79 65 1 0.651767 0.422425 0.00110887 0.000996785 1.47407e+07 5.87086e+07 2.79215e+07 5.083e+06 0 5.31173e+07 0 5.87086e+07 5.31173e+07 2.79215e+07 5.083e+06 0.00397348 -0.00268432 -0.00127333 0.00310959 0.0682478
71 65 2 0.402924 0.428586 0.000326197 0.00072912 4.73576e+07 1.88614e+08 8.97037e+07 1.63302e+07 0 1.70651e+08 0 1.88614e+08 1.70651e+08 8.97037e+07 1.63302e+07 0.00137301 0.00166917 0.0015525 0.00193088 0.0698081
63 66 0 0.300687 0.219831 3.81335e-05 0.00031384 1.08093e+08 4.30507e+08 2.04747e+08 3.72733e+07 0 3.89506e+08 0 4.30507e+08 3.89506e+08 2.04747e+08 3.72733e+07 0.000431438 -0.000258455 -0.000157794 0.00116425 0.0839119
72 66 1 0.517095 0.217678 0.00031234 0.000329673 2.95716e+06 1.17777e+07 5.6014e+06 1.01971e+06 0 1.0656e+07 0 1.17777e+07 1.0656e+07 5.6014e+06 1.01971e+06 0.00565983 0.000980447 0.00271772 0.00452761 0.0822803
71 66 2 0.402924 0.428586 0.000326197 0.00072912 4.73576e+07 1.88614e+08 8.97037e+07 1.63302e+07 0 1.70651e+08 0 1.88614e+08 1.70651e+08 8.97037e+07 1.63302e+07 0.00137301 0.00166917 0.0015525 0.00193088 0.0698081
73 67 0 0.6 9.39515e-24 3.09462e-27 2.65875e-26 6.34622e+07 2.52755e+08 1.20209e+08 2.18835e+07 0 2.28683e+08 0 2.52755e+08 2.28683e+08 1.20209e+08 2.18835e+07 0.000123006 0.000572579 0.00389385 0.00143993 0.0997481
78 67 1 0.8 9.49514e-24 3.80897e-27 3.6868e-26 7.23221e+07 2.88041e+08 1.36991e+08 2.49386e+07 0 2.60609e+08 0 2.88041e+08 2.60609e+08 1.36991e+08 2.49386e+07 3.32064e-25 8.66634e-25 0.00559651 0.00184021 0.0951848
80 67 2 0.738243 0.212195 0.000912459 0.000396668 6.08213e+07 2.42236e+08 1.15206e+08 2.09729e+07 0 2.19166e+08 0 2.42236e+08 2.19166e+08 1.15206e+08 2.09729e+07 0.000925831 0.000787992 0.00464016 0.00177227 0.0793276
91 68 0 1.13379 0.356939 0.00174423 0.000263192 5.86047e+07 2.33408e+08 1.11008e+08 2.02085e+07 0 2.11179e+08 0 2.33408e+08 2.11179e+08 1.11008e+08 2.02085e+07 0.000953279 -0.000531821 0.00115565 0.00214504 0.0646958
89 68 1 1.32546 0.551052 0.00219094 0.00056159 7.20366e+07 2.86904e+08 1.3645e+08 2.48402e+07 0 2.5958e+08 0 2.86904e+08 2.5958e+08 1.3645e+08 2.48402e+07 0.000846005 0.000514152 0.000808144 0.00149035 0.0596413
88 68 2 1.0732 0.604225 0.00184248 0.000971133 2.88365e+07 1.14849e+08 5.46214e+07 9.9436e+06 0 1.03911e+08 0 1.14849e+08 1.03911e+08 5.46214e+07 9.9436e+06 0.00172924 -0.00150557 -9.16072e-05 0.0034204 0.058414
67 69 0 1.02905 1.1263 0.0013654 0.00192932 8.69611e+07 3.46345e+08 1.6472e+08 2.99866e+07 0 3.1336e+08 0 3.46345e+08 3.1336e+08 1.6472e+08 2.99866e+07 0.000898847 0.000894072 -0.00103831 0.00113915 0.0493974
76 69 1 0.861995 0.99966 0.00143104 0.00179827 1.17123e+08 4.66472e+08 2.21852e+08 4.03872e+07 0 4.22046e+08 0 4.66472e+08 4.22046e+08 2.21852e+08 4.03872e+07 0.000550879 -0.000530095 -0.00200933 0.000854616 0.0500111
75 69 2 1.11522 0.991906 0.00170914 0.00178834 3.1547e+07 1.25644e+08 5.97556e+07 1.08783e+07 0 1.13678e+08 0 1.25644e+08 1.13678e+08 5.97556e+07 1.08783e+07 0.00197694 0.000253571 -0.00144417 0.00264923 0.0515324
76 70 0 0.861995 0.99966 0.00143104 0.00179827 1.17123e+08 4.66472e+08 2.21852e+08 4.03872e+07 0 4.22046e+08 0 4.66472e+08 4.22046e+08 2.21852e+08 4.03872e+07 0.000550879 -0.000530095 -0.00200933 0.000854616 0.0500111
67 70 1 1.02905 1.1263 0.0013654 0.00192932 8.69611e+07 3.46345e+08 1.6472e+08 2.99866e+07 0 3.1336e+08 0 3.46345e+08 3.1336e+08 1.6472e+08 2.99866e+07 0.000898847 0.000894072 -0.00103831 0.00113915 0.0493974
66 70 2 0.918748 1.23292 0.00116407 0.00202989 7.14507e+07 2.84571e+08 1.3534e+08 2.46382e+07 0 2.57469e+08 0 2.84571e+08 2.57469e+08 1.3534e+08 2.46382e+07 0.00118406 4.80468e-05 -0.000701778 0.00124855 0.0476967
77 71 0 0.705088 0.816112 0.00143745 0.00168542 8.83911e+07 3.52041e+08 1.67429e+08 3.04797e+07 0 3.18513e+08 0 3.52041e+08 3.18513e+08 1.67429e+08 3.04797e+07 -3.16183e-05 0.000163985 0.000495715 0.000440019 0.053513
76 71 1 0.861995 0.99966 0.00143104 0.00179827 1.17123e+08 4.66472e+08 2.21852e+08 4.03872e+07 0 4.22046e+08 0 4.66472e+08 4.22046e+08 2.21852e+08 4.03872e+07 0.000550879 -0.000530095 -0.00200933 0.000854616 0.0500111
70 71 2 0.611406 1.01765 0.00106339 0.00219501 8.68391e+06 3.45859e+07 1.64489e+07 2.99445e+06 0 3.1292e+07 0 3.45859e+07 3.1292e+07 1.64489e+07 2.99445e+06 0.00331332 -0.00183741 -0.00248692 0.00240787 0.0490638
83 72 0 0.959613 0.805307 0.00163772 0.00149785 1.11869e+08 4.45547e+08 2.119e+08 3.85755e+07 0 4.03114e+08 0 4.45547e+08 4.03114e+08 2.119e+08 3.85755e+07 0.000283351 -0.000444142 0.000324803 0.000623219 0.0538296
88 72 1 1.0732 0.604225 0.00184248 0.000971133 2.88365e+07 1.14849e+08 5.46214e+07 9.9436e+06 0 1.03911e+08 0 1.14849e+08 1.03911e+08 5.46214e+07 9.9436e+06 0.00172924 -0.00150557 -9.16072e-05 0.0034204 0.058414
82 72 2 1.20182 0.857787 0.00195383 0.00141382 3.14587e+07 1.25293e+08 5.95885e+07 1.08478e+07 0 1.1336e+08 0 1.25293e+08 1.1336e+08 5.95885e+07 1.08478e+07 0.00215603 -0.000926674 0.000463919 0.00250105 0.0539751
77 73 0 0.705088 0.816112 0.00143745 0.00168542 8.83911e+07 3.52041e+08 1.67429e+08 3.04797e+07 0 3.18513e+08 0 3.52041e+08 3.18513e+08 1.67429e+08 3.04797e+07 -3.16183e-05 0.000163985 0.000495715 0.000440019 0.053513
83 73 1 0.959613 0.805307 0.00163772 0.00149785 1.11869e+08 4.45547e+08 2.119e+08 3.85755e+07 0 4.03114e+08 0 4.45547e+08 4.03114e+08 2.119e+08 3.85755e+07 0.000283351 -0.000444142 0.000324803 0.000623219 0.0538296
76 73 2 0.861995 0.99966 0.00143104 0.00179827 1.17123e+08 4.66472e+08 2.21852e+08 4.03872e+07 0 4.22046e+08 0 4.66472e+08 4.22046e+08 2.21852e+08 4.03872e+07 0.000550879 -0.000530095 -0.00200933 0.000854616 0.0500111
81 74 0 0.808811 0.614115 0.00142164 0.00128156 3.6229e+07 1.44291e+08 6.86242e+07 1.24928e+07 0 1.30549e+08 0 1.44291e+08 1.30549e+08 6.86242e+07 1.24928e+07 0.00164591 -0.0019986 -0.00105314 0.00288962 0.0591604
87 74 1 0.897724 0.408123 0.00154568 0.000760245 8.2191e+07 3.27347e+08 1.55684e+08 2.83417e+07 0 2.96171e+08 0 3.27347e+08 2.96171e+08 1.55684e+08 2.83417e+07 0.000615919 -0.000347331 0.000568677 0.00158037 0.0660648
88 74 2 1.0732 0.604225 0.00184248 0.000971133 2.88365e+07 1.14849e+08 5.46214e+07 9.9436e+06 0 1.03911e+08 0 1.14849e+08 1.03911e+08 5.46214e+07 9.9436e+06 0.00172924 -0.00150557 -9.16072e-05 0.0034204 0.058414
77 75 0 0.705088 0.816112 0.00143745 0.00168542 8.83911e+07 3.52041e+08 1.67429e+08 3.04797e+07 0 3.18513e+08 0 3.52041e+08 3.18513e+08 1.67429e+08 3.04797e+07 -3.16183e-05 0.000163985 0.000495715 0.000440019 0.053513
81 75 1 0.808811 0.614115 0.00142164 0.00128156 3.6229e+07 1.44291e+08 6.86242e+07 1.24928e+07 0 1.30549e+08 0 1.44291e+08 1.30549e+08 6.86242e+07 1.24928e+07 0.00164591 -0.0019986 -0.00105314 0.00288962 0.0591604
83 75 2 0.959613 0.805307 0.00163772 0.00149785 1.11869e+08 4.45547e+08 2.119e+08 3.85755e+07 0 4.03114e+08 0 4.45547e+08 4.03114e+08 2.119e+08 3.85755e+07 0.000283351 -0.000444142 0.000324803 0.000623219 0.0538296
77 76 0 0.705088 0.816112 0.00143745 0.00168542 8.83911e+07 3.52041e+08 1.67429e+08 3.04797e+07 0 3.18513e+08 0 3.52041e+08 3.18513e+08 1.67429e+08 3.04797e+07 -3.16183e-05 0.000163985 0.000495715 0.000440019 0.053513
74 76 1 0.550679 0.62954 0.000913783 0.00139797 4.63457e+07 1.84584e+08 8.77872e+07 1.59813e+07 0 1.67004e+08 0 1.84584e+08 1.67004e+08 8.77872e+07 1.59813e+07 0.00207778 0.00116587 0.00210522 0.00103219 0.0597743
81 76 2 0.808811 0.614115 0.00142164 0.00128156 3.6229e+07 1.44291e+08 6.86242e+07 1.24928e+07 0 1.30549e+08 0 1.44291e+08 1.30549e+08 6.86242e+07 1.24928e+07 0.00164591 -0.0019986 -0.00105314 0.00288962 0.0591604
69 77 0 0.448805 0.847777 0.000941563 0.00180564 8.61245e+06 3.43013e+07 1.63135e+07 2.96981e+06 0 3.10345e+07 0 3.43013e+07 3.10345e+07 1.63135e+07 2.96981e+06 0.00282946 -0.00224157 -0.0042977 0.00458579 0.0528527
74 77 1 0.550679 0.62954 0.000913783 0.00139797 4.63457e+07 1.84584e+08 8.77872e+07 1.59813e+07 0 1.67004e+08 0 1.84584e+08 1.67004e+08 8.77872e+07 1.59813e+07 0.00207778 0.00116587 0.00210522 0.00103219 0.0597743
77 77 2 0.705088 0.816112 0.00143745 0.00168542 8.83911e+07 3.52041e+08 1.67429e+08 3.04797e+07 0 3.18513e+08 0 3.52041e+08 3.18513e+08 1.67429e+08 3.04797e+07 -3.16183e-05 0.000163985 0.000495715 0.000440019 0.053513
79 78 0 0.651767 0.422425 0.00110887 0.000996785 1.47407e+07 5.87086e+07 2.79215e+07 5.083e+06 0 5.31173e+07 0 5.87086e+07 5.31173e+07 2.79215e+07 5.083e+06 0.00397348 -0.00268432 -0.00127333 0.00310959 0.0682478
74 78 1 0.550679 0.62954 0.000913783 0.00139797 4.63457e+07 1.84584e+08 8.77872e+07 1.59813e+07 0 1.67004e+08 0 1.84584e+08 1.67004e+08 8.77872e+07 1.59813e+07 0.00207778 0.00116587 0.00210522 0.00103219 0.0597743
71 78 2 0.402924 0.428586 0.000326197 0.00072912 4.73576e+07 1.88614e+08 8.97037e+07 1.63302e+07 0 1.70651e+08 0 1.88614e+08 1.70651e+08 8.97037e+07 1.63302e+07 0.00137301 0.00166917 0.0015525 0.00193088 0.0698081
68 79 0 0.739193 1.15807 0.00103857 0.00216178 8.20402e+07 3.26746e+08 1.55399e+08 2.82897e+07 0 2.95627e+08 0 3.26746e+08 2.95627e+08 1.55399e+08 2.82897e+07 0.00101326 -0.00253382 -0.00180398 0.00109674 0.047359
70 79 1 0.611406 1.01765 0.00106339 0.00219501 8.68391e+06 3.45859e+07 1.64489e+07 2.99445e+06 0 3.1292e+07 0 3.45859e+07 3.1292e+07 1.64489e+07 2.99445e+06 0.00331332 -0.00183741 -0.00248692 0.00240787 0.0490638
76 79 2 0.861995 0.99966 0.00143104 0.00179827 1.17123e+08 4.66472e+08 2.21852e+08 4.03872e+07 0 4.22046e+08 0 4.66472e+08 4.22046e+08 2.21852e+08 4.03872e+07 0.000550879 -0.000530095 -0.00200933 0.000854616 0.0500111
57 80 0 0.808657 1.33975 0.001079 0.00223608 8.85385e+07 3.52627e+08 1.67708e+08 3.05305e+07 0 3.19044e+08 0 3.52627e+08 3.19044e+08 1.67708e+08 3.05305e+07 0.000940441 -0.0022108 0.00023943 0.00119563 0.0462506
68 80 1 0.739193 1.15807 0.00103857 0.00216178 8.20402e+07 3.26746e+08 1.55399e+08 2.82897e+07 0 2.95627e+08 0 3.26746e+08 2.95627e+08 1.55399e+08 2.82897e+07 0.00101326 -0.00253382 -0.00180398 0.00109674 0.047359
66 80 2 0.918748 1.23292 0.00116407 0.00202989 7.14507e+07 2.84571e+08 1.3534e+08 2.46382e+07 0 2.57469e+08 0 2.84571e+08 2.57469e+08 1.3534e+08 2.46382e+07 0.00118406 4.80468e-05 -0.000701778 0.00124855 0.0476967
57 81 0 0.808657 1.33975 0.001079 0.00223608 8.85385e+07 3.52627e+08 1.67708e+08 3.05305e+07 0 3.19044e+08 0 3.52627e+08 3.19044e+08 1.67708e+08 3.05305e+07 0.000940441 -0.0022108 0.00023943 0.00119563 0.0462506
60 81 1 0.568001 1.26166 0.000827581 0.00262529 9.55277e+07 3.80464e+08 1.80947e+08 3.29406e+07 0 3.44229e+08 0 3.80464e+08 3.44229e+08 1.80947e+08 3.29406e+07 0.00117896 -0.00194808 0.00135325 0.000445416 0.045598
68 81 2 0.739193 1.15807 0.00103857 0.00216178 8.20402e+07 3.26746e+08 1.55399e+08 2.82897e+07 0 2.95627e+08 0 3.26746e+08 2.95627e+08 1.55399e+08 2.82897e+07 0.00101326 -0.00253382 -0.00180398 0.00109674 0.047359
69 82 0 0.448805 0.847777 0.000941563 0.00180564 8.61245e+06 3.43013e+07 1.63135e+07 2.96981e+06 0 3.10345e+07 0 3.43013e+07 3.10345e+07 1.63135e+07 2.96981e+06 0.00282946 -0.00224157 -0.0042977 0.00458579 0.0528527
59 82 1 0.296475 0.984623 0.000336901 0.00219874 8.04255e+07 3.20315e+08 1.5234e+08 2.77329e+07 0 2.89809e+08 0 3.20315e+08 2.89809e+08 1.5234e+08 2.77329e+07 0.000715941 0.00176079 -0.000592816 0.000624228 0.0494643
58 82 2 0.197751 0.848589 0.000148392 0.00172432 6.03599e+06 2.40399e+07 1.14332e+07 2.08137e+06 0 2.17504e+07 0 2.40399e+07 2.17504e+07 1.14332e+07 2.08137e+06 0.00308832 -0.00163175 -0.00162857 0.00669151 0.0529713
74 83 0 0.550679 0.62954 0.000913783 0.00139797 4.63457e+07 1.84584e+08 8.77872e+07 1.59813e+07 0 1.67004e+08 0 1.84584e+08 1.67004e+08 8.77872e+07 1.59813e+07 0.00207778 0.00116587 0.00210522 0.00103219 0.0597743
69 83 1 0.448805 0.847777 0.000941563 0.00180564 8.61245e+06 3.43013e+07 1.63135e+07 2.96981e+06 0 3.10345e+07 0 3.43013e+07 3.10345e+07 1.63135e+07 2.96981e+06 0.00282946 -0.00224157 -0.0042977 0.00458579 0.0528527
65 83 2 0.298506 0.635181 0.000448428 0.000970534 5.71834e+07 2.27748e+08 1.08316e+08 1.97184e+07 0 2.06057e+08 0 2.27748e+08 2.06057e+08 1.08316e+08 1.97184e+07 0.00159706 0.0012611 0.00102879 0.000197817 0.0603273
71 84 0 0.402924 0.428586 0.000326197 0.00072912 4.73576e+07 1.88614e+08 8.97037e+07 1.63302e+07 0 1.70651e+08 0 1.88614e+08 1.70651e+08 8.97037e+07 1.63302e+07 0.00137301 0.00166917 0.0015525 0.00193088 0.0698081
74 84 1 0.550679 0.62954 0.000913783 0.00139797 4.63457e+07 1.84584e+08 8.77872e+07 1.59813e+07 0 1.67004e+08 0 1.84584e+08 1.67004e+08 8.77872e+07 1.59813e+07 0.00207778 0.00116587 0.00210522 0.00103219 0.0597743
65 84 2 0.298506 0.635181 0.000448428 0.000970534 5.71834e+07 2.27748e+08 1.08316e+08 1.97184e+07 0 2.06057e+08 0 2.27748e+08 2.06057e+08 1.08316e+08 1.97184e+07 0.00159706 0.0012611 0.00102879 0.000197817 0.0603273
79 85 0 0.651767 0.422425 0.00110887 0.000996785 1.47407e+07 5.87086e+07 2.79215e+07 5.083e+06 0 5.31173e+07 0 5.87086e+07 5.31173e+07 2.79215e+07 5.083e+06 0.00397348 -0.00268432 -0.00127333 0.00310959 0.0682478
81 85 1 0.808811 0.614115 0.00142164 0.00128156 3.6229e+07 1.44291e+08 6.86242e+07 1.24928e+07 0 1.30549e+08 0 1.44291e+08 1.30549e+08 6.86242e+07 1.24928e+07 0.00164591 -0.0019986 -0.00105314 0.00288962 0.0591604
74 85 2 0.550679 0.62954 0.000913783 0.00139797 4.63457e+07 1.84584e+08 8.77872e+07 1.59813e+07 0 1.67004e+08 0 1.84584e+08 1.67004e+08 8.77872e+07 1.59813e+07 0.00207778 0.00116587 0.00210522 0.00103219 0.0597743
77 86 0 0.705088 0.816112 0.00143745 0.00168542 8.83911e+07 3.52041e+08 1.67429e+08 3.04797e+07 0 3.18513e+08 0 3.52041e+08 3.18513e+08 1.67429e+08 3.04797e+07 -3.16183e-05 0.000163985 0.000495715 0.000440019 0.053513
70 86 1 0.611406 1.01765 0.00106339 0.00219501 8.68391e+06 3.45859e+07 1.64489e+07 2.99445e+06 0 3.1292e+07 0 3.45859e+07 3.1292e+07 1.64489e+07 2.99445e+06 0.00331332 -0.00183741 -0.00248692 0.00240787 0.0490638
69 86 2 0.448805 0.847777 0.000941563 0.00180564 8.61245e+06 3.43013e+07 1.63135e+07 2.96981e+06 0 3.10345e+07 0 3.43013e+07 3.10345e+07 1.63135e+07 2.96981e+06 0.00282946 -0.00224157 -0.0042977 0.00458579 0.0528527
69 87 0 0.448805 0.847777 0.000941563 0.00180564 8.61245e+06 3.43013e+07 1.63135e+07 2.96981e+06 0 3.10345e+07 0 3.43013e+07 3.10345e+07 1.63135e+07 2.96981e+06 0.00282946 -0.00224157 -0.0042977 0.00458579 0.0528527
70 87 1 0.611406 1.01765 0.00106339 0.00219501 8.68391e+06 3.45859e+07 1.64489e+07 2.99445e+06 0 3.1292e+07 0 3.45859e+07 3.1292e+07 1.64489e+07 2.99445e+06 0.00331332 -0.00183741 -0.00248692 0.00240787 0.0490638
61 87 2 0.408391 1.11009 0.000501031 0.00244455 7.83733e+07 3.12142e+08 1.48453e+08 2.70253e+07 0 2.82414e+08 0 3.12142e+08 2.82414e+08 1.48453e+08 2.70253e+07 0.00114302 0.00170466 0.00155093 0.000202802 0.0471467
87 88 0 0.897724 0.408123 0.00154568 0.000760245 8.2191e+07 3.27347e+08 1.55684e+08 2.83417e+07 0 2.96171e+08 0 3.27347e+08 2.96171e+08 1.55684e+08 2.83417e+07 0.000615919 -0.000347331 0.000568677 0.00158037 0.0660648
81 88 1 0.808811 0.614115 0.00142164 0.00128156 3.6229e+07 1.44291e+08 6.86242e+07 1.24928e+07 0 1.30549e+08 0 1.44291e+08 1.30549e+08 6.86242e+07 1.24928e+07 0.00164591 -0.0019986 -0.00105314 0.00288962 0.0591604
79 88 2 0.651767 0.422425 0.00110887 0.000996785 1.47407e+07 5.87086e+07 2.79215e+07 5.083e+06 0 5.31173e+07 0 5.87086e+07 5.31173e+07 2.79215e+07 5.083e+06 0.00397348 -0.00268432 -0.00127333 0.00310959 0.0682478
83 89 0 0.959613 0.805307 0.00163772 0.00149785 1.11869e+08 4.45547e+08 2.119e+08 3.85755e+07 0 4.03114e+08 0 4.45547e+08 4.03114e+08 2.119e+08 3.85755e+07 0.000283351 -0.000444142 0.000324803 0.000623219 0.0538296
82 89 1 1.20182 0.857787 0.00195383 0.00141382 3.14587e+07 1.25293e+08 5.95885e+07 1.08478e+07 0 1.1336e+08 0 1.25293e+08 1.1336e+08 5.95885e+07 1.08478e+07 0.00215603 -0.000926674 0.000463919 0.00250105 0.0539751
75 89 2 1.11522 0.991906 0.00170914 0.00178834 3.1547e+07 1.25644e+08 5.97556e+07 1.08783e+07 0 1.13678e+08 0 1.25644e+08 1.13678e+08 5.97556e+07 1.08783e+07 0.00197694 0.000253571 -0.00144417 0.00264923 0.0515324
76 90 0 0.861995 0.99966 0.00143104 0.00179827 1.17123e+08 4.66472e+08 2.21852e+08 4.03872e+07 0 4.22046e+08 0 4.66472e+08 4.22046e+08 2.21852e+08 4.03872e+07 0.000550879 -0.000530095 -0.00200933 0.000854616 0.0500111
66 90 1 0.918748 1.23292 0.00116407 0.00202989 7.14507e+07 2.84571e+08 1.3534e+08 2.46382e+07 0 2.57469e+08 0 2.84571e+08 2.57469e+08 1.3534e+08 2.46382e+07 0.00118406 4.80468e-05 -0.000701778 0.00124855 0.0476967
68 90 2 0.739193 1.15807 0.00103857 0.00216178 8.20402e+07 3.26746e+08 1.55399e+08 2.82897e+07 0 2.95627e+08 0 3.26746e+08 2.95627e+08 1.55399e+08 2.82897e+07 0.00101326 -0.00253382 -0.00180398 0.00109674 0.047359
60 91 0 0.568001 1.26166 0.000827581 0.00262529 9.55277e+07 3.80464e+08 1.80947e+08 3.29406e+07 0 3.44229e+08 0 3.80464e+08 3.44229e+08 1.80947e+08 3.29406e+07 0.00117896 -0.00194808 0.00135325 0.000445416 0.045598
50 91 1 0.334597 1.33297 0.00052326 0.00269806 2.40196e+07 9.56642e+07 4.54974e+07 8.28261e+06 0 8.65533e+07 0 9.56642e+07 8.65533e+07 4.54974e+07 8.28261e+06 0.00274179 0.00111263 0.000511871 0.00250574 0.0442731
61 91 2 0.408391 1.11009 0.000501031 0.00244455 7.83733e+07 3.12142e+08 1.48453e+08 2.70253e+07 0 2.82414e+08 0 3.12142e+08 2.82414e+08 1.48453e+08 2.70253e+07 0.00114302 0.00170466 0.00155093 0.000202802 0.0471467
56 92 0 0.0570614 0.661479 0.000137815 0.0012486 5.28424e+07 2.10458e+08 1.00093e+08 1.82215e+07 0 1.90415e+08 0 2.10458e+08 1.90415e+08 1.00093e+08 1.82215e+07 0.000947152 -0.00331295 -0.00129268 0.0021114 0.0595387
62 92 1 0.134339 0.418571 2.96339e-05 0.000681116 9.16523e+07 3.65029e+08 1.73606e+08 3.16043e+07 0 3.30264e+08 0 3.65029e+08 3.30264e+08 1.73606e+08 3.16043e+07 0.000725482 -0.00142837 0.00139341 0.00119773 0.0713435
65 92 2 0.298506 0.635181 0.000448428 0.000970534 5.71834e+07 2.27748e+08 1.08316e+08 1.97184e+07 0 2.06057e+08 0 2.27748e+08 2.06057e+08 1.08316e+08 1.97184e+07 0.00159706 0.0012611 0.00102879 0.000197817 0.0603273
48 93 0 -0.00240638 0.928291 -6.13389e-05 0.00177974 9.54792e+07 3.80271e+08 1.80855e+08 3.29239e+07 0 3.44054e+08 0 3.80271e+08 3.44054e+08 1.80855e+08 3.29239e+07 0.00059142 0.000418508 0.000352279 0.00114424 0.0507665
56 93 1 0.0570614 0.661479 0.000137815 0.0012486 5.28424e+07 2.10458e+08 1.00093e+08 1.82215e+07 0 1.90415e+08 0 2.10458e+08 1.90415e+08 1.00093e+08 1.82215e+07 0.000947152 -0.00331295 -0.00129268 0.0021114 0.0595387
58 93 2 0.197751 0.848589 0.000148392 0.00172432 6.03599e+06 2.40399e+07 1.14332e+07 2.08137e+06 0 2.17504e+07 0 2.40399e+07 2.17504e+07 1.14332e+07 2.08137e+06 0.00308832 -0.00163175 -0.00162857 0.00669151 0.0529713
47 94 0 -0.145173 0.738857 -0.000120792 0.00152348 7.97807e+07 3.17747e+08 1.51119e+08 2.75106e+07 0 2.87486e+08 0 3.17747e+08 2.87486e+08 1.51119e+08 2.75106e+07 -0.00103832 -0.00375418 -0.00100328 0.000815004 0.0565053
53 94 1 -0.133911 0.473448 -0.000301807 0.00088082 2.19985e+07 8.76146e+07 4.1669e+07 7.58568e+06 0 7.92703e+07 0 8.76146e+07 7.92703e+07 4.1669e+07 7.58568e+06 0.00293167 0.00277951 0.00244766 0.00398641 0.0682483
56 94 2 0.0570614 0.661479 0.000137815 0.0012486 5.28424e+07 2.10458e+08 1.00093e+08 1.82215e+07 0 1.90415e+08 0 2.10458e+08 1.90415e+08 1.00093e+08 1.82215e+07 0.000947152 -0.00331295 -0.00129268 0.0021114 0.0595387
43 95 0 -0.416042 0.489784 -0.000672742 0.000886486 1.48756e+08 5.9246e+08 2.81771e+08 5.12953e+07 0 5.36036e+08 0 5.9246e+08 5.36036e+08 2.81771e+08 5.12953e+07 0.000415891 -0.00107254 -0.000696412 0.000399334 0.0664263
45 95 1 -0.2819 0.616842 -0.000504566 0.00101568 2.17819e+06 8.67522e+06 4.12589e+06 751101 0 7.84901e+06 0 8.67522e+06 7.84901e+06 4.12589e+06 751101 0.00497414 0.00508777 0.00288349 0.00601403 0.0610455
37 95 2 -0.387175 0.793744 -0.000695687 0.00137305 2.57494e+06 1.02553e+07 4.87739e+06 887909 0 9.27865e+06 0 1.02553e+07 9.27865e+06 4.87739e+06 887909 0.00473318 0.00434524 0.000513583 0.00207455 0.0543782
43 96 0 -0.416042 0.489784 -0.000672742 0.000886486 1.48756e+08 5.9246e+08 2.81771e+08 5.12953e+07 0 5.36036e+08 0 5.9246e+08 5.36036e+08 2.81771e+08 5.12953e+07 0.000415891 -0.00107254 -0.000696412 0.000399334 0.0664263
44 96 1 -0.290744 0.247474 -0.000329257 0.000489709 6.82743e+07 2.7192e+08 1.29324e+08 2.35429e+07 0 2.46023e+08 0 2.7192e+08 2.46023e+08 1.29324e+08 2.35429e+07 0.00090236 -0.00141003 -0.00151262 0.00128722 0.0818633
53 96 2 -0.133911 0.473448 -0.000301807 0.00088082 2.19985e+07 8.76146e+07 4.1669e+07 7.58568e+06 0 7.92703e+07 0 8.76146e+07 7.92703e+07 4.1669e+07 7.58568e+06 0.00293167 0.00277951 0.00244766 0.00398641 0.0682483
58 97 0 0.197751 0.848589 0.000148392 0.00172432 6.03599e+06 2.40399e+07 1.14332e+07 2.08137e+06 0 2.17504e+07 0 2.40399e+07 2.17504e+07 1.14332e+07 2.08137e+06 0.00308832 -0.00163175 -0.00162857 0.00669151 0.0529713
59 97 1 0.296475 0.984623 0.000336901 0.00219874 8.04255e+07 3.20315e+08 1.5234e+08 2.77329e+07 0 2.89809e+08 0 3.20315e+08 2.89809e+08 1.5234e+08 2.77329e+07 0.000715941 0.00176079 -0.000592816 0.000624228 0.0494643
51 97 2 0.152935 1.12615 0.000223663 0.00222473 1.12051e+08 4.46271e+08 2.12244e+08 3.86382e+07 0 4.03769e+08 0 4.46271e+08 4.03769e+08 2.12244e+08 3.86382e+07 0.000431893 0.00179209 4.54912e-05 0.000829762 0.0466245
37 98 0 -0.387175 0.793744 -0.000695687 0.00137305 2.57494e+06 1.02553e+07 4.87739e+06 887909 0 9.27865e+06 0 1.02553e+07 9.27865e+06 4.87739e+06 887909 0.00473318 0.00434524 0.000513583 0.00207455 0.0543782
45 98 1 -0.2819 0.616842 -0.000504566 0.00101568 2.17819e+06 8.67522e+06 4.12589e+06 751101 0 7.84901e+06 0 8.67522e+06 7.84901e+06 4.12589e+06 751101 0.00497414 0.00508777 0.00288349 0.00601403 0.0610455
47 98 2 -0.145173 0.738857 -0.000120792 0.00152348 7.97807e+07 3.17747e+08 1.51119e+08 2.75106e+07 0 2.87486e+08 0 3.17747e+08 2.87486e+08 1.51119e+08 2.75106e+07 -0.00103832 -0.00375418 -0.00100328 0.000815004 0.0565053
65 99 0 0.298506 0.635181 0.000448428 0.000970534 5.71834e+07 2.27748e+08 1.08316e+08 1.97184e+07 0 2.06057e+08 0 2.27748e+08 2.06057e+08 1.08316e+08 1.97184e+07 0.00159706 0.0012611 0.00102879 0.000197817 0.0603273
69 99 1 0.448805 0.847777 0.000941563 0.00180564 8.61245e+06 3.43013e+07 1.63135e+07 2.96981e+06 0 3.10345e+07 0 3.43013e+07 3.10345e+07 1.63135e+07 2.96981e+06 0.00282946 -0.00224157 -0.0042977 0.00458579 0.0528527
58 99 2 0.197751 0.848589 0.000148392 0.00172432 6.03599e+06 2.40399e+07 1.14332e+07 2.08137e+06 0 2.17504e+07 0 2.40399e+07 2.17504e+07 1.14332e+07 2.08137e+06 0.00308832 -0.00163175 -0.00162857 0.00669151 0.0529713
63 100 0 0.300687 0.219831 3.81335e-05 0.00031384 1.08093e+08 4.30507e+08 2.04747e+08 3.72733e+07 0 3.89506e+08 0 4.30507e+08 3.89506e+08 2.04747e+08 3.72733e+07 0.000431438 -0.000258455 -0.000157794 0.00116425 0.0839119
71 100 1 0.402924 0.428586 0.000326197 0.00072912 4.73576e+07 1.88614e+08 8.97037e+07 1.63302e+07 0 1.70651e+08 0 1.88614e+08 1.70651e+08 8.97037e+07 1.63302e+07 0.00137301 0.00166917 0.0015525 0.00193088 0.0698081
62 100 2 0.134339 0.418571 2.96339e-05 0.000681116 9.16523e+07 3.65029e+08 1.73606e+08 3.16043e+07 0 3.30264e+08 0 3.65029e+08 3.30264e+08 1.73606e+08 3.16043e+07 0.000725482 -0.00142837 0.00139341 0.00119773 0.0713435
52 101 0 -0.0731605 0.233861 -0.000167209 0.0004396 9.52694e+07 3.79435e+08 1.80457e+08 3.28515e+07 0 3.43299e+08 0 3.79435e+08 3.43299e+08 1.80457e+08 3.28515e+07 0.000550144 0.000935228 -0.000485973 0.00110434 0.083602
54 101 1 0.110842 0.189882 -4.5868e-05 0.000371383 7.48377e+07 2.98061e+08 1.41756e+08 2.58061e+07 0 2.69674e+08 0 2.98061e+08 2.69674e+08 1.41756e+08 2.58061e+07 0.000551245 -0.000788111 -0.000461737 0.00162721 0.0869274
62 101 2 0.134339 0.418571 2.96339e-05 0.000681116 9.16523e+07 3.65029e+08 1.73606e+08 3.16043e+07 0 3.30264e+08 0 3.65029e+08 3.30264e+08 1.73606e+08 3.16043e+07 0.000725482 -0.00142837 0.00139341 0.00119773 0.0713435
55 102 0 0.2 9.32253e-24 -6.14277e-28 3.77203e-26 8.42303e+07 3.35469e+08 1.59547e+08 2.90449e+07 0 3.0352e+08 0 3.35469e+08 3.0352e+08 1.59547e+08 2.90449e+07 2.94963e-05 -1.28431e-05 5.37953e-05 0.00182187 0.103518
64 102 1 0.4 9.57173e-24 2.92234e-27 3.42445e-26 1.00342e+08 3.99638e+08 1.90066e+08 3.46007e+07 0 3.61577e+08 0 3.99638e+08 3.61577e+08 1.90066e+08 3.46007e+07 -8.93322e-05 -0.000684899 0.000443374 0.00122558 0.102252
63 102 2 0.300687 0.219831 3.81335e-05 0.00031384 1.08093e+08 4.30507e+08 2.04747e+08 3.72733e+07 0 3.89506e+08 0 4.30507e+08 3.89506e+08 2.04747e+08 3.72733e+07 0.000431438 -0.000258455 -0.000157794 0.00116425 0.0839119
64 103 0 0.4 9.57173e-24 2.92234e-27 3.42445e-26 1.00342e+08 3.99638e+08 1.90066e+08 3.46007e+07 0 3.61577e+08 0 3.99638e+08 3.61577e+08 1.90066e+08 3.46007e+07 -8.93322e-05 -0.000684899 0.000443374 0.00122558 0.102252
73 103 1 0.6 9.39515e-24 3.09462e-27 2.65875e-26 6.34622e+07 2.52755e+08 1.20209e+08 2.18835e+07 0 2.28683e+08 0 2.52755e+08 2.28683e+08 1.20209e+08 2.18835e+07 0.000123006 0.000572579 0.00389385 0.00143993 0.0997481
72 103 2 0.517095 0.217678 0.00031234 0.000329673 2.95716e+06 1.17777e+07 5.6014e+06 1.01971e+06 0 1.0656e+07 0 1.17777e+07 1.0656e+07 5.6014e+06 1.01971e+06 0.00565983 0.000980447 0.00271772 0.00452761 0.0822803
60 104 0 0.568001 1.26166 0.000827581 0.00262529 9.55277e+07 3.80464e+08 1.80947e+08 3.29406e+07 0 3.44229e+08 0 3.80464e+08 3.44229e+08 1.80947e+08 3.29406e+07 0.00117896 -0.00194808 0.00135325 0.000445416 0.045598
57 104 1 0.808657 1.33975 0.001079 0.00223608 8.85385e+07 3.52627e+08 1.67708e+08 3.05305e+07 0 3.19044e+08 0 3.52627e+08 3.19044e+08 1.67708e+08 3.05305e+07 0.000940441 -0.0022108 0.00023943 0.00119563 0.0462506
49 104 2 0.552159 1.49294 0.00084163 0.00283435 1.19853e+08 4.77346e+08 2.27023e+08 4.13287e+07 0 4.31885e+08 0 4.77346e+08 4.31885e+08 2.27023e+08 4.13287e+07 0.000587789 -0.00183163 -0.000323066 0.000519038 0.0441926
50 105 0 0.334597 1.33297 0.00052326 0.00269806 2.40196e+07 9.56642e+07 4.54974e+07 8.28261e+06 0 8.65533e+07 0 9.56642e+07 8.65533e+07 4.54974e+07 8.28261e+06 0.00274179 0.00111263 0.000511871 0.00250574 0.0442731
60 105 1 0.568001 1.26166 0.000827581 0.00262529 9.55277e+07 3.80464e+08 1.80947e+08 3.29406e+07 0 3.44229e+08 0 3.80464e+08 3.44229e+08 1.80947e+08 3.29406e+07 0.00117896 -0.00194808 0.00135325 0.000445416 0.045598
49 105 2 0.552159 1.49294 0.00084163 0.00283435 1.19853e+08 4.77346e+08 2.27023e+08 4.13287e+07 0 4.31885e+08 0 4.77346e+08 4.31885e+08 2.27023e+08 4.13287e+07 0.000587789 -0.00183163 -0.000323066 0.000519038 0.0441926
61 106 0 0.408391 1.11009 0.000501031 0.00244455 7.83733e+07 3.12142e+08 1.48453e+08 2.70253e+07 0 2.82414e+08 0 3.12142e+08 2.82414e+08 1.48453e+08 2.70253e+07 0.00114302 0.00170466 0.00155093 0.000202802 0.0471467
70 106 1 0.611406 1.01765 0.00106339 0.00219501 8.68391e+06 3.45859e+07 1.64489e+07 2.99445e+06 0 3.1292e+07 0 3.45859e+07 3.1292e+07 1.64489e+07 2.99445e+06 0.00331332 -0.00183741 -0.00248692 0.00240787 0.0490638
60 106 2 0.568001 1.26166 0.000827581 0.00262529 9.55277e+07 3.80464e+08 1.80947e+08 3.29406e+07 0 3.44229e+08 0 3.80464e+08 3.44229e+08 1.80947e+08 3.29406e+07 0.00117896 -0.00194808 0.00135325 0.000445416 0.045598
50 107 0 0.334597 1.33297 0.00052326 0.00269806 2.40196e+07 9.56642e+07 4.54974e+07 8.28261e+06 0 8.65533e+07 0 9.56642e+07 8.65533e+07 4.54974e+07 8.28261e+06 0.00274179 0.00111263 0.000511871 0.00250574 0.0442731
49 107 1 0.552159 1.49294 0.00084163 0.00283435 1.19853e+08 4.77346e+08 2.27023e+08 4.13287e+07 0 4.31885e+08 0 4.77346e+08 4.31885e+08 2.27023e+08 4.13287e+07 0.000587789 -0.00183163 -0.000323066 0.000519038 0.0441926
39 107 2 0.286165 1.58174 0.00056663 0.00310878 6.15876e+07 2.45289e+08 1.16658e+08 2.12371e+07 0 2.21928e+08 0 2.45289e+08 2.21928e+08 1.16658e+08 2.12371e+07 0.00165163 0.00124697 0.000692118 0.00125564 0.0430529
29 108 0 0.00299747 1.61775 -4.945e-05 0.0031844 5.88437e+06 2.3436e+07 1.1146e+07 2.02909e+06 0 2.1204e+07 0 2.3436e+07 2.1204e+07 1.1146e+07 2.02909e+06 0.0026877 0.00142287 -9.87063e-05 0.00523646 0.0426142
40 108 1 0.0878278 1.37504 4.42432e-05 0.00250377 5.35041e+07 2.13094e+08 1.01346e+08 1.84497e+07 0 1.92799e+08 0 2.13094e+08 1.92799e+08 1.01346e+08 1.84497e+07 0.00139164 -0.000216968 -0.00101022 0.00182452 0.0435618
39 108 2 0.286165 1.58174 0.00056663 0.00310878 6.15876e+07 2.45289e+08 1.16658e+08 2.12371e+07 0 2.21928e+08 0 2.45289e+08 2.21928e+08 1.16658e+08 2.12371e+07 0.00165163 0.00124697 0.000692118 0.00125564 0.0430529
51 109 0 0.152935 1.12615 0.000223663 0.00222473 1.12051e+08 4.46271e+08 2.12244e+08 3.86382e+07 0 4.03769e+08 0 4.46271e+08 4.03769e+08 2.12244e+08 3.86382e+07 0.000431893 0.00179209 4.54912e-05 0.000829762 0.0466245
59 109 1 0.296475 0.984623 0.000336901 0.00219874 8.04255e+07 3.20315e+08 1.5234e+08 2.77329e+07 0 2.89809e+08 0 3.20315e+08 2.89809e+08 1.5234e+08 2.77329e+07 0.000715941 0.00176079 -0.000592816 0.000624228 0.0494643
61 109 2 0.408391 1.11009 0.000501031 0.00244455 7.83733e+07 3.12142e+08 1.48453e+08 2.70253e+07 0 2.82414e+08 0 3.12142e+08 2.82414e+08 1.48453e+08 2.70253e+07 0.00114302 0.00170466 0.00155093 0.000202802 0.0471467
48 110 0 -0.00240638 0.928291 -6.13389e-05 0.00177974 9.54792e+07 3.80271e+08 1.80855e+08 3.29239e+07 0 3.44054e+08 0 3.80271e+08 3.44054e+08 1.80855e+08 3.29239e+07 0.00059142 0.000418508 0.000352279 0.00114424 0.0507665
38 110 1 -0.210662 0.949968 -0.000241911 0.00186261 1.04196e+08 4.14989e+08 1.97367e+08 3.59298e+07 0 3.75466e+08 0 4.14989e+08 3.75466e+08 1.97367e+08 3.59298e+07 0.000990984 -0.000809717 0.000257753 0.000430868 0.0501743
47 110 2 -0.145173 0.738857 -0.000120792 0.00152348 7.97807e+07 3.17747e+08 1.51119e+08 2.75106e+07 0 2.87486e+08 0 3.17747e+08 2.87486e+08 1.51119e+08 2.75106e+07 -0.00103832 -0.00375418 -0.00100328 0.000815004 0.0565053
51 111 0 0.152935 1.12615 0.000223663 0.00222473 1.12051e+08 4.46271e+08 2.12244e+08 3.86382e+07 0 4.03769e+08 0 4.46271e+08 4.03769e+08 2.12244e+08 3.86382e+07 0.000431893 0.00179209 4.54912e-05 0.000829762 0.0466245
48 111 1 -0.00240638 0.928291 -6.13389e-05 0.00177974 9.54792e+07 3.80271e+08 1.80855e+08 3.29239e+07 0 3.44054e+08 0 3.80271e+08 3.44054e+08 1.80855e+08 3.29239e+07 0.00059142 0.000418508 0.000352279 0.00114424 0.0507665
58 111 2 0.197751 0.848589 0.000148392 0.00172432 6.03599e+06 2.40399e+07 1.14332e+07 2.08137e+06 0 2.17504e+07 0 2.40399e+07 2.17504e+07 1.14332e+07 2.08137e+06 0.00308832 -0.00163175 -0.00162857 0.00669151 0.0529713
51 112 0 0.152935 1.12615 0.000223663 0.00222473 1.12051e+08 4.46271e+08 2.12244e+08 3.86382e+07 0 4.03769e+08 0 4.46271e+08 4.03769e+08 2.12244e+08 3.86382e+07 0.000431893 0.00179209 4.54912e-05 0.000829762 0.0466245
41 112 1 -0.117184 1.17524 -0.000120071 0.00215218 2.65411e+07 1.05707e+08 5.02736e+07 9.1521e+06 0 9.56395e+07 0 1.05707e+08 9.56395e+07 5.02736e+07 9.1521e+06 0.00174284 -0.000914408 -0.000310443 0.00285538 0.0457788
48 112 2 -0.00240638 0.928291 -6.13389e-05 0.00177974 9.54792e+07 3.80271e+08 1.80855e+08 3.29239e+07 0 3.44054e+08 0 3.80271e+08 3.44054e+08 1.80855e+08 3.29239e+07 0.00059142 0.000418508 0.000352279 0.00114424 0.0507665
61 113 0 0.408391 1.11009 0.000501031 0.00244455 7.83733e+07 3.12142e+08 1.48453e+08 2.70253e+07 0 2.82414e+08 0 3.12142e+08 2.82414e+08 1.48453e+08 2.70253e+07 0.00114302 0.00170466 0.00155093 0.000202802 0.0471467
50 113 1 0.334597 1.33297 0.00052326 0.00269806 2.40196e+07 9.56642e+07 4.54974e+07 8.28261e+06 0 8.65533e+07 0 9.56642e+07 8.65533e+07 4.54974e+07 8.28261e+06 0.00274179 0.00111263 0.000511871 0.00250574 0.0442731
51 113 2 0.152935 1.12615 0.000223663 0.00222473 1.12051e+08 4.46271e+08 2.12244e+08 3.86382e+07 0 4.03769e+08 0 4.46271e+08 4.03769e+08 2.12244e+08 3.86382e+07 0.000431893 0.00179209 4.54912e-05 0.000829762 0.0466245
69 114 0 0.448805 0.847777 0.000941563 0.00180564 8.61245e+06 3.43013e+07 1.63135e+07 2.96981e+06 0 3.10345e+07 0 3.43013e+07 3.10345e+07 1.63135e+07 2.96981e+06 0.00282946 -0.00224157 -0.0042977 0.00458579 0.0528527
61 114 1 0.408391 1.11009 0.000501031 0.00244455 7.83733e+07 3.12142e+08 1.48453e+08 2.70253e+07 0 2.82414e+08 0 3.12142e+08 2.82414e+08 1.48453e+08 2.70253e+07 0.00114302 0.00170466 0.00155093 0.000202802 0.0471467
59 114 2 0.296475 0.984623 0.000336901 0.00219874 8.04255e+07 3.20315e+08 1.5234e+08 2.77329e+07 0 2.89809e+08 0 3.20315e+08 2.89809e+08 1.5234e+08 2.77329e+07 0.000715941 0.00176079 -0.000592816 0.000624228 0.0494643
70 115 0 0.611406 1.01765 0.00106339 0.00219501 8.68391e+06 3.45859e+07 1.64489e+07 2.99445e+06 0 3.1292e+07 0 3.45859e+07 3.1292e+07 1.64489e+07 2.99445e+06 0.00331332 -0.00183741 -0.00248692 0.00240787 0.0490638
68 115 1 0.739193 1.15807 0.00103857 0.00216178 8.20402e+07 3.26746e+08 1.55399e+08 2.82897e+07 0 2.95627e+08 0 3.26746e+08 2.95627e+08 1.55399e+08 2.82897e+07 0.00101326 -0.00253382 -0.00180398 0.00109674 0.047359
60 115 2 0.568001 1.26166 0.000827581 0.00262529 9.55277e+07 3.80464e+08 1.80947e+08 3.29406e+07 0 3.44229e+08 0 3.80464e+08 3.44229e+08 1.80947e+08 3.29406e+07 0.00117896 -0.00194808 0.00135325 0.000445416 0.045598
41 116 0 -0.117184 1.17524 -0.000120071 0.00215218 2.65411e+07 1.05707e+08 5.02736e+07 9.1521e+06 0 9.56395e+07 0 1.05707e+08 9.56395e+07 5.02736e+07 9.1521e+06 0.00174284 -0.000914408 -0.000310443 0.00285538 0.0457788
32 116 1 -0.359694 1.31948 -0.000429713 0.0022442 1.6062e+08 6.39711e+08 3.04243e+08 5.53862e+07 0 5.78786e+08 0 6.39711e+08 5.78786e+08 3.04243e+08 5.53862e+07 0.000521897 0.00102791 0.000406122 0.000481069 0.0443188
31 116 2 -0.375523 1.07565 -0.000510823 0.00200196 5.15244e+07 2.05209e+08 9.75965e+07 1.7767e+07 0 1.85666e+08 0 2.05209e+08 1.85666e+08 9.75965e+07 1.7767e+07 0.00175994 0.000463036 -0.000928549 0.00133196 0.0475729
40 117 0 0.0878278 1.37504 4.42432e-05 0.00250377 5.35041e+07 2.13094e+08 1.01346e+08 1.84497e+07 0 1.92799e+08 0 2.13094e+08 1.92799e+08 1.01346e+08 1.84497e+07 0.00139164 -0.000216968 -0.00101022 0.00182452 0.0435618
30 117 1 -0.152385 1.41816 -0.000262907 0.0025103 1.05552e+08 4.20387e+08 1.99934e+08 3.63971e+07 0 3.8035e+08 0 4.20387e+08 3.8035e+08 1.99934e+08 3.63971e+07 0.00104546 0.000961129 -0.000318133 0.000733314 0.0432735
41 117 2 -0.117184 1.17524 -0.000120071 0.00215218 2.65411e+07 1.05707e+08 5.02736e+07 9.1521e+06 0 9.56395e+07 0 1.05707e+08 9.56395e+07 5.02736e+07 9.1521e+06 0.00174284 -0.000914408 -0.000310443 0.00285538 0.0457788
50 118 0 0.334597 1.33297 0.00052326 0.00269806 2.40196e+07 9.56642e+07 4.54974e+07 8.28261e+06 0 8.65533e+07 0 9.56642e+07 8.65533e+07 4.54974e+07 8.28261e+06 0.00274179 0.00111263 0.000511871 0.00250574 0.0442731
40 118 1 0.0878278 1.37504 4.42432e-05 0.00250377 5.35041e+07 2.13094e+08 1.01346e+08 1.84497e+07 0 1.92799e+08 0 2.13094e+08 1.92799e+08 1.01346e+08 1.84497e+07 0.00139164 -0.000216968 -0.00101022 0.00182452 0.0435618
51 118 2 0.152935 1.12615 0.000223663 0.00222473 1.12051e+08 4.46271e+08 2.12244e+08 3.86382e+07 0 4.03769e+08 0 4.46271e+08 4.03769e+08 2.12244e+08 3.86382e+07 0.000431893 0.00179209 4.54912e-05 0.000829762 0.0466245
50 119 0 0.334597 1.33297 0.00052326 0.00269806 2.40196e+07 9.56642e+07 4.54974e+07 8.28261e+06 0 8.65533e+07 0 9.56642e+07 8.65533e+07 4.54974e+07 8.28261e+06 0.00274179 0.00111263 0.000511871 0.00250574 0.0442731
39 119 1 0.286165 1.58174 0.00056663 0.00310878 6.15876e+07 2.45289e+08 1.16658e+08 2.12371e+07 0 2.21928e+08 0 2.45289e+08 2.21928e+08 1.16658e+08 2.12371e+07 0.00165163 0.00124697 0.000692118 0.00125564 0.0430529
40 119 2 0.0878278 1.37504 4.42432e-05 0.00250377 5.35041e+07 2.13094e+08 1.01346e+08 1.84497e+07 0 1.92799e+08 0 2.13094e+08 1.92799e+08 1.01346e+08 1.84497e+07 0.00139164 -0.000216968 -0.00101022 0.00182452 0.0435618
29 120 0 0.00299747 1.61775 -4.945e-05 0.0031844 5.88437e+06 2.3436e+07 1.1146e+07 2.02909e+06 0 2.1204e+07 0 2.3436e+07 2.1204e+07 1.1146e+07 2.02909e+06 0.0026877 0.00142287 -9.87063e-05 0.00523646 0.0426142
19 120 1 -0.189737 1.60064 -0.000594297 0.00279911 1.3447e+07 5.3556e+07 2.5471e+07 4.63689e+06 0 4.84555e+07 0 5.3556e+07 4.84555e+07 2.5471e+07 4.63689e+06 0.0011458 0.00219567 -0.00351162 0.00377901 0.042751
30 120 2 -0.152385 1.41816 -0.000262907 0.0025103 1.05552e+08 4.20387e+08 1.99934e+08 3.63971e+07 0 3.8035e+08 0 4.20387e+08 3.8035e+08 1.99934e+08 3.63971e+07 0.00104546 0.000961129 -0.000318133 0.000733314 0.0432735
40 121 0 0.0878278 1.37504 4.42432e-05 0.00250377 5.35041e+07 2.13094e+08 1.01346e+08 1.84497e+07 0 1.92799e+08 0 2.13094e+08 1.92799e+08 1.01346e+08 1.84497e+07 0.00139164 -0.000216968 -0.00101022 0.00182452 0.0435618
29 121 1 0.00299747 1.61775 -4.945e-05 0.0031844 5.88437e+06 2.3436e+07 1.1146e+07 2.02909e+06 0 2.1204e+07 0 2.3436e+07 2.1204e+07 1.1146e+07 2.02909e+06 0.0026877 0.00142287 -9.87063e-05 0.00523646 0.0426142
30 121 2 -0.152385 1.41816 -0.000262907 0.0025103 1.05552e+08 4.20387e+08 1.99934e+08 3.63971e+07 0 3.8035e+08 0 4.20387e+08 3.8035e+08 1.99934e+08 3.63971e+07 0.00104546 0.000961129 -0.000318133 0.000733314 0.0432735
41 122 0 -0.117184 1.17524 -0.000120071 0.00215218 2.65411e+07 1.05707e+08 5.02736e+07 9.1521e+06 0 9.56395e+07 0 1.05707e+08 9.56395e+07 5.02736e+07 9.1521e+06 0.00174284 -0.000914408 -0.000310443 0.00285538 0.0457788
51 122 1 0.152935 1.12615 0.000223663 0.00222473 1.12051e+08 4.46271e+08 2.12244e+08 3.86382e+07 0 4.03769e+08 0 4.46271e+08 4.03769e+08 2.12244e+08 3.86382e+07 0.000431893 0.00179209 4.54912e-05 0.000829762 0.0466245
40 122 2 0.0878278 1.37504 4.42432e-05 0.00250377 5.35041e+07 2.13094e+08 1.01346e+08 1.84497e+07 0 1.92799e+08 0 2.13094e+08 1.92799e+08 1.01346e+08 1.84497e+07 0.00139164 -0.000216968 -0.00101022 0.00182452 0.0435618
32 123 0 -0.359694 1.31948 -0.000429713 0.0022442 1.6062e+08 6.39711e+08 3.04243e+08 5.53862e+07 0 5.78786e+08 0 6.39711e+08 5.78786e+08 3.04243e+08 5.53862e+07 0.000521897 0.00102791 0.000406122 0.000481069 0.0443188
41 123 1 -0.117184 1.17524 -0.000120071 0.00215218 2.65411e+07 1.05707e+08 5.02736e+07 9.1521e+06 0 9.56395e+07 0 1.05707e+08 9.56395e+07 5.02736e+07 9.1521e+06 0.00174284 -0.000914408 -0.000310443 0.00285538 0.0457788
30 123 2 -0.152385 1.41816 -0.000262907 0.0025103 1.05552e+08 4.20387e+08 1.99934e+08 3.63971e+07 0 3.8035e+08 0 4.20387e+08 3.8035e+08 1.99934e+08 3.63971e+07 0.00104546 0.000961129 -0.000318133 0.000733314 0.0432735
38 124 0 -0.210662 0.949968 -0.000241911 0.00186261 1.04196e+08 4.14989e+08 1.97367e+08 3.59298e+07 0 3.75466e+08 0 4.14989e+08 3.75466e+08 1.97367e+08 3.59298e+07 0.000990984 -0.000809717 0.000257753 0.000430868 0.0501743
48 124 1 -0.00240638 0.928291 -6.13389e-05 0.00177974 9.54792e+07 3.80271e+08 1.80855e+08 3.29239e+07 0 3.44054e+08 0 3.80271e+08 3.44054e+08 1.80855e+08 3.29239e+07 0.00059142 0.000418508 0.000352279 0.00114424 0.0507665
41 124 2 -0.117184 1.17524 -0.000120071 0.00215218 2.65411e+07 1.05707e+08 5.02736e+07 9.1521e+06 0 9.56395e+07 0 1.05707e+08 9.56395e+07 5.02736e+07 9.1521e+06 0.00174284 -0.000914408 -0.000310443 0.00285538 0.0457788
30 125 0 -0.152385 1.41816 -0.000262907 0.0025103 1.05552e+08 4.20387e+08 1.99934e+08 3.63971e+07 0 3.8035e+08 0 4.20387e+08 3.8035e+08 1.99934e+08 3.63971e+07 0.00104546 0.000961129 -0.000318133 0.000733314 0.0432735
19 125 1 -0.189737 1.60064 -0.000594297 0.00279911 1.3447e+07 5.3556e+07 2.5471e+07 4.63689e+06 0 4.84555e+07 0 5.3556e+07 4.84555e+07 2.5471e+07 4.63689e+06 0.0011458 0.00219567 -0.00351162 0.00377901 0.042751
21 125 2 -0.379507 1.56288 -0.00060475 0.0023967 1.10895e+08 4.41669e+08 2.10056e+08 3.82397e+07 0 3.99605e+08 0 4.41669e+08 3.99605e+08 2.10056e+08 3.82397e+07 0.00064753 0.00110914 -0.0017492 0.00094597 0.0432146
44 126 0 -0.290744 0.247474 -0.000329257 0.000489709 6.82743e+07 2.7192e+08 1.29324e+08 2.35429e+07 0 2.46023e+08 0 2.7192e+08 2.46023e+08 1.29324e+08 2.35429e+07 0.00090236 -0.00141003 -0.00151262 0.00128722 0.0818633
43 126 1 -0.416042 0.489784 -0.000672742 0.000886486 1.48756e+08 5.9246e+08 2.81771e+08 5.12953e+07 0 5.36036e+08 0 5.9246e+08 5.36036e+08 2.81771e+08 5.12953e+07 0.000415891 -0.00107254 -0.000696412 0.000399334 0.0664263
36 126 2 -0.511286 0.237603 -0.000577776 0.000624654 4.22024e+07 1.68082e+08 7.99389e+07 1.45525e+07 0 1.52074e+08 0 1.68082e+08 1.52074e+08 7.99389e+07 1.45525e+07 0.00137653 0.000903058 -0.00073371 0.00174121 0.0808474
42 127 0 -0.2 9.42796e-24 -2.31884e-27 3.71653e-26 7.75648e+07 3.08922e+08 1.46922e+08 2.67465e+07 0 2.79501e+08 0 3.08922e+08 2.79501e+08 1.46922e+08 2.67465e+07 -9.592e-26 -5.86152e-25 -0.00133653 0.00191455 0.103489
44 127 1 -0.290744 0.247474 -0.000329257 0.000489709 6.82743e+07 2.7192e+08 1.29324e+08 2.35429e+07 0 2.46023e+08 0 2.7192e+08 2.46023e+08 1.29324e+08 2.35429e+07 0.00090236 -0.00141003 -0.00151262 0.00128722 0.0818633
35 127 2 -0.4 9.38245e-24 -7.42815e-29 2.69289e-26 2.114e+07 8.41957e+07 4.0043e+07 7.28967e+06 0 7.6177e+07 0 8.41957e+07 7.6177e+07 4.0043e+07 7.28967e+06 7.43093e-26 6.87225e-25 -0.00233303 0.00376002 0.102199
52 128 0 -0.0731605 0.233861 -0.000167209 0.0004396 9.52694e+07 3.79435e+08 1.80457e+08 3.28515e+07 0 3.43299e+08 0 3.79435e+08 3.43299e+08 1.80457e+08 3.28515e+07 0.000550144 0.000935228 -0.000485973 0.00110434 0.083602
53 128 1 -0.133911 0.473448 -0.000301807 0.00088082 2.19985e+07 8.76146e+07 4.1669e+07 7.58568e+06 0 7.92703e+07 0 8.76146e+07 7.92703e+07 4.1669e+07 7.58568e+06 0.00293167 0.00277951 0.00244766 0.00398641 0.0682483
44 128 2 -0.290744 0.247474 -0.000329257 0.000489709 6.82743e+07 2.7192e+08 1.29324e+08 2.35429e+07 0 2.46023e+08 0 2.7192e+08 2.46023e+08 1.29324e+08 2.35429e+07 0.00090236 -0.00141003 -0.00151262 0.00128722 0.0818633
64 129 0 0.4 9.57173e-24 2.92234e-27 3.42445e-26 1.00342e+08 3.99638e+08 1.90066e+08 3.46007e+07 0 3.61577e+08 0 3.99638e+08 3.61577e+08 1.90066e+08 3.46007e+07 -8.93322e-05 -0.000684899 0.000443374 0.00122558 0.102252
72 129 1 0.517095 0.217678 0.00031234 0.000329673 2.95716e+06 1.17777e+07 5.6014e+06 1.01971e+06 0 1.0656e+07 0 1.17777e+07 1.0656e+07 5.6014e+06 1.01971e+06 0.00565983 0.000980447 0.00271772 0.00452761 0.0822803
63 129 2 0.300687 0.219831 3.81335e-05 0.00031384 1.08093e+08 4.30507e+08 2.04747e+08 3.72733e+07 0 3.89506e+08 0 4.30507e+08 3.89506e+08 2.04747e+08 3.72733e+07 0.000431438 -0.000258455 -0.000157794 0.00116425 0.0839119
47 130 0 -0.145173 0.738857 -0.000120792 0.00152348 7.97807e+07 3.17747e+08 1.51119e+08 2.75106e+07 0 2.87486e+08 0 3.17747e+08 2.87486e+08 1.51119e+08 2.75106e+07 -0.00103832 -0.00375418 -0.00100328 0.000815004 0.0565053
56 130 1 0.0570614 0.661479 0.000137815 0.0012486 5.28424e+07 2.10458e+08 1.00093e+08 1.82215e+07 0 1.90415e+08 0 2.10458e+08 1.90415e+08 1.00093e+08 1.82215e+07 0.000947152 -0.00331295 -0.00129268 0.0021114 0.0595387
48 130 2 -0.00240638 0.928291 -6.13389e-05 0.00177974 9.54792e+07 3.80271e+08 1.80855e+08 3.29239e+07 0 3.44054e+08 0 3.80271e+08 3.44054e+08 1.80855e+08 3.29239e+07 0.00059142 0.000418508 0.000352279 0.00114424 0.0507665
37 131 0 -0.387175 0.793744 -0.000695687 0.00137305 2.57494e+06 1.02553e+07 4.87739e+06 887909 0 9.27865e+06 0 1.02553e+07 9.27865e+06 4.87739e+06 887909 0.00473318 0.00434524 0.000513583 0.00207455 0.0543782
47 131 1 -0.145173 0.738857 -0.000120792 0.00152348 7.97807e+07 3.17747e+08 1.51119e+08 2.75106e+07 0 2.87486e+08 0 3.17747e+08 2.87486e+08 1.51119e+08 2.75106e+07 -0.00103832 -0.00375418 -0.00100328 0.000815004 0.0565053
38 131 2 -0.210662 0.949968 -0.000241911 0.00186261 1.04196e+08 4.14989e+08 1.97367e+08 3.59298e+07 0 3.75466e+08 0 4.14989e+08 3.75466e+08 1.97367e+08 3.59298e+07 0.000990984 -0.000809717 0.000257753 0.000430868 0.0501743
45 132 0 -0.2819 0.616842 -0.000504566 0.00101568 2.17819e+06 8.67522e+06 4.12589e+06 751101 0 7.84901e+06 0 8.67522e+06 7.84901e+06 4.12589e+06 751101 0.00497414 0.00508777 0.00288349 0.00601403 0.0610455
53 132 1 -0.133911 0.473448 -0.000301807 0.00088082 2.19985e+07 8.76146e+07 4.1669e+07 7.58568e+06 0 7.92703e+07 0 8.76146e+07 7.92703e+07 4.1669e+07 7.58568e+06 0.00293167 0.00277951 0.00244766 0.00398641 0.0682483
47 132 2 -0.145173 0.738857 -0.000120792 0.00152348 7.97807e+07 3.17747e+08 1.51119e+08 2.75106e+07 0 2.87486e+08 0 3.17747e+08 2.87486e+08 1.51119e+08 2.75106e+07 -0.00103832 -0.00375418 -0.00100328 0.000815004 0.0565053
80 133 0 0.738243 0.212195 0.000912459 0.000396668 6.08213e+07 2.42236e+08 1.15206e+08 2.09729e+07 0 2.19166e+08 0 2.42236e+08 2.19166e+08 1.15206e+08 2.09729e+07 0.000925831 0.000787992 0.00464016 0.00177227 0.0793276
72 133 1 0.517095 0.217678 0.00031234 0.000329673 2.95716e+06 1.17777e+07 5.6014e+06 1.01971e+06 0 1.0656e+07 0 1.17777e+07 1.0656e+07 5.6014e+06 1.01971e+06 0.00565983 0.000980447 0.00271772 0.00452761 0.0822803
73 133 2 0.6 9.39515e-24 3.09462e-27 2.65875e-26 6.34622e+07 2.52755e+08 1.20209e+08 2.18835e+07 0 2.28683e+08 0 2.52755e+08 2.28683e+08 1.20209e+08 2.18835e+07 0.000123006 0.000572579 0.00389385 0.00143993 0.0997481
80 134 0 0.738243 0.212195 0.000912459 0.000396668 6.08213e+07 2.42236e+08 1.15206e+08 2.09729e+07 0 2.19166e+08 0 2.42236e+08 2.19166e+08 1.15206e+08 2.09729e+07 0.000925831 0.000787992 0.00464016 0.00177227 0.0793276
79 134 1 0.651767 0.422425 0.00110887 0.000996785 1.47407e+07 5.87086e+07 2.79215e+07 5.083e+06 0 5.31173e+07 0 5.87086e+07 5.31173e+07 2.79215e+07 5.083e+06 0.00397348 -0.00268432 -0.00127333 0.00310959 0.0682478
72 134 2 0.517095 0.217678 0.00031234 0.000329673 2.95716e+06 1.17777e+07 5.6014e+06 1.01971e+06 0 1.0656e+07 0 1.17777e+07 1.0656e+07 5.6014e+06 1.01971e+06 0.00565983 0.000980447 0.00271772 0.00452761 0.0822803
85 135 0 1 4.70609e-24 8.49016e-27 2.44686e-26 1.69569e+08 6.75351e+08 3.21193e+08 5.84719e+07 0 6.11031e+08 0 6.75351e+08 6.11031e+08 3.21193e+08 5.84719e+07 0.000767257 -0.00320719 0.00725707 -0.000187651 0.0846432
86 135 1 0.959057 0.19329 0.00106437 0.000266712 4.41066e+07 1.75666e+08 8.35459e+07 1.52092e+07 0 1.58936e+08 0 1.75666e+08 1.58936e+08 8.35459e+07 1.52092e+07 0.0010563 -0.00210212 0.00414239 0.00182274 0.0748664
78 135 2 0.8 9.49514e-24 3.80897e-27 3.6868e-26 7.23221e+07 2.88041e+08 1.36991e+08 2.49386e+07 0 2.60609e+08 0 2.88041e+08 2.60609e+08 1.36991e+08 2.49386e+07 3.32064e-25 8.66634e-25 0.00559651 0.00184021 0.0951848
91 136 0 1.13379 0.356939 0.00174423 0.000263192 5.86047e+07 2.33408e+08 1.11008e+08 2.02085e+07 0 2.11179e+08 0 2.33408e+08 2.11179e+08 1.11008e+08 2.02085e+07 0.000953279 -0.000531821 0.00115565 0.00214504 0.0646958
90 136 1 1.17189 0.0937444 0.00080314 -0.00034991 5.30538e+07 2.113e+08 1.00493e+08 1.82944e+07 0 1.91177e+08 0 2.113e+08 1.91177e+08 1.00493e+08 1.82944e+07 0.00128564 -0.00188033 0.00611332 0.00205118 0.0709723
93 136 2 1.32169 0.216674 0.00172452 -0.000626651 2.66759e+07 1.06243e+08 5.05289e+07 9.19857e+06 0 9.6125e+07 0 1.06243e+08 9.6125e+07 5.05289e+07 9.19857e+06 0.00256986 -0.00498582 0.00384515 0.00315124 0.0657814
80 137 0 0.738243 0.212195 0.000912459 0.000396668 6.08213e+07 2.42236e+08 1.15206e+08 2.09729e+07 0 2.19166e+08 0 2.42236e+08 2.19166e+08 1.15206e+08 2.09729e+07 0.000925831 0.000787992 0.00464016 0.00177227 0.0793276
86 137 1 0.959057 0.19329 0.00106437 0.000266712 4.41066e+07 1.75666e+08 8.35459e+07 1.52092e+07 0 1.58936e+08 0 1.75666e+08 1.58936e+08 8.35459e+07 1.52092e+07 0.0010563 -0.00210212 0.00414239 0.00182274 0.0748664
87 137 2 0.897724 0.408123 0.00154568 0.000760245 8.2191e+07 3.27347e+08 1.55684e+08 2.83417e+07 0 2.96171e+08 0 3.27347e+08 2.96171e+08 1.55684e+08 2.83417e+07 0.000615919 -0.000347331 0.000568677 0.00158037 0.0660648
85 138 0 1 4.70609e-24 8.49016e-27 2.44686e-26 1.69569e+08 6.75351e+08 3.21193e+08 5.84719e+07 0 6.11031e+08 0 6.75351e+08 6.11031e+08 3.21193e+08 5.84719e+07 0.000767257 -0.00320719 0.00725707 -0.000187651 0.0846432
90 138 1 1.17189 0.0937444 0.00080314 -0.00034991 5.30538e+07 2.113e+08 1.00493e+08 1.82944e+07 0 1.91177e+08 0 2.113e+08 1.91177e+08 1.00493e+08 1.82944e+07 0.00128564 -0.00188033 0.00611332 0.00205118 0.0709723
86 138 2 0.959057 0.19329 0.00106437 0.000266712 4.41066e+07 1.75666e+08 8.35459e+07 1.52092e+07 0 1.58936e+08 0 1.75666e+08 1.58936e+08 8.35459e+07 1.52092e+07 0.0010563 -0.00210212 0.00414239 0.00182274 0.0748664
54 139 0 0.110842 0.189882 -4.5868e-05 0.000371383 7.48377e+07 2.98061e+08 1.41756e+08 2.58061e+07 0 2.69674e+08 0 2.98061e+08 2.69674e+08 1.41756e+08 2.58061e+07 0.000551245 -0.000788111 -0.000461737 0.00162721 0.0869274
52 139 1 -0.0731605 0.233861 -0.000167209 0.0004396 9.52694e+07 3.79435e+08 1.80457e+08 3.28515e+07 0 3.43299e+08 0 3.79435e+08 3.43299e+08 1.80457e+08 3.28515e+07 0.000550144 0.000935228 -0.000485973 0.00110434 0.083602
46 139 2 2.49704e-17 9.51669e-24 -3.8943e-28 3.43803e-26 4.23076e+07 1.68501e+08 8.01382e+07 1.45888e+07 0 1.52453e+08 0 1.68501e+08 1.52453e+08 8.01382e+07 1.45888e+07 0.000163576 -4.82392e-06 -0.000720736 0.00294622 0.103891
63 140 0 0.300687 0.219831 3.81335e-05 0.00031384 1.08093e+08 4.30507e+08 2.04747e+08 3.72733e+07 0 3.89506e+08 0 4.30507e+08 3.89506e+08 2.04747e+08 3.72733e+07 0.000431438 -0.000258455 -0.000157794 0.00116425 0.0839119
54 140 1 0.110842 0.189882 -4.5868e-05 0.000371383 7.48377e+07 2.98061e+08 1.41756e+08 2.58061e+07 0 2.69674e+08 0 2.98061e+08 2.69674e+08 1.41756e+08 2.58061e+07 0.000551245 -0.000788111 -0.000461737 0.00162721 0.0869274
55 140 2 0.2 9.32253e-24 -6.14277e-28 3.77203e-26 8.42303e+07 3.35469e+08 1.59547e+08 2.90449e+07 0 3.0352e+08 0 3.35469e+08 3.0352e+08 1.59547e+08 2.90449e+07 2.94963e-05 -1.28431e-05 5.37953e-05 0.00182187 0.103518
63 141 0 0.300687 0.219831 3.81335e-05 0.00031384 1.08093e+08 4.30507e+08 2.04747e+08 3.72733e+07 0 3.89506e+08 0 4.30507e+08 3.89506e+08 2.04747e+08 3.72733e+07 0.000431438 -0.000258455 -0.000157794 0.00116425 0.0839119
62 141 1 0.134339 0.418571 2.96339e-05 0.000681116 9.16523e+07 3.65029e+08 1.73606e+08 3.16043e+07 0 3.30264e+08 0 3.65029e+08 3.30264e+08 1.73606e+08 3.16043e+07 0.000725482 -0.00142837 0.00139341 0.00119773 0.0713435
54 141 2 0.110842 0.189882 -4.5868e-05 0.000371383 7.48377e+07 2.98061e+08 1.41756e+08 2.58061e+07 0 2.69674e+08 0 2.98061e+08 2.69674e+08 1.41756e+08 2.58061e+07 0.000551245 -0.000788111 -0.000461737 0.00162721 0.0869274
65 142 0 0.298506 0.635181 0.000448428 0.000970534 5.71834e+07 2.27748e+08 1.08316e+08 1.97184e+07 0 2.06057e+08 0 2.27748e+08 2.06057e+08 1.08316e+08 1.97184e+07 0.00159706 0.0012611 0.00102879 0.000197817 0.0603273
62 142 1 0.134339 0.418571 2.96339e-05 0.000681116 9.16523e+07 3.65029e+08 1.73606e+08 3.16043e+07 0 3.30264e+08 0 3.65029e+08 3.30264e+08 1.73606e+08 3.16043e+07 0.000725482 -0.00142837 0.00139341 0.00119773 0.0713435
71 142 2 0.402924 0.428586 0.000326197 0.00072912 4.73576e+07 1.88614e+08 8.97037e+07 1.63302e+07 0 1.70651e+08 0 1.88614e+08 1.70651e+08 8.97037e+07 1.63302e+07 0.00137301 0.00166917 0.0015525 0.00193088 0.0698081
65 143 0 0.298506 0.635181 0.000448428 0.000970534 5.71834e+07 2.27748e+08 1.08316e+08 1.97184e+07 0 2.06057e+08 0 2.27748e+08 2.06057e+08 1.08316e+08 1.97184e+07 0.00159706 0.0012611 0.00102879 0.000197817 0.0603273
58 143 1 0.197751 0.848589 0.000148392 0.00172432 6.03599e+06 2.40399e+07 1.14332e+07 2.08137e+06 0 2.17504e+07 0 2.40399e+07 2.17504e+07 1.14332e+07 2.08137e+06 0.00308832 -0.00163175 -0.00162857 0.00669151 0.0529713
56 143 2 0.0570614 0.661479 0.000137815 0.0012486 5.28424e+07 2.10458e+08 1.00093e+08 1.82215e+07 0 1.90415e+08 0 2.10458e+08 1.90415e+08 1.00093e+08 1.82215e+07 0.000947152 -0.00331295 -0.00129268 0.0021114 0.0595387
18 144 0 -0.780597 1.09174 -0.000964771 0.00167168 5.57543e+07 2.22056e+08 1.05609e+08 1.92256e+07 0 2.00908e+08 0 2.22056e+08 2.00908e+08 1.05609e+08 1.92256e+07 0.00140132 -0.0011057 -1.13852e-06 0.00167615 0.0481666
28 144 1 -0.578137 0.954212 -0.000800083 0.00144091 1.17406e+08 4.67598e+08 2.22387e+08 4.04847e+07 0 4.23065e+08 0 4.67598e+08 4.23065e+08 2.22387e+08 4.04847e+07 0.000522836 0.000560013 0.000438777 0.000876387 0.0501172
20 144 2 -0.583409 1.22662 -0.000670604 0.00182145 5.23778e+07 2.08608e+08 9.9213e+07 1.80613e+07 0 1.88741e+08 0 2.08608e+08 1.88741e+08 9.9213e+07 1.80613e+07 0.00156229 0.00185565 0.000484034 0.0013116 0.0458471
41 145 0 -0.117184 1.17524 -0.000120071 0.00215218 2.65411e+07 1.05707e+08 5.02736e+07 9.1521e+06 0 9.56395e+07 0 1.05707e+08 9.56395e+07 5.02736e+07 9.1521e+06 0.00174284 -0.000914408 -0.000310443 0.00285538 0.0457788
31 145 1 -0.375523 1.07565 -0.000510823 0.00200196 5.15244e+07 2.05209e+08 9.75965e+07 1.7767e+07 0 1.85666e+08 0 2.05209e+08 1.85666e+08 9.75965e+07 1.7767e+07 0.00175994 0.000463036 -0.000928549 0.00133196 0.0475729
38 145 2 -0.210662 0.949968 -0.000241911 0.00186261 1.04196e+08 4.14989e+08 1.97367e+08 3.59298e+07 0 3.75466e+08 0 4.14989e+08 3.75466e+08 1.97367e+08 3.59298e+07 0.000990984 -0.000809717 0.000257753 0.000430868 0.0501743
32 146 0 -0.359694 1.31948 -0.000429713 0.0022442 1.6062e+08 6.39711e+08 3.04243e+08 5.53862e+07 0 5.78786e+08 0 6.39711e+08 5.78786e+08 3.04243e+08 5.53862e+07 0.000521897 0.00102791 0.000406122 0.000481069 0.0443188
22 146 1 -0.561645 1.49757 -0.000741841 0.00260926 4.15602e+06 1.65524e+07 7.87224e+06 1.43311e+06 0 1.4976e+07 0 1.65524e+07 1.4976e+07 7.87224e+06 1.43311e+06 0.0019941 -0.00136106 -0.00129554 0.00446387 0.0440005
20 146 2 -0.583409 1.22662 -0.000670604 0.00182145 5.23778e+07 2.08608e+08 9.9213e+07 1.80613e+07 0 1.88741e+08 0 2.08608e+08 1.88741e+08 9.9213e+07 1.80613e+07 0.00156229 0.00185565 0.000484034 0.0013116 0.0458471
30 147 0 -0.152385 1.41816 -0.000262907 0.0025103 1.05552e+08 4.20387e+08 1.99934e+08 3.63971e+07 0 3.8035e+08 0 4.20387e+08 3.8035e+08 1.99934e+08 3.63971e+07 0.00104546 0.000961129 -0.000318133 0.000733314 0.0432735
21 147 1 -0.379507 1.56288 -0.00060475 0.0023967 1.10895e+08 4.41669e+08 2.10056e+08 3.82397e+07 0 3.99605e+08 0 4.41669e+08 3.99605e+08 2.10056e+08 3.82397e+07 0.00064753 0.00110914 -0.0017492 0.00094597 0.0432146
32 147 2 -0.359694 1.31948 -0.000429713 0.0022442 1.6062e+08 6.39711e+08 3.04243e+08 5.53862e+07 0 5.78786e+08 0 6.39711e+08 5.78786e+08 3.04243e+08 5.53862e+07 0.000521897 0.00102791 0.000406122 0.000481069 0.0443188
