Index_Vertex nbTriangle nbInTr x y ux uy Elast AR BR IR GR ER FR A1 A2 B12 C3 Defxx Defxy Defyx Defyy Density 
94 0 0 -1 5.15995e-24 -1.19105e-26 2.96891e-26 1.08478e+08 4.32041e+08 2.05477e+08 3.74062e+07 0 3.90894e+08 0 4.32041e+08 3.90894e+08 2.05477e+08 3.74062e+07 0.00126981 0.00229273 -0.00881162 0.000684123 0.0809037
93 0 1 -0.8 1.02692e-23 -2.05432e-27 3.61545e-26 8.06744e+07 3.21307e+08 1.52812e+08 2.78188e+07 0 2.90706e+08 0 3.21307e+08 2.90706e+08 1.52812e+08 2.78188e+07 0.00023612 -0.000695379 -0.00703335 0.0013074 0.0920405
92 0 2 -0.974187 0.19424 -0.00105486 0.000258629 7.32512e+07 2.91742e+08 1.38751e+08 2.5259e+07 0 2.63957e+08 0 2.91742e+08 2.63957e+08 1.38751e+08 2.5259e+07 0.000518804 0.0019225 -0.00228743 0.0014187 0.0708174
86 1 0 -1.35538 0.226168 -0.0015256 -0.000377262 9.16949e+07 3.65199e+08 1.73687e+08 3.16189e+07 0 3.30418e+08 0 3.65199e+08 3.30418e+08 1.73687e+08 3.16189e+07 0.00072094 0.00370122 -0.00286023 0.000427366 0.0610275
91 1 1 -1.19942 0.0969529 -0.000918065 -0.000227098 6.87859e+07 2.73958e+08 1.30293e+08 2.37193e+07 0 2.47867e+08 0 2.73958e+08 2.47867e+08 1.30293e+08 2.37193e+07 0.00132418 0.00109083 -0.00479134 0.0015906 0.0660252
88 1 2 -1.16374 0.354775 -0.0016363 0.000251638 5.93933e+07 2.36549e+08 1.12502e+08 2.04805e+07 0 2.14021e+08 0 2.36549e+08 2.14021e+08 1.12502e+08 2.04805e+07 0.00115148 0.00114884 -0.00168153 0.0018609 0.0604891
85 2 0 -0.51884 0.247452 -0.000437951 0.000412992 1.04351e+08 4.15606e+08 1.9766e+08 3.59832e+07 0 3.76024e+08 0 4.15606e+08 3.76024e+08 1.9766e+08 3.59832e+07 0.000417489 -0.0014196 -0.00189623 0.00120096 0.0774095
90 2 1 -0.744619 0.223744 -0.000790179 0.000536457 1.33632e+07 5.32224e+07 2.53123e+07 4.608e+06 0 4.81536e+07 0 5.32224e+07 4.81536e+07 2.53123e+07 4.608e+06 0.00254129 0.00064648 -0.00281259 0.00383139 0.0753868
89 2 2 -0.6 1.04217e-23 2.33344e-27 2.46538e-26 1.66773e+07 6.64217e+07 3.15898e+07 5.7508e+06 0 6.00958e+07 0 6.64217e+07 6.00958e+07 3.15898e+07 5.7508e+06 3.22004e-25 -5.07308e-25 -0.00345652 0.00355014 0.096945
82 3 0 -1.35735 0.567966 -0.00208217 0.000623527 4.96841e+07 1.9788e+08 9.41105e+07 1.71324e+07 0 1.79034e+08 0 1.9788e+08 1.79034e+08 9.41105e+07 1.71324e+07 0.00141752 -0.000497629 0.000411071 0.00204736 0.055176
81 3 1 -1.36208 0.397034 -0.00215984 1.55436e-05 7.41426e+06 2.95292e+07 1.40439e+07 2.55664e+06 0 2.67169e+07 0 2.95292e+07 2.67169e+07 1.40439e+07 2.55664e+06 0.00321953 0.00251469 -0.00440905 0.00441425 0.0582413
88 3 2 -1.16374 0.354775 -0.0016363 0.000251638 5.93933e+07 2.36549e+08 1.12502e+08 2.04805e+07 0 2.14021e+08 0 2.36549e+08 2.14021e+08 1.12502e+08 2.04805e+07 0.00115148 0.00114884 -0.00168153 0.0018609 0.0604891
88 4 0 -1.16374 0.354775 -0.0016363 0.000251638 5.93933e+07 2.36549e+08 1.12502e+08 2.04805e+07 0 2.14021e+08 0 2.36549e+08 2.14021e+08 1.12502e+08 2.04805e+07 0.00115148 0.00114884 -0.00168153 0.0018609 0.0604891
81 4 1 -1.36208 0.397034 -0.00215984 1.55436e-05 7.41426e+06 2.95292e+07 1.40439e+07 2.55664e+06 0 2.67169e+07 0 2.95292e+07 2.67169e+07 1.40439e+07 2.55664e+06 0.00321953 0.00251469 -0.00440905 0.00441425 0.0582413
86 4 2 -1.35538 0.226168 -0.0015256 -0.000377262 9.16949e+07 3.65199e+08 1.73687e+08 3.16189e+07 0 3.30418e+08 0 3.65199e+08 3.30418e+08 1.73687e+08 3.16189e+07 0.00072094 0.00370122 -0.00286023 0.000427366 0.0610275
87 5 0 -0.918119 0.411931 -0.00142673 0.000750319 5.79384e+07 2.30755e+08 1.09746e+08 1.99788e+07 0 2.08778e+08 0 2.30755e+08 2.08778e+08 1.09746e+08 1.99788e+07 0.000998364 0.00317614 -0.00161047 0.00188443 0.0622399
88 5 1 -1.16374 0.354775 -0.0016363 0.000251638 5.93933e+07 2.36549e+08 1.12502e+08 2.04805e+07 0 2.14021e+08 0 2.36549e+08 2.14021e+08 1.12502e+08 2.04805e+07 0.00115148 0.00114884 -0.00168153 0.0018609 0.0604891
92 5 2 -0.974187 0.19424 -0.00105486 0.000258629 7.32512e+07 2.91742e+08 1.38751e+08 2.5259e+07 0 2.63957e+08 0 2.91742e+08 2.63957e+08 1.38751e+08 2.5259e+07 0.000518804 0.0019225 -0.00228743 0.0014187 0.0708174
80 6 0 -1.10518 0.578882 -0.00176605 0.000707737 6.42441e+07 2.55869e+08 1.2169e+08 2.21531e+07 0 2.315e+08 0 2.55869e+08 2.315e+08 1.2169e+08 2.21531e+07 0.00117018 0.000869057 -0.000142008 0.00157269 0.0551342
82 6 1 -1.35735 0.567966 -0.00208217 0.000623527 4.96841e+07 1.9788e+08 9.41105e+07 1.71324e+07 0 1.79034e+08 0 1.9788e+08 1.79034e+08 9.41105e+07 1.71324e+07 0.00141752 -0.000497629 0.000411071 0.00204736 0.055176
88 6 2 -1.16374 0.354775 -0.0016363 0.000251638 5.93933e+07 2.36549e+08 1.12502e+08 2.04805e+07 0 2.14021e+08 0 2.36549e+08 2.14021e+08 1.12502e+08 2.04805e+07 0.00115148 0.00114884 -0.00168153 0.0018609 0.0604891
77 7 0 -0.294447 0.257867 -0.000274592 0.000424544 5.00946e+07 1.99515e+08 9.48882e+07 1.7274e+07 0 1.80513e+08 0 1.99515e+08 1.80513e+08 9.48882e+07 1.7274e+07 0.00124381 0.00207808 -0.000228932 0.00200131 0.0786247
83 7 1 -0.4 1.01523e-23 -4.34805e-27 3.62831e-26 1.05393e+08 4.19754e+08 1.99633e+08 3.63424e+07 0 3.79778e+08 0 4.19754e+08 3.79778e+08 1.99633e+08 3.63424e+07 0.000103909 -0.000298293 -0.00139304 0.00131196 0.0996821
75 7 2 -0.2 1.02118e-23 -1.69908e-27 3.62796e-26 9.30103e+07 3.70438e+08 1.76178e+08 3.20725e+07 0 3.35158e+08 0 3.70438e+08 3.35158e+08 1.76178e+08 3.20725e+07 6.39314e-26 6.90555e-25 -0.000467342 0.00130608 0.101091
76 8 0 -0.616237 0.712709 -0.00111451 0.00166501 3.14936e+07 1.25431e+08 5.96545e+07 1.08599e+07 0 1.13485e+08 0 1.25431e+08 1.13485e+08 5.96545e+07 1.08599e+07 0.00253821 0.000906565 -2.18389e-05 0.00204723 0.0536081
79 8 1 -0.858444 0.638918 -0.0014864 0.00132599 6.69155e+07 2.66508e+08 1.2675e+08 2.30743e+07 0 2.41126e+08 0 2.66508e+08 2.41126e+08 1.2675e+08 2.30743e+07 0.000778806 0.00222136 0.000617555 0.00176884 0.0547957
84 8 2 -0.67388 0.460812 -0.00109797 0.00106746 3.17715e+07 1.26538e+08 6.0181e+07 1.09557e+07 0 1.14487e+08 0 1.26538e+08 1.14487e+08 6.0181e+07 1.09557e+07 0.00236142 -0.00136162 -0.00172526 0.00202517 0.0632019
89 9 0 -0.6 1.04217e-23 2.33344e-27 2.46538e-26 1.66773e+07 6.64217e+07 3.15898e+07 5.7508e+06 0 6.00958e+07 0 6.64217e+07 6.00958e+07 3.15898e+07 5.7508e+06 3.22004e-25 -5.07308e-25 -0.00345652 0.00355014 0.096945
83 9 1 -0.4 1.01523e-23 -4.34805e-27 3.62831e-26 1.05393e+08 4.19754e+08 1.99633e+08 3.63424e+07 0 3.79778e+08 0 4.19754e+08 3.79778e+08 1.99633e+08 3.63424e+07 0.000103909 -0.000298293 -0.00139304 0.00131196 0.0996821
85 9 2 -0.51884 0.247452 -0.000437951 0.000412992 1.04351e+08 4.15606e+08 1.9766e+08 3.59832e+07 0 3.76024e+08 0 4.15606e+08 3.76024e+08 1.9766e+08 3.59832e+07 0.000417489 -0.0014196 -0.00189623 0.00120096 0.0774095
74 10 0 -1.30188 0.725637 -0.00194174 0.00086955 7.85828e+07 3.12976e+08 1.4885e+08 2.70975e+07 0 2.83169e+08 0 3.12976e+08 2.83169e+08 1.4885e+08 2.70975e+07 0.000843405 -0.000274491 0.000446647 0.00142944 0.0523511
73 10 1 -1.05113 0.79988 -0.00155164 0.00119951 3.8222e+07 1.52229e+08 7.23994e+07 1.318e+07 0 1.37731e+08 0 1.52229e+08 1.37731e+08 7.23994e+07 1.318e+07 0.00200904 0.00172328 0.000780662 0.00189282 0.0503239
65 10 2 -1.24742 0.883659 -0.00176934 0.00109172 8.70885e+07 3.46852e+08 1.64961e+08 3.00305e+07 0 3.13819e+08 0 3.46852e+08 3.13819e+08 1.64961e+08 3.00305e+07 0.000732713 0.000574592 0.000396906 0.00123272 0.0496785
93 11 0 -0.8 1.02692e-23 -2.05432e-27 3.61545e-26 8.06744e+07 3.21307e+08 1.52812e+08 2.78188e+07 0 2.90706e+08 0 3.21307e+08 2.90706e+08 1.52812e+08 2.78188e+07 0.00023612 -0.000695379 -0.00703335 0.0013074 0.0920405
89 11 1 -0.6 1.04217e-23 2.33344e-27 2.46538e-26 1.66773e+07 6.64217e+07 3.15898e+07 5.7508e+06 0 6.00958e+07 0 6.64217e+07 6.00958e+07 3.15898e+07 5.7508e+06 3.22004e-25 -5.07308e-25 -0.00345652 0.00355014 0.096945
90 11 2 -0.744619 0.223744 -0.000790179 0.000536457 1.33632e+07 5.32224e+07 2.53123e+07 4.608e+06 0 4.81536e+07 0 5.32224e+07 4.81536e+07 2.53123e+07 4.608e+06 0.00254129 0.00064648 -0.00281259 0.00383139 0.0753868
62 12 0 -0.808312 1.1329 -0.00136743 0.00196306 3.60923e+07 1.43747e+08 6.83653e+07 1.24456e+07 0 1.30057e+08 0 1.43747e+08 1.30057e+08 6.83653e+07 1.24456e+07 0.00160904 0.00131122 -0.00093408 0.00190288 0.0443506
55 12 1 -0.604482 1.27507 -0.00109196 0.0025596 5.27472e+07 2.10079e+08 9.99126e+07 1.81887e+07 0 1.90072e+08 0 2.10079e+08 1.90072e+08 9.99126e+07 1.81887e+07 0.00136623 0.00198947 -0.000430682 0.00160415 0.0420735
51 12 2 -0.842939 1.38836 -0.00212967 0.0031308 2.04884e+06 8.16002e+06 3.88086e+06 706495 0 7.38288e+06 0 8.16002e+06 7.38288e+06 3.88086e+06 706495 0.00640707 0.00745834 -0.00419662 0.00860202 0.0422987
78 13 0 -0.425966 0.510741 -0.000563597 0.000931049 1.39144e+07 5.54177e+07 2.63564e+07 4.79807e+06 0 5.01398e+07 0 5.54177e+07 5.01398e+07 2.63564e+07 4.79807e+06 0.0028047 0.00130012 -5.94059e-05 0.0046109 0.0627207
71 13 1 -0.398996 0.825705 -0.000666186 0.00193939 4.3977e+07 1.7515e+08 8.33004e+07 1.51645e+07 0 1.58469e+08 0 1.7515e+08 1.58469e+08 8.33004e+07 1.51645e+07 0.00156718 -0.000485889 0.00036756 0.00154626 0.0506391
76 13 2 -0.616237 0.712709 -0.00111451 0.00166501 3.14936e+07 1.25431e+08 5.96545e+07 1.08599e+07 0 1.13485e+08 0 1.25431e+08 1.13485e+08 5.96545e+07 1.08599e+07 0.00253821 0.000906565 -2.18389e-05 0.00204723 0.0536081
59 14 0 -0.388967 1.11816 -0.000662506 0.00229577 7.95087e+07 3.16664e+08 1.50604e+08 2.74168e+07 0 2.86506e+08 0 3.16664e+08 2.86506e+08 1.50604e+08 2.74168e+07 0.0014742 -0.00173805 -0.000446686 0.000967165 0.0438525
48 14 1 -0.373193 1.37183 -0.000741724 0.00270866 4.49484e+07 1.79019e+08 8.51403e+07 1.54994e+07 0 1.61969e+08 0 1.79019e+08 1.61969e+08 8.51403e+07 1.54994e+07 0.00173052 0.000251576 0.000432779 0.00224361 0.0406298
55 14 2 -0.604482 1.27507 -0.00109196 0.0025596 5.27472e+07 2.10079e+08 9.99126e+07 1.81887e+07 0 1.90072e+08 0 2.10079e+08 1.90072e+08 9.99126e+07 1.81887e+07 0.00136623 0.00198947 -0.000430682 0.00160415 0.0420735
71 15 0 -0.398996 0.825705 -0.000666186 0.00193939 4.3977e+07 1.7515e+08 8.33004e+07 1.51645e+07 0 1.58469e+08 0 1.7515e+08 1.58469e+08 8.33004e+07 1.51645e+07 0.00156718 -0.000485889 0.00036756 0.00154626 0.0506391
59 15 1 -0.388967 1.11816 -0.000662506 0.00229577 7.95087e+07 3.16664e+08 1.50604e+08 2.74168e+07 0 2.86506e+08 0 3.16664e+08 2.86506e+08 1.50604e+08 2.74168e+07 0.0014742 -0.00173805 -0.000446686 0.000967165 0.0438525
67 15 2 -0.598231 0.99155 -0.000997181 0.00211899 6.01487e+07 2.39558e+08 1.13932e+08 2.07409e+07 0 2.16743e+08 0 2.39558e+08 2.16743e+08 1.13932e+08 2.07409e+07 0.00191288 0.00123584 0.000575995 0.00107067 0.0463211
60 16 0 -0.218065 0.98817 -0.000442677 0.00197511 1.41871e+08 5.6504e+08 2.6873e+08 4.89212e+07 0 5.11226e+08 0 5.6504e+08 5.11226e+08 2.6873e+08 4.89212e+07 0.000673684 -0.000925187 -0.000111653 0.000464966 0.0464664
49 16 1 -0.12264 1.22232 -0.00025053 0.00220483 1.95458e+07 7.78464e+07 3.70233e+07 6.73995e+06 0 7.04325e+07 0 7.78464e+07 7.04325e+07 3.70233e+07 6.73995e+06 0.00206426 -0.000130608 0.000699808 0.00210814 0.0420807
59 16 2 -0.388967 1.11816 -0.000662506 0.00229577 7.95087e+07 3.16664e+08 1.50604e+08 2.74168e+07 0 2.86506e+08 0 3.16664e+08 2.86506e+08 1.50604e+08 2.74168e+07 0.0014742 -0.00173805 -0.000446686 0.000967165 0.0438525
72 17 0 -0.803058 0.87071 -0.00126787 0.00166806 1.53301e+08 6.10562e+08 2.9038e+08 5.28625e+07 0 5.52413e+08 0 6.10562e+08 5.52413e+08 2.9038e+08 5.28625e+07 0.000496889 0.00120985 0.000216773 0.000397938 0.0488528
79 17 1 -0.858444 0.638918 -0.0014864 0.00132599 6.69155e+07 2.66508e+08 1.2675e+08 2.30743e+07 0 2.41126e+08 0 2.66508e+08 2.41126e+08 1.2675e+08 2.30743e+07 0.000778806 0.00222136 0.000617555 0.00176884 0.0547957
76 17 2 -0.616237 0.712709 -0.00111451 0.00166501 3.14936e+07 1.25431e+08 5.96545e+07 1.08599e+07 0 1.13485e+08 0 1.25431e+08 1.13485e+08 5.96545e+07 1.08599e+07 0.00253821 0.000906565 -2.18389e-05 0.00204723 0.0536081
62 18 0 -0.808312 1.1329 -0.00136743 0.00196306 3.60923e+07 1.43747e+08 6.83653e+07 1.24456e+07 0 1.30057e+08 0 1.43747e+08 1.30057e+08 6.83653e+07 1.24456e+07 0.00160904 0.00131122 -0.00093408 0.00190288 0.0443506
72 18 1 -0.803058 0.87071 -0.00126787 0.00166806 1.53301e+08 6.10562e+08 2.9038e+08 5.28625e+07 0 5.52413e+08 0 6.10562e+08 5.52413e+08 2.9038e+08 5.28625e+07 0.000496889 0.00120985 0.000216773 0.000397938 0.0488528
67 18 2 -0.598231 0.99155 -0.000997181 0.00211899 6.01487e+07 2.39558e+08 1.13932e+08 2.07409e+07 0 2.16743e+08 0 2.39558e+08 2.16743e+08 1.13932e+08 2.07409e+07 0.00191288 0.00123584 0.000575995 0.00107067 0.0463211
73 19 0 -1.05113 0.79988 -0.00155164 0.00119951 3.8222e+07 1.52229e+08 7.23994e+07 1.318e+07 0 1.37731e+08 0 1.52229e+08 1.37731e+08 7.23994e+07 1.318e+07 0.00200904 0.00172328 0.000780662 0.00189282 0.0503239
79 19 1 -0.858444 0.638918 -0.0014864 0.00132599 6.69155e+07 2.66508e+08 1.2675e+08 2.30743e+07 0 2.41126e+08 0 2.66508e+08 2.41126e+08 1.2675e+08 2.30743e+07 0.000778806 0.00222136 0.000617555 0.00176884 0.0547957
72 19 2 -0.803058 0.87071 -0.00126787 0.00166806 1.53301e+08 6.10562e+08 2.9038e+08 5.28625e+07 0 5.52413e+08 0 6.10562e+08 5.52413e+08 2.9038e+08 5.28625e+07 0.000496889 0.00120985 0.000216773 0.000397938 0.0488528
65 20 0 -1.24742 0.883659 -0.00176934 0.00109172 8.70885e+07 3.46852e+08 1.64961e+08 3.00305e+07 0 3.13819e+08 0 3.46852e+08 3.13819e+08 1.64961e+08 3.00305e+07 0.000732713 0.000574592 0.000396906 0.00123272 0.0496785
73 20 1 -1.05113 0.79988 -0.00155164 0.00119951 3.8222e+07 1.52229e+08 7.23994e+07 1.318e+07 0 1.37731e+08 0 1.52229e+08 1.37731e+08 7.23994e+07 1.318e+07 0.00200904 0.00172328 0.000780662 0.00189282 0.0503239
64 20 2 -1.16006 1.02518 -0.0016876 0.00138449 6.69154e+07 2.66508e+08 1.2675e+08 2.30743e+07 0 2.41126e+08 0 2.66508e+08 2.41126e+08 1.2675e+08 2.30743e+07 0.00127419 0.00161306 -0.00040017 0.00136238 0.0473581
80 21 0 -1.10518 0.578882 -0.00176605 0.000707737 6.42441e+07 2.55869e+08 1.2169e+08 2.21531e+07 0 2.315e+08 0 2.55869e+08 2.315e+08 1.2169e+08 2.21531e+07 0.00117018 0.000869057 -0.000142008 0.00157269 0.0551342
79 21 1 -0.858444 0.638918 -0.0014864 0.00132599 6.69155e+07 2.66508e+08 1.2675e+08 2.30743e+07 0 2.41126e+08 0 2.66508e+08 2.41126e+08 1.2675e+08 2.30743e+07 0.000778806 0.00222136 0.000617555 0.00176884 0.0547957
73 21 2 -1.05113 0.79988 -0.00155164 0.00119951 3.8222e+07 1.52229e+08 7.23994e+07 1.318e+07 0 1.37731e+08 0 1.52229e+08 1.37731e+08 7.23994e+07 1.318e+07 0.00200904 0.00172328 0.000780662 0.00189282 0.0503239
82 22 0 -1.35735 0.567966 -0.00208217 0.000623527 4.96841e+07 1.9788e+08 9.41105e+07 1.71324e+07 0 1.79034e+08 0 1.9788e+08 1.79034e+08 9.41105e+07 1.71324e+07 0.00141752 -0.000497629 0.000411071 0.00204736 0.055176
80 22 1 -1.10518 0.578882 -0.00176605 0.000707737 6.42441e+07 2.55869e+08 1.2169e+08 2.21531e+07 0 2.315e+08 0 2.55869e+08 2.315e+08 1.2169e+08 2.21531e+07 0.00117018 0.000869057 -0.000142008 0.00157269 0.0551342
74 22 2 -1.30188 0.725637 -0.00194174 0.00086955 7.85828e+07 3.12976e+08 1.4885e+08 2.70975e+07 0 2.83169e+08 0 3.12976e+08 2.83169e+08 1.4885e+08 2.70975e+07 0.000843405 -0.000274491 0.000446647 0.00142944 0.0523511
72 23 0 -0.803058 0.87071 -0.00126787 0.00166806 1.53301e+08 6.10562e+08 2.9038e+08 5.28625e+07 0 5.52413e+08 0 6.10562e+08 5.52413e+08 2.9038e+08 5.28625e+07 0.000496889 0.00120985 0.000216773 0.000397938 0.0488528
76 23 1 -0.616237 0.712709 -0.00111451 0.00166501 3.14936e+07 1.25431e+08 5.96545e+07 1.08599e+07 0 1.13485e+08 0 1.25431e+08 1.13485e+08 5.96545e+07 1.08599e+07 0.00253821 0.000906565 -2.18389e-05 0.00204723 0.0536081
67 23 2 -0.598231 0.99155 -0.000997181 0.00211899 6.01487e+07 2.39558e+08 1.13932e+08 2.07409e+07 0 2.16743e+08 0 2.39558e+08 2.16743e+08 1.13932e+08 2.07409e+07 0.00191288 0.00123584 0.000575995 0.00107067 0.0463211
87 24 0 -0.918119 0.411931 -0.00142673 0.000750319 5.79384e+07 2.30755e+08 1.09746e+08 1.99788e+07 0 2.08778e+08 0 2.30755e+08 2.08778e+08 1.09746e+08 1.99788e+07 0.000998364 0.00317614 -0.00161047 0.00188443 0.0622399
79 24 1 -0.858444 0.638918 -0.0014864 0.00132599 6.69155e+07 2.66508e+08 1.2675e+08 2.30743e+07 0 2.41126e+08 0 2.66508e+08 2.41126e+08 1.2675e+08 2.30743e+07 0.000778806 0.00222136 0.000617555 0.00176884 0.0547957
80 24 2 -1.10518 0.578882 -0.00176605 0.000707737 6.42441e+07 2.55869e+08 1.2169e+08 2.21531e+07 0 2.315e+08 0 2.55869e+08 2.315e+08 1.2169e+08 2.21531e+07 0.00117018 0.000869057 -0.000142008 0.00157269 0.0551342
88 25 0 -1.16374 0.354775 -0.0016363 0.000251638 5.93933e+07 2.36549e+08 1.12502e+08 2.04805e+07 0 2.14021e+08 0 2.36549e+08 2.14021e+08 1.12502e+08 2.04805e+07 0.00115148 0.00114884 -0.00168153 0.0018609 0.0604891
87 25 1 -0.918119 0.411931 -0.00142673 0.000750319 5.79384e+07 2.30755e+08 1.09746e+08 1.99788e+07 0 2.08778e+08 0 2.30755e+08 2.08778e+08 1.09746e+08 1.99788e+07 0.000998364 0.00317614 -0.00161047 0.00188443 0.0622399
80 25 2 -1.10518 0.578882 -0.00176605 0.000707737 6.42441e+07 2.55869e+08 1.2169e+08 2.21531e+07 0 2.315e+08 0 2.55869e+08 2.315e+08 1.2169e+08 2.21531e+07 0.00117018 0.000869057 -0.000142008 0.00157269 0.0551342
90 26 0 -0.744619 0.223744 -0.000790179 0.000536457 1.33632e+07 5.32224e+07 2.53123e+07 4.608e+06 0 4.81536e+07 0 5.32224e+07 4.81536e+07 2.53123e+07 4.608e+06 0.00254129 0.00064648 -0.00281259 0.00383139 0.0753868
85 26 1 -0.51884 0.247452 -0.000437951 0.000412992 1.04351e+08 4.15606e+08 1.9766e+08 3.59832e+07 0 3.76024e+08 0 4.15606e+08 3.76024e+08 1.9766e+08 3.59832e+07 0.000417489 -0.0014196 -0.00189623 0.00120096 0.0774095
84 26 2 -0.67388 0.460812 -0.00109797 0.00106746 3.17715e+07 1.26538e+08 6.0181e+07 1.09557e+07 0 1.14487e+08 0 1.26538e+08 1.14487e+08 6.0181e+07 1.09557e+07 0.00236142 -0.00136162 -0.00172526 0.00202517 0.0632019
87 27 0 -0.918119 0.411931 -0.00142673 0.000750319 5.79384e+07 2.30755e+08 1.09746e+08 1.99788e+07 0 2.08778e+08 0 2.30755e+08 2.08778e+08 1.09746e+08 1.99788e+07 0.000998364 0.00317614 -0.00161047 0.00188443 0.0622399
90 27 1 -0.744619 0.223744 -0.000790179 0.000536457 1.33632e+07 5.32224e+07 2.53123e+07 4.608e+06 0 4.81536e+07 0 5.32224e+07 4.81536e+07 2.53123e+07 4.608e+06 0.00254129 0.00064648 -0.00281259 0.00383139 0.0753868
84 27 2 -0.67388 0.460812 -0.00109797 0.00106746 3.17715e+07 1.26538e+08 6.0181e+07 1.09557e+07 0 1.14487e+08 0 1.26538e+08 1.14487e+08 6.0181e+07 1.09557e+07 0.00236142 -0.00136162 -0.00172526 0.00202517 0.0632019
92 28 0 -0.974187 0.19424 -0.00105486 0.000258629 7.32512e+07 2.91742e+08 1.38751e+08 2.5259e+07 0 2.63957e+08 0 2.91742e+08 2.63957e+08 1.38751e+08 2.5259e+07 0.000518804 0.0019225 -0.00228743 0.0014187 0.0708174
93 28 1 -0.8 1.02692e-23 -2.05432e-27 3.61545e-26 8.06744e+07 3.21307e+08 1.52812e+08 2.78188e+07 0 2.90706e+08 0 3.21307e+08 2.90706e+08 1.52812e+08 2.78188e+07 0.00023612 -0.000695379 -0.00703335 0.0013074 0.0920405
90 28 2 -0.744619 0.223744 -0.000790179 0.000536457 1.33632e+07 5.32224e+07 2.53123e+07 4.608e+06 0 4.81536e+07 0 5.32224e+07 4.81536e+07 2.53123e+07 4.608e+06 0.00254129 0.00064648 -0.00281259 0.00383139 0.0753868
84 29 0 -0.67388 0.460812 -0.00109797 0.00106746 3.17715e+07 1.26538e+08 6.0181e+07 1.09557e+07 0 1.14487e+08 0 1.26538e+08 1.14487e+08 6.0181e+07 1.09557e+07 0.00236142 -0.00136162 -0.00172526 0.00202517 0.0632019
85 29 1 -0.51884 0.247452 -0.000437951 0.000412992 1.04351e+08 4.15606e+08 1.9766e+08 3.59832e+07 0 3.76024e+08 0 4.15606e+08 3.76024e+08 1.9766e+08 3.59832e+07 0.000417489 -0.0014196 -0.00189623 0.00120096 0.0774095
78 29 2 -0.425966 0.510741 -0.000563597 0.000931049 1.39144e+07 5.54177e+07 2.63564e+07 4.79807e+06 0 5.01398e+07 0 5.54177e+07 5.01398e+07 2.63564e+07 4.79807e+06 0.0028047 0.00130012 -5.94059e-05 0.0046109 0.0627207
76 30 0 -0.616237 0.712709 -0.00111451 0.00166501 3.14936e+07 1.25431e+08 5.96545e+07 1.08599e+07 0 1.13485e+08 0 1.25431e+08 1.13485e+08 5.96545e+07 1.08599e+07 0.00253821 0.000906565 -2.18389e-05 0.00204723 0.0536081
84 30 1 -0.67388 0.460812 -0.00109797 0.00106746 3.17715e+07 1.26538e+08 6.0181e+07 1.09557e+07 0 1.14487e+08 0 1.26538e+08 1.14487e+08 6.0181e+07 1.09557e+07 0.00236142 -0.00136162 -0.00172526 0.00202517 0.0632019
78 30 2 -0.425966 0.510741 -0.000563597 0.000931049 1.39144e+07 5.54177e+07 2.63564e+07 4.79807e+06 0 5.01398e+07 0 5.54177e+07 5.01398e+07 2.63564e+07 4.79807e+06 0.0028047 0.00130012 -5.94059e-05 0.0046109 0.0627207
87 31 0 -0.918119 0.411931 -0.00142673 0.000750319 5.79384e+07 2.30755e+08 1.09746e+08 1.99788e+07 0 2.08778e+08 0 2.30755e+08 2.08778e+08 1.09746e+08 1.99788e+07 0.000998364 0.00317614 -0.00161047 0.00188443 0.0622399
92 31 1 -0.974187 0.19424 -0.00105486 0.000258629 7.32512e+07 2.91742e+08 1.38751e+08 2.5259e+07 0 2.63957e+08 0 2.91742e+08 2.63957e+08 1.38751e+08 2.5259e+07 0.000518804 0.0019225 -0.00228743 0.0014187 0.0708174
90 31 2 -0.744619 0.223744 -0.000790179 0.000536457 1.33632e+07 5.32224e+07 2.53123e+07 4.608e+06 0 4.81536e+07 0 5.32224e+07 4.81536e+07 2.53123e+07 4.608e+06 0.00254129 0.00064648 -0.00281259 0.00383139 0.0753868
73 32 0 -1.05113 0.79988 -0.00155164 0.00119951 3.8222e+07 1.52229e+08 7.23994e+07 1.318e+07 0 1.37731e+08 0 1.52229e+08 1.37731e+08 7.23994e+07 1.318e+07 0.00200904 0.00172328 0.000780662 0.00189282 0.0503239
74 32 1 -1.30188 0.725637 -0.00194174 0.00086955 7.85828e+07 3.12976e+08 1.4885e+08 2.70975e+07 0 2.83169e+08 0 3.12976e+08 2.83169e+08 1.4885e+08 2.70975e+07 0.000843405 -0.000274491 0.000446647 0.00142944 0.0523511
80 32 2 -1.10518 0.578882 -0.00176605 0.000707737 6.42441e+07 2.55869e+08 1.2169e+08 2.21531e+07 0 2.315e+08 0 2.55869e+08 2.315e+08 1.2169e+08 2.21531e+07 0.00117018 0.000869057 -0.000142008 0.00157269 0.0551342
68 33 0 -0.0733339 0.243513 -4.42836e-05 0.000490343 3.36861e+07 1.34164e+08 6.38075e+07 1.16159e+07 0 1.21386e+08 0 1.34164e+08 1.21386e+08 6.38075e+07 1.16159e+07 0.00132699 0.00110358 -2.39034e-05 0.00372313 0.080486
66 33 1 2.49704e-17 1.03346e-23 1.41876e-28 4.03723e-26 1.35876e+08 5.4116e+08 2.57373e+08 4.68537e+07 0 4.89621e+08 0 5.4116e+08 4.89621e+08 2.57373e+08 4.68537e+07 -2.40359e-26 5.37141e-25 -9.52203e-05 0.000747606 0.10153
56 33 2 0.112452 0.196798 0.000150575 0.000368393 1.94289e+07 7.73806e+07 3.68018e+07 6.69962e+06 0 7.0011e+07 0 7.73806e+07 7.0011e+07 3.68018e+07 6.69962e+06 0.00157067 0.00017956 0.000755969 0.00458939 0.0839577
62 34 0 -0.808312 1.1329 -0.00136743 0.00196306 3.60923e+07 1.43747e+08 6.83653e+07 1.24456e+07 0 1.30057e+08 0 1.43747e+08 1.30057e+08 6.83653e+07 1.24456e+07 0.00160904 0.00131122 -0.00093408 0.00190288 0.0443506
52 34 1 -0.9569 1.27662 -0.00200474 0.00201922 4.78191e+07 1.90452e+08 9.0578e+07 1.64894e+07 0 1.72314e+08 0 1.90452e+08 1.72314e+08 9.0578e+07 1.64894e+07 0.000677796 0.00200049 -0.00526491 0.00164689 0.0437213
53 34 2 -1.0725 1.16658 -0.00177077 0.00165778 9.38451e+07 3.73762e+08 1.77759e+08 3.23604e+07 0 3.38166e+08 0 3.73762e+08 3.38166e+08 1.77759e+08 3.23604e+07 0.000720196 0.00151473 -0.00183644 0.00105792 0.045341
64 35 0 -1.16006 1.02518 -0.0016876 0.00138449 6.69154e+07 2.66508e+08 1.2675e+08 2.30743e+07 0 2.41126e+08 0 2.66508e+08 2.41126e+08 1.2675e+08 2.30743e+07 0.00127419 0.00161306 -0.00040017 0.00136238 0.0473581
63 35 1 -0.963127 0.992224 -0.00143936 0.00159495 8.33756e+07 3.32065e+08 1.57928e+08 2.87502e+07 0 3.0044e+08 0 3.32065e+08 3.0044e+08 1.57928e+08 2.87502e+07 0.00106329 0.000783852 -0.000984233 0.00102499 0.0468128
53 35 2 -1.0725 1.16658 -0.00177077 0.00165778 9.38451e+07 3.73762e+08 1.77759e+08 3.23604e+07 0 3.38166e+08 0 3.73762e+08 3.38166e+08 1.77759e+08 3.23604e+07 0.000720196 0.00151473 -0.00183644 0.00105792 0.045341
67 36 0 -0.598231 0.99155 -0.000997181 0.00211899 6.01487e+07 2.39558e+08 1.13932e+08 2.07409e+07 0 2.16743e+08 0 2.39558e+08 2.16743e+08 1.13932e+08 2.07409e+07 0.00191288 0.00123584 0.000575995 0.00107067 0.0463211
55 36 1 -0.604482 1.27507 -0.00109196 0.0025596 5.27472e+07 2.10079e+08 9.99126e+07 1.81887e+07 0 1.90072e+08 0 2.10079e+08 1.90072e+08 9.99126e+07 1.81887e+07 0.00136623 0.00198947 -0.000430682 0.00160415 0.0420735
62 36 2 -0.808312 1.1329 -0.00136743 0.00196306 3.60923e+07 1.43747e+08 6.83653e+07 1.24456e+07 0 1.30057e+08 0 1.43747e+08 1.30057e+08 6.83653e+07 1.24456e+07 0.00160904 0.00131122 -0.00093408 0.00190288 0.0443506
63 37 0 -0.963127 0.992224 -0.00143936 0.00159495 8.33756e+07 3.32065e+08 1.57928e+08 2.87502e+07 0 3.0044e+08 0 3.32065e+08 3.0044e+08 1.57928e+08 2.87502e+07 0.00106329 0.000783852 -0.000984233 0.00102499 0.0468128
73 37 1 -1.05113 0.79988 -0.00155164 0.00119951 3.8222e+07 1.52229e+08 7.23994e+07 1.318e+07 0 1.37731e+08 0 1.52229e+08 1.37731e+08 7.23994e+07 1.318e+07 0.00200904 0.00172328 0.000780662 0.00189282 0.0503239
72 37 2 -0.803058 0.87071 -0.00126787 0.00166806 1.53301e+08 6.10562e+08 2.9038e+08 5.28625e+07 0 5.52413e+08 0 6.10562e+08 5.52413e+08 2.9038e+08 5.28625e+07 0.000496889 0.00120985 0.000216773 0.000397938 0.0488528
87 38 0 -0.918119 0.411931 -0.00142673 0.000750319 5.79384e+07 2.30755e+08 1.09746e+08 1.99788e+07 0 2.08778e+08 0 2.30755e+08 2.08778e+08 1.09746e+08 1.99788e+07 0.000998364 0.00317614 -0.00161047 0.00188443 0.0622399
84 38 1 -0.67388 0.460812 -0.00109797 0.00106746 3.17715e+07 1.26538e+08 6.0181e+07 1.09557e+07 0 1.14487e+08 0 1.26538e+08 1.14487e+08 6.0181e+07 1.09557e+07 0.00236142 -0.00136162 -0.00172526 0.00202517 0.0632019
79 38 2 -0.858444 0.638918 -0.0014864 0.00132599 6.69155e+07 2.66508e+08 1.2675e+08 2.30743e+07 0 2.41126e+08 0 2.66508e+08 2.41126e+08 1.2675e+08 2.30743e+07 0.000778806 0.00222136 0.000617555 0.00176884 0.0547957
75 39 0 -0.2 1.02118e-23 -1.69908e-27 3.62796e-26 9.30103e+07 3.70438e+08 1.76178e+08 3.20725e+07 0 3.35158e+08 0 3.70438e+08 3.35158e+08 1.76178e+08 3.20725e+07 6.39314e-26 6.90555e-25 -0.000467342 0.00130608 0.101091
68 39 1 -0.0733339 0.243513 -4.42836e-05 0.000490343 3.36861e+07 1.34164e+08 6.38075e+07 1.16159e+07 0 1.21386e+08 0 1.34164e+08 1.21386e+08 6.38075e+07 1.16159e+07 0.00132699 0.00110358 -2.39034e-05 0.00372313 0.080486
77 39 2 -0.294447 0.257867 -0.000274592 0.000424544 5.00946e+07 1.99515e+08 9.48882e+07 1.7274e+07 0 1.80513e+08 0 1.99515e+08 1.80513e+08 9.48882e+07 1.7274e+07 0.00124381 0.00207808 -0.000228932 0.00200131 0.0786247
69 40 0 -0.289179 0.643539 -0.000337372 0.00145522 3.89997e+07 1.55327e+08 7.38725e+07 1.34482e+07 0 1.40534e+08 0 1.55327e+08 1.40534e+08 7.38725e+07 1.34482e+07 0.00157521 -0.000596786 -0.001045 0.00255887 0.0573355
71 40 1 -0.398996 0.825705 -0.000666186 0.00193939 4.3977e+07 1.7515e+08 8.33004e+07 1.51645e+07 0 1.58469e+08 0 1.7515e+08 1.58469e+08 8.33004e+07 1.51645e+07 0.00156718 -0.000485889 0.00036756 0.00154626 0.0506391
78 40 2 -0.425966 0.510741 -0.000563597 0.000931049 1.39144e+07 5.54177e+07 2.63564e+07 4.79807e+06 0 5.01398e+07 0 5.54177e+07 5.01398e+07 2.63564e+07 4.79807e+06 0.0028047 0.00130012 -5.94059e-05 0.0046109 0.0627207
48 41 0 -0.373193 1.37183 -0.000741724 0.00270866 4.49484e+07 1.79019e+08 8.51403e+07 1.54994e+07 0 1.61969e+08 0 1.79019e+08 1.61969e+08 8.51403e+07 1.54994e+07 0.00173052 0.000251576 0.000432779 0.00224361 0.0406298
59 41 1 -0.388967 1.11816 -0.000662506 0.00229577 7.95087e+07 3.16664e+08 1.50604e+08 2.74168e+07 0 2.86506e+08 0 3.16664e+08 2.86506e+08 1.50604e+08 2.74168e+07 0.0014742 -0.00173805 -0.000446686 0.000967165 0.0438525
49 41 2 -0.12264 1.22232 -0.00025053 0.00220483 1.95458e+07 7.78464e+07 3.70233e+07 6.73995e+06 0 7.04325e+07 0 7.78464e+07 7.04325e+07 3.70233e+07 6.73995e+06 0.00206426 -0.000130608 0.000699808 0.00210814 0.0420807
51 42 0 -0.842939 1.38836 -0.00212967 0.0031308 2.04884e+06 8.16002e+06 3.88086e+06 706495 0 7.38288e+06 0 8.16002e+06 7.38288e+06 3.88086e+06 706495 0.00640707 0.00745834 -0.00419662 0.00860202 0.0422987
55 42 1 -0.604482 1.27507 -0.00109196 0.0025596 5.27472e+07 2.10079e+08 9.99126e+07 1.81887e+07 0 1.90072e+08 0 2.10079e+08 1.90072e+08 9.99126e+07 1.81887e+07 0.00136623 0.00198947 -0.000430682 0.00160415 0.0420735
43 42 2 -0.71191 1.47245 -0.00143473 0.00324043 2.22253e+07 8.85178e+07 4.20986e+07 7.66388e+06 0 8.00875e+07 0 8.85178e+07 8.00875e+07 4.20986e+07 7.66388e+06 0.00288961 -0.00420734 -0.000726247 0.0040875 0.0411828
51 43 0 -0.842939 1.38836 -0.00212967 0.0031308 2.04884e+06 8.16002e+06 3.88086e+06 706495 0 7.38288e+06 0 8.16002e+06 7.38288e+06 3.88086e+06 706495 0.00640707 0.00745834 -0.00419662 0.00860202 0.0422987
52 43 1 -0.9569 1.27662 -0.00200474 0.00201922 4.78191e+07 1.90452e+08 9.0578e+07 1.64894e+07 0 1.72314e+08 0 1.90452e+08 1.72314e+08 9.0578e+07 1.64894e+07 0.000677796 0.00200049 -0.00526491 0.00164689 0.0437213
62 43 2 -0.808312 1.1329 -0.00136743 0.00196306 3.60923e+07 1.43747e+08 6.83653e+07 1.24456e+07 0 1.30057e+08 0 1.43747e+08 1.30057e+08 6.83653e+07 1.24456e+07 0.00160904 0.00131122 -0.00093408 0.00190288 0.0443506
55 44 0 -0.604482 1.27507 -0.00109196 0.0025596 5.27472e+07 2.10079e+08 9.99126e+07 1.81887e+07 0 1.90072e+08 0 2.10079e+08 1.90072e+08 9.99126e+07 1.81887e+07 0.00136623 0.00198947 -0.000430682 0.00160415 0.0420735
48 44 1 -0.373193 1.37183 -0.000741724 0.00270866 4.49484e+07 1.79019e+08 8.51403e+07 1.54994e+07 0 1.61969e+08 0 1.79019e+08 1.61969e+08 8.51403e+07 1.54994e+07 0.00173052 0.000251576 0.000432779 0.00224361 0.0406298
42 44 2 -0.580612 1.55611 -0.00113535 0.00323142 3.14307e+07 1.25181e+08 5.95353e+07 1.08382e+07 0 1.13259e+08 0 1.25181e+08 1.13259e+08 5.95353e+07 1.08382e+07 0.00225163 -0.000476878 -0.000185394 0.00304834 0.0403035
35 45 0 0.565856 0.655352 0.000926533 0.00147105 6.16846e+07 2.45675e+08 1.16842e+08 2.12706e+07 0 2.22277e+08 0 2.45675e+08 2.22277e+08 1.16842e+08 2.12706e+07 0.0017236 0.00171809 -0.00038622 -2.12723e-05 0.0559446
45 45 1 0.412132 0.446153 0.000531974 0.00075223 1.03721e+07 4.13095e+07 1.96466e+07 3.57658e+06 0 3.73753e+07 0 4.13095e+07 3.73753e+07 1.96466e+07 3.57658e+06 0.00271401 -0.00056935 -0.000258611 0.00371396 0.0661604
33 45 2 0.667135 0.438682 0.00126659 0.000842287 6.56723e+06 2.61557e+07 1.24395e+07 2.26456e+06 0 2.36647e+07 0 2.61557e+07 2.36647e+07 1.24395e+07 2.26456e+06 0.00313564 0.00152678 0.0032614 0.00485644 0.0644415
57 46 0 0.0584796 0.690211 -6.20584e-06 0.00156335 1.13687e+08 4.52786e+08 2.15343e+08 3.92023e+07 0 4.09664e+08 0 4.52786e+08 4.09664e+08 2.15343e+08 3.92023e+07 0.00029972 0.000695939 -0.00163142 0.00133349 0.0558316
47 46 1 0.306548 0.662299 0.00031813 0.00147588 3.45036e+07 1.3742e+08 6.53561e+07 1.18978e+07 0 1.24332e+08 0 1.3742e+08 1.24332e+08 6.53561e+07 1.18978e+07 0.00326507 -0.000715575 -0.000416325 0.00132662 0.0565778
44 46 2 0.203826 0.884818 -9.56952e-05 0.00190657 5.67329e+07 2.25953e+08 1.07462e+08 1.95631e+07 0 2.04434e+08 0 2.25953e+08 2.04434e+08 1.07462e+08 1.95631e+07 0.000831807 0.000868082 -0.000360188 0.0019031 0.0491909
57 47 0 0.0584796 0.690211 -6.20584e-06 0.00156335 1.13687e+08 4.52786e+08 2.15343e+08 3.92023e+07 0 4.09664e+08 0 4.52786e+08 4.09664e+08 2.15343e+08 3.92023e+07 0.00029972 0.000695939 -0.00163142 0.00133349 0.0558316
58 47 1 0.137363 0.435865 0.000112647 0.00111202 5.35511e+07 2.13281e+08 1.01435e+08 1.84659e+07 0 1.92969e+08 0 2.13281e+08 1.92969e+08 1.01435e+08 1.84659e+07 0.000662324 -0.000684415 -0.000523436 0.00228167 0.0678816
47 47 2 0.306548 0.662299 0.00031813 0.00147588 3.45036e+07 1.3742e+08 6.53561e+07 1.18978e+07 0 1.24332e+08 0 1.3742e+08 1.24332e+08 6.53561e+07 1.18978e+07 0.00326507 -0.000715575 -0.000416325 0.00132662 0.0565778
58 48 0 0.137363 0.435865 0.000112647 0.00111202 5.35511e+07 2.13281e+08 1.01435e+08 1.84659e+07 0 1.92969e+08 0 2.13281e+08 1.92969e+08 1.01435e+08 1.84659e+07 0.000662324 -0.000684415 -0.000523436 0.00228167 0.0678816
56 48 1 0.112452 0.196798 0.000150575 0.000368393 1.94289e+07 7.73806e+07 3.68018e+07 6.69962e+06 0 7.0011e+07 0 7.73806e+07 7.0011e+07 3.68018e+07 6.69962e+06 0.00157067 0.00017956 0.000755969 0.00458939 0.0839577
46 48 2 0.304365 0.228542 0.000353445 0.000369875 7.42733e+07 2.95813e+08 1.40687e+08 2.56115e+07 0 2.6764e+08 0 2.95813e+08 2.6764e+08 1.40687e+08 2.56115e+07 0.00104394 -0.000490506 0.00151735 0.00100618 0.0807147
47 49 0 0.306548 0.662299 0.00031813 0.00147588 3.45036e+07 1.3742e+08 6.53561e+07 1.18978e+07 0 1.24332e+08 0 1.3742e+08 1.24332e+08 6.53561e+07 1.18978e+07 0.00326507 -0.000715575 -0.000416325 0.00132662 0.0565778
58 49 1 0.137363 0.435865 0.000112647 0.00111202 5.35511e+07 2.13281e+08 1.01435e+08 1.84659e+07 0 1.92969e+08 0 2.13281e+08 1.92969e+08 1.01435e+08 1.84659e+07 0.000662324 -0.000684415 -0.000523436 0.00228167 0.0678816
45 49 2 0.412132 0.446153 0.000531974 0.00075223 1.03721e+07 4.13095e+07 1.96466e+07 3.57658e+06 0 3.73753e+07 0 4.13095e+07 3.73753e+07 1.96466e+07 3.57658e+06 0.00271401 -0.00056935 -0.000258611 0.00371396 0.0661604
57 50 0 0.0584796 0.690211 -6.20584e-06 0.00156335 1.13687e+08 4.52786e+08 2.15343e+08 3.92023e+07 0 4.09664e+08 0 4.52786e+08 4.09664e+08 2.15343e+08 3.92023e+07 0.00029972 0.000695939 -0.00163142 0.00133349 0.0558316
70 50 1 -0.137365 0.494413 -0.000102904 0.00111187 6.11268e+07 2.43453e+08 1.15785e+08 2.10782e+07 0 2.20267e+08 0 2.43453e+08 2.20267e+08 1.15785e+08 2.10782e+07 0.000817461 0.00158009 0.0001039 0.00191616 0.0646626
58 50 2 0.137363 0.435865 0.000112647 0.00111202 5.35511e+07 2.13281e+08 1.01435e+08 1.84659e+07 0 1.92969e+08 0 2.13281e+08 1.92969e+08 1.01435e+08 1.84659e+07 0.000662324 -0.000684415 -0.000523436 0.00228167 0.0678816
77 51 0 -0.294447 0.257867 -0.000274592 0.000424544 5.00946e+07 1.99515e+08 9.48882e+07 1.7274e+07 0 1.80513e+08 0 1.99515e+08 1.80513e+08 9.48882e+07 1.7274e+07 0.00124381 0.00207808 -0.000228932 0.00200131 0.0786247
68 51 1 -0.0733339 0.243513 -4.42836e-05 0.000490343 3.36861e+07 1.34164e+08 6.38075e+07 1.16159e+07 0 1.21386e+08 0 1.34164e+08 1.21386e+08 6.38075e+07 1.16159e+07 0.00132699 0.00110358 -2.39034e-05 0.00372313 0.080486
70 51 2 -0.137365 0.494413 -0.000102904 0.00111187 6.11268e+07 2.43453e+08 1.15785e+08 2.10782e+07 0 2.20267e+08 0 2.43453e+08 2.20267e+08 1.15785e+08 2.10782e+07 0.000817461 0.00158009 0.0001039 0.00191616 0.0646626
85 52 0 -0.51884 0.247452 -0.000437951 0.000412992 1.04351e+08 4.15606e+08 1.9766e+08 3.59832e+07 0 3.76024e+08 0 4.15606e+08 3.76024e+08 1.9766e+08 3.59832e+07 0.000417489 -0.0014196 -0.00189623 0.00120096 0.0774095
77 52 1 -0.294447 0.257867 -0.000274592 0.000424544 5.00946e+07 1.99515e+08 9.48882e+07 1.7274e+07 0 1.80513e+08 0 1.99515e+08 1.80513e+08 9.48882e+07 1.7274e+07 0.00124381 0.00207808 -0.000228932 0.00200131 0.0786247
78 52 2 -0.425966 0.510741 -0.000563597 0.000931049 1.39144e+07 5.54177e+07 2.63564e+07 4.79807e+06 0 5.01398e+07 0 5.54177e+07 5.01398e+07 2.63564e+07 4.79807e+06 0.0028047 0.00130012 -5.94059e-05 0.0046109 0.0627207
85 53 0 -0.51884 0.247452 -0.000437951 0.000412992 1.04351e+08 4.15606e+08 1.9766e+08 3.59832e+07 0 3.76024e+08 0 4.15606e+08 3.76024e+08 1.9766e+08 3.59832e+07 0.000417489 -0.0014196 -0.00189623 0.00120096 0.0774095
83 53 1 -0.4 1.01523e-23 -4.34805e-27 3.62831e-26 1.05393e+08 4.19754e+08 1.99633e+08 3.63424e+07 0 3.79778e+08 0 4.19754e+08 3.79778e+08 1.99633e+08 3.63424e+07 0.000103909 -0.000298293 -0.00139304 0.00131196 0.0996821
77 53 2 -0.294447 0.257867 -0.000274592 0.000424544 5.00946e+07 1.99515e+08 9.48882e+07 1.7274e+07 0 1.80513e+08 0 1.99515e+08 1.80513e+08 9.48882e+07 1.7274e+07 0.00124381 0.00207808 -0.000228932 0.00200131 0.0786247
75 54 0 -0.2 1.02118e-23 -1.69908e-27 3.62796e-26 9.30103e+07 3.70438e+08 1.76178e+08 3.20725e+07 0 3.35158e+08 0 3.70438e+08 3.35158e+08 1.76178e+08 3.20725e+07 6.39314e-26 6.90555e-25 -0.000467342 0.00130608 0.101091
66 54 1 2.49704e-17 1.03346e-23 1.41876e-28 4.03723e-26 1.35876e+08 5.4116e+08 2.57373e+08 4.68537e+07 0 4.89621e+08 0 5.4116e+08 4.89621e+08 2.57373e+08 4.68537e+07 -2.40359e-26 5.37141e-25 -9.52203e-05 0.000747606 0.10153
68 54 2 -0.0733339 0.243513 -4.42836e-05 0.000490343 3.36861e+07 1.34164e+08 6.38075e+07 1.16159e+07 0 1.21386e+08 0 1.34164e+08 1.21386e+08 6.38075e+07 1.16159e+07 0.00132699 0.00110358 -2.39034e-05 0.00372313 0.080486
66 55 0 2.49704e-17 1.03346e-23 1.41876e-28 4.03723e-26 1.35876e+08 5.4116e+08 2.57373e+08 4.68537e+07 0 4.89621e+08 0 5.4116e+08 4.89621e+08 2.57373e+08 4.68537e+07 -2.40359e-26 5.37141e-25 -9.52203e-05 0.000747606 0.10153
54 55 1 0.2 1.01e-23 4.98125e-27 3.95481e-26 1.10931e+08 4.41812e+08 2.10124e+08 3.82521e+07 0 3.99735e+08 0 4.41812e+08 3.99735e+08 2.10124e+08 3.82521e+07 -2.09755e-05 0.000687932 0.00110939 0.0012898 0.101094
56 55 2 0.112452 0.196798 0.000150575 0.000368393 1.94289e+07 7.73806e+07 3.68018e+07 6.69962e+06 0 7.0011e+07 0 7.73806e+07 7.0011e+07 3.68018e+07 6.69962e+06 0.00157067 0.00017956 0.000755969 0.00458939 0.0839577
48 56 0 -0.373193 1.37183 -0.000741724 0.00270866 4.49484e+07 1.79019e+08 8.51403e+07 1.54994e+07 0 1.61969e+08 0 1.79019e+08 1.61969e+08 8.51403e+07 1.54994e+07 0.00173052 0.000251576 0.000432779 0.00224361 0.0406298
37 56 1 -0.393742 1.624 -0.000731803 0.00334349 3.61965e+07 1.44162e+08 6.85627e+07 1.24816e+07 0 1.30432e+08 0 1.44162e+08 1.30432e+08 6.85627e+07 1.24816e+07 0.00204372 -0.000135373 9.65495e-05 0.00283854 0.0395329
42 56 2 -0.580612 1.55611 -0.00113535 0.00323142 3.14307e+07 1.25181e+08 5.95353e+07 1.08382e+07 0 1.13259e+08 0 1.25181e+08 1.13259e+08 5.95353e+07 1.08382e+07 0.00225163 -0.000476878 -0.000185394 0.00304834 0.0403035
67 57 0 -0.598231 0.99155 -0.000997181 0.00211899 6.01487e+07 2.39558e+08 1.13932e+08 2.07409e+07 0 2.16743e+08 0 2.39558e+08 2.16743e+08 1.13932e+08 2.07409e+07 0.00191288 0.00123584 0.000575995 0.00107067 0.0463211
59 57 1 -0.388967 1.11816 -0.000662506 0.00229577 7.95087e+07 3.16664e+08 1.50604e+08 2.74168e+07 0 2.86506e+08 0 3.16664e+08 2.86506e+08 1.50604e+08 2.74168e+07 0.0014742 -0.00173805 -0.000446686 0.000967165 0.0438525
55 57 2 -0.604482 1.27507 -0.00109196 0.0025596 5.27472e+07 2.10079e+08 9.99126e+07 1.81887e+07 0 1.90072e+08 0 2.10079e+08 1.90072e+08 9.99126e+07 1.81887e+07 0.00136623 0.00198947 -0.000430682 0.00160415 0.0420735
49 58 0 -0.12264 1.22232 -0.00025053 0.00220483 1.95458e+07 7.78464e+07 3.70233e+07 6.73995e+06 0 7.04325e+07 0 7.78464e+07 7.04325e+07 3.70233e+07 6.73995e+06 0.00206426 -0.000130608 0.000699808 0.00210814 0.0420807
39 58 1 -0.159894 1.47586 -0.000301897 0.00293307 4.30906e+07 1.71619e+08 8.16213e+07 1.48588e+07 0 1.55275e+08 0 1.71619e+08 1.55275e+08 8.16213e+07 1.48588e+07 0.00189812 -0.00123523 0.000168352 0.00192133 0.0395812
48 58 2 -0.373193 1.37183 -0.000741724 0.00270866 4.49484e+07 1.79019e+08 8.51403e+07 1.54994e+07 0 1.61969e+08 0 1.79019e+08 1.61969e+08 8.51403e+07 1.54994e+07 0.00173052 0.000251576 0.000432779 0.00224361 0.0406298
54 59 0 0.2 1.01e-23 4.98125e-27 3.95481e-26 1.10931e+08 4.41812e+08 2.10124e+08 3.82521e+07 0 3.99735e+08 0 4.41812e+08 3.99735e+08 2.10124e+08 3.82521e+07 -2.09755e-05 0.000687932 0.00110939 0.0012898 0.101094
41 59 1 0.4 1.03244e-23 2.40859e-27 2.81438e-26 4.55247e+07 1.81314e+08 8.62319e+07 1.56982e+07 0 1.64046e+08 0 1.81314e+08 1.64046e+08 8.62319e+07 1.56982e+07 0.000621635 0.000131671 0.00227265 0.00208049 0.0997017
46 59 2 0.304365 0.228542 0.000353445 0.000369875 7.42733e+07 2.95813e+08 1.40687e+08 2.56115e+07 0 2.6764e+08 0 2.95813e+08 2.6764e+08 1.40687e+08 2.56115e+07 0.00104394 -0.000490506 0.00151735 0.00100618 0.0807147
37 60 0 -0.393742 1.624 -0.000731803 0.00334349 3.61965e+07 1.44162e+08 6.85627e+07 1.24816e+07 0 1.30432e+08 0 1.44162e+08 1.30432e+08 6.85627e+07 1.24816e+07 0.00204372 -0.000135373 9.65495e-05 0.00283854 0.0395329
48 60 1 -0.373193 1.37183 -0.000741724 0.00270866 4.49484e+07 1.79019e+08 8.51403e+07 1.54994e+07 0 1.61969e+08 0 1.79019e+08 1.61969e+08 8.51403e+07 1.54994e+07 0.00173052 0.000251576 0.000432779 0.00224361 0.0406298
39 60 2 -0.159894 1.47586 -0.000301897 0.00293307 4.30906e+07 1.71619e+08 8.16213e+07 1.48588e+07 0 1.55275e+08 0 1.71619e+08 1.55275e+08 8.16213e+07 1.48588e+07 0.00189812 -0.00123523 0.000168352 0.00192133 0.0395812
50 61 0 -0.0037283 0.965787 -0.000258168 0.00187315 1.06546e+08 4.24346e+08 2.01817e+08 3.67399e+07 0 3.83932e+08 0 4.24346e+08 3.83932e+08 2.01817e+08 3.67399e+07 0.000760127 -8.36879e-05 4.20505e-05 0.00105309 0.0470659
60 61 1 -0.218065 0.98817 -0.000442677 0.00197511 1.41871e+08 5.6504e+08 2.6873e+08 4.89212e+07 0 5.11226e+08 0 5.6504e+08 5.11226e+08 2.6873e+08 4.89212e+07 0.000673684 -0.000925187 -0.000111653 0.000464966 0.0464664
61 61 2 -0.15051 0.769685 -0.00028055 0.00165878 5.23013e+07 2.08303e+08 9.9068e+07 1.80349e+07 0 1.88465e+08 0 2.08303e+08 1.88465e+08 9.9068e+07 1.80349e+07 0.00121418 -0.000503954 -0.00129154 0.00157302 0.0528069
40 62 0 0.157603 1.1711 0.000144033 0.00226224 8.73736e+07 3.47988e+08 1.65501e+08 3.01288e+07 0 3.14846e+08 0 3.47988e+08 3.14846e+08 1.65501e+08 3.01288e+07 0.00105883 0.0018049 7.1465e-05 0.000920449 0.0429115
50 62 1 -0.0037283 0.965787 -0.000258168 0.00187315 1.06546e+08 4.24346e+08 2.01817e+08 3.67399e+07 0 3.83932e+08 0 4.24346e+08 3.83932e+08 2.01817e+08 3.67399e+07 0.000760127 -8.36879e-05 4.20505e-05 0.00105309 0.0470659
44 62 2 0.203826 0.884818 -9.56952e-05 0.00190657 5.67329e+07 2.25953e+08 1.07462e+08 1.95631e+07 0 2.04434e+08 0 2.25953e+08 2.04434e+08 1.07462e+08 1.95631e+07 0.000831807 0.000868082 -0.000360188 0.0019031 0.0491909
40 63 0 0.157603 1.1711 0.000144033 0.00226224 8.73736e+07 3.47988e+08 1.65501e+08 3.01288e+07 0 3.14846e+08 0 3.47988e+08 3.14846e+08 1.65501e+08 3.01288e+07 0.00105883 0.0018049 7.1465e-05 0.000920449 0.0429115
49 63 1 -0.12264 1.22232 -0.00025053 0.00220483 1.95458e+07 7.78464e+07 3.70233e+07 6.73995e+06 0 7.04325e+07 0 7.78464e+07 7.04325e+07 3.70233e+07 6.73995e+06 0.00206426 -0.000130608 0.000699808 0.00210814 0.0420807
50 63 2 -0.0037283 0.965787 -0.000258168 0.00187315 1.06546e+08 4.24346e+08 2.01817e+08 3.67399e+07 0 3.83932e+08 0 4.24346e+08 3.83932e+08 2.01817e+08 3.67399e+07 0.000760127 -8.36879e-05 4.20505e-05 0.00105309 0.0470659
38 64 0 0.0883352 1.43074 6.90546e-05 0.00262613 6.7464e+07 2.68693e+08 1.27789e+08 2.32635e+07 0 2.43103e+08 0 2.68693e+08 2.43103e+08 1.27789e+08 2.32635e+07 0.00101686 -0.000593995 -0.000574385 0.00162052 0.0398551
39 64 1 -0.159894 1.47586 -0.000301897 0.00293307 4.30906e+07 1.71619e+08 8.16213e+07 1.48588e+07 0 1.55275e+08 0 1.71619e+08 1.55275e+08 8.16213e+07 1.48588e+07 0.00189812 -0.00123523 0.000168352 0.00192133 0.0395812
49 64 2 -0.12264 1.22232 -0.00025053 0.00220483 1.95458e+07 7.78464e+07 3.70233e+07 6.73995e+06 0 7.04325e+07 0 7.78464e+07 7.04325e+07 3.70233e+07 6.73995e+06 0.00206426 -0.000130608 0.000699808 0.00210814 0.0420807
39 65 0 -0.159894 1.47586 -0.000301897 0.00293307 4.30906e+07 1.71619e+08 8.16213e+07 1.48588e+07 0 1.55275e+08 0 1.71619e+08 1.55275e+08 8.16213e+07 1.48588e+07 0.00189812 -0.00123523 0.000168352 0.00192133 0.0395812
27 65 1 -0.198898 1.66357 -0.000282937 0.00340937 3.32053e+07 1.32249e+08 6.28967e+07 1.14501e+07 0 1.19653e+08 0 1.32249e+08 1.19653e+08 6.28967e+07 1.14501e+07 0.00212711 -0.0026379 0.000880176 0.00242327 0.03907
37 65 2 -0.393742 1.624 -0.000731803 0.00334349 3.61965e+07 1.44162e+08 6.85627e+07 1.24816e+07 0 1.30432e+08 0 1.44162e+08 1.30432e+08 6.85627e+07 1.24816e+07 0.00204372 -0.000135373 9.65495e-05 0.00283854 0.0395329
40 66 0 0.157603 1.1711 0.000144033 0.00226224 8.73736e+07 3.47988e+08 1.65501e+08 3.01288e+07 0 3.14846e+08 0 3.47988e+08 3.14846e+08 1.65501e+08 3.01288e+07 0.00105883 0.0018049 7.1465e-05 0.000920449 0.0429115
38 66 1 0.0883352 1.43074 6.90546e-05 0.00262613 6.7464e+07 2.68693e+08 1.27789e+08 2.32635e+07 0 2.43103e+08 0 2.68693e+08 2.43103e+08 1.27789e+08 2.32635e+07 0.00101686 -0.000593995 -0.000574385 0.00162052 0.0398551
49 66 2 -0.12264 1.22232 -0.00025053 0.00220483 1.95458e+07 7.78464e+07 3.70233e+07 6.73995e+06 0 7.04325e+07 0 7.78464e+07 7.04325e+07 3.70233e+07 6.73995e+06 0.00206426 -0.000130608 0.000699808 0.00210814 0.0420807
28 67 0 -0.0010181 1.6829 -1.47833e-05 0.00303491 8.73284e+07 3.47808e+08 1.65416e+08 3.01132e+07 0 3.14683e+08 0 3.47808e+08 3.14683e+08 1.65416e+08 3.01132e+07 0.000783491 -0.00124888 0.000547385 0.000968642 0.0389216
27 67 1 -0.198898 1.66357 -0.000282937 0.00340937 3.32053e+07 1.32249e+08 6.28967e+07 1.14501e+07 0 1.19653e+08 0 1.32249e+08 1.19653e+08 6.28967e+07 1.14501e+07 0.00212711 -0.0026379 0.000880176 0.00242327 0.03907
39 67 2 -0.159894 1.47586 -0.000301897 0.00293307 4.30906e+07 1.71619e+08 8.16213e+07 1.48588e+07 0 1.55275e+08 0 1.71619e+08 1.55275e+08 8.16213e+07 1.48588e+07 0.00189812 -0.00123523 0.000168352 0.00192133 0.0395812
34 68 0 0.524311 0.226285 0.000543117 0.000292641 1.12451e+08 4.47865e+08 2.13002e+08 3.87762e+07 0 4.05211e+08 0 4.47865e+08 4.05211e+08 2.13002e+08 3.87762e+07 -8.40218e-05 -0.000747129 0.00149911 -0.000205056 0.0788961
41 68 1 0.4 1.03244e-23 2.40859e-27 2.81438e-26 4.55247e+07 1.81314e+08 8.62319e+07 1.56982e+07 0 1.64046e+08 0 1.81314e+08 1.64046e+08 8.62319e+07 1.56982e+07 0.000621635 0.000131671 0.00227265 0.00208049 0.0997017
31 68 2 0.6 1.02119e-23 2.66622e-27 3.2762e-26 1.00132e+08 3.98802e+08 1.89668e+08 3.45283e+07 0 3.60821e+08 0 3.98802e+08 3.60821e+08 1.89668e+08 3.45283e+07 7.56325e-26 5.20245e-25 0.00347119 0.000932082 0.097013
58 69 0 0.137363 0.435865 0.000112647 0.00111202 5.35511e+07 2.13281e+08 1.01435e+08 1.84659e+07 0 1.92969e+08 0 2.13281e+08 1.92969e+08 1.01435e+08 1.84659e+07 0.000662324 -0.000684415 -0.000523436 0.00228167 0.0678816
46 69 1 0.304365 0.228542 0.000353445 0.000369875 7.42733e+07 2.95813e+08 1.40687e+08 2.56115e+07 0 2.6764e+08 0 2.95813e+08 2.6764e+08 1.40687e+08 2.56115e+07 0.00104394 -0.000490506 0.00151735 0.00100618 0.0807147
45 69 2 0.412132 0.446153 0.000531974 0.00075223 1.03721e+07 4.13095e+07 1.96466e+07 3.57658e+06 0 3.73753e+07 0 4.13095e+07 3.73753e+07 1.96466e+07 3.57658e+06 0.00271401 -0.00056935 -0.000258611 0.00371396 0.0661604
56 70 0 0.112452 0.196798 0.000150575 0.000368393 1.94289e+07 7.73806e+07 3.68018e+07 6.69962e+06 0 7.0011e+07 0 7.73806e+07 7.0011e+07 3.68018e+07 6.69962e+06 0.00157067 0.00017956 0.000755969 0.00458939 0.0839577
54 70 1 0.2 1.01e-23 4.98125e-27 3.95481e-26 1.10931e+08 4.41812e+08 2.10124e+08 3.82521e+07 0 3.99735e+08 0 4.41812e+08 3.99735e+08 2.10124e+08 3.82521e+07 -2.09755e-05 0.000687932 0.00110939 0.0012898 0.101094
46 70 2 0.304365 0.228542 0.000353445 0.000369875 7.42733e+07 2.95813e+08 1.40687e+08 2.56115e+07 0 2.6764e+08 0 2.95813e+08 2.6764e+08 1.40687e+08 2.56115e+07 0.00104394 -0.000490506 0.00151735 0.00100618 0.0807147
12 71 0 1.16533 0.366459 0.00174251 0.000558073 5.00157e+07 1.992e+08 9.47387e+07 1.72468e+07 0 1.80229e+08 0 1.992e+08 1.80229e+08 9.47387e+07 1.72468e+07 0.00142852 -0.00188799 0.000743613 0.00117289 0.0603882
0 71 1 1.3584 0.220356 0.00195032 0.000213485 6.59157e+07 2.62526e+08 1.24856e+08 2.27295e+07 0 2.37524e+08 0 2.62526e+08 2.37524e+08 1.24856e+08 2.27295e+07 0.000722541 -9.15354e-05 -0.000745807 0.000928294 0.0612931
1 71 2 1.3648 0.393948 0.00198201 0.000393175 1.2359e+08 4.92231e+08 2.34102e+08 4.26174e+07 0 4.45352e+08 0 4.92231e+08 4.45352e+08 2.34102e+08 4.26174e+07 0.000345616 -0.000500223 0.00244918 0.000442433 0.0584882
3 72 0 1.30349 0.72807 0.00217406 0.00123202 3.40734e+07 1.35706e+08 6.45412e+07 1.17495e+07 0 1.22782e+08 0 1.35706e+08 1.22782e+08 6.45412e+07 1.17495e+07 0.0021596 -1.2657e-05 0.000721323 0.00274177 0.0527071
14 72 1 1.10541 0.625435 0.00181871 0.00102152 7.36529e+07 2.93342e+08 1.39512e+08 2.53976e+07 0 2.65405e+08 0 2.93342e+08 2.65405e+08 1.39512e+08 2.53976e+07 0.000866677 0.000172874 0.000434316 0.000846419 0.0543113
4 72 2 1.36702 0.567645 0.00227788 0.000690685 2.36611e+07 9.42364e+07 4.48184e+07 8.159e+06 0 8.52615e+07 0 9.42364e+07 8.52615e+07 4.48184e+07 8.159e+06 0.00274692 -0.00187401 7.36296e-05 0.00300797 0.0554444
33 73 0 0.667135 0.438682 0.00126659 0.000842287 6.56723e+06 2.61557e+07 1.24395e+07 2.26456e+06 0 2.36647e+07 0 2.61557e+07 2.36647e+07 1.24395e+07 2.26456e+06 0.00313564 0.00152678 0.0032614 0.00485644 0.0644415
21 73 1 0.920415 0.42174 0.00157223 0.000765028 1.0559e+08 4.20538e+08 2.00006e+08 3.64102e+07 0 3.80487e+08 0 4.20538e+08 3.80487e+08 2.00006e+08 3.64102e+07 0.000503487 -0.000808863 0.00126529 0.000776513 0.0620184
23 73 2 0.831633 0.637634 0.0014396 0.00126918 4.1888e+07 1.6683e+08 7.93434e+07 1.44441e+07 0 1.50941e+08 0 1.6683e+08 1.50941e+08 7.93434e+07 1.44441e+07 0.00170368 -0.00226809 -0.000621397 0.00230189 0.0551962
12 74 0 1.16533 0.366459 0.00174251 0.000558073 5.00157e+07 1.992e+08 9.47387e+07 1.72468e+07 0 1.80229e+08 0 1.992e+08 1.80229e+08 9.47387e+07 1.72468e+07 0.00142852 -0.00188799 0.000743613 0.00117289 0.0603882
1 74 1 1.3648 0.393948 0.00198201 0.000393175 1.2359e+08 4.92231e+08 2.34102e+08 4.26174e+07 0 4.45352e+08 0 4.92231e+08 4.45352e+08 2.34102e+08 4.26174e+07 0.000345616 -0.000500223 0.00244918 0.000442433 0.0584882
4 74 2 1.36702 0.567645 0.00227788 0.000690685 2.36611e+07 9.42364e+07 4.48184e+07 8.159e+06 0 8.52615e+07 0 9.42364e+07 8.52615e+07 4.48184e+07 8.159e+06 0.00274692 -0.00187401 7.36296e-05 0.00300797 0.0554444
13 75 0 0.977017 0.198088 0.00108845 0.000380399 4.57149e+07 1.82072e+08 8.65923e+07 1.57638e+07 0 1.64731e+08 0 1.82072e+08 1.64731e+08 8.65923e+07 1.57638e+07 0.00133858 -0.000538243 0.00427547 0.00269592 0.0707104
12 75 1 1.16533 0.366459 0.00174251 0.000558073 5.00157e+07 1.992e+08 9.47387e+07 1.72468e+07 0 1.80229e+08 0 1.992e+08 1.80229e+08 9.47387e+07 1.72468e+07 0.00142852 -0.00188799 0.000743613 0.00117289 0.0603882
21 75 2 0.920415 0.42174 0.00157223 0.000765028 1.0559e+08 4.20538e+08 2.00006e+08 3.64102e+07 0 3.80487e+08 0 4.20538e+08 3.80487e+08 2.00006e+08 3.64102e+07 0.000503487 -0.000808863 0.00126529 0.000776513 0.0620184
13 76 0 0.977017 0.198088 0.00108845 0.000380399 4.57149e+07 1.82072e+08 8.65923e+07 1.57638e+07 0 1.64731e+08 0 1.82072e+08 1.64731e+08 8.65923e+07 1.57638e+07 0.00133858 -0.000538243 0.00427547 0.00269592 0.0707104
2 76 1 1.19755 0.0928035 0.00145759 -0.000521627 3.62041e+06 1.44192e+07 6.85772e+06 1.24842e+06 0 1.3046e+07 0 1.44192e+07 1.3046e+07 6.85772e+06 1.24842e+06 0.00439057 0.00305904 0.0020238 0.00685594 0.0663314
12 76 2 1.16533 0.366459 0.00174251 0.000558073 5.00157e+07 1.992e+08 9.47387e+07 1.72468e+07 0 1.80229e+08 0 1.992e+08 1.80229e+08 9.47387e+07 1.72468e+07 0.00142852 -0.00188799 0.000743613 0.00117289 0.0603882
33 77 0 0.667135 0.438682 0.00126659 0.000842287 6.56723e+06 2.61557e+07 1.24395e+07 2.26456e+06 0 2.36647e+07 0 2.61557e+07 2.36647e+07 1.24395e+07 2.26456e+06 0.00313564 0.00152678 0.0032614 0.00485644 0.0644415
22 77 1 0.749982 0.219694 0.000812458 0.000347425 3.17953e+07 1.26633e+08 6.0226e+07 1.09639e+07 0 1.14573e+08 0 1.26633e+08 1.14573e+08 6.0226e+07 1.09639e+07 0.00201954 0.000238059 0.00254638 0.00206822 0.0756437
21 77 2 0.920415 0.42174 0.00157223 0.000765028 1.0559e+08 4.20538e+08 2.00006e+08 3.64102e+07 0 3.80487e+08 0 4.20538e+08 3.80487e+08 2.00006e+08 3.64102e+07 0.000503487 -0.000808863 0.00126529 0.000776513 0.0620184
14 78 0 1.10541 0.625435 0.00181871 0.00102152 7.36529e+07 2.93342e+08 1.39512e+08 2.53976e+07 0 2.65405e+08 0 2.93342e+08 2.65405e+08 1.39512e+08 2.53976e+07 0.000866677 0.000172874 0.000434316 0.000846419 0.0543113
3 78 1 1.30349 0.72807 0.00217406 0.00123202 3.40734e+07 1.35706e+08 6.45412e+07 1.17495e+07 0 1.22782e+08 0 1.35706e+08 1.22782e+08 6.45412e+07 1.17495e+07 0.0021596 -1.2657e-05 0.000721323 0.00274177 0.0527071
8 78 2 1.23894 0.888095 0.00200516 0.00176428 2.00481e+07 7.98466e+07 3.79746e+07 6.91312e+06 0 7.22421e+07 0 7.98466e+07 7.22421e+07 3.79746e+07 6.91312e+06 0.0026621 0.00133012 -0.000808598 0.00404517 0.0499719
21 79 0 0.920415 0.42174 0.00157223 0.000765028 1.0559e+08 4.20538e+08 2.00006e+08 3.64102e+07 0 3.80487e+08 0 4.20538e+08 3.80487e+08 2.00006e+08 3.64102e+07 0.000503487 -0.000808863 0.00126529 0.000776513 0.0620184
14 79 1 1.10541 0.625435 0.00181871 0.00102152 7.36529e+07 2.93342e+08 1.39512e+08 2.53976e+07 0 2.65405e+08 0 2.93342e+08 2.65405e+08 1.39512e+08 2.53976e+07 0.000866677 0.000172874 0.000434316 0.000846419 0.0543113
23 79 2 0.831633 0.637634 0.0014396 0.00126918 4.1888e+07 1.6683e+08 7.93434e+07 1.44441e+07 0 1.50941e+08 0 1.6683e+08 1.50941e+08 7.93434e+07 1.44441e+07 0.00170368 -0.00226809 -0.000621397 0.00230189 0.0551962
21 80 0 0.920415 0.42174 0.00157223 0.000765028 1.0559e+08 4.20538e+08 2.00006e+08 3.64102e+07 0 3.80487e+08 0 4.20538e+08 3.80487e+08 2.00006e+08 3.64102e+07 0.000503487 -0.000808863 0.00126529 0.000776513 0.0620184
12 80 1 1.16533 0.366459 0.00174251 0.000558073 5.00157e+07 1.992e+08 9.47387e+07 1.72468e+07 0 1.80229e+08 0 1.992e+08 1.80229e+08 9.47387e+07 1.72468e+07 0.00142852 -0.00188799 0.000743613 0.00117289 0.0603882
14 80 2 1.10541 0.625435 0.00181871 0.00102152 7.36529e+07 2.93342e+08 1.39512e+08 2.53976e+07 0 2.65405e+08 0 2.93342e+08 2.65405e+08 1.39512e+08 2.53976e+07 0.000866677 0.000172874 0.000434316 0.000846419 0.0543113
14 81 0 1.10541 0.625435 0.00181871 0.00102152 7.36529e+07 2.93342e+08 1.39512e+08 2.53976e+07 0 2.65405e+08 0 2.93342e+08 2.65405e+08 1.39512e+08 2.53976e+07 0.000866677 0.000172874 0.000434316 0.000846419 0.0543113
12 81 1 1.16533 0.366459 0.00174251 0.000558073 5.00157e+07 1.992e+08 9.47387e+07 1.72468e+07 0 1.80229e+08 0 1.992e+08 1.80229e+08 9.47387e+07 1.72468e+07 0.00142852 -0.00188799 0.000743613 0.00117289 0.0603882
4 81 2 1.36702 0.567645 0.00227788 0.000690685 2.36611e+07 9.42364e+07 4.48184e+07 8.159e+06 0 8.52615e+07 0 9.42364e+07 8.52615e+07 4.48184e+07 8.159e+06 0.00274692 -0.00187401 7.36296e-05 0.00300797 0.0554444
16 82 0 0.888609 1.04071 0.00105558 0.0020117 1.14701e+08 4.56828e+08 2.17265e+08 3.95522e+07 0 4.1332e+08 0 4.56828e+08 4.1332e+08 2.17265e+08 3.95522e+07 0.000802912 -0.000397345 -0.000891068 0.000697373 0.0461164
17 82 1 0.988342 0.836428 0.00148277 0.00157708 2.66488e+07 1.06136e+08 5.04776e+07 9.18924e+06 0 9.60276e+07 0 1.06136e+08 9.60276e+07 5.04776e+07 9.18924e+06 0.00208233 -0.0014367 -0.00198237 0.00371843 0.0498551
7 82 2 1.14937 1.02858 0.00133561 0.0020013 6.35635e+07 2.53158e+08 1.20401e+08 2.19184e+07 0 2.29048e+08 0 2.53158e+08 2.29048e+08 1.20401e+08 2.19184e+07 0.00131243 0.000856917 -0.00134548 0.00124742 0.0475846
35 83 0 0.565856 0.655352 0.000926533 0.00147105 6.16846e+07 2.45675e+08 1.16842e+08 2.12706e+07 0 2.22277e+08 0 2.45675e+08 2.22277e+08 1.16842e+08 2.12706e+07 0.0017236 0.00171809 -0.00038622 -2.12723e-05 0.0559446
23 83 1 0.831633 0.637634 0.0014396 0.00126918 4.1888e+07 1.6683e+08 7.93434e+07 1.44441e+07 0 1.50941e+08 0 1.6683e+08 1.50941e+08 7.93434e+07 1.44441e+07 0.00170368 -0.00226809 -0.000621397 0.00230189 0.0551962
25 83 2 0.726147 0.849515 0.00111385 0.0018593 6.12319e+07 2.43872e+08 1.15984e+08 2.11144e+07 0 2.20646e+08 0 2.43872e+08 2.20646e+08 1.15984e+08 2.11144e+07 0.000897927 -0.00051472 -0.00116365 0.00167177 0.0496241
46 84 0 0.304365 0.228542 0.000353445 0.000369875 7.42733e+07 2.95813e+08 1.40687e+08 2.56115e+07 0 2.6764e+08 0 2.95813e+08 2.6764e+08 1.40687e+08 2.56115e+07 0.00104394 -0.000490506 0.00151735 0.00100618 0.0807147
34 84 1 0.524311 0.226285 0.000543117 0.000292641 1.12451e+08 4.47865e+08 2.13002e+08 3.87762e+07 0 4.05211e+08 0 4.47865e+08 4.05211e+08 2.13002e+08 3.87762e+07 -8.40218e-05 -0.000747129 0.00149911 -0.000205056 0.0788961
45 84 2 0.412132 0.446153 0.000531974 0.00075223 1.03721e+07 4.13095e+07 1.96466e+07 3.57658e+06 0 3.73753e+07 0 4.13095e+07 3.73753e+07 1.96466e+07 3.57658e+06 0.00271401 -0.00056935 -0.000258611 0.00371396 0.0661604
20 85 0 0.8 1.0331e-23 1.02313e-26 3.68289e-26 9.81916e+07 3.91074e+08 1.85993e+08 3.38592e+07 0 3.53828e+08 0 3.91074e+08 3.53828e+08 1.85993e+08 3.38592e+07 -5.21186e-27 -4.80816e-25 0.0053097 0.0011488 0.092157
11 85 1 1 5.33061e-24 6.88349e-27 2.60968e-26 4.92351e+07 1.96092e+08 9.32602e+07 1.69776e+07 0 1.77416e+08 0 1.96092e+08 1.77416e+08 9.32602e+07 1.69776e+07 0.0015953 -0.00667972 0.00817074 0.0011785 0.0810053
13 85 2 0.977017 0.198088 0.00108845 0.000380399 4.57149e+07 1.82072e+08 8.65923e+07 1.57638e+07 0 1.64731e+08 0 1.82072e+08 1.64731e+08 8.65923e+07 1.57638e+07 0.00133858 -0.000538243 0.00427547 0.00269592 0.0707104
17 86 0 0.988342 0.836428 0.00148277 0.00157708 2.66488e+07 1.06136e+08 5.04776e+07 9.18924e+06 0 9.60276e+07 0 1.06136e+08 9.60276e+07 5.04776e+07 9.18924e+06 0.00208233 -0.0014367 -0.00198237 0.00371843 0.0498551
8 86 1 1.23894 0.888095 0.00200516 0.00176428 2.00481e+07 7.98466e+07 3.79746e+07 6.91312e+06 0 7.22421e+07 0 7.98466e+07 7.22421e+07 3.79746e+07 6.91312e+06 0.0026621 0.00133012 -0.000808598 0.00404517 0.0499719
7 86 2 1.14937 1.02858 0.00133561 0.0020013 6.35635e+07 2.53158e+08 1.20401e+08 2.19184e+07 0 2.29048e+08 0 2.53158e+08 2.29048e+08 1.20401e+08 2.19184e+07 0.00131243 0.000856917 -0.00134548 0.00124742 0.0475846
13 87 0 0.977017 0.198088 0.00108845 0.000380399 4.57149e+07 1.82072e+08 8.65923e+07 1.57638e+07 0 1.64731e+08 0 1.82072e+08 1.64731e+08 8.65923e+07 1.57638e+07 0.00133858 -0.000538243 0.00427547 0.00269592 0.0707104
11 87 1 1 5.33061e-24 6.88349e-27 2.60968e-26 4.92351e+07 1.96092e+08 9.32602e+07 1.69776e+07 0 1.77416e+08 0 1.96092e+08 1.77416e+08 9.32602e+07 1.69776e+07 0.0015953 -0.00667972 0.00817074 0.0011785 0.0810053
2 87 2 1.19755 0.0928035 0.00145759 -0.000521627 3.62041e+06 1.44192e+07 6.85772e+06 1.24842e+06 0 1.3046e+07 0 1.44192e+07 1.3046e+07 6.85772e+06 1.24842e+06 0.00439057 0.00305904 0.0020238 0.00685594 0.0663314
0 88 0 1.3584 0.220356 0.00195032 0.000213485 6.59157e+07 2.62526e+08 1.24856e+08 2.27295e+07 0 2.37524e+08 0 2.62526e+08 2.37524e+08 1.24856e+08 2.27295e+07 0.000722541 -9.15354e-05 -0.000745807 0.000928294 0.0612931
12 88 1 1.16533 0.366459 0.00174251 0.000558073 5.00157e+07 1.992e+08 9.47387e+07 1.72468e+07 0 1.80229e+08 0 1.992e+08 1.80229e+08 9.47387e+07 1.72468e+07 0.00142852 -0.00188799 0.000743613 0.00117289 0.0603882
2 88 2 1.19755 0.0928035 0.00145759 -0.000521627 3.62041e+06 1.44192e+07 6.85772e+06 1.24842e+06 0 1.3046e+07 0 1.44192e+07 1.3046e+07 6.85772e+06 1.24842e+06 0.00439057 0.00305904 0.0020238 0.00685594 0.0663314
22 89 0 0.749982 0.219694 0.000812458 0.000347425 3.17953e+07 1.26633e+08 6.0226e+07 1.09639e+07 0 1.14573e+08 0 1.26633e+08 1.14573e+08 6.0226e+07 1.09639e+07 0.00201954 0.000238059 0.00254638 0.00206822 0.0756437
34 89 1 0.524311 0.226285 0.000543117 0.000292641 1.12451e+08 4.47865e+08 2.13002e+08 3.87762e+07 0 4.05211e+08 0 4.47865e+08 4.05211e+08 2.13002e+08 3.87762e+07 -8.40218e-05 -0.000747129 0.00149911 -0.000205056 0.0788961
31 89 2 0.6 1.02119e-23 2.66622e-27 3.2762e-26 1.00132e+08 3.98802e+08 1.89668e+08 3.45283e+07 0 3.60821e+08 0 3.98802e+08 3.60821e+08 1.89668e+08 3.45283e+07 7.56325e-26 5.20245e-25 0.00347119 0.000932082 0.097013
21 90 0 0.920415 0.42174 0.00157223 0.000765028 1.0559e+08 4.20538e+08 2.00006e+08 3.64102e+07 0 3.80487e+08 0 4.20538e+08 3.80487e+08 2.00006e+08 3.64102e+07 0.000503487 -0.000808863 0.00126529 0.000776513 0.0620184
22 90 1 0.749982 0.219694 0.000812458 0.000347425 3.17953e+07 1.26633e+08 6.0226e+07 1.09639e+07 0 1.14573e+08 0 1.26633e+08 1.14573e+08 6.0226e+07 1.09639e+07 0.00201954 0.000238059 0.00254638 0.00206822 0.0756437
13 90 2 0.977017 0.198088 0.00108845 0.000380399 4.57149e+07 1.82072e+08 8.65923e+07 1.57638e+07 0 1.64731e+08 0 1.82072e+08 1.64731e+08 8.65923e+07 1.57638e+07 0.00133858 -0.000538243 0.00427547 0.00269592 0.0707104
33 91 0 0.667135 0.438682 0.00126659 0.000842287 6.56723e+06 2.61557e+07 1.24395e+07 2.26456e+06 0 2.36647e+07 0 2.61557e+07 2.36647e+07 1.24395e+07 2.26456e+06 0.00313564 0.00152678 0.0032614 0.00485644 0.0644415
34 91 1 0.524311 0.226285 0.000543117 0.000292641 1.12451e+08 4.47865e+08 2.13002e+08 3.87762e+07 0 4.05211e+08 0 4.47865e+08 4.05211e+08 2.13002e+08 3.87762e+07 -8.40218e-05 -0.000747129 0.00149911 -0.000205056 0.0788961
22 91 2 0.749982 0.219694 0.000812458 0.000347425 3.17953e+07 1.26633e+08 6.0226e+07 1.09639e+07 0 1.14573e+08 0 1.26633e+08 1.14573e+08 6.0226e+07 1.09639e+07 0.00201954 0.000238059 0.00254638 0.00206822 0.0756437
16 92 0 0.888609 1.04071 0.00105558 0.0020117 1.14701e+08 4.56828e+08 2.17265e+08 3.95522e+07 0 4.1332e+08 0 4.56828e+08 4.1332e+08 2.17265e+08 3.95522e+07 0.000802912 -0.000397345 -0.000891068 0.000697373 0.0461164
15 92 1 0.762659 1.20599 0.000967064 0.00230514 3.91717e+07 1.56011e+08 7.41982e+07 1.35075e+07 0 1.41153e+08 0 1.56011e+08 1.41153e+08 7.41982e+07 1.35075e+07 0.00127187 -0.00122731 0.00150094 0.00268373 0.0435456
24 92 2 0.630871 1.06026 0.00075624 0.00220858 8.47326e+07 3.37469e+08 1.60499e+08 2.92181e+07 0 3.0533e+08 0 3.37469e+08 3.0533e+08 1.60499e+08 2.92181e+07 0.00162749 -0.00234307 -0.000929935 0.000351113 0.04524
23 93 0 0.831633 0.637634 0.0014396 0.00126918 4.1888e+07 1.6683e+08 7.93434e+07 1.44441e+07 0 1.50941e+08 0 1.6683e+08 1.50941e+08 7.93434e+07 1.44441e+07 0.00170368 -0.00226809 -0.000621397 0.00230189 0.0551962
17 93 1 0.988342 0.836428 0.00148277 0.00157708 2.66488e+07 1.06136e+08 5.04776e+07 9.18924e+06 0 9.60276e+07 0 1.06136e+08 9.60276e+07 5.04776e+07 9.18924e+06 0.00208233 -0.0014367 -0.00198237 0.00371843 0.0498551
25 93 2 0.726147 0.849515 0.00111385 0.0018593 6.12319e+07 2.43872e+08 1.15984e+08 2.11144e+07 0 2.20646e+08 0 2.43872e+08 2.20646e+08 1.15984e+08 2.11144e+07 0.000897927 -0.00051472 -0.00116365 0.00167177 0.0496241
5 94 0 1.06052 1.16954 0.00120327 0.00208843 1.06904e+08 4.25774e+08 2.02496e+08 3.68636e+07 0 3.85224e+08 0 4.25774e+08 3.85224e+08 2.02496e+08 3.68636e+07 0.000708872 0.000468753 0.000741713 0.000824583 0.0455069
6 94 1 0.946397 1.28186 0.00125605 0.00219789 9.84438e+07 3.92078e+08 1.8647e+08 3.39461e+07 0 3.54737e+08 0 3.92078e+08 3.54737e+08 1.8647e+08 3.39461e+07 0.000728949 -0.00140106 0.00127149 0.000854585 0.0438547
16 94 2 0.888609 1.04071 0.00105558 0.0020117 1.14701e+08 4.56828e+08 2.17265e+08 3.95522e+07 0 4.1332e+08 0 4.56828e+08 4.1332e+08 2.17265e+08 3.95522e+07 0.000802912 -0.000397345 -0.000891068 0.000697373 0.0461164
13 95 0 0.977017 0.198088 0.00108845 0.000380399 4.57149e+07 1.82072e+08 8.65923e+07 1.57638e+07 0 1.64731e+08 0 1.82072e+08 1.64731e+08 8.65923e+07 1.57638e+07 0.00133858 -0.000538243 0.00427547 0.00269592 0.0707104
22 95 1 0.749982 0.219694 0.000812458 0.000347425 3.17953e+07 1.26633e+08 6.0226e+07 1.09639e+07 0 1.14573e+08 0 1.26633e+08 1.14573e+08 6.0226e+07 1.09639e+07 0.00201954 0.000238059 0.00254638 0.00206822 0.0756437
20 95 2 0.8 1.0331e-23 1.02313e-26 3.68289e-26 9.81916e+07 3.91074e+08 1.85993e+08 3.38592e+07 0 3.53828e+08 0 3.91074e+08 3.53828e+08 1.85993e+08 3.38592e+07 -5.21186e-27 -4.80816e-25 0.0053097 0.0011488 0.092157
18 96 0 0.584706 1.31193 0.00066613 0.0027081 1.36249e+07 5.42648e+07 2.58081e+07 4.69825e+06 0 4.90968e+07 0 5.42648e+07 4.90968e+07 2.58081e+07 4.69825e+06 0.00303083 0.000106411 0.00233051 0.00391118 0.0418506
15 96 1 0.762659 1.20599 0.000967064 0.00230514 3.91717e+07 1.56011e+08 7.41982e+07 1.35075e+07 0 1.41153e+08 0 1.56011e+08 1.41153e+08 7.41982e+07 1.35075e+07 0.00127187 -0.00122731 0.00150094 0.00268373 0.0435456
9 96 2 0.832104 1.394 0.0012419 0.0025245 7.3987e+07 2.94673e+08 1.40145e+08 2.55128e+07 0 2.66608e+08 0 2.94673e+08 2.66608e+08 1.40145e+08 2.55128e+07 0.000860413 -0.0032514 -2.95704e-05 0.00109502 0.0424443
15 97 0 0.762659 1.20599 0.000967064 0.00230514 3.91717e+07 1.56011e+08 7.41982e+07 1.35075e+07 0 1.41153e+08 0 1.56011e+08 1.41153e+08 7.41982e+07 1.35075e+07 0.00127187 -0.00122731 0.00150094 0.00268373 0.0435456
16 97 1 0.888609 1.04071 0.00105558 0.0020117 1.14701e+08 4.56828e+08 2.17265e+08 3.95522e+07 0 4.1332e+08 0 4.56828e+08 4.1332e+08 2.17265e+08 3.95522e+07 0.000802912 -0.000397345 -0.000891068 0.000697373 0.0461164
6 97 2 0.946397 1.28186 0.00125605 0.00219789 9.84438e+07 3.92078e+08 1.8647e+08 3.39461e+07 0 3.54737e+08 0 3.92078e+08 3.54737e+08 1.8647e+08 3.39461e+07 0.000728949 -0.00140106 0.00127149 0.000854585 0.0438547
7 98 0 1.14937 1.02858 0.00133561 0.0020013 6.35635e+07 2.53158e+08 1.20401e+08 2.19184e+07 0 2.29048e+08 0 2.53158e+08 2.29048e+08 1.20401e+08 2.19184e+07 0.00131243 0.000856917 -0.00134548 0.00124742 0.0475846
5 98 1 1.06052 1.16954 0.00120327 0.00208843 1.06904e+08 4.25774e+08 2.02496e+08 3.68636e+07 0 3.85224e+08 0 4.25774e+08 3.85224e+08 2.02496e+08 3.68636e+07 0.000708872 0.000468753 0.000741713 0.000824583 0.0455069
16 98 2 0.888609 1.04071 0.00105558 0.0020117 1.14701e+08 4.56828e+08 2.17265e+08 3.95522e+07 0 4.1332e+08 0 4.56828e+08 4.1332e+08 2.17265e+08 3.95522e+07 0.000802912 -0.000397345 -0.000891068 0.000697373 0.0461164
19 99 0 0.56782 1.55577 0.000748046 0.00339884 3.35546e+07 1.3364e+08 6.35583e+07 1.15705e+07 0 1.20912e+08 0 1.3364e+08 1.20912e+08 6.35583e+07 1.15705e+07 0.00200231 0.0028148 0.000830006 0.00252322 0.0404434
18 99 1 0.584706 1.31193 0.00066613 0.0027081 1.36249e+07 5.42648e+07 2.58081e+07 4.69825e+06 0 4.90968e+07 0 5.42648e+07 4.90968e+07 2.58081e+07 4.69825e+06 0.00303083 0.000106411 0.00233051 0.00391118 0.0418506
10 99 2 0.699253 1.47373 0.00103563 0.00300448 5.77066e+07 2.29832e+08 1.09307e+08 1.98988e+07 0 2.07943e+08 0 2.29832e+08 2.07943e+08 1.09307e+08 1.98988e+07 0.00160144 -0.00246413 -0.00104256 0.00142164 0.0413497
25 100 0 0.726147 0.849515 0.00111385 0.0018593 6.12319e+07 2.43872e+08 1.15984e+08 2.11144e+07 0 2.20646e+08 0 2.43872e+08 2.20646e+08 1.15984e+08 2.11144e+07 0.000897927 -0.00051472 -0.00116365 0.00167177 0.0496241
36 100 1 0.461895 0.883768 0.000576146 0.00210756 5.27978e+06 2.10281e+07 1.00008e+07 1.82061e+06 0 1.90254e+07 0 2.10281e+07 1.90254e+07 1.00008e+07 1.82061e+06 0.00326911 -0.00126885 -0.000833369 0.00383827 0.0490373
35 100 2 0.565856 0.655352 0.000926533 0.00147105 6.16846e+07 2.45675e+08 1.16842e+08 2.12706e+07 0 2.22277e+08 0 2.45675e+08 2.22277e+08 1.16842e+08 2.12706e+07 0.0017236 0.00171809 -0.00038622 -2.12723e-05 0.0559446
29 101 0 0.42029 1.15466 0.000415022 0.00255148 1.13934e+08 4.5377e+08 2.15811e+08 3.92874e+07 0 4.10554e+08 0 4.5377e+08 4.10554e+08 2.15811e+08 3.92874e+07 0.000979379 0.00050247 -0.000470807 0.000759495 0.0434083
36 101 1 0.461895 0.883768 0.000576146 0.00210756 5.27978e+06 2.10281e+07 1.00008e+07 1.82061e+06 0 1.90254e+07 0 2.10281e+07 1.90254e+07 1.00008e+07 1.82061e+06 0.00326911 -0.00126885 -0.000833369 0.00383827 0.0490373
24 101 2 0.630871 1.06026 0.00075624 0.00220858 8.47326e+07 3.37469e+08 1.60499e+08 2.92181e+07 0 3.0533e+08 0 3.37469e+08 3.0533e+08 1.60499e+08 2.92181e+07 0.00162749 -0.00234307 -0.000929935 0.000351113 0.04524
19 102 0 0.56782 1.55577 0.000748046 0.00339884 3.35546e+07 1.3364e+08 6.35583e+07 1.15705e+07 0 1.20912e+08 0 1.3364e+08 1.20912e+08 6.35583e+07 1.15705e+07 0.00200231 0.0028148 0.000830006 0.00252322 0.0404434
30 102 1 0.344105 1.38733 0.000346182 0.00273381 9.44434e+07 3.76145e+08 1.78893e+08 3.25667e+07 0 3.40322e+08 0 3.76145e+08 3.40322e+08 1.78893e+08 3.25667e+07 0.00057589 0.000766672 0.000388316 0.0012233 0.040545
18 102 2 0.584706 1.31193 0.00066613 0.0027081 1.36249e+07 5.42648e+07 2.58081e+07 4.69825e+06 0 4.90968e+07 0 5.42648e+07 4.90968e+07 2.58081e+07 4.69825e+06 0.00303083 0.000106411 0.00233051 0.00391118 0.0418506
32 103 0 0.305676 1.02499 0.000186166 0.00232512 4.03735e+07 1.60798e+08 7.64747e+07 1.39219e+07 0 1.45484e+08 0 1.60798e+08 1.45484e+08 7.64747e+07 1.39219e+07 0.00241572 0.00179738 0.00139458 0.00120325 0.0457118
44 103 1 0.203826 0.884818 -9.56952e-05 0.00190657 5.67329e+07 2.25953e+08 1.07462e+08 1.95631e+07 0 2.04434e+08 0 2.25953e+08 2.04434e+08 1.07462e+08 1.95631e+07 0.000831807 0.000868082 -0.000360188 0.0019031 0.0491909
36 103 2 0.461895 0.883768 0.000576146 0.00210756 5.27978e+06 2.10281e+07 1.00008e+07 1.82061e+06 0 1.90254e+07 0 2.10281e+07 1.90254e+07 1.00008e+07 1.82061e+06 0.00326911 -0.00126885 -0.000833369 0.00383827 0.0490373
40 104 0 0.157603 1.1711 0.000144033 0.00226224 8.73736e+07 3.47988e+08 1.65501e+08 3.01288e+07 0 3.14846e+08 0 3.47988e+08 3.14846e+08 1.65501e+08 3.01288e+07 0.00105883 0.0018049 7.1465e-05 0.000920449 0.0429115
32 104 1 0.305676 1.02499 0.000186166 0.00232512 4.03735e+07 1.60798e+08 7.64747e+07 1.39219e+07 0 1.45484e+08 0 1.60798e+08 1.45484e+08 7.64747e+07 1.39219e+07 0.00241572 0.00179738 0.00139458 0.00120325 0.0457118
29 104 2 0.42029 1.15466 0.000415022 0.00255148 1.13934e+08 4.5377e+08 2.15811e+08 3.92874e+07 0 4.10554e+08 0 4.5377e+08 4.10554e+08 2.15811e+08 3.92874e+07 0.000979379 0.00050247 -0.000470807 0.000759495 0.0434083
40 105 0 0.157603 1.1711 0.000144033 0.00226224 8.73736e+07 3.47988e+08 1.65501e+08 3.01288e+07 0 3.14846e+08 0 3.47988e+08 3.14846e+08 1.65501e+08 3.01288e+07 0.00105883 0.0018049 7.1465e-05 0.000920449 0.0429115
44 105 1 0.203826 0.884818 -9.56952e-05 0.00190657 5.67329e+07 2.25953e+08 1.07462e+08 1.95631e+07 0 2.04434e+08 0 2.25953e+08 2.04434e+08 1.07462e+08 1.95631e+07 0.000831807 0.000868082 -0.000360188 0.0019031 0.0491909
32 105 2 0.305676 1.02499 0.000186166 0.00232512 4.03735e+07 1.60798e+08 7.64747e+07 1.39219e+07 0 1.45484e+08 0 1.60798e+08 1.45484e+08 7.64747e+07 1.39219e+07 0.00241572 0.00179738 0.00139458 0.00120325 0.0457118
30 106 0 0.344105 1.38733 0.000346182 0.00273381 9.44434e+07 3.76145e+08 1.78893e+08 3.25667e+07 0 3.40322e+08 0 3.76145e+08 3.40322e+08 1.78893e+08 3.25667e+07 0.00057589 0.000766672 0.000388316 0.0012233 0.040545
38 106 1 0.0883352 1.43074 6.90546e-05 0.00262613 6.7464e+07 2.68693e+08 1.27789e+08 2.32635e+07 0 2.43103e+08 0 2.68693e+08 2.43103e+08 1.27789e+08 2.32635e+07 0.00101686 -0.000593995 -0.000574385 0.00162052 0.0398551
40 106 2 0.157603 1.1711 0.000144033 0.00226224 8.73736e+07 3.47988e+08 1.65501e+08 3.01288e+07 0 3.14846e+08 0 3.47988e+08 3.14846e+08 1.65501e+08 3.01288e+07 0.00105883 0.0018049 7.1465e-05 0.000920449 0.0429115
18 107 0 0.584706 1.31193 0.00066613 0.0027081 1.36249e+07 5.42648e+07 2.58081e+07 4.69825e+06 0 4.90968e+07 0 5.42648e+07 4.90968e+07 2.58081e+07 4.69825e+06 0.00303083 0.000106411 0.00233051 0.00391118 0.0418506
30 107 1 0.344105 1.38733 0.000346182 0.00273381 9.44434e+07 3.76145e+08 1.78893e+08 3.25667e+07 0 3.40322e+08 0 3.76145e+08 3.40322e+08 1.78893e+08 3.25667e+07 0.00057589 0.000766672 0.000388316 0.0012233 0.040545
29 107 2 0.42029 1.15466 0.000415022 0.00255148 1.13934e+08 4.5377e+08 2.15811e+08 3.92874e+07 0 4.10554e+08 0 4.5377e+08 4.10554e+08 2.15811e+08 3.92874e+07 0.000979379 0.00050247 -0.000470807 0.000759495 0.0434083
26 108 0 0.291147 1.64821 0.000298121 0.00311692 3.48875e+07 1.38949e+08 6.60833e+07 1.20302e+07 0 1.25715e+08 0 1.38949e+08 1.25715e+08 6.60833e+07 1.20302e+07 0.00168261 0.00129349 -6.32987e-05 0.00217511 0.0393251
38 108 1 0.0883352 1.43074 6.90546e-05 0.00262613 6.7464e+07 2.68693e+08 1.27789e+08 2.32635e+07 0 2.43103e+08 0 2.68693e+08 2.43103e+08 1.27789e+08 2.32635e+07 0.00101686 -0.000593995 -0.000574385 0.00162052 0.0398551
30 108 2 0.344105 1.38733 0.000346182 0.00273381 9.44434e+07 3.76145e+08 1.78893e+08 3.25667e+07 0 3.40322e+08 0 3.76145e+08 3.40322e+08 1.78893e+08 3.25667e+07 0.00057589 0.000766672 0.000388316 0.0012233 0.040545
49 109 0 -0.12264 1.22232 -0.00025053 0.00220483 1.95458e+07 7.78464e+07 3.70233e+07 6.73995e+06 0 7.04325e+07 0 7.78464e+07 7.04325e+07 3.70233e+07 6.73995e+06 0.00206426 -0.000130608 0.000699808 0.00210814 0.0420807
60 109 1 -0.218065 0.98817 -0.000442677 0.00197511 1.41871e+08 5.6504e+08 2.6873e+08 4.89212e+07 0 5.11226e+08 0 5.6504e+08 5.11226e+08 2.6873e+08 4.89212e+07 0.000673684 -0.000925187 -0.000111653 0.000464966 0.0464664
50 109 2 -0.0037283 0.965787 -0.000258168 0.00187315 1.06546e+08 4.24346e+08 2.01817e+08 3.67399e+07 0 3.83932e+08 0 4.24346e+08 3.83932e+08 2.01817e+08 3.67399e+07 0.000760127 -8.36879e-05 4.20505e-05 0.00105309 0.0470659
44 110 0 0.203826 0.884818 -9.56952e-05 0.00190657 5.67329e+07 2.25953e+08 1.07462e+08 1.95631e+07 0 2.04434e+08 0 2.25953e+08 2.04434e+08 1.07462e+08 1.95631e+07 0.000831807 0.000868082 -0.000360188 0.0019031 0.0491909
47 110 1 0.306548 0.662299 0.00031813 0.00147588 3.45036e+07 1.3742e+08 6.53561e+07 1.18978e+07 0 1.24332e+08 0 1.3742e+08 1.24332e+08 6.53561e+07 1.18978e+07 0.00326507 -0.000715575 -0.000416325 0.00132662 0.0565778
36 110 2 0.461895 0.883768 0.000576146 0.00210756 5.27978e+06 2.10281e+07 1.00008e+07 1.82061e+06 0 1.90254e+07 0 2.10281e+07 1.90254e+07 1.00008e+07 1.82061e+06 0.00326911 -0.00126885 -0.000833369 0.00383827 0.0490373
29 111 0 0.42029 1.15466 0.000415022 0.00255148 1.13934e+08 4.5377e+08 2.15811e+08 3.92874e+07 0 4.10554e+08 0 4.5377e+08 4.10554e+08 2.15811e+08 3.92874e+07 0.000979379 0.00050247 -0.000470807 0.000759495 0.0434083
32 111 1 0.305676 1.02499 0.000186166 0.00232512 4.03735e+07 1.60798e+08 7.64747e+07 1.39219e+07 0 1.45484e+08 0 1.60798e+08 1.45484e+08 7.64747e+07 1.39219e+07 0.00241572 0.00179738 0.00139458 0.00120325 0.0457118
36 111 2 0.461895 0.883768 0.000576146 0.00210756 5.27978e+06 2.10281e+07 1.00008e+07 1.82061e+06 0 1.90254e+07 0 2.10281e+07 1.90254e+07 1.00008e+07 1.82061e+06 0.00326911 -0.00126885 -0.000833369 0.00383827 0.0490373
70 112 0 -0.137365 0.494413 -0.000102904 0.00111187 6.11268e+07 2.43453e+08 1.15785e+08 2.10782e+07 0 2.20267e+08 0 2.43453e+08 2.20267e+08 1.15785e+08 2.10782e+07 0.000817461 0.00158009 0.0001039 0.00191616 0.0646626
78 112 1 -0.425966 0.510741 -0.000563597 0.000931049 1.39144e+07 5.54177e+07 2.63564e+07 4.79807e+06 0 5.01398e+07 0 5.54177e+07 5.01398e+07 2.63564e+07 4.79807e+06 0.0028047 0.00130012 -5.94059e-05 0.0046109 0.0627207
77 112 2 -0.294447 0.257867 -0.000274592 0.000424544 5.00946e+07 1.99515e+08 9.48882e+07 1.7274e+07 0 1.80513e+08 0 1.99515e+08 1.80513e+08 9.48882e+07 1.7274e+07 0.00124381 0.00207808 -0.000228932 0.00200131 0.0786247
61 113 0 -0.15051 0.769685 -0.00028055 0.00165878 5.23013e+07 2.08303e+08 9.9068e+07 1.80349e+07 0 1.88465e+08 0 2.08303e+08 1.88465e+08 9.9068e+07 1.80349e+07 0.00121418 -0.000503954 -0.00129154 0.00157302 0.0528069
69 113 1 -0.289179 0.643539 -0.000337372 0.00145522 3.89997e+07 1.55327e+08 7.38725e+07 1.34482e+07 0 1.40534e+08 0 1.55327e+08 1.40534e+08 7.38725e+07 1.34482e+07 0.00157521 -0.000596786 -0.001045 0.00255887 0.0573355
70 113 2 -0.137365 0.494413 -0.000102904 0.00111187 6.11268e+07 2.43453e+08 1.15785e+08 2.10782e+07 0 2.20267e+08 0 2.43453e+08 2.20267e+08 1.15785e+08 2.10782e+07 0.000817461 0.00158009 0.0001039 0.00191616 0.0646626
44 114 0 0.203826 0.884818 -9.56952e-05 0.00190657 5.67329e+07 2.25953e+08 1.07462e+08 1.95631e+07 0 2.04434e+08 0 2.25953e+08 2.04434e+08 1.07462e+08 1.95631e+07 0.000831807 0.000868082 -0.000360188 0.0019031 0.0491909
50 114 1 -0.0037283 0.965787 -0.000258168 0.00187315 1.06546e+08 4.24346e+08 2.01817e+08 3.67399e+07 0 3.83932e+08 0 4.24346e+08 3.83932e+08 2.01817e+08 3.67399e+07 0.000760127 -8.36879e-05 4.20505e-05 0.00105309 0.0470659
57 114 2 0.0584796 0.690211 -6.20584e-06 0.00156335 1.13687e+08 4.52786e+08 2.15343e+08 3.92023e+07 0 4.09664e+08 0 4.52786e+08 4.09664e+08 2.15343e+08 3.92023e+07 0.00029972 0.000695939 -0.00163142 0.00133349 0.0558316
60 115 0 -0.218065 0.98817 -0.000442677 0.00197511 1.41871e+08 5.6504e+08 2.6873e+08 4.89212e+07 0 5.11226e+08 0 5.6504e+08 5.11226e+08 2.6873e+08 4.89212e+07 0.000673684 -0.000925187 -0.000111653 0.000464966 0.0464664
71 115 1 -0.398996 0.825705 -0.000666186 0.00193939 4.3977e+07 1.7515e+08 8.33004e+07 1.51645e+07 0 1.58469e+08 0 1.7515e+08 1.58469e+08 8.33004e+07 1.51645e+07 0.00156718 -0.000485889 0.00036756 0.00154626 0.0506391
61 115 2 -0.15051 0.769685 -0.00028055 0.00165878 5.23013e+07 2.08303e+08 9.9068e+07 1.80349e+07 0 1.88465e+08 0 2.08303e+08 1.88465e+08 9.9068e+07 1.80349e+07 0.00121418 -0.000503954 -0.00129154 0.00157302 0.0528069
71 116 0 -0.398996 0.825705 -0.000666186 0.00193939 4.3977e+07 1.7515e+08 8.33004e+07 1.51645e+07 0 1.58469e+08 0 1.7515e+08 1.58469e+08 8.33004e+07 1.51645e+07 0.00156718 -0.000485889 0.00036756 0.00154626 0.0506391
67 116 1 -0.598231 0.99155 -0.000997181 0.00211899 6.01487e+07 2.39558e+08 1.13932e+08 2.07409e+07 0 2.16743e+08 0 2.39558e+08 2.16743e+08 1.13932e+08 2.07409e+07 0.00191288 0.00123584 0.000575995 0.00107067 0.0463211
76 116 2 -0.616237 0.712709 -0.00111451 0.00166501 3.14936e+07 1.25431e+08 5.96545e+07 1.08599e+07 0 1.13485e+08 0 1.25431e+08 1.13485e+08 5.96545e+07 1.08599e+07 0.00253821 0.000906565 -2.18389e-05 0.00204723 0.0536081
61 117 0 -0.15051 0.769685 -0.00028055 0.00165878 5.23013e+07 2.08303e+08 9.9068e+07 1.80349e+07 0 1.88465e+08 0 2.08303e+08 1.88465e+08 9.9068e+07 1.80349e+07 0.00121418 -0.000503954 -0.00129154 0.00157302 0.0528069
71 117 1 -0.398996 0.825705 -0.000666186 0.00193939 4.3977e+07 1.7515e+08 8.33004e+07 1.51645e+07 0 1.58469e+08 0 1.7515e+08 1.58469e+08 8.33004e+07 1.51645e+07 0.00156718 -0.000485889 0.00036756 0.00154626 0.0506391
69 117 2 -0.289179 0.643539 -0.000337372 0.00145522 3.89997e+07 1.55327e+08 7.38725e+07 1.34482e+07 0 1.40534e+08 0 1.55327e+08 1.40534e+08 7.38725e+07 1.34482e+07 0.00157521 -0.000596786 -0.001045 0.00255887 0.0573355
60 118 0 -0.218065 0.98817 -0.000442677 0.00197511 1.41871e+08 5.6504e+08 2.6873e+08 4.89212e+07 0 5.11226e+08 0 5.6504e+08 5.11226e+08 2.6873e+08 4.89212e+07 0.000673684 -0.000925187 -0.000111653 0.000464966 0.0464664
59 118 1 -0.388967 1.11816 -0.000662506 0.00229577 7.95087e+07 3.16664e+08 1.50604e+08 2.74168e+07 0 2.86506e+08 0 3.16664e+08 2.86506e+08 1.50604e+08 2.74168e+07 0.0014742 -0.00173805 -0.000446686 0.000967165 0.0438525
71 118 2 -0.398996 0.825705 -0.000666186 0.00193939 4.3977e+07 1.7515e+08 8.33004e+07 1.51645e+07 0 1.58469e+08 0 1.7515e+08 1.58469e+08 8.33004e+07 1.51645e+07 0.00156718 -0.000485889 0.00036756 0.00154626 0.0506391
35 119 0 0.565856 0.655352 0.000926533 0.00147105 6.16846e+07 2.45675e+08 1.16842e+08 2.12706e+07 0 2.22277e+08 0 2.45675e+08 2.22277e+08 1.16842e+08 2.12706e+07 0.0017236 0.00171809 -0.00038622 -2.12723e-05 0.0559446
36 119 1 0.461895 0.883768 0.000576146 0.00210756 5.27978e+06 2.10281e+07 1.00008e+07 1.82061e+06 0 1.90254e+07 0 2.10281e+07 1.90254e+07 1.00008e+07 1.82061e+06 0.00326911 -0.00126885 -0.000833369 0.00383827 0.0490373
47 119 2 0.306548 0.662299 0.00031813 0.00147588 3.45036e+07 1.3742e+08 6.53561e+07 1.18978e+07 0 1.24332e+08 0 1.3742e+08 1.24332e+08 6.53561e+07 1.18978e+07 0.00326507 -0.000715575 -0.000416325 0.00132662 0.0565778
45 120 0 0.412132 0.446153 0.000531974 0.00075223 1.03721e+07 4.13095e+07 1.96466e+07 3.57658e+06 0 3.73753e+07 0 4.13095e+07 3.73753e+07 1.96466e+07 3.57658e+06 0.00271401 -0.00056935 -0.000258611 0.00371396 0.0661604
35 120 1 0.565856 0.655352 0.000926533 0.00147105 6.16846e+07 2.45675e+08 1.16842e+08 2.12706e+07 0 2.22277e+08 0 2.45675e+08 2.22277e+08 1.16842e+08 2.12706e+07 0.0017236 0.00171809 -0.00038622 -2.12723e-05 0.0559446
47 120 2 0.306548 0.662299 0.00031813 0.00147588 3.45036e+07 1.3742e+08 6.53561e+07 1.18978e+07 0 1.24332e+08 0 1.3742e+08 1.24332e+08 6.53561e+07 1.18978e+07 0.00326507 -0.000715575 -0.000416325 0.00132662 0.0565778
33 121 0 0.667135 0.438682 0.00126659 0.000842287 6.56723e+06 2.61557e+07 1.24395e+07 2.26456e+06 0 2.36647e+07 0 2.61557e+07 2.36647e+07 1.24395e+07 2.26456e+06 0.00313564 0.00152678 0.0032614 0.00485644 0.0644415
23 121 1 0.831633 0.637634 0.0014396 0.00126918 4.1888e+07 1.6683e+08 7.93434e+07 1.44441e+07 0 1.50941e+08 0 1.6683e+08 1.50941e+08 7.93434e+07 1.44441e+07 0.00170368 -0.00226809 -0.000621397 0.00230189 0.0551962
35 121 2 0.565856 0.655352 0.000926533 0.00147105 6.16846e+07 2.45675e+08 1.16842e+08 2.12706e+07 0 2.22277e+08 0 2.45675e+08 2.22277e+08 1.16842e+08 2.12706e+07 0.0017236 0.00171809 -0.00038622 -2.12723e-05 0.0559446
17 122 0 0.988342 0.836428 0.00148277 0.00157708 2.66488e+07 1.06136e+08 5.04776e+07 9.18924e+06 0 9.60276e+07 0 1.06136e+08 9.60276e+07 5.04776e+07 9.18924e+06 0.00208233 -0.0014367 -0.00198237 0.00371843 0.0498551
16 122 1 0.888609 1.04071 0.00105558 0.0020117 1.14701e+08 4.56828e+08 2.17265e+08 3.95522e+07 0 4.1332e+08 0 4.56828e+08 4.1332e+08 2.17265e+08 3.95522e+07 0.000802912 -0.000397345 -0.000891068 0.000697373 0.0461164
25 122 2 0.726147 0.849515 0.00111385 0.0018593 6.12319e+07 2.43872e+08 1.15984e+08 2.11144e+07 0 2.20646e+08 0 2.43872e+08 2.20646e+08 1.15984e+08 2.11144e+07 0.000897927 -0.00051472 -0.00116365 0.00167177 0.0496241
14 123 0 1.10541 0.625435 0.00181871 0.00102152 7.36529e+07 2.93342e+08 1.39512e+08 2.53976e+07 0 2.65405e+08 0 2.93342e+08 2.65405e+08 1.39512e+08 2.53976e+07 0.000866677 0.000172874 0.000434316 0.000846419 0.0543113
17 123 1 0.988342 0.836428 0.00148277 0.00157708 2.66488e+07 1.06136e+08 5.04776e+07 9.18924e+06 0 9.60276e+07 0 1.06136e+08 9.60276e+07 5.04776e+07 9.18924e+06 0.00208233 -0.0014367 -0.00198237 0.00371843 0.0498551
23 123 2 0.831633 0.637634 0.0014396 0.00126918 4.1888e+07 1.6683e+08 7.93434e+07 1.44441e+07 0 1.50941e+08 0 1.6683e+08 1.50941e+08 7.93434e+07 1.44441e+07 0.00170368 -0.00226809 -0.000621397 0.00230189 0.0551962
14 124 0 1.10541 0.625435 0.00181871 0.00102152 7.36529e+07 2.93342e+08 1.39512e+08 2.53976e+07 0 2.65405e+08 0 2.93342e+08 2.65405e+08 1.39512e+08 2.53976e+07 0.000866677 0.000172874 0.000434316 0.000846419 0.0543113
8 124 1 1.23894 0.888095 0.00200516 0.00176428 2.00481e+07 7.98466e+07 3.79746e+07 6.91312e+06 0 7.22421e+07 0 7.98466e+07 7.22421e+07 3.79746e+07 6.91312e+06 0.0026621 0.00133012 -0.000808598 0.00404517 0.0499719
17 124 2 0.988342 0.836428 0.00148277 0.00157708 2.66488e+07 1.06136e+08 5.04776e+07 9.18924e+06 0 9.60276e+07 0 1.06136e+08 9.60276e+07 5.04776e+07 9.18924e+06 0.00208233 -0.0014367 -0.00198237 0.00371843 0.0498551
24 125 0 0.630871 1.06026 0.00075624 0.00220858 8.47326e+07 3.37469e+08 1.60499e+08 2.92181e+07 0 3.0533e+08 0 3.37469e+08 3.0533e+08 1.60499e+08 2.92181e+07 0.00162749 -0.00234307 -0.000929935 0.000351113 0.04524
36 125 1 0.461895 0.883768 0.000576146 0.00210756 5.27978e+06 2.10281e+07 1.00008e+07 1.82061e+06 0 1.90254e+07 0 2.10281e+07 1.90254e+07 1.00008e+07 1.82061e+06 0.00326911 -0.00126885 -0.000833369 0.00383827 0.0490373
25 125 2 0.726147 0.849515 0.00111385 0.0018593 6.12319e+07 2.43872e+08 1.15984e+08 2.11144e+07 0 2.20646e+08 0 2.43872e+08 2.20646e+08 1.15984e+08 2.11144e+07 0.000897927 -0.00051472 -0.00116365 0.00167177 0.0496241
16 126 0 0.888609 1.04071 0.00105558 0.0020117 1.14701e+08 4.56828e+08 2.17265e+08 3.95522e+07 0 4.1332e+08 0 4.56828e+08 4.1332e+08 2.17265e+08 3.95522e+07 0.000802912 -0.000397345 -0.000891068 0.000697373 0.0461164
24 126 1 0.630871 1.06026 0.00075624 0.00220858 8.47326e+07 3.37469e+08 1.60499e+08 2.92181e+07 0 3.0533e+08 0 3.37469e+08 3.0533e+08 1.60499e+08 2.92181e+07 0.00162749 -0.00234307 -0.000929935 0.000351113 0.04524
25 126 2 0.726147 0.849515 0.00111385 0.0018593 6.12319e+07 2.43872e+08 1.15984e+08 2.11144e+07 0 2.20646e+08 0 2.43872e+08 2.20646e+08 1.15984e+08 2.11144e+07 0.000897927 -0.00051472 -0.00116365 0.00167177 0.0496241
15 127 0 0.762659 1.20599 0.000967064 0.00230514 3.91717e+07 1.56011e+08 7.41982e+07 1.35075e+07 0 1.41153e+08 0 1.56011e+08 1.41153e+08 7.41982e+07 1.35075e+07 0.00127187 -0.00122731 0.00150094 0.00268373 0.0435456
18 127 1 0.584706 1.31193 0.00066613 0.0027081 1.36249e+07 5.42648e+07 2.58081e+07 4.69825e+06 0 4.90968e+07 0 5.42648e+07 4.90968e+07 2.58081e+07 4.69825e+06 0.00303083 0.000106411 0.00233051 0.00391118 0.0418506
24 127 2 0.630871 1.06026 0.00075624 0.00220858 8.47326e+07 3.37469e+08 1.60499e+08 2.92181e+07 0 3.0533e+08 0 3.37469e+08 3.0533e+08 1.60499e+08 2.92181e+07 0.00162749 -0.00234307 -0.000929935 0.000351113 0.04524
9 128 0 0.832104 1.394 0.0012419 0.0025245 7.3987e+07 2.94673e+08 1.40145e+08 2.55128e+07 0 2.66608e+08 0 2.94673e+08 2.66608e+08 1.40145e+08 2.55128e+07 0.000860413 -0.0032514 -2.95704e-05 0.00109502 0.0424443
15 128 1 0.762659 1.20599 0.000967064 0.00230514 3.91717e+07 1.56011e+08 7.41982e+07 1.35075e+07 0 1.41153e+08 0 1.56011e+08 1.41153e+08 7.41982e+07 1.35075e+07 0.00127187 -0.00122731 0.00150094 0.00268373 0.0435456
6 128 2 0.946397 1.28186 0.00125605 0.00219789 9.84438e+07 3.92078e+08 1.8647e+08 3.39461e+07 0 3.54737e+08 0 3.92078e+08 3.54737e+08 1.8647e+08 3.39461e+07 0.000728949 -0.00140106 0.00127149 0.000854585 0.0438547
18 129 0 0.584706 1.31193 0.00066613 0.0027081 1.36249e+07 5.42648e+07 2.58081e+07 4.69825e+06 0 4.90968e+07 0 5.42648e+07 4.90968e+07 2.58081e+07 4.69825e+06 0.00303083 0.000106411 0.00233051 0.00391118 0.0418506
29 129 1 0.42029 1.15466 0.000415022 0.00255148 1.13934e+08 4.5377e+08 2.15811e+08 3.92874e+07 0 4.10554e+08 0 4.5377e+08 4.10554e+08 2.15811e+08 3.92874e+07 0.000979379 0.00050247 -0.000470807 0.000759495 0.0434083
24 129 2 0.630871 1.06026 0.00075624 0.00220858 8.47326e+07 3.37469e+08 1.60499e+08 2.92181e+07 0 3.0533e+08 0 3.37469e+08 3.0533e+08 1.60499e+08 2.92181e+07 0.00162749 -0.00234307 -0.000929935 0.000351113 0.04524
34 130 0 0.524311 0.226285 0.000543117 0.000292641 1.12451e+08 4.47865e+08 2.13002e+08 3.87762e+07 0 4.05211e+08 0 4.47865e+08 4.05211e+08 2.13002e+08 3.87762e+07 -8.40218e-05 -0.000747129 0.00149911 -0.000205056 0.0788961
46 130 1 0.304365 0.228542 0.000353445 0.000369875 7.42733e+07 2.95813e+08 1.40687e+08 2.56115e+07 0 2.6764e+08 0 2.95813e+08 2.6764e+08 1.40687e+08 2.56115e+07 0.00104394 -0.000490506 0.00151735 0.00100618 0.0807147
41 130 2 0.4 1.03244e-23 2.40859e-27 2.81438e-26 4.55247e+07 1.81314e+08 8.62319e+07 1.56982e+07 0 1.64046e+08 0 1.81314e+08 1.64046e+08 8.62319e+07 1.56982e+07 0.000621635 0.000131671 0.00227265 0.00208049 0.0997017
20 131 0 0.8 1.0331e-23 1.02313e-26 3.68289e-26 9.81916e+07 3.91074e+08 1.85993e+08 3.38592e+07 0 3.53828e+08 0 3.91074e+08 3.53828e+08 1.85993e+08 3.38592e+07 -5.21186e-27 -4.80816e-25 0.0053097 0.0011488 0.092157
22 131 1 0.749982 0.219694 0.000812458 0.000347425 3.17953e+07 1.26633e+08 6.0226e+07 1.09639e+07 0 1.14573e+08 0 1.26633e+08 1.14573e+08 6.0226e+07 1.09639e+07 0.00201954 0.000238059 0.00254638 0.00206822 0.0756437
31 131 2 0.6 1.02119e-23 2.66622e-27 3.2762e-26 1.00132e+08 3.98802e+08 1.89668e+08 3.45283e+07 0 3.60821e+08 0 3.98802e+08 3.60821e+08 1.89668e+08 3.45283e+07 7.56325e-26 5.20245e-25 0.00347119 0.000932082 0.097013
33 132 0 0.667135 0.438682 0.00126659 0.000842287 6.56723e+06 2.61557e+07 1.24395e+07 2.26456e+06 0 2.36647e+07 0 2.61557e+07 2.36647e+07 1.24395e+07 2.26456e+06 0.00313564 0.00152678 0.0032614 0.00485644 0.0644415
45 132 1 0.412132 0.446153 0.000531974 0.00075223 1.03721e+07 4.13095e+07 1.96466e+07 3.57658e+06 0 3.73753e+07 0 4.13095e+07 3.73753e+07 1.96466e+07 3.57658e+06 0.00271401 -0.00056935 -0.000258611 0.00371396 0.0661604
34 132 2 0.524311 0.226285 0.000543117 0.000292641 1.12451e+08 4.47865e+08 2.13002e+08 3.87762e+07 0 4.05211e+08 0 4.47865e+08 4.05211e+08 2.13002e+08 3.87762e+07 -8.40218e-05 -0.000747129 0.00149911 -0.000205056 0.0788961
9 133 0 0.832104 1.394 0.0012419 0.0025245 7.3987e+07 2.94673e+08 1.40145e+08 2.55128e+07 0 2.66608e+08 0 2.94673e+08 2.66608e+08 1.40145e+08 2.55128e+07 0.000860413 -0.0032514 -2.95704e-05 0.00109502 0.0424443
10 133 1 0.699253 1.47373 0.00103563 0.00300448 5.77066e+07 2.29832e+08 1.09307e+08 1.98988e+07 0 2.07943e+08 0 2.29832e+08 2.07943e+08 1.09307e+08 1.98988e+07 0.00160144 -0.00246413 -0.00104256 0.00142164 0.0413497
18 133 2 0.584706 1.31193 0.00066613 0.0027081 1.36249e+07 5.42648e+07 2.58081e+07 4.69825e+06 0 4.90968e+07 0 5.42648e+07 4.90968e+07 2.58081e+07 4.69825e+06 0.00303083 0.000106411 0.00233051 0.00391118 0.0418506
70 134 0 -0.137365 0.494413 -0.000102904 0.00111187 6.11268e+07 2.43453e+08 1.15785e+08 2.10782e+07 0 2.20267e+08 0 2.43453e+08 2.20267e+08 1.15785e+08 2.10782e+07 0.000817461 0.00158009 0.0001039 0.00191616 0.0646626
69 134 1 -0.289179 0.643539 -0.000337372 0.00145522 3.89997e+07 1.55327e+08 7.38725e+07 1.34482e+07 0 1.40534e+08 0 1.55327e+08 1.40534e+08 7.38725e+07 1.34482e+07 0.00157521 -0.000596786 -0.001045 0.00255887 0.0573355
78 134 2 -0.425966 0.510741 -0.000563597 0.000931049 1.39144e+07 5.54177e+07 2.63564e+07 4.79807e+06 0 5.01398e+07 0 5.54177e+07 5.01398e+07 2.63564e+07 4.79807e+06 0.0028047 0.00130012 -5.94059e-05 0.0046109 0.0627207
56 135 0 0.112452 0.196798 0.000150575 0.000368393 1.94289e+07 7.73806e+07 3.68018e+07 6.69962e+06 0 7.0011e+07 0 7.73806e+07 7.0011e+07 3.68018e+07 6.69962e+06 0.00157067 0.00017956 0.000755969 0.00458939 0.0839577
58 135 1 0.137363 0.435865 0.000112647 0.00111202 5.35511e+07 2.13281e+08 1.01435e+08 1.84659e+07 0 1.92969e+08 0 2.13281e+08 1.92969e+08 1.01435e+08 1.84659e+07 0.000662324 -0.000684415 -0.000523436 0.00228167 0.0678816
68 135 2 -0.0733339 0.243513 -4.42836e-05 0.000490343 3.36861e+07 1.34164e+08 6.38075e+07 1.16159e+07 0 1.21386e+08 0 1.34164e+08 1.21386e+08 6.38075e+07 1.16159e+07 0.00132699 0.00110358 -2.39034e-05 0.00372313 0.080486
57 136 0 0.0584796 0.690211 -6.20584e-06 0.00156335 1.13687e+08 4.52786e+08 2.15343e+08 3.92023e+07 0 4.09664e+08 0 4.52786e+08 4.09664e+08 2.15343e+08 3.92023e+07 0.00029972 0.000695939 -0.00163142 0.00133349 0.0558316
61 136 1 -0.15051 0.769685 -0.00028055 0.00165878 5.23013e+07 2.08303e+08 9.9068e+07 1.80349e+07 0 1.88465e+08 0 2.08303e+08 1.88465e+08 9.9068e+07 1.80349e+07 0.00121418 -0.000503954 -0.00129154 0.00157302 0.0528069
70 136 2 -0.137365 0.494413 -0.000102904 0.00111187 6.11268e+07 2.43453e+08 1.15785e+08 2.10782e+07 0 2.20267e+08 0 2.43453e+08 2.20267e+08 1.15785e+08 2.10782e+07 0.000817461 0.00158009 0.0001039 0.00191616 0.0646626
68 137 0 -0.0733339 0.243513 -4.42836e-05 0.000490343 3.36861e+07 1.34164e+08 6.38075e+07 1.16159e+07 0 1.21386e+08 0 1.34164e+08 1.21386e+08 6.38075e+07 1.16159e+07 0.00132699 0.00110358 -2.39034e-05 0.00372313 0.080486
58 137 1 0.137363 0.435865 0.000112647 0.00111202 5.35511e+07 2.13281e+08 1.01435e+08 1.84659e+07 0 1.92969e+08 0 2.13281e+08 1.92969e+08 1.01435e+08 1.84659e+07 0.000662324 -0.000684415 -0.000523436 0.00228167 0.0678816
70 137 2 -0.137365 0.494413 -0.000102904 0.00111187 6.11268e+07 2.43453e+08 1.15785e+08 2.10782e+07 0 2.20267e+08 0 2.43453e+08 2.20267e+08 1.15785e+08 2.10782e+07 0.000817461 0.00158009 0.0001039 0.00191616 0.0646626
57 138 0 0.0584796 0.690211 -6.20584e-06 0.00156335 1.13687e+08 4.52786e+08 2.15343e+08 3.92023e+07 0 4.09664e+08 0 4.52786e+08 4.09664e+08 2.15343e+08 3.92023e+07 0.00029972 0.000695939 -0.00163142 0.00133349 0.0558316
50 138 1 -0.0037283 0.965787 -0.000258168 0.00187315 1.06546e+08 4.24346e+08 2.01817e+08 3.67399e+07 0 3.83932e+08 0 4.24346e+08 3.83932e+08 2.01817e+08 3.67399e+07 0.000760127 -8.36879e-05 4.20505e-05 0.00105309 0.0470659
61 138 2 -0.15051 0.769685 -0.00028055 0.00165878 5.23013e+07 2.08303e+08 9.9068e+07 1.80349e+07 0 1.88465e+08 0 2.08303e+08 1.88465e+08 9.9068e+07 1.80349e+07 0.00121418 -0.000503954 -0.00129154 0.00157302 0.0528069
19 139 0 0.56782 1.55577 0.000748046 0.00339884 3.35546e+07 1.3364e+08 6.35583e+07 1.15705e+07 0 1.20912e+08 0 1.3364e+08 1.20912e+08 6.35583e+07 1.15705e+07 0.00200231 0.0028148 0.000830006 0.00252322 0.0404434
26 139 1 0.291147 1.64821 0.000298121 0.00311692 3.48875e+07 1.38949e+08 6.60833e+07 1.20302e+07 0 1.25715e+08 0 1.38949e+08 1.25715e+08 6.60833e+07 1.20302e+07 0.00168261 0.00129349 -6.32987e-05 0.00217511 0.0393251
30 139 2 0.344105 1.38733 0.000346182 0.00273381 9.44434e+07 3.76145e+08 1.78893e+08 3.25667e+07 0 3.40322e+08 0 3.76145e+08 3.40322e+08 1.78893e+08 3.25667e+07 0.00057589 0.000766672 0.000388316 0.0012233 0.040545
30 140 0 0.344105 1.38733 0.000346182 0.00273381 9.44434e+07 3.76145e+08 1.78893e+08 3.25667e+07 0 3.40322e+08 0 3.76145e+08 3.40322e+08 1.78893e+08 3.25667e+07 0.00057589 0.000766672 0.000388316 0.0012233 0.040545
40 140 1 0.157603 1.1711 0.000144033 0.00226224 8.73736e+07 3.47988e+08 1.65501e+08 3.01288e+07 0 3.14846e+08 0 3.47988e+08 3.14846e+08 1.65501e+08 3.01288e+07 0.00105883 0.0018049 7.1465e-05 0.000920449 0.0429115
29 140 2 0.42029 1.15466 0.000415022 0.00255148 1.13934e+08 4.5377e+08 2.15811e+08 3.92874e+07 0 4.10554e+08 0 4.5377e+08 4.10554e+08 2.15811e+08 3.92874e+07 0.000979379 0.00050247 -0.000470807 0.000759495 0.0434083
28 141 0 -0.0010181 1.6829 -1.47833e-05 0.00303491 8.73284e+07 3.47808e+08 1.65416e+08 3.01132e+07 0 3.14683e+08 0 3.47808e+08 3.14683e+08 1.65416e+08 3.01132e+07 0.000783491 -0.00124888 0.000547385 0.000968642 0.0389216
38 141 1 0.0883352 1.43074 6.90546e-05 0.00262613 6.7464e+07 2.68693e+08 1.27789e+08 2.32635e+07 0 2.43103e+08 0 2.68693e+08 2.43103e+08 1.27789e+08 2.32635e+07 0.00101686 -0.000593995 -0.000574385 0.00162052 0.0398551
26 141 2 0.291147 1.64821 0.000298121 0.00311692 3.48875e+07 1.38949e+08 6.60833e+07 1.20302e+07 0 1.25715e+08 0 1.38949e+08 1.25715e+08 6.60833e+07 1.20302e+07 0.00168261 0.00129349 -6.32987e-05 0.00217511 0.0393251
28 142 0 -0.0010181 1.6829 -1.47833e-05 0.00303491 8.73284e+07 3.47808e+08 1.65416e+08 3.01132e+07 0 3.14683e+08 0 3.47808e+08 3.14683e+08 1.65416e+08 3.01132e+07 0.000783491 -0.00124888 0.000547385 0.000968642 0.0389216
39 142 1 -0.159894 1.47586 -0.000301897 0.00293307 4.30906e+07 1.71619e+08 8.16213e+07 1.48588e+07 0 1.55275e+08 0 1.71619e+08 1.55275e+08 8.16213e+07 1.48588e+07 0.00189812 -0.00123523 0.000168352 0.00192133 0.0395812
38 142 2 0.0883352 1.43074 6.90546e-05 0.00262613 6.7464e+07 2.68693e+08 1.27789e+08 2.32635e+07 0 2.43103e+08 0 2.68693e+08 2.43103e+08 1.27789e+08 2.32635e+07 0.00101686 -0.000593995 -0.000574385 0.00162052 0.0398551
42 143 0 -0.580612 1.55611 -0.00113535 0.00323142 3.14307e+07 1.25181e+08 5.95353e+07 1.08382e+07 0 1.13259e+08 0 1.25181e+08 1.13259e+08 5.95353e+07 1.08382e+07 0.00225163 -0.000476878 -0.000185394 0.00304834 0.0403035
43 143 1 -0.71191 1.47245 -0.00143473 0.00324043 2.22253e+07 8.85178e+07 4.20986e+07 7.66388e+06 0 8.00875e+07 0 8.85178e+07 8.00875e+07 4.20986e+07 7.66388e+06 0.00288961 -0.00420734 -0.000726247 0.0040875 0.0411828
55 143 2 -0.604482 1.27507 -0.00109196 0.0025596 5.27472e+07 2.10079e+08 9.99126e+07 1.81887e+07 0 1.90072e+08 0 2.10079e+08 1.90072e+08 9.99126e+07 1.81887e+07 0.00136623 0.00198947 -0.000430682 0.00160415 0.0420735
63 144 0 -0.963127 0.992224 -0.00143936 0.00159495 8.33756e+07 3.32065e+08 1.57928e+08 2.87502e+07 0 3.0044e+08 0 3.32065e+08 3.0044e+08 1.57928e+08 2.87502e+07 0.00106329 0.000783852 -0.000984233 0.00102499 0.0468128
62 144 1 -0.808312 1.1329 -0.00136743 0.00196306 3.60923e+07 1.43747e+08 6.83653e+07 1.24456e+07 0 1.30057e+08 0 1.43747e+08 1.30057e+08 6.83653e+07 1.24456e+07 0.00160904 0.00131122 -0.00093408 0.00190288 0.0443506
53 144 2 -1.0725 1.16658 -0.00177077 0.00165778 9.38451e+07 3.73762e+08 1.77759e+08 3.23604e+07 0 3.38166e+08 0 3.73762e+08 3.38166e+08 1.77759e+08 3.23604e+07 0.000720196 0.00151473 -0.00183644 0.00105792 0.045341
73 145 0 -1.05113 0.79988 -0.00155164 0.00119951 3.8222e+07 1.52229e+08 7.23994e+07 1.318e+07 0 1.37731e+08 0 1.52229e+08 1.37731e+08 7.23994e+07 1.318e+07 0.00200904 0.00172328 0.000780662 0.00189282 0.0503239
63 145 1 -0.963127 0.992224 -0.00143936 0.00159495 8.33756e+07 3.32065e+08 1.57928e+08 2.87502e+07 0 3.0044e+08 0 3.32065e+08 3.0044e+08 1.57928e+08 2.87502e+07 0.00106329 0.000783852 -0.000984233 0.00102499 0.0468128
64 145 2 -1.16006 1.02518 -0.0016876 0.00138449 6.69154e+07 2.66508e+08 1.2675e+08 2.30743e+07 0 2.41126e+08 0 2.66508e+08 2.41126e+08 1.2675e+08 2.30743e+07 0.00127419 0.00161306 -0.00040017 0.00136238 0.0473581
72 146 0 -0.803058 0.87071 -0.00126787 0.00166806 1.53301e+08 6.10562e+08 2.9038e+08 5.28625e+07 0 5.52413e+08 0 6.10562e+08 5.52413e+08 2.9038e+08 5.28625e+07 0.000496889 0.00120985 0.000216773 0.000397938 0.0488528
62 146 1 -0.808312 1.1329 -0.00136743 0.00196306 3.60923e+07 1.43747e+08 6.83653e+07 1.24456e+07 0 1.30057e+08 0 1.43747e+08 1.30057e+08 6.83653e+07 1.24456e+07 0.00160904 0.00131122 -0.00093408 0.00190288 0.0443506
63 146 2 -0.963127 0.992224 -0.00143936 0.00159495 8.33756e+07 3.32065e+08 1.57928e+08 2.87502e+07 0 3.0044e+08 0 3.32065e+08 3.0044e+08 1.57928e+08 2.87502e+07 0.00106329 0.000783852 -0.000984233 0.00102499 0.0468128
92 147 0 -0.974187 0.19424 -0.00105486 0.000258629 7.32512e+07 2.91742e+08 1.38751e+08 2.5259e+07 0 2.63957e+08 0 2.91742e+08 2.63957e+08 1.38751e+08 2.5259e+07 0.000518804 0.0019225 -0.00228743 0.0014187 0.0708174
88 147 1 -1.16374 0.354775 -0.0016363 0.000251638 5.93933e+07 2.36549e+08 1.12502e+08 2.04805e+07 0 2.14021e+08 0 2.36549e+08 2.14021e+08 1.12502e+08 2.04805e+07 0.00115148 0.00114884 -0.00168153 0.0018609 0.0604891
91 147 2 -1.19942 0.0969529 -0.000918065 -0.000227098 6.87859e+07 2.73958e+08 1.30293e+08 2.37193e+07 0 2.47867e+08 0 2.73958e+08 2.47867e+08 1.30293e+08 2.37193e+07 0.00132418 0.00109083 -0.00479134 0.0015906 0.0660252
92 148 0 -0.974187 0.19424 -0.00105486 0.000258629 7.32512e+07 2.91742e+08 1.38751e+08 2.5259e+07 0 2.63957e+08 0 2.91742e+08 2.63957e+08 1.38751e+08 2.5259e+07 0.000518804 0.0019225 -0.00228743 0.0014187 0.0708174
91 148 1 -1.19942 0.0969529 -0.000918065 -0.000227098 6.87859e+07 2.73958e+08 1.30293e+08 2.37193e+07 0 2.47867e+08 0 2.73958e+08 2.47867e+08 1.30293e+08 2.37193e+07 0.00132418 0.00109083 -0.00479134 0.0015906 0.0660252
94 148 2 -1 5.15995e-24 -1.19105e-26 2.96891e-26 1.08478e+08 4.32041e+08 2.05477e+08 3.74062e+07 0 3.90894e+08 0 4.32041e+08 3.90894e+08 2.05477e+08 3.74062e+07 0.00126981 0.00229273 -0.00881162 0.000684123 0.0809037
