Index_Vertex nbTriangle nbInTr x y ux uy Elast AR BR IR GR ER FR A1 A2 B12 C3 Defxx Defxy Defyx Defyy Density 
0 0 0 -1 8.3422e-26 4.42059e-27 2.47981e-27 1.54337e+08 6.14686e+08 2.92341e+08 5.32196e+07 0 5.56144e+08 0 6.14686e+08 5.56144e+08 2.92341e+08 5.32196e+07 0.000551776 0.000707023 -0.00546186 -0.000267887 0.11922
3 0 1 -0.8 3.63382e-25 -5.74855e-27 4.00787e-26 9.79638e+07 3.90166e+08 1.85561e+08 3.37806e+07 0 3.53008e+08 0 3.90166e+08 3.53008e+08 1.85561e+08 3.37806e+07 6.21125e-05 -0.000225488 -0.00397598 0.0015998 0.117872
2 0 2 -0.867583 0.122798 -0.000462918 0.000131337 1.49888e+08 5.96969e+08 2.83915e+08 5.16856e+07 0 5.40114e+08 0 5.96969e+08 5.40114e+08 2.83915e+08 5.16856e+07 0.000292377 0.000683802 -0.0033684 0.000791511 0.107396
6 1 0 -0.676597 0.157006 -0.000421824 0.000215267 4.27432e+07 1.70236e+08 8.09634e+07 1.4739e+07 0 1.54023e+08 0 1.70236e+08 1.54023e+08 8.09634e+07 1.4739e+07 0.00130652 0.000125157 -0.00223902 0.00202987 0.102981
5 1 1 -0.792185 0.28575 -0.000769743 0.000366906 7.70926e+07 3.07041e+08 1.46027e+08 2.65837e+07 0 2.77799e+08 0 3.07041e+08 2.77799e+08 1.46027e+08 2.65837e+07 0.000966928 0.000633166 -0.00136656 0.000964555 0.0953536
2 1 2 -0.867583 0.122798 -0.000462918 0.000131337 1.49888e+08 5.96969e+08 2.83915e+08 5.16856e+07 0 5.40114e+08 0 5.96969e+08 5.40114e+08 2.83915e+08 5.16856e+07 0.000292377 0.000683802 -0.0033684 0.000791511 0.107396
12 2 0 -0.477062 0.174418 -0.000247814 0.000257973 5.80988e+07 2.31394e+08 1.1005e+08 2.00341e+07 0 2.09356e+08 0 2.31394e+08 2.09356e+08 1.1005e+08 2.00341e+07 0.000774376 -5.10918e-05 -0.00161978 0.00202675 0.100004
7 2 1 -0.6 4.05823e-25 -2.82631e-27 3.19514e-26 1.10819e+08 4.41366e+08 2.09911e+08 3.82135e+07 0 3.99331e+08 0 4.41366e+08 3.99331e+08 2.09911e+08 3.82135e+07 -1.31739e-05 0.000120801 -0.00213514 0.00104712 0.116244
11 2 2 -0.4 4.21622e-25 3.18437e-28 3.57026e-26 1.09152e+08 4.34727e+08 2.06754e+08 3.76387e+07 0 3.93325e+08 0 4.34727e+08 3.93325e+08 2.06754e+08 3.76387e+07 -1.65921e-26 8.88023e-25 -0.00120405 0.00133971 0.114868
5 3 0 -0.792185 0.28575 -0.000769743 0.000366906 7.70926e+07 3.07041e+08 1.46027e+08 2.65837e+07 0 2.77799e+08 0 3.07041e+08 2.77799e+08 1.46027e+08 2.65837e+07 0.000966928 0.000633166 -0.00136656 0.000964555 0.0953536
6 3 1 -0.676597 0.157006 -0.000421824 0.000215267 4.27432e+07 1.70236e+08 8.09634e+07 1.4739e+07 0 1.54023e+08 0 1.70236e+08 1.54023e+08 8.09634e+07 1.4739e+07 0.00130652 0.000125157 -0.00223902 0.00202987 0.102981
10 3 2 -0.576854 0.329278 -0.000535585 0.000572324 4.86313e+07 1.93687e+08 9.21164e+07 1.67694e+07 0 1.7524e+08 0 1.93687e+08 1.7524e+08 9.21164e+07 1.67694e+07 0.00143831 3.4989e-05 -0.000670922 0.00202268 0.090423
4 4 0 -0.936679 0.390786 -0.000971011 0.000488867 9.02484e+07 3.59437e+08 1.70947e+08 3.11201e+07 0 3.25205e+08 0 3.59437e+08 3.25205e+08 1.70947e+08 3.11201e+07 0.000474242 9.44786e-05 0.000735451 0.00145507 0.092063
5 4 1 -0.792185 0.28575 -0.000769743 0.000366906 7.70926e+07 3.07041e+08 1.46027e+08 2.65837e+07 0 2.77799e+08 0 3.07041e+08 2.77799e+08 1.46027e+08 2.65837e+07 0.000966928 0.000633166 -0.00136656 0.000964555 0.0953536
9 4 2 -0.707605 0.454198 -0.000690132 0.000709377 3.09548e+07 1.23285e+08 5.86339e+07 1.06741e+07 0 1.11544e+08 0 1.23285e+08 1.11544e+08 5.86339e+07 1.06741e+07 0.00178366 0.00058404 0.000322054 0.00148814 0.0856661
4 5 0 -0.936679 0.390786 -0.000971011 0.000488867 9.02484e+07 3.59437e+08 1.70947e+08 3.11201e+07 0 3.25205e+08 0 3.59437e+08 3.25205e+08 1.70947e+08 3.11201e+07 0.000474242 9.44786e-05 0.000735451 0.00145507 0.092063
1 5 1 -0.991421 0.19854 -0.000824066 0.000124972 2.45953e+07 9.79571e+07 4.65879e+07 8.48114e+06 0 8.86279e+07 0 9.79571e+07 8.86279e+07 4.65879e+07 8.48114e+06 0.00201373 0.000716177 -0.00295025 0.0014653 0.103085
5 5 2 -0.792185 0.28575 -0.000769743 0.000366906 7.70926e+07 3.07041e+08 1.46027e+08 2.65837e+07 0 2.77799e+08 0 3.07041e+08 2.77799e+08 1.46027e+08 2.65837e+07 0.000966928 0.000633166 -0.00136656 0.000964555 0.0953536
3 6 0 -0.8 3.63382e-25 -5.74855e-27 4.00787e-26 9.79638e+07 3.90166e+08 1.85561e+08 3.37806e+07 0 3.53008e+08 0 3.90166e+08 3.53008e+08 1.85561e+08 3.37806e+07 6.21125e-05 -0.000225488 -0.00397598 0.0015998 0.117872
7 6 1 -0.6 4.05823e-25 -2.82631e-27 3.19514e-26 1.10819e+08 4.41366e+08 2.09911e+08 3.82135e+07 0 3.99331e+08 0 4.41366e+08 3.99331e+08 2.09911e+08 3.82135e+07 -1.31739e-05 0.000120801 -0.00213514 0.00104712 0.116244
6 6 2 -0.676597 0.157006 -0.000421824 0.000215267 4.27432e+07 1.70236e+08 8.09634e+07 1.4739e+07 0 1.54023e+08 0 1.70236e+08 1.54023e+08 8.09634e+07 1.4739e+07 0.00130652 0.000125157 -0.00223902 0.00202987 0.102981
2 7 0 -0.867583 0.122798 -0.000462918 0.000131337 1.49888e+08 5.96969e+08 2.83915e+08 5.16856e+07 0 5.40114e+08 0 5.96969e+08 5.40114e+08 2.83915e+08 5.16856e+07 0.000292377 0.000683802 -0.0033684 0.000791511 0.107396
5 7 1 -0.792185 0.28575 -0.000769743 0.000366906 7.70926e+07 3.07041e+08 1.46027e+08 2.65837e+07 0 2.77799e+08 0 3.07041e+08 2.77799e+08 1.46027e+08 2.65837e+07 0.000966928 0.000633166 -0.00136656 0.000964555 0.0953536
1 7 2 -0.991421 0.19854 -0.000824066 0.000124972 2.45953e+07 9.79571e+07 4.65879e+07 8.48114e+06 0 8.86279e+07 0 9.79571e+07 8.86279e+07 4.65879e+07 8.48114e+06 0.00201373 0.000716177 -0.00295025 0.0014653 0.103085
0 8 0 -1 8.3422e-26 4.42059e-27 2.47981e-27 1.54337e+08 6.14686e+08 2.92341e+08 5.32196e+07 0 5.56144e+08 0 6.14686e+08 5.56144e+08 2.92341e+08 5.32196e+07 0.000551776 0.000707023 -0.00546186 -0.000267887 0.11922
2 8 1 -0.867583 0.122798 -0.000462918 0.000131337 1.49888e+08 5.96969e+08 2.83915e+08 5.16856e+07 0 5.40114e+08 0 5.96969e+08 5.40114e+08 2.83915e+08 5.16856e+07 0.000292377 0.000683802 -0.0033684 0.000791511 0.107396
1 8 2 -0.991421 0.19854 -0.000824066 0.000124972 2.45953e+07 9.79571e+07 4.65879e+07 8.48114e+06 0 8.86279e+07 0 9.79571e+07 8.86279e+07 4.65879e+07 8.48114e+06 0.00201373 0.000716177 -0.00295025 0.0014653 0.103085
3 9 0 -0.8 3.63382e-25 -5.74855e-27 4.00787e-26 9.79638e+07 3.90166e+08 1.85561e+08 3.37806e+07 0 3.53008e+08 0 3.90166e+08 3.53008e+08 1.85561e+08 3.37806e+07 6.21125e-05 -0.000225488 -0.00397598 0.0015998 0.117872
6 9 1 -0.676597 0.157006 -0.000421824 0.000215267 4.27432e+07 1.70236e+08 8.09634e+07 1.4739e+07 0 1.54023e+08 0 1.70236e+08 1.54023e+08 8.09634e+07 1.4739e+07 0.00130652 0.000125157 -0.00223902 0.00202987 0.102981
2 9 2 -0.867583 0.122798 -0.000462918 0.000131337 1.49888e+08 5.96969e+08 2.83915e+08 5.16856e+07 0 5.40114e+08 0 5.96969e+08 5.40114e+08 2.83915e+08 5.16856e+07 0.000292377 0.000683802 -0.0033684 0.000791511 0.107396
11 10 0 -0.4 4.21622e-25 3.18437e-28 3.57026e-26 1.09152e+08 4.34727e+08 2.06754e+08 3.76387e+07 0 3.93325e+08 0 4.34727e+08 3.93325e+08 2.06754e+08 3.76387e+07 -1.65921e-26 8.88023e-25 -0.00120405 0.00133971 0.114868
18 10 1 -0.282467 0.183645 -0.000151751 0.000379665 1.00463e+08 4.00119e+08 1.90295e+08 3.46423e+07 0 3.62013e+08 0 4.00119e+08 3.62013e+08 1.90295e+08 3.46423e+07 0.000202396 0.00259889 -0.000680035 0.00119552 0.0981682
12 10 2 -0.477062 0.174418 -0.000247814 0.000257973 5.80988e+07 2.31394e+08 1.1005e+08 2.00341e+07 0 2.09356e+08 0 2.31394e+08 2.09356e+08 1.1005e+08 2.00341e+07 0.000774376 -5.10918e-05 -0.00161978 0.00202675 0.100004
9 11 0 -0.707605 0.454198 -0.000690132 0.000709377 3.09548e+07 1.23285e+08 5.86339e+07 1.06741e+07 0 1.11544e+08 0 1.23285e+08 1.11544e+08 5.86339e+07 1.06741e+07 0.00178366 0.00058404 0.000322054 0.00148814 0.0856661
14 11 1 -0.614204 0.625886 -0.000613839 0.000910908 1.22383e+08 4.8742e+08 2.31814e+08 4.22009e+07 0 4.40999e+08 0 4.8742e+08 4.40999e+08 2.31814e+08 4.22009e+07 0.000673172 -9.95836e-05 -0.000465454 0.000567106 0.0782833
8 11 2 -0.843126 0.56735 -0.000766338 0.000713766 1.41053e+08 5.61781e+08 2.6718e+08 4.8639e+07 0 5.08278e+08 0 5.61781e+08 5.08278e+08 2.6718e+08 4.8639e+07 0.000622688 0.00120767 3.51496e-05 0.000635273 0.0838399
4 12 0 -0.936679 0.390786 -0.000971011 0.000488867 9.02484e+07 3.59437e+08 1.70947e+08 3.11201e+07 0 3.25205e+08 0 3.59437e+08 3.25205e+08 1.70947e+08 3.11201e+07 0.000474242 9.44786e-05 0.000735451 0.00145507 0.092063
9 12 1 -0.707605 0.454198 -0.000690132 0.000709377 3.09548e+07 1.23285e+08 5.86339e+07 1.06741e+07 0 1.11544e+08 0 1.23285e+08 1.11544e+08 5.86339e+07 1.06741e+07 0.00178366 0.00058404 0.000322054 0.00148814 0.0856661
8 12 2 -0.843126 0.56735 -0.000766338 0.000713766 1.41053e+08 5.61781e+08 2.6718e+08 4.8639e+07 0 5.08278e+08 0 5.61781e+08 5.08278e+08 2.6718e+08 4.8639e+07 0.000622688 0.00120767 3.51496e-05 0.000635273 0.0838399
11 13 0 -0.4 4.21622e-25 3.18437e-28 3.57026e-26 1.09152e+08 4.34727e+08 2.06754e+08 3.76387e+07 0 3.93325e+08 0 4.34727e+08 3.93325e+08 2.06754e+08 3.76387e+07 -1.65921e-26 8.88023e-25 -0.00120405 0.00133971 0.114868
17 13 1 -0.2 3.83408e-25 -4.13242e-27 3.06127e-26 2.23159e+07 8.8879e+07 4.22704e+07 7.69515e+06 0 8.04143e+07 0 8.8879e+07 8.04143e+07 4.22704e+07 7.69515e+06 0.000706202 -0.000885461 -0.000564606 0.00370868 0.113977
18 13 2 -0.282467 0.183645 -0.000151751 0.000379665 1.00463e+08 4.00119e+08 1.90295e+08 3.46423e+07 0 3.62013e+08 0 4.00119e+08 3.62013e+08 1.90295e+08 3.46423e+07 0.000202396 0.00259889 -0.000680035 0.00119552 0.0981682
8 14 0 -0.843126 0.56735 -0.000766338 0.000713766 1.41053e+08 5.61781e+08 2.6718e+08 4.8639e+07 0 5.08278e+08 0 5.61781e+08 5.08278e+08 2.6718e+08 4.8639e+07 0.000622688 0.00120767 3.51496e-05 0.000635273 0.0838399
14 14 1 -0.614204 0.625886 -0.000613839 0.000910908 1.22383e+08 4.8742e+08 2.31814e+08 4.22009e+07 0 4.40999e+08 0 4.8742e+08 4.40999e+08 2.31814e+08 4.22009e+07 0.000673172 -9.95836e-05 -0.000465454 0.000567106 0.0782833
13 14 2 -0.717878 0.721994 -0.000812564 0.00096076 7.22652e+07 2.87815e+08 1.36883e+08 2.4919e+07 0 2.60404e+08 0 2.87815e+08 2.60404e+08 1.36883e+08 2.4919e+07 0.00102617 0.000563576 -0.00185883 0.00123639 0.0777354
25 15 0 0.0791512 0.157326 0.000115531 0.000279478 6.07657e+07 2.42015e+08 1.15101e+08 2.09537e+07 0 2.18966e+08 0 2.42015e+08 2.18966e+08 1.15101e+08 2.09537e+07 0.000759774 0.0017591 0.000909953 0.00160336 0.0996367
24 15 1 -0.0915396 0.186457 -2.20094e-05 0.000458659 2.58041e+07 1.02771e+08 4.88776e+07 8.89796e+06 0 9.29837e+07 0 1.02771e+08 9.29837e+07 4.88776e+07 8.89796e+06 0.00105343 -0.00120363 -0.000846001 0.00262163 0.0973886
22 15 2 2.49704e-17 3.71244e-25 3.38519e-28 3.8013e-26 1.4484e+08 5.76865e+08 2.74354e+08 4.9945e+07 0 5.21925e+08 0 5.76865e+08 5.21925e+08 2.74354e+08 4.9945e+07 -6.58477e-26 5.49166e-25 0.00080076 0.00062691 0.113667
22 16 0 2.49704e-17 3.71244e-25 3.38519e-28 3.8013e-26 1.4484e+08 5.76865e+08 2.74354e+08 4.9945e+07 0 5.21925e+08 0 5.76865e+08 5.21925e+08 2.74354e+08 4.9945e+07 -6.58477e-26 5.49166e-25 0.00080076 0.00062691 0.113667
24 16 1 -0.0915396 0.186457 -2.20094e-05 0.000458659 2.58041e+07 1.02771e+08 4.88776e+07 8.89796e+06 0 9.29837e+07 0 1.02771e+08 9.29837e+07 4.88776e+07 8.89796e+06 0.00105343 -0.00120363 -0.000846001 0.00262163 0.0973886
17 16 2 -0.2 3.83408e-25 -4.13242e-27 3.06127e-26 2.23159e+07 8.8879e+07 4.22704e+07 7.69515e+06 0 8.04143e+07 0 8.8879e+07 8.04143e+07 4.22704e+07 7.69515e+06 0.000706202 -0.000885461 -0.000564606 0.00370868 0.113977
29 17 0 -0.124018 0.747897 -0.000217205 0.00110506 8.07607e+07 3.2165e+08 1.52975e+08 2.78485e+07 0 2.91017e+08 0 3.2165e+08 2.91017e+08 1.52975e+08 2.78485e+07 0.000632174 0.000679713 0.000511859 0.000604584 0.0709759
21 17 1 -0.272145 0.571034 -0.000324422 0.000854719 1.40567e+08 5.59846e+08 2.6626e+08 4.84715e+07 0 5.06527e+08 0 5.59846e+08 5.06527e+08 2.6626e+08 4.84715e+07 0.000651086 -0.00055626 -0.000272192 0.000481533 0.0766807
28 17 2 -0.0678065 0.538398 -0.000164631 0.000913613 1.15333e+08 4.59343e+08 2.18461e+08 3.977e+07 0 4.15596e+08 0 4.59343e+08 4.15596e+08 2.18461e+08 3.977e+07 0.000646377 0.000231512 -0.000235494 0.000610519 0.0771836
36 18 0 0.0139488 0.875732 8.65947e-06 0.00144827 6.89495e+07 2.74609e+08 1.30603e+08 2.37757e+07 0 2.48456e+08 0 2.74609e+08 2.48456e+08 1.30603e+08 2.37757e+07 0.00116965 0.000755774 -0.000171348 0.00127506 0.0687336
33 18 1 -0.195805 1.00167 -0.000332925 0.00191542 6.66287e+06 2.65366e+07 1.26207e+07 2.29754e+06 0 2.40093e+07 0 2.65366e+07 2.40093e+07 1.26207e+07 2.29754e+06 0.00605662 -0.00013923 -0.00123565 0.00550491 0.0685234
29 18 2 -0.124018 0.747897 -0.000217205 0.00110506 8.07607e+07 3.2165e+08 1.52975e+08 2.78485e+07 0 2.91017e+08 0 3.2165e+08 2.91017e+08 1.52975e+08 2.78485e+07 0.000632174 0.000679713 0.000511859 0.000604584 0.0709759
45 19 0 0.213964 0.82104 0.000246879 0.00140351 7.60714e+07 3.02974e+08 1.44093e+08 2.62315e+07 0 2.74119e+08 0 3.02974e+08 2.74119e+08 1.44093e+08 2.62315e+07 0.00117015 -0.000526663 1.69633e-05 0.00119946 0.0700165
36 19 1 0.0139488 0.875732 8.65947e-06 0.00144827 6.89495e+07 2.74609e+08 1.30603e+08 2.37757e+07 0 2.48456e+08 0 2.74609e+08 2.48456e+08 1.30603e+08 2.37757e+07 0.00116965 0.000755774 -0.000171348 0.00127506 0.0687336
35 19 2 0.073283 0.695724 1.74869e-05 0.00118743 3.03896e+07 1.21034e+08 5.75633e+07 1.04792e+07 0 1.09507e+08 0 1.21034e+08 1.09507e+08 5.75633e+07 1.04792e+07 0.00229886 0.00040714 0.000689488 0.0022313 0.0720681
41 20 0 0.00281236 1.02158 -1.31473e-05 0.00158371 1.24983e+08 4.97775e+08 2.36739e+08 4.30974e+07 0 4.50368e+08 0 4.97775e+08 4.50368e+08 2.36739e+08 4.30974e+07 0.000575304 0.00141227 -0.000359112 0.00057061 0.0679459
33 20 1 -0.195805 1.00167 -0.000332925 0.00191542 6.66287e+06 2.65366e+07 1.26207e+07 2.29754e+06 0 2.40093e+07 0 2.65366e+07 2.40093e+07 1.26207e+07 2.29754e+06 0.00605662 -0.00013923 -0.00123565 0.00550491 0.0685234
36 20 2 0.0139488 0.875732 8.65947e-06 0.00144827 6.89495e+07 2.74609e+08 1.30603e+08 2.37757e+07 0 2.48456e+08 0 2.74609e+08 2.48456e+08 1.30603e+08 2.37757e+07 0.00116965 0.000755774 -0.000171348 0.00127506 0.0687336
26 21 0 -0.38694 0.943447 -0.000835619 0.00137416 4.84045e+07 1.92783e+08 9.16868e+07 1.66912e+07 0 1.74423e+08 0 1.92783e+08 1.74423e+08 9.16868e+07 1.66912e+07 0.000499426 0.00338967 -0.00301876 0.00241715 0.0702721
19 21 1 -0.563899 0.849414 -0.000898037 0.00119967 3.56552e+07 1.42006e+08 6.75373e+07 1.22949e+07 0 1.28482e+08 0 1.42006e+08 1.28482e+08 6.75373e+07 1.22949e+07 0.00145712 -0.000255554 -0.0025568 0.00209645 0.0732997
20 21 2 -0.431992 0.711448 -0.00052448 0.000998174 9.25355e+07 3.68546e+08 1.75279e+08 3.19088e+07 0 3.33447e+08 0 3.68546e+08 3.33447e+08 1.75279e+08 3.19088e+07 0.000838023 0.000358006 -0.000664028 0.000922383 0.0738553
10 22 0 -0.576854 0.329278 -0.000535585 0.000572324 4.86313e+07 1.93687e+08 9.21164e+07 1.67694e+07 0 1.7524e+08 0 1.93687e+08 1.7524e+08 9.21164e+07 1.67694e+07 0.00143831 3.4989e-05 -0.000670922 0.00202268 0.090423
9 22 1 -0.707605 0.454198 -0.000690132 0.000709377 3.09548e+07 1.23285e+08 5.86339e+07 1.06741e+07 0 1.11544e+08 0 1.23285e+08 1.11544e+08 5.86339e+07 1.06741e+07 0.00178366 0.00058404 0.000322054 0.00148814 0.0856661
5 22 2 -0.792185 0.28575 -0.000769743 0.000366906 7.70926e+07 3.07041e+08 1.46027e+08 2.65837e+07 0 2.77799e+08 0 3.07041e+08 2.77799e+08 1.46027e+08 2.65837e+07 0.000966928 0.000633166 -0.00136656 0.000964555 0.0953536
16 23 0 -0.365659 0.362584 -0.000278896 0.000628485 3.54962e+07 1.41373e+08 6.72361e+07 1.22401e+07 0 1.27909e+08 0 1.41373e+08 1.27909e+08 6.72361e+07 1.22401e+07 0.000995466 0.000125796 -0.000485776 0.00232259 0.0868091
10 23 1 -0.576854 0.329278 -0.000535585 0.000572324 4.86313e+07 1.93687e+08 9.21164e+07 1.67694e+07 0 1.7524e+08 0 1.93687e+08 1.7524e+08 9.21164e+07 1.67694e+07 0.00143831 3.4989e-05 -0.000670922 0.00202268 0.090423
12 23 2 -0.477062 0.174418 -0.000247814 0.000257973 5.80988e+07 2.31394e+08 1.1005e+08 2.00341e+07 0 2.09356e+08 0 2.31394e+08 2.09356e+08 1.1005e+08 2.00341e+07 0.000774376 -5.10918e-05 -0.00161978 0.00202675 0.100004
16 24 0 -0.365659 0.362584 -0.000278896 0.000628485 3.54962e+07 1.41373e+08 6.72361e+07 1.22401e+07 0 1.27909e+08 0 1.41373e+08 1.27909e+08 6.72361e+07 1.22401e+07 0.000995466 0.000125796 -0.000485776 0.00232259 0.0868091
15 24 1 -0.483027 0.508184 -0.000445004 0.000820398 1.35638e+08 5.40213e+08 2.56923e+08 4.67717e+07 0 4.88764e+08 0 5.40213e+08 4.88764e+08 2.56923e+08 4.67717e+07 0.000473066 -0.000110525 -0.000628661 0.000655008 0.0807501
10 24 2 -0.576854 0.329278 -0.000535585 0.000572324 4.86313e+07 1.93687e+08 9.21164e+07 1.67694e+07 0 1.7524e+08 0 1.93687e+08 1.7524e+08 9.21164e+07 1.67694e+07 0.00143831 3.4989e-05 -0.000670922 0.00202268 0.090423
10 25 0 -0.576854 0.329278 -0.000535585 0.000572324 4.86313e+07 1.93687e+08 9.21164e+07 1.67694e+07 0 1.7524e+08 0 1.93687e+08 1.7524e+08 9.21164e+07 1.67694e+07 0.00143831 3.4989e-05 -0.000670922 0.00202268 0.090423
15 25 1 -0.483027 0.508184 -0.000445004 0.000820398 1.35638e+08 5.40213e+08 2.56923e+08 4.67717e+07 0 4.88764e+08 0 5.40213e+08 4.88764e+08 2.56923e+08 4.67717e+07 0.000473066 -0.000110525 -0.000628661 0.000655008 0.0807501
9 25 2 -0.707605 0.454198 -0.000690132 0.000709377 3.09548e+07 1.23285e+08 5.86339e+07 1.06741e+07 0 1.11544e+08 0 1.23285e+08 1.11544e+08 5.86339e+07 1.06741e+07 0.00178366 0.00058404 0.000322054 0.00148814 0.0856661
18 26 0 -0.282467 0.183645 -0.000151751 0.000379665 1.00463e+08 4.00119e+08 1.90295e+08 3.46423e+07 0 3.62013e+08 0 4.00119e+08 3.62013e+08 1.90295e+08 3.46423e+07 0.000202396 0.00259889 -0.000680035 0.00119552 0.0981682
16 26 1 -0.365659 0.362584 -0.000278896 0.000628485 3.54962e+07 1.41373e+08 6.72361e+07 1.22401e+07 0 1.27909e+08 0 1.41373e+08 1.27909e+08 6.72361e+07 1.22401e+07 0.000995466 0.000125796 -0.000485776 0.00232259 0.0868091
12 26 2 -0.477062 0.174418 -0.000247814 0.000257973 5.80988e+07 2.31394e+08 1.1005e+08 2.00341e+07 0 2.09356e+08 0 2.31394e+08 2.09356e+08 1.1005e+08 2.00341e+07 0.000774376 -5.10918e-05 -0.00161978 0.00202675 0.100004
20 27 0 -0.431992 0.711448 -0.00052448 0.000998174 9.25355e+07 3.68546e+08 1.75279e+08 3.19088e+07 0 3.33447e+08 0 3.68546e+08 3.33447e+08 1.75279e+08 3.19088e+07 0.000838023 0.000358006 -0.000664028 0.000922383 0.0738553
27 27 1 -0.276587 0.797964 -0.000417046 0.00112523 3.32489e+07 1.32422e+08 6.29794e+07 1.14651e+07 0 1.19811e+08 0 1.32422e+08 1.19811e+08 6.29794e+07 1.14651e+07 0.00174566 -0.00109746 -0.00103254 0.00274363 0.0707982
26 27 2 -0.38694 0.943447 -0.000835619 0.00137416 4.84045e+07 1.92783e+08 9.16868e+07 1.66912e+07 0 1.74423e+08 0 1.92783e+08 1.74423e+08 9.16868e+07 1.66912e+07 0.000499426 0.00338967 -0.00301876 0.00241715 0.0702721
15 28 0 -0.483027 0.508184 -0.000445004 0.000820398 1.35638e+08 5.40213e+08 2.56923e+08 4.67717e+07 0 4.88764e+08 0 5.40213e+08 4.88764e+08 2.56923e+08 4.67717e+07 0.000473066 -0.000110525 -0.000628661 0.000655008 0.0807501
20 28 1 -0.431992 0.711448 -0.00052448 0.000998174 9.25355e+07 3.68546e+08 1.75279e+08 3.19088e+07 0 3.33447e+08 0 3.68546e+08 3.33447e+08 1.75279e+08 3.19088e+07 0.000838023 0.000358006 -0.000664028 0.000922383 0.0738553
14 28 2 -0.614204 0.625886 -0.000613839 0.000910908 1.22383e+08 4.8742e+08 2.31814e+08 4.22009e+07 0 4.40999e+08 0 4.8742e+08 4.40999e+08 2.31814e+08 4.22009e+07 0.000673172 -9.95836e-05 -0.000465454 0.000567106 0.0782833
15 29 0 -0.483027 0.508184 -0.000445004 0.000820398 1.35638e+08 5.40213e+08 2.56923e+08 4.67717e+07 0 4.88764e+08 0 5.40213e+08 4.88764e+08 2.56923e+08 4.67717e+07 0.000473066 -0.000110525 -0.000628661 0.000655008 0.0807501
21 29 1 -0.272145 0.571034 -0.000324422 0.000854719 1.40567e+08 5.59846e+08 2.6626e+08 4.84715e+07 0 5.06527e+08 0 5.59846e+08 5.06527e+08 2.6626e+08 4.84715e+07 0.000651086 -0.00055626 -0.000272192 0.000481533 0.0766807
20 29 2 -0.431992 0.711448 -0.00052448 0.000998174 9.25355e+07 3.68546e+08 1.75279e+08 3.19088e+07 0 3.33447e+08 0 3.68546e+08 3.33447e+08 1.75279e+08 3.19088e+07 0.000838023 0.000358006 -0.000664028 0.000922383 0.0738553
23 30 0 -0.160968 0.369934 -0.000153002 0.000740614 1.657e+08 6.59943e+08 3.13865e+08 5.71379e+07 0 5.97091e+08 0 6.59943e+08 5.97091e+08 3.13865e+08 5.71379e+07 0.000223226 0.000491732 -9.87952e-05 0.000182452 0.0854228
21 30 1 -0.272145 0.571034 -0.000324422 0.000854719 1.40567e+08 5.59846e+08 2.6626e+08 4.84715e+07 0 5.06527e+08 0 5.59846e+08 5.06527e+08 2.6626e+08 4.84715e+07 0.000651086 -0.00055626 -0.000272192 0.000481533 0.0766807
16 30 2 -0.365659 0.362584 -0.000278896 0.000628485 3.54962e+07 1.41373e+08 6.72361e+07 1.22401e+07 0 1.27909e+08 0 1.41373e+08 1.27909e+08 6.72361e+07 1.22401e+07 0.000995466 0.000125796 -0.000485776 0.00232259 0.0868091
29 31 0 -0.124018 0.747897 -0.000217205 0.00110506 8.07607e+07 3.2165e+08 1.52975e+08 2.78485e+07 0 2.91017e+08 0 3.2165e+08 2.91017e+08 1.52975e+08 2.78485e+07 0.000632174 0.000679713 0.000511859 0.000604584 0.0709759
35 31 1 0.073283 0.695724 1.74869e-05 0.00118743 3.03896e+07 1.21034e+08 5.75633e+07 1.04792e+07 0 1.09507e+08 0 1.21034e+08 1.09507e+08 5.75633e+07 1.04792e+07 0.00229886 0.00040714 0.000689488 0.0022313 0.0720681
36 31 2 0.0139488 0.875732 8.65947e-06 0.00144827 6.89495e+07 2.74609e+08 1.30603e+08 2.37757e+07 0 2.48456e+08 0 2.74609e+08 2.48456e+08 1.30603e+08 2.37757e+07 0.00116965 0.000755774 -0.000171348 0.00127506 0.0687336
21 32 0 -0.272145 0.571034 -0.000324422 0.000854719 1.40567e+08 5.59846e+08 2.6626e+08 4.84715e+07 0 5.06527e+08 0 5.59846e+08 5.06527e+08 2.6626e+08 4.84715e+07 0.000651086 -0.00055626 -0.000272192 0.000481533 0.0766807
29 32 1 -0.124018 0.747897 -0.000217205 0.00110506 8.07607e+07 3.2165e+08 1.52975e+08 2.78485e+07 0 2.91017e+08 0 3.2165e+08 2.91017e+08 1.52975e+08 2.78485e+07 0.000632174 0.000679713 0.000511859 0.000604584 0.0709759
27 32 2 -0.276587 0.797964 -0.000417046 0.00112523 3.32489e+07 1.32422e+08 6.29794e+07 1.14651e+07 0 1.19811e+08 0 1.32422e+08 1.19811e+08 6.29794e+07 1.14651e+07 0.00174566 -0.00109746 -0.00103254 0.00274363 0.0707982
28 33 0 -0.0678065 0.538398 -0.000164631 0.000913613 1.15333e+08 4.59343e+08 2.18461e+08 3.977e+07 0 4.15596e+08 0 4.59343e+08 4.15596e+08 2.18461e+08 3.977e+07 0.000646377 0.000231512 -0.000235494 0.000610519 0.0771836
35 33 1 0.073283 0.695724 1.74869e-05 0.00118743 3.03896e+07 1.21034e+08 5.75633e+07 1.04792e+07 0 1.09507e+08 0 1.21034e+08 1.09507e+08 5.75633e+07 1.04792e+07 0.00229886 0.00040714 0.000689488 0.0022313 0.0720681
29 33 2 -0.124018 0.747897 -0.000217205 0.00110506 8.07607e+07 3.2165e+08 1.52975e+08 2.78485e+07 0 2.91017e+08 0 3.2165e+08 2.91017e+08 1.52975e+08 2.78485e+07 0.000632174 0.000679713 0.000511859 0.000604584 0.0709759
23 34 0 -0.160968 0.369934 -0.000153002 0.000740614 1.657e+08 6.59943e+08 3.13865e+08 5.71379e+07 0 5.97091e+08 0 6.59943e+08 5.97091e+08 3.13865e+08 5.71379e+07 0.000223226 0.000491732 -9.87952e-05 0.000182452 0.0854228
28 34 1 -0.0678065 0.538398 -0.000164631 0.000913613 1.15333e+08 4.59343e+08 2.18461e+08 3.977e+07 0 4.15596e+08 0 4.59343e+08 4.15596e+08 2.18461e+08 3.977e+07 0.000646377 0.000231512 -0.000235494 0.000610519 0.0771836
21 34 2 -0.272145 0.571034 -0.000324422 0.000854719 1.40567e+08 5.59846e+08 2.6626e+08 4.84715e+07 0 5.06527e+08 0 5.59846e+08 5.06527e+08 2.6626e+08 4.84715e+07 0.000651086 -0.00055626 -0.000272192 0.000481533 0.0766807
23 35 0 -0.160968 0.369934 -0.000153002 0.000740614 1.657e+08 6.59943e+08 3.13865e+08 5.71379e+07 0 5.97091e+08 0 6.59943e+08 5.97091e+08 3.13865e+08 5.71379e+07 0.000223226 0.000491732 -9.87952e-05 0.000182452 0.0854228
31 35 1 0.0741694 0.343459 4.94094e-05 0.000627707 3.55134e+07 1.41441e+08 6.72688e+07 1.2246e+07 0 1.27971e+08 0 1.41441e+08 1.27971e+08 6.72688e+07 1.2246e+07 0.00139412 -0.00119875 -0.000827507 0.00206744 0.0867649
28 35 2 -0.0678065 0.538398 -0.000164631 0.000913613 1.15333e+08 4.59343e+08 2.18461e+08 3.977e+07 0 4.15596e+08 0 4.59343e+08 4.15596e+08 2.18461e+08 3.977e+07 0.000646377 0.000231512 -0.000235494 0.000610519 0.0771836
15 36 0 -0.483027 0.508184 -0.000445004 0.000820398 1.35638e+08 5.40213e+08 2.56923e+08 4.67717e+07 0 4.88764e+08 0 5.40213e+08 4.88764e+08 2.56923e+08 4.67717e+07 0.000473066 -0.000110525 -0.000628661 0.000655008 0.0807501
16 36 1 -0.365659 0.362584 -0.000278896 0.000628485 3.54962e+07 1.41373e+08 6.72361e+07 1.22401e+07 0 1.27909e+08 0 1.41373e+08 1.27909e+08 6.72361e+07 1.22401e+07 0.000995466 0.000125796 -0.000485776 0.00232259 0.0868091
21 36 2 -0.272145 0.571034 -0.000324422 0.000854719 1.40567e+08 5.59846e+08 2.6626e+08 4.84715e+07 0 5.06527e+08 0 5.59846e+08 5.06527e+08 2.6626e+08 4.84715e+07 0.000651086 -0.00055626 -0.000272192 0.000481533 0.0766807
27 37 0 -0.276587 0.797964 -0.000417046 0.00112523 3.32489e+07 1.32422e+08 6.29794e+07 1.14651e+07 0 1.19811e+08 0 1.32422e+08 1.19811e+08 6.29794e+07 1.14651e+07 0.00174566 -0.00109746 -0.00103254 0.00274363 0.0707982
20 37 1 -0.431992 0.711448 -0.00052448 0.000998174 9.25355e+07 3.68546e+08 1.75279e+08 3.19088e+07 0 3.33447e+08 0 3.68546e+08 3.33447e+08 1.75279e+08 3.19088e+07 0.000838023 0.000358006 -0.000664028 0.000922383 0.0738553
21 37 2 -0.272145 0.571034 -0.000324422 0.000854719 1.40567e+08 5.59846e+08 2.6626e+08 4.84715e+07 0 5.06527e+08 0 5.59846e+08 5.06527e+08 2.6626e+08 4.84715e+07 0.000651086 -0.00055626 -0.000272192 0.000481533 0.0766807
14 38 0 -0.614204 0.625886 -0.000613839 0.000910908 1.22383e+08 4.8742e+08 2.31814e+08 4.22009e+07 0 4.40999e+08 0 4.8742e+08 4.40999e+08 2.31814e+08 4.22009e+07 0.000673172 -9.95836e-05 -0.000465454 0.000567106 0.0782833
9 38 1 -0.707605 0.454198 -0.000690132 0.000709377 3.09548e+07 1.23285e+08 5.86339e+07 1.06741e+07 0 1.11544e+08 0 1.23285e+08 1.11544e+08 5.86339e+07 1.06741e+07 0.00178366 0.00058404 0.000322054 0.00148814 0.0856661
15 38 2 -0.483027 0.508184 -0.000445004 0.000820398 1.35638e+08 5.40213e+08 2.56923e+08 4.67717e+07 0 4.88764e+08 0 5.40213e+08 4.88764e+08 2.56923e+08 4.67717e+07 0.000473066 -0.000110525 -0.000628661 0.000655008 0.0807501
13 39 0 -0.717878 0.721994 -0.000812564 0.00096076 7.22652e+07 2.87815e+08 1.36883e+08 2.4919e+07 0 2.60404e+08 0 2.87815e+08 2.60404e+08 1.36883e+08 2.4919e+07 0.00102617 0.000563576 -0.00185883 0.00123639 0.0777354
14 39 1 -0.614204 0.625886 -0.000613839 0.000910908 1.22383e+08 4.8742e+08 2.31814e+08 4.22009e+07 0 4.40999e+08 0 4.8742e+08 4.40999e+08 2.31814e+08 4.22009e+07 0.000673172 -9.95836e-05 -0.000465454 0.000567106 0.0782833
19 39 2 -0.563899 0.849414 -0.000898037 0.00119967 3.56552e+07 1.42006e+08 6.75373e+07 1.22949e+07 0 1.28482e+08 0 1.42006e+08 1.28482e+08 6.75373e+07 1.22949e+07 0.00145712 -0.000255554 -0.0025568 0.00209645 0.0732997
12 40 0 -0.477062 0.174418 -0.000247814 0.000257973 5.80988e+07 2.31394e+08 1.1005e+08 2.00341e+07 0 2.09356e+08 0 2.31394e+08 2.09356e+08 1.1005e+08 2.00341e+07 0.000774376 -5.10918e-05 -0.00161978 0.00202675 0.100004
6 40 1 -0.676597 0.157006 -0.000421824 0.000215267 4.27432e+07 1.70236e+08 8.09634e+07 1.4739e+07 0 1.54023e+08 0 1.70236e+08 1.54023e+08 8.09634e+07 1.4739e+07 0.00130652 0.000125157 -0.00223902 0.00202987 0.102981
7 40 2 -0.6 4.05823e-25 -2.82631e-27 3.19514e-26 1.10819e+08 4.41366e+08 2.09911e+08 3.82135e+07 0 3.99331e+08 0 4.41366e+08 3.99331e+08 2.09911e+08 3.82135e+07 -1.31739e-05 0.000120801 -0.00213514 0.00104712 0.116244
23 41 0 -0.160968 0.369934 -0.000153002 0.000740614 1.657e+08 6.59943e+08 3.13865e+08 5.71379e+07 0 5.97091e+08 0 6.59943e+08 5.97091e+08 3.13865e+08 5.71379e+07 0.000223226 0.000491732 -9.87952e-05 0.000182452 0.0854228
16 41 1 -0.365659 0.362584 -0.000278896 0.000628485 3.54962e+07 1.41373e+08 6.72361e+07 1.22401e+07 0 1.27909e+08 0 1.41373e+08 1.27909e+08 6.72361e+07 1.22401e+07 0.000995466 0.000125796 -0.000485776 0.00232259 0.0868091
18 41 2 -0.282467 0.183645 -0.000151751 0.000379665 1.00463e+08 4.00119e+08 1.90295e+08 3.46423e+07 0 3.62013e+08 0 4.00119e+08 3.62013e+08 1.90295e+08 3.46423e+07 0.000202396 0.00259889 -0.000680035 0.00119552 0.0981682
10 42 0 -0.576854 0.329278 -0.000535585 0.000572324 4.86313e+07 1.93687e+08 9.21164e+07 1.67694e+07 0 1.7524e+08 0 1.93687e+08 1.7524e+08 9.21164e+07 1.67694e+07 0.00143831 3.4989e-05 -0.000670922 0.00202268 0.090423
6 42 1 -0.676597 0.157006 -0.000421824 0.000215267 4.27432e+07 1.70236e+08 8.09634e+07 1.4739e+07 0 1.54023e+08 0 1.70236e+08 1.54023e+08 8.09634e+07 1.4739e+07 0.00130652 0.000125157 -0.00223902 0.00202987 0.102981
12 42 2 -0.477062 0.174418 -0.000247814 0.000257973 5.80988e+07 2.31394e+08 1.1005e+08 2.00341e+07 0 2.09356e+08 0 2.31394e+08 2.09356e+08 1.1005e+08 2.00341e+07 0.000774376 -5.10918e-05 -0.00161978 0.00202675 0.100004
19 43 0 -0.563899 0.849414 -0.000898037 0.00119967 3.56552e+07 1.42006e+08 6.75373e+07 1.22949e+07 0 1.28482e+08 0 1.42006e+08 1.28482e+08 6.75373e+07 1.22949e+07 0.00145712 -0.000255554 -0.0025568 0.00209645 0.0732997
14 43 1 -0.614204 0.625886 -0.000613839 0.000910908 1.22383e+08 4.8742e+08 2.31814e+08 4.22009e+07 0 4.40999e+08 0 4.8742e+08 4.40999e+08 2.31814e+08 4.22009e+07 0.000673172 -9.95836e-05 -0.000465454 0.000567106 0.0782833
20 43 2 -0.431992 0.711448 -0.00052448 0.000998174 9.25355e+07 3.68546e+08 1.75279e+08 3.19088e+07 0 3.33447e+08 0 3.68546e+08 3.33447e+08 1.75279e+08 3.19088e+07 0.000838023 0.000358006 -0.000664028 0.000922383 0.0738553
24 44 0 -0.0915396 0.186457 -2.20094e-05 0.000458659 2.58041e+07 1.02771e+08 4.88776e+07 8.89796e+06 0 9.29837e+07 0 1.02771e+08 9.29837e+07 4.88776e+07 8.89796e+06 0.00105343 -0.00120363 -0.000846001 0.00262163 0.0973886
23 44 1 -0.160968 0.369934 -0.000153002 0.000740614 1.657e+08 6.59943e+08 3.13865e+08 5.71379e+07 0 5.97091e+08 0 6.59943e+08 5.97091e+08 3.13865e+08 5.71379e+07 0.000223226 0.000491732 -9.87952e-05 0.000182452 0.0854228
18 44 2 -0.282467 0.183645 -0.000151751 0.000379665 1.00463e+08 4.00119e+08 1.90295e+08 3.46423e+07 0 3.62013e+08 0 4.00119e+08 3.62013e+08 1.90295e+08 3.46423e+07 0.000202396 0.00259889 -0.000680035 0.00119552 0.0981682
17 45 0 -0.2 3.83408e-25 -4.13242e-27 3.06127e-26 2.23159e+07 8.8879e+07 4.22704e+07 7.69515e+06 0 8.04143e+07 0 8.8879e+07 8.04143e+07 4.22704e+07 7.69515e+06 0.000706202 -0.000885461 -0.000564606 0.00370868 0.113977
24 45 1 -0.0915396 0.186457 -2.20094e-05 0.000458659 2.58041e+07 1.02771e+08 4.88776e+07 8.89796e+06 0 9.29837e+07 0 1.02771e+08 9.29837e+07 4.88776e+07 8.89796e+06 0.00105343 -0.00120363 -0.000846001 0.00262163 0.0973886
18 45 2 -0.282467 0.183645 -0.000151751 0.000379665 1.00463e+08 4.00119e+08 1.90295e+08 3.46423e+07 0 3.62013e+08 0 4.00119e+08 3.62013e+08 1.90295e+08 3.46423e+07 0.000202396 0.00259889 -0.000680035 0.00119552 0.0981682
25 46 0 0.0791512 0.157326 0.000115531 0.000279478 6.07657e+07 2.42015e+08 1.15101e+08 2.09537e+07 0 2.18966e+08 0 2.42015e+08 2.18966e+08 1.15101e+08 2.09537e+07 0.000759774 0.0017591 0.000909953 0.00160336 0.0996367
31 46 1 0.0741694 0.343459 4.94094e-05 0.000627707 3.55134e+07 1.41441e+08 6.72688e+07 1.2246e+07 0 1.27971e+08 0 1.41441e+08 1.27971e+08 6.72688e+07 1.2246e+07 0.00139412 -0.00119875 -0.000827507 0.00206744 0.0867649
24 46 2 -0.0915396 0.186457 -2.20094e-05 0.000458659 2.58041e+07 1.02771e+08 4.88776e+07 8.89796e+06 0 9.29837e+07 0 1.02771e+08 9.29837e+07 4.88776e+07 8.89796e+06 0.00105343 -0.00120363 -0.000846001 0.00262163 0.0973886
40 47 0 0.408762 0.195032 0.000354226 0.000497085 3.86907e+07 1.54096e+08 7.32871e+07 1.33416e+07 0 1.3942e+08 0 1.54096e+08 1.3942e+08 7.32871e+07 1.33416e+07 0.00168638 4.18009e-05 0.000907711 0.00134408 0.0979853
39 47 1 0.325687 0.336 0.000363758 0.00064869 5.66236e+07 2.25518e+08 1.07255e+08 1.95254e+07 0 2.0404e+08 0 2.25518e+08 2.0404e+08 1.07255e+08 1.95254e+07 0.00116049 0.000335842 0.000218463 0.00177292 0.0880722
32 47 2 0.241183 0.176356 0.000218721 0.00040487 1.72247e+08 6.86016e+08 3.26266e+08 5.93954e+07 0 6.20682e+08 0 6.86016e+08 6.20682e+08 3.26266e+08 5.93954e+07 0.000297273 -0.000411656 0.000934758 0.000102077 0.0985488
37 48 0 0.245672 0.459354 0.000251992 0.000819911 7.11668e+07 2.8344e+08 1.34803e+08 2.45403e+07 0 2.56446e+08 0 2.8344e+08 2.56446e+08 1.34803e+08 2.45403e+07 0.00113933 0.00037459 -0.000538767 0.001464 0.0811382
34 48 1 0.107853 0.531922 4.41943e-05 0.000922738 5.88946e+07 2.34563e+08 1.11557e+08 2.03085e+07 0 2.12224e+08 0 2.34563e+08 2.12224e+08 1.11557e+08 2.03085e+07 0.00167585 0.000270733 -0.000176725 0.00114364 0.0775101
31 48 2 0.0741694 0.343459 4.94094e-05 0.000627707 3.55134e+07 1.41441e+08 6.72688e+07 1.2246e+07 0 1.27971e+08 0 1.41441e+08 1.27971e+08 6.72688e+07 1.2246e+07 0.00139412 -0.00119875 -0.000827507 0.00206744 0.0867649
61 49 0 1 8.48908e-26 -6.76478e-27 8.60364e-27 6.45005e+07 2.5689e+08 1.22175e+08 2.22415e+07 0 2.32424e+08 0 2.5689e+08 2.32424e+08 1.22175e+08 2.22415e+07 -1.07361e-18 -2.43124e-19 0.00866714 0.00170194 0.119192
57 49 1 0.992842 0.198678 0.000969723 0.000279881 5.10344e+07 2.03258e+08 9.66684e+07 1.75981e+07 0 1.839e+08 0 2.03258e+08 1.839e+08 9.66684e+07 1.75981e+07 0.00152391 -0.00119288 0.000492212 0.00136874 0.103122
56 49 2 0.868603 0.138019 0.000669748 0.000242212 3.80918e+07 1.51711e+08 7.21528e+07 1.31351e+07 0 1.37262e+08 0 1.51711e+08 1.37262e+08 7.21528e+07 1.31351e+07 0.00147663 0.000199313 0.00206141 0.00211811 0.10624
57 50 0 0.992842 0.198678 0.000969723 0.000279881 5.10344e+07 2.03258e+08 9.66684e+07 1.75981e+07 0 1.839e+08 0 2.03258e+08 1.839e+08 9.66684e+07 1.75981e+07 0.00152391 -0.00119288 0.000492212 0.00136874 0.103122
62 50 1 0.937592 0.390982 0.00101183 0.000646418 3.68966e+07 1.4695e+08 6.98888e+07 1.2723e+07 0 1.32955e+08 0 1.4695e+08 1.32955e+08 6.98888e+07 1.2723e+07 0.00198468 0.000713213 0.000664937 0.00165711 0.0921222
55 50 2 0.786184 0.335182 0.000777844 0.000510153 1.0005e+08 3.98476e+08 1.89513e+08 3.45001e+07 0 3.60526e+08 0 3.98476e+08 3.60526e+08 1.89513e+08 3.45001e+07 0.000861673 0.000551342 0.000852703 0.000866467 0.0925173
56 51 0 0.868603 0.138019 0.000669748 0.000242212 3.80918e+07 1.51711e+08 7.21528e+07 1.31351e+07 0 1.37262e+08 0 1.51711e+08 1.37262e+08 7.21528e+07 1.31351e+07 0.00147663 0.000199313 0.00206141 0.00211811 0.10624
54 51 1 0.8 3.96967e-25 5.53733e-27 3.36869e-26 8.33207e+07 3.31846e+08 1.57824e+08 2.87313e+07 0 3.00242e+08 0 3.31846e+08 3.00242e+08 1.57824e+08 2.87313e+07 1.6164e-18 6.48387e-19 0.00525115 0.00168054 0.117892
61 51 2 1 8.48908e-26 -6.76478e-27 8.60364e-27 6.45005e+07 2.5689e+08 1.22175e+08 2.22415e+07 0 2.32424e+08 0 2.5689e+08 2.32424e+08 1.22175e+08 2.22415e+07 -1.07361e-18 -2.43124e-19 0.00866714 0.00170194 0.119192
55 52 0 0.786184 0.335182 0.000777844 0.000510153 1.0005e+08 3.98476e+08 1.89513e+08 3.45001e+07 0 3.60526e+08 0 3.98476e+08 3.60526e+08 1.89513e+08 3.45001e+07 0.000861673 0.000551342 0.000852703 0.000866467 0.0925173
56 52 1 0.868603 0.138019 0.000669748 0.000242212 3.80918e+07 1.51711e+08 7.21528e+07 1.31351e+07 0 1.37262e+08 0 1.51711e+08 1.37262e+08 7.21528e+07 1.31351e+07 0.00147663 0.000199313 0.00206141 0.00211811 0.10624
57 52 2 0.992842 0.198678 0.000969723 0.000279881 5.10344e+07 2.03258e+08 9.66684e+07 1.75981e+07 0 1.839e+08 0 2.03258e+08 1.839e+08 9.66684e+07 1.75981e+07 0.00152391 -0.00119288 0.000492212 0.00136874 0.103122
49 53 0 0.704028 0.174065 0.000547477 0.000294659 6.7634e+07 2.6937e+08 1.28111e+08 2.33221e+07 0 2.43716e+08 0 2.6937e+08 2.43716e+08 1.28111e+08 2.33221e+07 0.000894106 -3.10664e-05 0.00197843 0.00156005 0.101949
54 53 1 0.8 3.96967e-25 5.53733e-27 3.36869e-26 8.33207e+07 3.31846e+08 1.57824e+08 2.87313e+07 0 3.00242e+08 0 3.31846e+08 3.00242e+08 1.57824e+08 2.87313e+07 1.6164e-18 6.48387e-19 0.00525115 0.00168054 0.117892
56 53 2 0.868603 0.138019 0.000669748 0.000242212 3.80918e+07 1.51711e+08 7.21528e+07 1.31351e+07 0 1.37262e+08 0 1.51711e+08 1.37262e+08 7.21528e+07 1.31351e+07 0.00147663 0.000199313 0.00206141 0.00211811 0.10624
53 54 0 0.656989 0.509805 0.000725111 0.000728872 3.98342e+07 1.5865e+08 7.54532e+07 1.37359e+07 0 1.43541e+08 0 1.5865e+08 1.43541e+08 7.54532e+07 1.37359e+07 0.00147317 -0.000264273 0.000270767 0.00185095 0.0827405
50 54 1 0.521307 0.655001 0.000586774 0.00100935 1.25559e+08 5.0007e+08 2.37831e+08 4.32961e+07 0 4.52444e+08 0 5.0007e+08 4.52444e+08 2.37831e+08 4.32961e+07 0.000610076 -0.000651011 0.000610477 0.000796739 0.076245
46 54 2 0.443841 0.489731 0.00046928 0.000869871 7.28463e+07 2.90129e+08 1.37984e+08 2.51194e+07 0 2.62498e+08 0 2.90129e+08 2.62498e+08 1.37984e+08 2.51194e+07 0.00124236 -0.000254533 -0.000692415 0.00104209 0.0811343
49 55 0 0.704028 0.174065 0.000547477 0.000294659 6.7634e+07 2.6937e+08 1.28111e+08 2.33221e+07 0 2.43716e+08 0 2.6937e+08 2.43716e+08 1.28111e+08 2.33221e+07 0.000894106 -3.10664e-05 0.00197843 0.00156005 0.101949
55 55 1 0.786184 0.335182 0.000777844 0.000510153 1.0005e+08 3.98476e+08 1.89513e+08 3.45001e+07 0 3.60526e+08 0 3.98476e+08 3.60526e+08 1.89513e+08 3.45001e+07 0.000861673 0.000551342 0.000852703 0.000866467 0.0925173
48 55 2 0.561375 0.331501 0.000597037 0.000533329 1.04187e+08 4.14953e+08 1.9735e+08 3.59267e+07 0 3.75434e+08 0 4.14953e+08 3.75434e+08 1.9735e+08 3.59267e+07 0.000594595 -0.00181041 9.99576e-05 0.00116492 0.0901504
60 56 0 0.844594 0.56754 0.000989629 0.000791322 7.97108e+07 3.17469e+08 1.50987e+08 2.74865e+07 0 2.87234e+08 0 3.17469e+08 2.87234e+08 1.50987e+08 2.74865e+07 0.00101259 0.00119437 0.000662271 0.000989096 0.0838973
58 56 1 0.718108 0.72344 0.00104456 0.0013991 3.4741e+06 1.38365e+07 6.58056e+06 1.19796e+06 0 1.25187e+07 0 1.38365e+07 1.25187e+07 6.58056e+06 1.19796e+06 0.00382539 0.00322056 0.00349307 0.00441074 0.0777169
53 56 2 0.656989 0.509805 0.000725111 0.000728872 3.98342e+07 1.5865e+08 7.54532e+07 1.37359e+07 0 1.43541e+08 0 1.5865e+08 1.43541e+08 7.54532e+07 1.37359e+07 0.00147317 -0.000264273 0.000270767 0.00185095 0.0827405
50 57 0 0.521307 0.655001 0.000586774 0.00100935 1.25559e+08 5.0007e+08 2.37831e+08 4.32961e+07 0 4.52444e+08 0 5.0007e+08 4.52444e+08 2.37831e+08 4.32961e+07 0.000610076 -0.000651011 0.000610477 0.000796739 0.076245
53 57 1 0.656989 0.509805 0.000725111 0.000728872 3.98342e+07 1.5865e+08 7.54532e+07 1.37359e+07 0 1.43541e+08 0 1.5865e+08 1.43541e+08 7.54532e+07 1.37359e+07 0.00147317 -0.000264273 0.000270767 0.00185095 0.0827405
58 57 2 0.718108 0.72344 0.00104456 0.0013991 3.4741e+06 1.38365e+07 6.58056e+06 1.19796e+06 0 1.25187e+07 0 1.38365e+07 1.25187e+07 6.58056e+06 1.19796e+06 0.00382539 0.00322056 0.00349307 0.00441074 0.0777169
38 58 0 0.4 3.77616e-25 5.12173e-28 2.47192e-26 5.29215e+06 2.10774e+07 1.00243e+07 1.82488e+06 0 1.907e+07 0 2.10774e+07 1.907e+07 1.00243e+07 1.82488e+06 1.82968e-26 -8.17864e-25 0.002047 0.00481942 0.114861
40 58 1 0.408762 0.195032 0.000354226 0.000497085 3.86907e+07 1.54096e+08 7.32871e+07 1.33416e+07 0 1.3942e+08 0 1.54096e+08 1.3942e+08 7.32871e+07 1.33416e+07 0.00168638 4.18009e-05 0.000907711 0.00134408 0.0979853
32 58 2 0.241183 0.176356 0.000218721 0.00040487 1.72247e+08 6.86016e+08 3.26266e+08 5.93954e+07 0 6.20682e+08 0 6.86016e+08 6.20682e+08 3.26266e+08 5.93954e+07 0.000297273 -0.000411656 0.000934758 0.000102077 0.0985488
53 59 0 0.656989 0.509805 0.000725111 0.000728872 3.98342e+07 1.5865e+08 7.54532e+07 1.37359e+07 0 1.43541e+08 0 1.5865e+08 1.43541e+08 7.54532e+07 1.37359e+07 0.00147317 -0.000264273 0.000270767 0.00185095 0.0827405
55 59 1 0.786184 0.335182 0.000777844 0.000510153 1.0005e+08 3.98476e+08 1.89513e+08 3.45001e+07 0 3.60526e+08 0 3.98476e+08 3.60526e+08 1.89513e+08 3.45001e+07 0.000861673 0.000551342 0.000852703 0.000866467 0.0925173
60 59 2 0.844594 0.56754 0.000989629 0.000791322 7.97108e+07 3.17469e+08 1.50987e+08 2.74865e+07 0 2.87234e+08 0 3.17469e+08 2.87234e+08 1.50987e+08 2.74865e+07 0.00101259 0.00119437 0.000662271 0.000989096 0.0838973
42 60 0 0.542366 0.14498 0.000398322 0.000307147 1.10051e+08 4.38306e+08 2.08456e+08 3.79486e+07 0 3.96563e+08 0 4.38306e+08 3.96563e+08 2.08456e+08 3.79486e+07 0.000125698 -0.00162335 0.00130598 0.00100479 0.102799
49 60 1 0.704028 0.174065 0.000547477 0.000294659 6.7634e+07 2.6937e+08 1.28111e+08 2.33221e+07 0 2.43716e+08 0 2.6937e+08 2.43716e+08 1.28111e+08 2.33221e+07 0.000894106 -3.10664e-05 0.00197843 0.00156005 0.101949
48 60 2 0.561375 0.331501 0.000597037 0.000533329 1.04187e+08 4.14953e+08 1.9735e+08 3.59267e+07 0 3.75434e+08 0 4.14953e+08 3.75434e+08 1.9735e+08 3.59267e+07 0.000594595 -0.00181041 9.99576e-05 0.00116492 0.0901504
38 61 0 0.4 3.77616e-25 5.12173e-28 2.47192e-26 5.29215e+06 2.10774e+07 1.00243e+07 1.82488e+06 0 1.907e+07 0 2.10774e+07 1.907e+07 1.00243e+07 1.82488e+06 1.82968e-26 -8.17864e-25 0.002047 0.00481942 0.114861
42 61 1 0.542366 0.14498 0.000398322 0.000307147 1.10051e+08 4.38306e+08 2.08456e+08 3.79486e+07 0 3.96563e+08 0 4.38306e+08 3.96563e+08 2.08456e+08 3.79486e+07 0.000125698 -0.00162335 0.00130598 0.00100479 0.102799
40 61 2 0.408762 0.195032 0.000354226 0.000497085 3.86907e+07 1.54096e+08 7.32871e+07 1.33416e+07 0 1.3942e+08 0 1.54096e+08 1.3942e+08 7.32871e+07 1.33416e+07 0.00168638 4.18009e-05 0.000907711 0.00134408 0.0979853
47 62 0 0.6 3.89816e-25 1.08351e-27 4.00161e-26 6.8798e+07 2.74006e+08 1.30316e+08 2.37235e+07 0 2.4791e+08 0 2.74006e+08 2.4791e+08 1.30316e+08 2.37235e+07 -1.29321e-25 -7.35053e-25 0.00423886 0.00258699 0.116252
49 62 1 0.704028 0.174065 0.000547477 0.000294659 6.7634e+07 2.6937e+08 1.28111e+08 2.33221e+07 0 2.43716e+08 0 2.6937e+08 2.43716e+08 1.28111e+08 2.33221e+07 0.000894106 -3.10664e-05 0.00197843 0.00156005 0.101949
42 62 2 0.542366 0.14498 0.000398322 0.000307147 1.10051e+08 4.38306e+08 2.08456e+08 3.79486e+07 0 3.96563e+08 0 4.38306e+08 3.96563e+08 2.08456e+08 3.79486e+07 0.000125698 -0.00162335 0.00130598 0.00100479 0.102799
47 63 0 0.6 3.89816e-25 1.08351e-27 4.00161e-26 6.8798e+07 2.74006e+08 1.30316e+08 2.37235e+07 0 2.4791e+08 0 2.74006e+08 2.4791e+08 1.30316e+08 2.37235e+07 -1.29321e-25 -7.35053e-25 0.00423886 0.00258699 0.116252
54 63 1 0.8 3.96967e-25 5.53733e-27 3.36869e-26 8.33207e+07 3.31846e+08 1.57824e+08 2.87313e+07 0 3.00242e+08 0 3.31846e+08 3.00242e+08 1.57824e+08 2.87313e+07 1.6164e-18 6.48387e-19 0.00525115 0.00168054 0.117892
49 63 2 0.704028 0.174065 0.000547477 0.000294659 6.7634e+07 2.6937e+08 1.28111e+08 2.33221e+07 0 2.43716e+08 0 2.6937e+08 2.43716e+08 1.28111e+08 2.33221e+07 0.000894106 -3.10664e-05 0.00197843 0.00156005 0.101949
50 64 0 0.521307 0.655001 0.000586774 0.00100935 1.25559e+08 5.0007e+08 2.37831e+08 4.32961e+07 0 4.52444e+08 0 5.0007e+08 4.52444e+08 2.37831e+08 4.32961e+07 0.000610076 -0.000651011 0.000610477 0.000796739 0.076245
58 64 1 0.718108 0.72344 0.00104456 0.0013991 3.4741e+06 1.38365e+07 6.58056e+06 1.19796e+06 0 1.25187e+07 0 1.38365e+07 1.25187e+07 6.58056e+06 1.19796e+06 0.00382539 0.00322056 0.00349307 0.00441074 0.0777169
59 64 2 0.563392 0.851252 0.000962435 0.00140216 1.16082e+07 4.62326e+07 2.1988e+07 4.00282e+06 0 4.18295e+07 0 4.62326e+07 4.18295e+07 2.1988e+07 4.00282e+06 0.00275156 0.000681521 0.00357198 0.00405512 0.0732283
52 65 0 0.38717 0.945028 0.000583103 0.00173683 1.42083e+07 5.65884e+07 2.69131e+07 4.89943e+06 0 5.1199e+07 0 5.65884e+07 5.1199e+07 2.69131e+07 4.89943e+06 0.00302172 0.00103647 0.000271803 0.00378481 0.0702183
51 65 1 0.393119 0.773644 0.000486667 0.00125161 5.78239e+07 2.30298e+08 1.09529e+08 1.99393e+07 0 2.08365e+08 0 2.30298e+08 2.08365e+08 1.09529e+08 1.99393e+07 0.00101983 -0.000964223 3.77591e-05 0.0018313 0.0721725
59 65 2 0.563392 0.851252 0.000962435 0.00140216 1.16082e+07 4.62326e+07 2.1988e+07 4.00282e+06 0 4.18295e+07 0 4.62326e+07 4.18295e+07 2.1988e+07 4.00282e+06 0.00275156 0.000681521 0.00357198 0.00405512 0.0732283
46 66 0 0.443841 0.489731 0.00046928 0.000869871 7.28463e+07 2.90129e+08 1.37984e+08 2.51194e+07 0 2.62498e+08 0 2.90129e+08 2.62498e+08 1.37984e+08 2.51194e+07 0.00124236 -0.000254533 -0.000692415 0.00104209 0.0811343
48 66 1 0.561375 0.331501 0.000597037 0.000533329 1.04187e+08 4.14953e+08 1.9735e+08 3.59267e+07 0 3.75434e+08 0 4.14953e+08 3.75434e+08 1.9735e+08 3.59267e+07 0.000594595 -0.00181041 9.99576e-05 0.00116492 0.0901504
53 66 2 0.656989 0.509805 0.000725111 0.000728872 3.98342e+07 1.5865e+08 7.54532e+07 1.37359e+07 0 1.43541e+08 0 1.5865e+08 1.43541e+08 7.54532e+07 1.37359e+07 0.00147317 -0.000264273 0.000270767 0.00185095 0.0827405
51 67 0 0.393119 0.773644 0.000486667 0.00125161 5.78239e+07 2.30298e+08 1.09529e+08 1.99393e+07 0 2.08365e+08 0 2.30298e+08 2.08365e+08 1.09529e+08 1.99393e+07 0.00101983 -0.000964223 3.77591e-05 0.0018313 0.0721725
50 67 1 0.521307 0.655001 0.000586774 0.00100935 1.25559e+08 5.0007e+08 2.37831e+08 4.32961e+07 0 4.52444e+08 0 5.0007e+08 4.52444e+08 2.37831e+08 4.32961e+07 0.000610076 -0.000651011 0.000610477 0.000796739 0.076245
59 67 2 0.563392 0.851252 0.000962435 0.00140216 1.16082e+07 4.62326e+07 2.1988e+07 4.00282e+06 0 4.18295e+07 0 4.62326e+07 4.18295e+07 2.1988e+07 4.00282e+06 0.00275156 0.000681521 0.00357198 0.00405512 0.0732283
45 68 0 0.213964 0.82104 0.000246879 0.00140351 7.60714e+07 3.02974e+08 1.44093e+08 2.62315e+07 0 2.74119e+08 0 3.02974e+08 2.74119e+08 1.44093e+08 2.62315e+07 0.00117015 -0.000526663 1.69633e-05 0.00119946 0.0700165
51 68 1 0.393119 0.773644 0.000486667 0.00125161 5.78239e+07 2.30298e+08 1.09529e+08 1.99393e+07 0 2.08365e+08 0 2.30298e+08 2.08365e+08 1.09529e+08 1.99393e+07 0.00101983 -0.000964223 3.77591e-05 0.0018313 0.0721725
52 68 2 0.38717 0.945028 0.000583103 0.00173683 1.42083e+07 5.65884e+07 2.69131e+07 4.89943e+06 0 5.1199e+07 0 5.65884e+07 5.1199e+07 2.69131e+07 4.89943e+06 0.00302172 0.00103647 0.000271803 0.00378481 0.0702183
43 69 0 0.289065 0.633439 0.000345582 0.00108786 6.11314e+07 2.43472e+08 1.15794e+08 2.10798e+07 0 2.20284e+08 0 2.43472e+08 2.20284e+08 1.15794e+08 2.10798e+07 0.00133767 -0.000219573 0.000782472 0.00129846 0.0746939
37 69 1 0.245672 0.459354 0.000251992 0.000819911 7.11668e+07 2.8344e+08 1.34803e+08 2.45403e+07 0 2.56446e+08 0 2.8344e+08 2.56446e+08 1.34803e+08 2.45403e+07 0.00113933 0.00037459 -0.000538767 0.001464 0.0811382
46 69 2 0.443841 0.489731 0.00046928 0.000869871 7.28463e+07 2.90129e+08 1.37984e+08 2.51194e+07 0 2.62498e+08 0 2.90129e+08 2.62498e+08 1.37984e+08 2.51194e+07 0.00124236 -0.000254533 -0.000692415 0.00104209 0.0811343
45 70 0 0.213964 0.82104 0.000246879 0.00140351 7.60714e+07 3.02974e+08 1.44093e+08 2.62315e+07 0 2.74119e+08 0 3.02974e+08 2.74119e+08 1.44093e+08 2.62315e+07 0.00117015 -0.000526663 1.69633e-05 0.00119946 0.0700165
43 70 1 0.289065 0.633439 0.000345582 0.00108786 6.11314e+07 2.43472e+08 1.15794e+08 2.10798e+07 0 2.20284e+08 0 2.43472e+08 2.20284e+08 1.15794e+08 2.10798e+07 0.00133767 -0.000219573 0.000782472 0.00129846 0.0746939
51 70 2 0.393119 0.773644 0.000486667 0.00125161 5.78239e+07 2.30298e+08 1.09529e+08 1.99393e+07 0 2.08365e+08 0 2.30298e+08 2.08365e+08 1.09529e+08 1.99393e+07 0.00101983 -0.000964223 3.77591e-05 0.0018313 0.0721725
45 71 0 0.213964 0.82104 0.000246879 0.00140351 7.60714e+07 3.02974e+08 1.44093e+08 2.62315e+07 0 2.74119e+08 0 3.02974e+08 2.74119e+08 1.44093e+08 2.62315e+07 0.00117015 -0.000526663 1.69633e-05 0.00119946 0.0700165
35 71 1 0.073283 0.695724 1.74869e-05 0.00118743 3.03896e+07 1.21034e+08 5.75633e+07 1.04792e+07 0 1.09507e+08 0 1.21034e+08 1.09507e+08 5.75633e+07 1.04792e+07 0.00229886 0.00040714 0.000689488 0.0022313 0.0720681
43 71 2 0.289065 0.633439 0.000345582 0.00108786 6.11314e+07 2.43472e+08 1.15794e+08 2.10798e+07 0 2.20284e+08 0 2.43472e+08 2.20284e+08 1.15794e+08 2.10798e+07 0.00133767 -0.000219573 0.000782472 0.00129846 0.0746939
51 72 0 0.393119 0.773644 0.000486667 0.00125161 5.78239e+07 2.30298e+08 1.09529e+08 1.99393e+07 0 2.08365e+08 0 2.30298e+08 2.08365e+08 1.09529e+08 1.99393e+07 0.00101983 -0.000964223 3.77591e-05 0.0018313 0.0721725
43 72 1 0.289065 0.633439 0.000345582 0.00108786 6.11314e+07 2.43472e+08 1.15794e+08 2.10798e+07 0 2.20284e+08 0 2.43472e+08 2.20284e+08 1.15794e+08 2.10798e+07 0.00133767 -0.000219573 0.000782472 0.00129846 0.0746939
50 72 2 0.521307 0.655001 0.000586774 0.00100935 1.25559e+08 5.0007e+08 2.37831e+08 4.32961e+07 0 4.52444e+08 0 5.0007e+08 4.52444e+08 2.37831e+08 4.32961e+07 0.000610076 -0.000651011 0.000610477 0.000796739 0.076245
34 73 0 0.107853 0.531922 4.41943e-05 0.000922738 5.88946e+07 2.34563e+08 1.11557e+08 2.03085e+07 0 2.12224e+08 0 2.34563e+08 2.12224e+08 1.11557e+08 2.03085e+07 0.00167585 0.000270733 -0.000176725 0.00114364 0.0775101
37 73 1 0.245672 0.459354 0.000251992 0.000819911 7.11668e+07 2.8344e+08 1.34803e+08 2.45403e+07 0 2.56446e+08 0 2.8344e+08 2.56446e+08 1.34803e+08 2.45403e+07 0.00113933 0.00037459 -0.000538767 0.001464 0.0811382
43 73 2 0.289065 0.633439 0.000345582 0.00108786 6.11314e+07 2.43472e+08 1.15794e+08 2.10798e+07 0 2.20284e+08 0 2.43472e+08 2.20284e+08 1.15794e+08 2.10798e+07 0.00133767 -0.000219573 0.000782472 0.00129846 0.0746939
28 74 0 -0.0678065 0.538398 -0.000164631 0.000913613 1.15333e+08 4.59343e+08 2.18461e+08 3.977e+07 0 4.15596e+08 0 4.59343e+08 4.15596e+08 2.18461e+08 3.977e+07 0.000646377 0.000231512 -0.000235494 0.000610519 0.0771836
34 74 1 0.107853 0.531922 4.41943e-05 0.000922738 5.88946e+07 2.34563e+08 1.11557e+08 2.03085e+07 0 2.12224e+08 0 2.34563e+08 2.12224e+08 1.11557e+08 2.03085e+07 0.00167585 0.000270733 -0.000176725 0.00114364 0.0775101
35 74 2 0.073283 0.695724 1.74869e-05 0.00118743 3.03896e+07 1.21034e+08 5.75633e+07 1.04792e+07 0 1.09507e+08 0 1.21034e+08 1.09507e+08 5.75633e+07 1.04792e+07 0.00229886 0.00040714 0.000689488 0.0022313 0.0720681
28 75 0 -0.0678065 0.538398 -0.000164631 0.000913613 1.15333e+08 4.59343e+08 2.18461e+08 3.977e+07 0 4.15596e+08 0 4.59343e+08 4.15596e+08 2.18461e+08 3.977e+07 0.000646377 0.000231512 -0.000235494 0.000610519 0.0771836
31 75 1 0.0741694 0.343459 4.94094e-05 0.000627707 3.55134e+07 1.41441e+08 6.72688e+07 1.2246e+07 0 1.27971e+08 0 1.41441e+08 1.27971e+08 6.72688e+07 1.2246e+07 0.00139412 -0.00119875 -0.000827507 0.00206744 0.0867649
34 75 2 0.107853 0.531922 4.41943e-05 0.000922738 5.88946e+07 2.34563e+08 1.11557e+08 2.03085e+07 0 2.12224e+08 0 2.34563e+08 2.12224e+08 1.11557e+08 2.03085e+07 0.00167585 0.000270733 -0.000176725 0.00114364 0.0775101
31 76 0 0.0741694 0.343459 4.94094e-05 0.000627707 3.55134e+07 1.41441e+08 6.72688e+07 1.2246e+07 0 1.27971e+08 0 1.41441e+08 1.27971e+08 6.72688e+07 1.2246e+07 0.00139412 -0.00119875 -0.000827507 0.00206744 0.0867649
32 76 1 0.241183 0.176356 0.000218721 0.00040487 1.72247e+08 6.86016e+08 3.26266e+08 5.93954e+07 0 6.20682e+08 0 6.86016e+08 6.20682e+08 3.26266e+08 5.93954e+07 0.000297273 -0.000411656 0.000934758 0.000102077 0.0985488
39 76 2 0.325687 0.336 0.000363758 0.00064869 5.66236e+07 2.25518e+08 1.07255e+08 1.95254e+07 0 2.0404e+08 0 2.25518e+08 2.0404e+08 1.07255e+08 1.95254e+07 0.00116049 0.000335842 0.000218463 0.00177292 0.0880722
55 77 0 0.786184 0.335182 0.000777844 0.000510153 1.0005e+08 3.98476e+08 1.89513e+08 3.45001e+07 0 3.60526e+08 0 3.98476e+08 3.60526e+08 1.89513e+08 3.45001e+07 0.000861673 0.000551342 0.000852703 0.000866467 0.0925173
49 77 1 0.704028 0.174065 0.000547477 0.000294659 6.7634e+07 2.6937e+08 1.28111e+08 2.33221e+07 0 2.43716e+08 0 2.6937e+08 2.43716e+08 1.28111e+08 2.33221e+07 0.000894106 -3.10664e-05 0.00197843 0.00156005 0.101949
56 77 2 0.868603 0.138019 0.000669748 0.000242212 3.80918e+07 1.51711e+08 7.21528e+07 1.31351e+07 0 1.37262e+08 0 1.51711e+08 1.37262e+08 7.21528e+07 1.31351e+07 0.00147663 0.000199313 0.00206141 0.00211811 0.10624
60 78 0 0.844594 0.56754 0.000989629 0.000791322 7.97108e+07 3.17469e+08 1.50987e+08 2.74865e+07 0 2.87234e+08 0 3.17469e+08 2.87234e+08 1.50987e+08 2.74865e+07 0.00101259 0.00119437 0.000662271 0.000989096 0.0838973
55 78 1 0.786184 0.335182 0.000777844 0.000510153 1.0005e+08 3.98476e+08 1.89513e+08 3.45001e+07 0 3.60526e+08 0 3.98476e+08 3.60526e+08 1.89513e+08 3.45001e+07 0.000861673 0.000551342 0.000852703 0.000866467 0.0925173
62 78 2 0.937592 0.390982 0.00101183 0.000646418 3.68966e+07 1.4695e+08 6.98888e+07 1.2723e+07 0 1.32955e+08 0 1.4695e+08 1.32955e+08 6.98888e+07 1.2723e+07 0.00198468 0.000713213 0.000664937 0.00165711 0.0921222
53 79 0 0.656989 0.509805 0.000725111 0.000728872 3.98342e+07 1.5865e+08 7.54532e+07 1.37359e+07 0 1.43541e+08 0 1.5865e+08 1.43541e+08 7.54532e+07 1.37359e+07 0.00147317 -0.000264273 0.000270767 0.00185095 0.0827405
48 79 1 0.561375 0.331501 0.000597037 0.000533329 1.04187e+08 4.14953e+08 1.9735e+08 3.59267e+07 0 3.75434e+08 0 4.14953e+08 3.75434e+08 1.9735e+08 3.59267e+07 0.000594595 -0.00181041 9.99576e-05 0.00116492 0.0901504
55 79 2 0.786184 0.335182 0.000777844 0.000510153 1.0005e+08 3.98476e+08 1.89513e+08 3.45001e+07 0 3.60526e+08 0 3.98476e+08 3.60526e+08 1.89513e+08 3.45001e+07 0.000861673 0.000551342 0.000852703 0.000866467 0.0925173
39 80 0 0.325687 0.336 0.000363758 0.00064869 5.66236e+07 2.25518e+08 1.07255e+08 1.95254e+07 0 2.0404e+08 0 2.25518e+08 2.0404e+08 1.07255e+08 1.95254e+07 0.00116049 0.000335842 0.000218463 0.00177292 0.0880722
48 80 1 0.561375 0.331501 0.000597037 0.000533329 1.04187e+08 4.14953e+08 1.9735e+08 3.59267e+07 0 3.75434e+08 0 4.14953e+08 3.75434e+08 1.9735e+08 3.59267e+07 0.000594595 -0.00181041 9.99576e-05 0.00116492 0.0901504
46 80 2 0.443841 0.489731 0.00046928 0.000869871 7.28463e+07 2.90129e+08 1.37984e+08 2.51194e+07 0 2.62498e+08 0 2.90129e+08 2.62498e+08 1.37984e+08 2.51194e+07 0.00124236 -0.000254533 -0.000692415 0.00104209 0.0811343
40 81 0 0.408762 0.195032 0.000354226 0.000497085 3.86907e+07 1.54096e+08 7.32871e+07 1.33416e+07 0 1.3942e+08 0 1.54096e+08 1.3942e+08 7.32871e+07 1.33416e+07 0.00168638 4.18009e-05 0.000907711 0.00134408 0.0979853
42 81 1 0.542366 0.14498 0.000398322 0.000307147 1.10051e+08 4.38306e+08 2.08456e+08 3.79486e+07 0 3.96563e+08 0 4.38306e+08 3.96563e+08 2.08456e+08 3.79486e+07 0.000125698 -0.00162335 0.00130598 0.00100479 0.102799
48 81 2 0.561375 0.331501 0.000597037 0.000533329 1.04187e+08 4.14953e+08 1.9735e+08 3.59267e+07 0 3.75434e+08 0 4.14953e+08 3.75434e+08 1.9735e+08 3.59267e+07 0.000594595 -0.00181041 9.99576e-05 0.00116492 0.0901504
42 82 0 0.542366 0.14498 0.000398322 0.000307147 1.10051e+08 4.38306e+08 2.08456e+08 3.79486e+07 0 3.96563e+08 0 4.38306e+08 3.96563e+08 2.08456e+08 3.79486e+07 0.000125698 -0.00162335 0.00130598 0.00100479 0.102799
38 82 1 0.4 3.77616e-25 5.12173e-28 2.47192e-26 5.29215e+06 2.10774e+07 1.00243e+07 1.82488e+06 0 1.907e+07 0 2.10774e+07 1.907e+07 1.00243e+07 1.82488e+06 1.82968e-26 -8.17864e-25 0.002047 0.00481942 0.114861
47 82 2 0.6 3.89816e-25 1.08351e-27 4.00161e-26 6.8798e+07 2.74006e+08 1.30316e+08 2.37235e+07 0 2.4791e+08 0 2.74006e+08 2.4791e+08 1.30316e+08 2.37235e+07 -1.29321e-25 -7.35053e-25 0.00423886 0.00258699 0.116252
45 83 0 0.213964 0.82104 0.000246879 0.00140351 7.60714e+07 3.02974e+08 1.44093e+08 2.62315e+07 0 2.74119e+08 0 3.02974e+08 2.74119e+08 1.44093e+08 2.62315e+07 0.00117015 -0.000526663 1.69633e-05 0.00119946 0.0700165
52 83 1 0.38717 0.945028 0.000583103 0.00173683 1.42083e+07 5.65884e+07 2.69131e+07 4.89943e+06 0 5.1199e+07 0 5.65884e+07 5.1199e+07 2.69131e+07 4.89943e+06 0.00302172 0.00103647 0.000271803 0.00378481 0.0702183
44 83 2 0.20176 1.00153 0.000189242 0.00168386 5.36595e+07 2.13713e+08 1.01641e+08 1.85033e+07 0 1.93359e+08 0 2.13713e+08 1.93359e+08 1.01641e+08 1.85033e+07 0.00119995 -0.000339166 -0.000495371 0.00184847 0.0685221
41 84 0 0.00281236 1.02158 -1.31473e-05 0.00158371 1.24983e+08 4.97775e+08 2.36739e+08 4.30974e+07 0 4.50368e+08 0 4.97775e+08 4.50368e+08 2.36739e+08 4.30974e+07 0.000575304 0.00141227 -0.000359112 0.00057061 0.0679459
36 84 1 0.0139488 0.875732 8.65947e-06 0.00144827 6.89495e+07 2.74609e+08 1.30603e+08 2.37757e+07 0 2.48456e+08 0 2.74609e+08 2.48456e+08 1.30603e+08 2.37757e+07 0.00116965 0.000755774 -0.000171348 0.00127506 0.0687336
44 84 2 0.20176 1.00153 0.000189242 0.00168386 5.36595e+07 2.13713e+08 1.01641e+08 1.85033e+07 0 1.93359e+08 0 2.13713e+08 1.93359e+08 1.01641e+08 1.85033e+07 0.00119995 -0.000339166 -0.000495371 0.00184847 0.0685221
35 85 0 0.073283 0.695724 1.74869e-05 0.00118743 3.03896e+07 1.21034e+08 5.75633e+07 1.04792e+07 0 1.09507e+08 0 1.21034e+08 1.09507e+08 5.75633e+07 1.04792e+07 0.00229886 0.00040714 0.000689488 0.0022313 0.0720681
34 85 1 0.107853 0.531922 4.41943e-05 0.000922738 5.88946e+07 2.34563e+08 1.11557e+08 2.03085e+07 0 2.12224e+08 0 2.34563e+08 2.12224e+08 1.11557e+08 2.03085e+07 0.00167585 0.000270733 -0.000176725 0.00114364 0.0775101
43 85 2 0.289065 0.633439 0.000345582 0.00108786 6.11314e+07 2.43472e+08 1.15794e+08 2.10798e+07 0 2.20284e+08 0 2.43472e+08 2.20284e+08 1.15794e+08 2.10798e+07 0.00133767 -0.000219573 0.000782472 0.00129846 0.0746939
38 86 0 0.4 3.77616e-25 5.12173e-28 2.47192e-26 5.29215e+06 2.10774e+07 1.00243e+07 1.82488e+06 0 1.907e+07 0 2.10774e+07 1.907e+07 1.00243e+07 1.82488e+06 1.82968e-26 -8.17864e-25 0.002047 0.00481942 0.114861
32 86 1 0.241183 0.176356 0.000218721 0.00040487 1.72247e+08 6.86016e+08 3.26266e+08 5.93954e+07 0 6.20682e+08 0 6.86016e+08 6.20682e+08 3.26266e+08 5.93954e+07 0.000297273 -0.000411656 0.000934758 0.000102077 0.0985488
30 86 2 0.2 4.01525e-25 2.6686e-27 3.53667e-26 9.70249e+06 3.86427e+07 1.83783e+07 3.34569e+06 0 3.49624e+07 0 3.86427e+07 3.49624e+07 1.83783e+07 3.34569e+06 8.87469e-26 -5.76289e-25 0.00185232 0.00373149 0.113974
43 87 0 0.289065 0.633439 0.000345582 0.00108786 6.11314e+07 2.43472e+08 1.15794e+08 2.10798e+07 0 2.20284e+08 0 2.43472e+08 2.20284e+08 1.15794e+08 2.10798e+07 0.00133767 -0.000219573 0.000782472 0.00129846 0.0746939
46 87 1 0.443841 0.489731 0.00046928 0.000869871 7.28463e+07 2.90129e+08 1.37984e+08 2.51194e+07 0 2.62498e+08 0 2.90129e+08 2.62498e+08 1.37984e+08 2.51194e+07 0.00124236 -0.000254533 -0.000692415 0.00104209 0.0811343
50 87 2 0.521307 0.655001 0.000586774 0.00100935 1.25559e+08 5.0007e+08 2.37831e+08 4.32961e+07 0 4.52444e+08 0 5.0007e+08 4.52444e+08 2.37831e+08 4.32961e+07 0.000610076 -0.000651011 0.000610477 0.000796739 0.076245
36 88 0 0.0139488 0.875732 8.65947e-06 0.00144827 6.89495e+07 2.74609e+08 1.30603e+08 2.37757e+07 0 2.48456e+08 0 2.74609e+08 2.48456e+08 1.30603e+08 2.37757e+07 0.00116965 0.000755774 -0.000171348 0.00127506 0.0687336
45 88 1 0.213964 0.82104 0.000246879 0.00140351 7.60714e+07 3.02974e+08 1.44093e+08 2.62315e+07 0 2.74119e+08 0 3.02974e+08 2.74119e+08 1.44093e+08 2.62315e+07 0.00117015 -0.000526663 1.69633e-05 0.00119946 0.0700165
44 88 2 0.20176 1.00153 0.000189242 0.00168386 5.36595e+07 2.13713e+08 1.01641e+08 1.85033e+07 0 1.93359e+08 0 2.13713e+08 1.93359e+08 1.01641e+08 1.85033e+07 0.00119995 -0.000339166 -0.000495371 0.00184847 0.0685221
25 89 0 0.0791512 0.157326 0.000115531 0.000279478 6.07657e+07 2.42015e+08 1.15101e+08 2.09537e+07 0 2.18966e+08 0 2.42015e+08 2.18966e+08 1.15101e+08 2.09537e+07 0.000759774 0.0017591 0.000909953 0.00160336 0.0996367
30 89 1 0.2 4.01525e-25 2.6686e-27 3.53667e-26 9.70249e+06 3.86427e+07 1.83783e+07 3.34569e+06 0 3.49624e+07 0 3.86427e+07 3.49624e+07 1.83783e+07 3.34569e+06 8.87469e-26 -5.76289e-25 0.00185232 0.00373149 0.113974
32 89 2 0.241183 0.176356 0.000218721 0.00040487 1.72247e+08 6.86016e+08 3.26266e+08 5.93954e+07 0 6.20682e+08 0 6.86016e+08 6.20682e+08 3.26266e+08 5.93954e+07 0.000297273 -0.000411656 0.000934758 0.000102077 0.0985488
39 90 0 0.325687 0.336 0.000363758 0.00064869 5.66236e+07 2.25518e+08 1.07255e+08 1.95254e+07 0 2.0404e+08 0 2.25518e+08 2.0404e+08 1.07255e+08 1.95254e+07 0.00116049 0.000335842 0.000218463 0.00177292 0.0880722
37 90 1 0.245672 0.459354 0.000251992 0.000819911 7.11668e+07 2.8344e+08 1.34803e+08 2.45403e+07 0 2.56446e+08 0 2.8344e+08 2.56446e+08 1.34803e+08 2.45403e+07 0.00113933 0.00037459 -0.000538767 0.001464 0.0811382
31 90 2 0.0741694 0.343459 4.94094e-05 0.000627707 3.55134e+07 1.41441e+08 6.72688e+07 1.2246e+07 0 1.27971e+08 0 1.41441e+08 1.27971e+08 6.72688e+07 1.2246e+07 0.00139412 -0.00119875 -0.000827507 0.00206744 0.0867649
48 91 0 0.561375 0.331501 0.000597037 0.000533329 1.04187e+08 4.14953e+08 1.9735e+08 3.59267e+07 0 3.75434e+08 0 4.14953e+08 3.75434e+08 1.9735e+08 3.59267e+07 0.000594595 -0.00181041 9.99576e-05 0.00116492 0.0901504
39 91 1 0.325687 0.336 0.000363758 0.00064869 5.66236e+07 2.25518e+08 1.07255e+08 1.95254e+07 0 2.0404e+08 0 2.25518e+08 2.0404e+08 1.07255e+08 1.95254e+07 0.00116049 0.000335842 0.000218463 0.00177292 0.0880722
40 91 2 0.408762 0.195032 0.000354226 0.000497085 3.86907e+07 1.54096e+08 7.32871e+07 1.33416e+07 0 1.3942e+08 0 1.54096e+08 1.3942e+08 7.32871e+07 1.33416e+07 0.00168638 4.18009e-05 0.000907711 0.00134408 0.0979853
46 92 0 0.443841 0.489731 0.00046928 0.000869871 7.28463e+07 2.90129e+08 1.37984e+08 2.51194e+07 0 2.62498e+08 0 2.90129e+08 2.62498e+08 1.37984e+08 2.51194e+07 0.00124236 -0.000254533 -0.000692415 0.00104209 0.0811343
37 92 1 0.245672 0.459354 0.000251992 0.000819911 7.11668e+07 2.8344e+08 1.34803e+08 2.45403e+07 0 2.56446e+08 0 2.8344e+08 2.56446e+08 1.34803e+08 2.45403e+07 0.00113933 0.00037459 -0.000538767 0.001464 0.0811382
39 92 2 0.325687 0.336 0.000363758 0.00064869 5.66236e+07 2.25518e+08 1.07255e+08 1.95254e+07 0 2.0404e+08 0 2.25518e+08 2.0404e+08 1.07255e+08 1.95254e+07 0.00116049 0.000335842 0.000218463 0.00177292 0.0880722
33 93 0 -0.195805 1.00167 -0.000332925 0.00191542 6.66287e+06 2.65366e+07 1.26207e+07 2.29754e+06 0 2.40093e+07 0 2.65366e+07 2.40093e+07 1.26207e+07 2.29754e+06 0.00605662 -0.00013923 -0.00123565 0.00550491 0.0685234
27 93 1 -0.276587 0.797964 -0.000417046 0.00112523 3.32489e+07 1.32422e+08 6.29794e+07 1.14651e+07 0 1.19811e+08 0 1.32422e+08 1.19811e+08 6.29794e+07 1.14651e+07 0.00174566 -0.00109746 -0.00103254 0.00274363 0.0707982
29 93 2 -0.124018 0.747897 -0.000217205 0.00110506 8.07607e+07 3.2165e+08 1.52975e+08 2.78485e+07 0 2.91017e+08 0 3.2165e+08 2.91017e+08 1.52975e+08 2.78485e+07 0.000632174 0.000679713 0.000511859 0.000604584 0.0709759
33 94 0 -0.195805 1.00167 -0.000332925 0.00191542 6.66287e+06 2.65366e+07 1.26207e+07 2.29754e+06 0 2.40093e+07 0 2.65366e+07 2.40093e+07 1.26207e+07 2.29754e+06 0.00605662 -0.00013923 -0.00123565 0.00550491 0.0685234
26 94 1 -0.38694 0.943447 -0.000835619 0.00137416 4.84045e+07 1.92783e+08 9.16868e+07 1.66912e+07 0 1.74423e+08 0 1.92783e+08 1.74423e+08 9.16868e+07 1.66912e+07 0.000499426 0.00338967 -0.00301876 0.00241715 0.0702721
27 94 2 -0.276587 0.797964 -0.000417046 0.00112523 3.32489e+07 1.32422e+08 6.29794e+07 1.14651e+07 0 1.19811e+08 0 1.32422e+08 1.19811e+08 6.29794e+07 1.14651e+07 0.00174566 -0.00109746 -0.00103254 0.00274363 0.0707982
25 95 0 0.0791512 0.157326 0.000115531 0.000279478 6.07657e+07 2.42015e+08 1.15101e+08 2.09537e+07 0 2.18966e+08 0 2.42015e+08 2.18966e+08 1.15101e+08 2.09537e+07 0.000759774 0.0017591 0.000909953 0.00160336 0.0996367
22 95 1 2.49704e-17 3.71244e-25 3.38519e-28 3.8013e-26 1.4484e+08 5.76865e+08 2.74354e+08 4.9945e+07 0 5.21925e+08 0 5.76865e+08 5.21925e+08 2.74354e+08 4.9945e+07 -6.58477e-26 5.49166e-25 0.00080076 0.00062691 0.113667
30 95 2 0.2 4.01525e-25 2.6686e-27 3.53667e-26 9.70249e+06 3.86427e+07 1.83783e+07 3.34569e+06 0 3.49624e+07 0 3.86427e+07 3.49624e+07 1.83783e+07 3.34569e+06 8.87469e-26 -5.76289e-25 0.00185232 0.00373149 0.113974
31 96 0 0.0741694 0.343459 4.94094e-05 0.000627707 3.55134e+07 1.41441e+08 6.72688e+07 1.2246e+07 0 1.27971e+08 0 1.41441e+08 1.27971e+08 6.72688e+07 1.2246e+07 0.00139412 -0.00119875 -0.000827507 0.00206744 0.0867649
25 96 1 0.0791512 0.157326 0.000115531 0.000279478 6.07657e+07 2.42015e+08 1.15101e+08 2.09537e+07 0 2.18966e+08 0 2.42015e+08 2.18966e+08 1.15101e+08 2.09537e+07 0.000759774 0.0017591 0.000909953 0.00160336 0.0996367
32 96 2 0.241183 0.176356 0.000218721 0.00040487 1.72247e+08 6.86016e+08 3.26266e+08 5.93954e+07 0 6.20682e+08 0 6.86016e+08 6.20682e+08 3.26266e+08 5.93954e+07 0.000297273 -0.000411656 0.000934758 0.000102077 0.0985488
31 97 0 0.0741694 0.343459 4.94094e-05 0.000627707 3.55134e+07 1.41441e+08 6.72688e+07 1.2246e+07 0 1.27971e+08 0 1.41441e+08 1.27971e+08 6.72688e+07 1.2246e+07 0.00139412 -0.00119875 -0.000827507 0.00206744 0.0867649
23 97 1 -0.160968 0.369934 -0.000153002 0.000740614 1.657e+08 6.59943e+08 3.13865e+08 5.71379e+07 0 5.97091e+08 0 6.59943e+08 5.97091e+08 3.13865e+08 5.71379e+07 0.000223226 0.000491732 -9.87952e-05 0.000182452 0.0854228
24 97 2 -0.0915396 0.186457 -2.20094e-05 0.000458659 2.58041e+07 1.02771e+08 4.88776e+07 8.89796e+06 0 9.29837e+07 0 1.02771e+08 9.29837e+07 4.88776e+07 8.89796e+06 0.00105343 -0.00120363 -0.000846001 0.00262163 0.0973886
