Index_Vertex nbTriangle nbInTr x y ux uy Elast AR BR IR GR ER FR A1 A2 B12 C3 Defxx Defxy Defyx Defyy Density 
0 0 0 1.80743 0.605798 0.0106096 0.00443914 2.72789e+07 1.13819e+08 5.14765e+07 9.40651e+06 0 9.31244e+07 0 1.13819e+08 9.31244e+07 5.14765e+07 9.40651e+06 0.00227895 -0.000756817 -0.000425547 0.00310463 0.0362874
3 0 1 1.69099 0.853381 0.0130208 0.00681899 4.38631e+06 1.83015e+07 8.27716e+06 1.51252e+06 0 1.49739e+07 0 1.83015e+07 1.49739e+07 8.27716e+06 1.51252e+06 0.0135692 -0.00514985 0.0158605 0.0172295 0.0346787
5 0 2 1.44714 0.598652 0.00928004 0.0049941 1.64247e+07 6.85307e+07 3.09942e+07 5.6637e+06 0 5.60706e+07 0 6.85307e+07 5.60706e+07 3.09942e+07 5.6637e+06 0.00546473 -0.00214333 -0.00184787 0.00565742 0.0379868
12 1 0 1.30417 0.901964 0.00844983 0.0084751 4.21348e+06 1.75804e+07 7.95103e+06 1.45292e+06 0 1.4384e+07 0 1.75804e+07 1.4384e+07 7.95103e+06 1.45292e+06 0.0128118 0.00239029 0.00821546 0.015496 0.0344868
3 1 1 1.69099 0.853381 0.0130208 0.00681899 4.38631e+06 1.83015e+07 8.27716e+06 1.51252e+06 0 1.49739e+07 0 1.83015e+07 1.49739e+07 8.27716e+06 1.51252e+06 0.0135692 -0.00514985 0.0158605 0.0172295 0.0346787
4 1 2 1.58749 1.10664 0.0106102 0.0104389 1.40747e+07 5.87256e+07 2.65596e+07 4.85335e+06 0 4.80482e+07 0 5.87256e+07 4.80482e+07 2.65596e+07 4.85335e+06 0.0065565 -0.00300035 0.00251902 0.0048813 0.0322449
10 2 0 1.33426 1.13805 0.00945938 0.0109076 2.36849e+07 9.88232e+07 4.46945e+07 8.1672e+06 0 8.08553e+07 0 9.88232e+07 8.08553e+07 4.46945e+07 8.1672e+06 0.000993372 -0.00297271 0.000542582 0.0025955 0.0314726
12 2 1 1.30417 0.901964 0.00844983 0.0084751 4.21348e+06 1.75804e+07 7.95103e+06 1.45292e+06 0 1.4384e+07 0 1.75804e+07 1.4384e+07 7.95103e+06 1.45292e+06 0.0128118 0.00239029 0.00821546 0.015496 0.0344868
4 2 2 1.58749 1.10664 0.0106102 0.0104389 1.40747e+07 5.87256e+07 2.65596e+07 4.85335e+06 0 4.80482e+07 0 5.87256e+07 4.80482e+07 2.65596e+07 4.85335e+06 0.0065565 -0.00300035 0.00251902 0.0048813 0.0322449
5 3 0 1.44714 0.598652 0.00928004 0.0049941 1.64247e+07 6.85307e+07 3.09942e+07 5.6637e+06 0 5.60706e+07 0 6.85307e+07 5.60706e+07 3.09942e+07 5.6637e+06 0.00546473 -0.00214333 -0.00184787 0.00565742 0.0379868
12 3 1 1.30417 0.901964 0.00844983 0.0084751 4.21348e+06 1.75804e+07 7.95103e+06 1.45292e+06 0 1.4384e+07 0 1.75804e+07 1.4384e+07 7.95103e+06 1.45292e+06 0.0128118 0.00239029 0.00821546 0.015496 0.0344868
13 3 2 1.0891 0.639103 0.00750341 0.00683456 2.09205e+07 8.7289e+07 3.94779e+07 7.21397e+06 0 7.14183e+07 0 8.7289e+07 7.14183e+07 3.94779e+07 7.21397e+06 0.00375897 -0.00736513 -0.0053585 0.00350807 0.0414448
0 4 0 1.80743 0.605798 0.0106096 0.00443914 2.72789e+07 1.13819e+08 5.14765e+07 9.40651e+06 0 9.31244e+07 0 1.13819e+08 9.31244e+07 5.14765e+07 9.40651e+06 0.00227895 -0.000756817 -0.000425547 0.00310463 0.0362874
5 4 1 1.44714 0.598652 0.00928004 0.0049941 1.64247e+07 6.85307e+07 3.09942e+07 5.6637e+06 0 5.60706e+07 0 6.85307e+07 5.60706e+07 3.09942e+07 5.6637e+06 0.00546473 -0.00214333 -0.00184787 0.00565742 0.0379868
1 4 2 1.55509 0.27163 0.0107451 0.00266614 1.29423e+07 5.40005e+07 2.44227e+07 4.46285e+06 0 4.41823e+07 0 5.40005e+07 4.41823e+07 2.44227e+07 4.46285e+06 0.004891 0.00285176 -0.00687451 0.00768342 0.0411631
3 5 0 1.69099 0.853381 0.0130208 0.00681899 4.38631e+06 1.83015e+07 8.27716e+06 1.51252e+06 0 1.49739e+07 0 1.83015e+07 1.49739e+07 8.27716e+06 1.51252e+06 0.0135692 -0.00514985 0.0158605 0.0172295 0.0346787
12 5 1 1.30417 0.901964 0.00844983 0.0084751 4.21348e+06 1.75804e+07 7.95103e+06 1.45292e+06 0 1.4384e+07 0 1.75804e+07 1.4384e+07 7.95103e+06 1.45292e+06 0.0128118 0.00239029 0.00821546 0.015496 0.0344868
5 5 2 1.44714 0.598652 0.00928004 0.0049941 1.64247e+07 6.85307e+07 3.09942e+07 5.6637e+06 0 5.60706e+07 0 6.85307e+07 5.60706e+07 3.09942e+07 5.6637e+06 0.00546473 -0.00214333 -0.00184787 0.00565742 0.0379868
1 6 0 1.55509 0.27163 0.0107451 0.00266614 1.29423e+07 5.40005e+07 2.44227e+07 4.46285e+06 0 4.41823e+07 0 5.40005e+07 4.41823e+07 2.44227e+07 4.46285e+06 0.004891 0.00285176 -0.00687451 0.00768342 0.0411631
5 6 1 1.44714 0.598652 0.00928004 0.0049941 1.64247e+07 6.85307e+07 3.09942e+07 5.6637e+06 0 5.60706e+07 0 6.85307e+07 5.60706e+07 3.09942e+07 5.6637e+06 0.00546473 -0.00214333 -0.00184787 0.00565742 0.0379868
7 6 2 1.2078 0.342573 0.00843387 0.00388691 9.96753e+06 4.15887e+07 1.88092e+07 3.43708e+06 0 3.40271e+07 0 4.15887e+07 3.40271e+07 1.88092e+07 3.43708e+06 0.00164618 -0.00725134 -0.0102172 0.0116477 0.0469663
7 7 0 1.2078 0.342573 0.00843387 0.00388691 9.96753e+06 4.15887e+07 1.88092e+07 3.43708e+06 0 3.40271e+07 0 4.15887e+07 3.40271e+07 1.88092e+07 3.43708e+06 0.00164618 -0.00725134 -0.0102172 0.0116477 0.0469663
5 7 1 1.44714 0.598652 0.00928004 0.0049941 1.64247e+07 6.85307e+07 3.09942e+07 5.6637e+06 0 5.60706e+07 0 6.85307e+07 5.60706e+07 3.09942e+07 5.6637e+06 0.00546473 -0.00214333 -0.00184787 0.00565742 0.0379868
13 7 2 1.0891 0.639103 0.00750341 0.00683456 2.09205e+07 8.7289e+07 3.94779e+07 7.21397e+06 0 7.14183e+07 0 8.7289e+07 7.14183e+07 3.94779e+07 7.21397e+06 0.00375897 -0.00736513 -0.0053585 0.00350807 0.0414448
15 8 0 0.895312 0.326477 0.00719903 0.00515844 1.56923e+07 6.54747e+07 2.96121e+07 5.41113e+06 0 5.35702e+07 0 6.54747e+07 5.35702e+07 2.96121e+07 5.41113e+06 0.00155949 -0.00521029 -0.00237911 0.00659443 0.0566554
7 8 1 1.2078 0.342573 0.00843387 0.00388691 9.96753e+06 4.15887e+07 1.88092e+07 3.43708e+06 0 3.40271e+07 0 4.15887e+07 3.40271e+07 1.88092e+07 3.43708e+06 0.00164618 -0.00725134 -0.0102172 0.0116477 0.0469663
13 8 2 1.0891 0.639103 0.00750341 0.00683456 2.09205e+07 8.7289e+07 3.94779e+07 7.21397e+06 0 7.14183e+07 0 8.7289e+07 7.14183e+07 3.94779e+07 7.21397e+06 0.00375897 -0.00736513 -0.0053585 0.00350807 0.0414448
2 9 0 1.29215 0.108636 0.00791886 0.000501142 7.01323e+06 2.92621e+07 1.32343e+07 2.41835e+06 0 2.39417e+07 0 2.92621e+07 2.39417e+07 1.32343e+07 2.41835e+06 0.011484 -0.00129667 0.0193548 0.0142158 0.0491979
1 9 1 1.55509 0.27163 0.0107451 0.00266614 1.29423e+07 5.40005e+07 2.44227e+07 4.46285e+06 0 4.41823e+07 0 5.40005e+07 4.41823e+07 2.44227e+07 4.46285e+06 0.004891 0.00285176 -0.00687451 0.00768342 0.0411631
7 9 2 1.2078 0.342573 0.00843387 0.00388691 9.96753e+06 4.15887e+07 1.88092e+07 3.43708e+06 0 3.40271e+07 0 4.15887e+07 3.40271e+07 1.88092e+07 3.43708e+06 0.00164618 -0.00725134 -0.0102172 0.0116477 0.0469663
16 10 0 1.01641 1.51659 0.00955997 0.0152282 2.64413e+07 1.10324e+08 4.9896e+07 9.1177e+06 0 9.02652e+07 0 1.10324e+08 9.02652e+07 4.9896e+07 9.1177e+06 0.000995348 -0.0012226 0.00898286 0.00415304 0.0272577
8 10 1 1.31953 1.58267 0.0115294 0.0161762 9.92931e+06 4.14292e+07 1.87371e+07 3.4239e+06 0 3.38966e+07 0 4.14292e+07 3.38966e+07 1.87371e+07 3.4239e+06 0.0082502 0.0153082 0.00664385 0.00402821 0.0276414
11 10 2 1.15459 1.80097 0.014013 0.0176218 5.59881e+06 2.33605e+07 1.05652e+07 1.93062e+06 0 1.91132e+07 0 2.33605e+07 1.91132e+07 1.05652e+07 1.93062e+06 0.00610661 -0.00372101 0.0199306 0.018021 0.0256189
36 11 0 0.384839 1.2574 0.00405246 0.0160356 2.79372e+07 1.16566e+08 5.27187e+07 9.63351e+06 0 9.53718e+07 0 1.16566e+08 9.53718e+07 5.27187e+07 9.63351e+06 0.00194975 -0.00370404 0.00769562 0.00312978 0.0310735
26 11 1 0.750363 1.31265 0.00619018 0.0141692 1.05124e+07 4.3862e+07 1.98374e+07 3.62496e+06 0 3.58871e+07 0 4.3862e+07 3.58871e+07 1.98374e+07 3.62496e+06 0.00760006 -0.000646973 0.0128507 0.0086716 0.0296556
28 11 2 0.483276 1.59707 0.00669549 0.0182233 1.10312e+07 4.60269e+07 2.08164e+07 3.80387e+06 0 3.76583e+07 0 4.60269e+07 3.76583e+07 2.08164e+07 3.80387e+06 0.00328861 -0.00375617 0.00540453 0.0109836 0.0260116
17 12 0 1.12475 1.25118 0.00831799 0.0127923 7.87911e+06 3.28749e+07 1.48682e+07 2.71694e+06 0 2.68977e+07 0 3.28749e+07 2.68977e+07 1.48682e+07 2.71694e+06 0.0115529 0.00244064 0.00354807 0.0117115 0.0301736
8 12 1 1.31953 1.58267 0.0115294 0.0161762 9.92931e+06 4.14292e+07 1.87371e+07 3.4239e+06 0 3.38966e+07 0 4.14292e+07 3.38966e+07 1.87371e+07 3.4239e+06 0.0082502 0.0153082 0.00664385 0.00402821 0.0276414
16 12 2 1.01641 1.51659 0.00955997 0.0152282 2.64413e+07 1.10324e+08 4.9896e+07 9.1177e+06 0 9.02652e+07 0 1.10324e+08 9.02652e+07 4.9896e+07 9.1177e+06 0.000995348 -0.0012226 0.00898286 0.00415304 0.0272577
9 13 0 1.46737 1.35246 0.0132445 0.013346 1.6422e+06 6.85195e+06 3.09891e+06 566277 0 5.60614e+06 0 6.85195e+06 5.60614e+06 3.09891e+06 566277 0.0135792 0.00289398 0.0257177 0.0201988 0.0298453
10 13 1 1.33426 1.13805 0.00945938 0.0109076 2.36849e+07 9.88232e+07 4.46945e+07 8.1672e+06 0 8.08553e+07 0 9.88232e+07 8.08553e+07 4.46945e+07 8.1672e+06 0.000993372 -0.00297271 0.000542582 0.0025955 0.0314726
4 13 2 1.58749 1.10664 0.0106102 0.0104389 1.40747e+07 5.87256e+07 2.65596e+07 4.85335e+06 0 4.80482e+07 0 5.87256e+07 4.80482e+07 2.65596e+07 4.85335e+06 0.0065565 -0.00300035 0.00251902 0.0048813 0.0322449
6 14 0 1 2.45502e-24 1.39145e-26 4.82131e-26 4.51027e+06 1.88187e+07 8.51108e+06 1.55527e+06 0 1.53971e+07 0 1.88187e+07 1.53971e+07 8.51108e+06 1.55527e+06 2.03177e-25 -7.52386e-25 0.0507894 0.0256822 0.0693042
7 14 1 1.2078 0.342573 0.00843387 0.00388691 9.96753e+06 4.15887e+07 1.88092e+07 3.43708e+06 0 3.40271e+07 0 4.15887e+07 3.40271e+07 1.88092e+07 3.43708e+06 0.00164618 -0.00725134 -0.0102172 0.0116477 0.0469663
15 14 2 0.895312 0.326477 0.00719903 0.00515844 1.56923e+07 6.54747e+07 2.96121e+07 5.41113e+06 0 5.35702e+07 0 6.54747e+07 5.35702e+07 2.96121e+07 5.41113e+06 0.00155949 -0.00521029 -0.00237911 0.00659443 0.0566554
8 15 0 1.31953 1.58267 0.0115294 0.0161762 9.92931e+06 4.14292e+07 1.87371e+07 3.4239e+06 0 3.38966e+07 0 4.14292e+07 3.38966e+07 1.87371e+07 3.4239e+06 0.0082502 0.0153082 0.00664385 0.00402821 0.0276414
17 15 1 1.12475 1.25118 0.00831799 0.0127923 7.87911e+06 3.28749e+07 1.48682e+07 2.71694e+06 0 2.68977e+07 0 3.28749e+07 2.68977e+07 1.48682e+07 2.71694e+06 0.0115529 0.00244064 0.00354807 0.0117115 0.0301736
9 15 2 1.46737 1.35246 0.0132445 0.013346 1.6422e+06 6.85195e+06 3.09891e+06 566277 0 5.60614e+06 0 6.85195e+06 5.60614e+06 3.09891e+06 566277 0.0135792 0.00289398 0.0257177 0.0201988 0.0298453
20 16 0 0.801924 1.70055 0.00982499 0.0185115 3.3372e+06 1.39242e+07 6.29745e+06 1.15076e+06 0 1.13925e+07 0 1.39242e+07 1.13925e+07 6.29745e+06 1.15076e+06 0.00856434 -0.0125718 0.00520391 0.018014 0.0253337
11 16 1 1.15459 1.80097 0.014013 0.0176218 5.59881e+06 2.33605e+07 1.05652e+07 1.93062e+06 0 1.91132e+07 0 2.33605e+07 1.91132e+07 1.05652e+07 1.93062e+06 0.00610661 -0.00372101 0.0199306 0.018021 0.0256189
19 16 2 0.966836 1.99997 0.0116004 0.0228838 7.43301e+06 3.10136e+07 1.40264e+07 2.56311e+06 0 2.53748e+07 0 3.10136e+07 2.53748e+07 1.40264e+07 2.56311e+06 0.010381 -0.0111672 -0.0120384 0.0134318 0.0239851
17 17 0 1.12475 1.25118 0.00831799 0.0127923 7.87911e+06 3.28749e+07 1.48682e+07 2.71694e+06 0 2.68977e+07 0 3.28749e+07 2.68977e+07 1.48682e+07 2.71694e+06 0.0115529 0.00244064 0.00354807 0.0117115 0.0301736
12 17 1 1.30417 0.901964 0.00844983 0.0084751 4.21348e+06 1.75804e+07 7.95103e+06 1.45292e+06 0 1.4384e+07 0 1.75804e+07 1.4384e+07 7.95103e+06 1.45292e+06 0.0128118 0.00239029 0.00821546 0.015496 0.0344868
10 17 2 1.33426 1.13805 0.00945938 0.0109076 2.36849e+07 9.88232e+07 4.46945e+07 8.1672e+06 0 8.08553e+07 0 9.88232e+07 8.08553e+07 4.46945e+07 8.1672e+06 0.000993372 -0.00297271 0.000542582 0.0025955 0.0314726
23 18 0 0.756899 0.649025 0.00595009 0.00919543 1.27513e+07 5.32039e+07 2.40624e+07 4.39701e+06 0 4.35304e+07 0 5.32039e+07 4.35304e+07 2.40624e+07 4.39701e+06 0.00619644 -0.0129668 -0.00568729 0.00746459 0.0455678
15 18 1 0.895312 0.326477 0.00719903 0.00515844 1.56923e+07 6.54747e+07 2.96121e+07 5.41113e+06 0 5.35702e+07 0 6.54747e+07 5.35702e+07 2.96121e+07 5.41113e+06 0.00155949 -0.00521029 -0.00237911 0.00659443 0.0566554
13 18 2 1.0891 0.639103 0.00750341 0.00683456 2.09205e+07 8.7289e+07 3.94779e+07 7.21397e+06 0 7.14183e+07 0 8.7289e+07 7.14183e+07 3.94779e+07 7.21397e+06 0.00375897 -0.00736513 -0.0053585 0.00350807 0.0414448
44 19 0 0.233261 0.927501 0.0024065 0.0148006 1.39091e+07 5.80344e+07 2.6247e+07 4.79623e+06 0 4.74827e+07 0 5.80344e+07 4.74827e+07 2.6247e+07 4.79623e+06 0.00631996 -0.0071106 0.00220898 0.00654723 0.0393786
34 19 1 0.432953 0.639644 0.0041594 0.0116323 1.3513e+07 5.63816e+07 2.54996e+07 4.65964e+06 0 4.61304e+07 0 5.63816e+07 4.61304e+07 2.54996e+07 4.65964e+06 0.0040831 -0.000914205 -0.00425241 0.00722735 0.0489684
33 19 2 0.586334 0.967229 0.00412349 0.0130936 1.81839e+07 7.58707e+07 3.43138e+07 6.27031e+06 0 6.2076e+07 0 7.58707e+07 6.2076e+07 3.43138e+07 6.27031e+06 0.00459472 -0.00798236 -9.07547e-06 0.00580737 0.0370683
45 20 0 0.112543 0.614853 0.00222438 0.0130628 7.32595e+06 3.05669e+07 1.38244e+07 2.52619e+06 0 2.50093e+07 0 3.05669e+07 2.50093e+07 1.38244e+07 2.52619e+06 0.00878606 -0.00964397 -0.0059673 0.0138297 0.0516383
43 20 1 -0.010459 0.295808 0.00147209 0.00844585 2.57463e+06 1.07424e+07 4.85844e+06 887803 0 8.78925e+06 0 1.07424e+07 8.78925e+06 4.85844e+06 887803 0.0258578 -0.0219484 0.00408675 0.018034 0.0700437
35 20 2 0.287628 0.31708 0.00388335 0.00692428 6.09279e+06 2.54216e+07 1.14974e+07 2.10096e+06 0 2.07995e+07 0 2.54216e+07 2.07995e+07 1.14974e+07 2.10096e+06 0.00375244 0.00489307 -0.00158312 0.0223975 0.0674698
7 21 0 1.2078 0.342573 0.00843387 0.00388691 9.96753e+06 4.15887e+07 1.88092e+07 3.43708e+06 0 3.40271e+07 0 4.15887e+07 3.40271e+07 1.88092e+07 3.43708e+06 0.00164618 -0.00725134 -0.0102172 0.0116477 0.0469663
6 21 1 1 2.45502e-24 1.39145e-26 4.82131e-26 4.51027e+06 1.88187e+07 8.51108e+06 1.55527e+06 0 1.53971e+07 0 1.88187e+07 1.53971e+07 8.51108e+06 1.55527e+06 2.03177e-25 -7.52386e-25 0.0507894 0.0256822 0.0693042
2 21 2 1.29215 0.108636 0.00791886 0.000501142 7.01323e+06 2.92621e+07 1.32343e+07 2.41835e+06 0 2.39417e+07 0 2.92621e+07 2.39417e+07 1.32343e+07 2.41835e+06 0.011484 -0.00129667 0.0193548 0.0142158 0.0491979
20 22 0 0.801924 1.70055 0.00982499 0.0185115 3.3372e+06 1.39242e+07 6.29745e+06 1.15076e+06 0 1.13925e+07 0 1.39242e+07 1.13925e+07 6.29745e+06 1.15076e+06 0.00856434 -0.0125718 0.00520391 0.018014 0.0253337
28 22 1 0.483276 1.59707 0.00669549 0.0182233 1.10312e+07 4.60269e+07 2.08164e+07 3.80387e+06 0 3.76583e+07 0 4.60269e+07 3.76583e+07 2.08164e+07 3.80387e+06 0.00328861 -0.00375617 0.00540453 0.0109836 0.0260116
26 22 2 0.750363 1.31265 0.00619018 0.0141692 1.05124e+07 4.3862e+07 1.98374e+07 3.62496e+06 0 3.58871e+07 0 4.3862e+07 3.58871e+07 1.98374e+07 3.62496e+06 0.00760006 -0.000646973 0.0128507 0.0086716 0.0296556
11 23 0 1.15459 1.80097 0.014013 0.0176218 5.59881e+06 2.33605e+07 1.05652e+07 1.93062e+06 0 1.91132e+07 0 2.33605e+07 1.91132e+07 1.05652e+07 1.93062e+06 0.00610661 -0.00372101 0.0199306 0.018021 0.0256189
20 23 1 0.801924 1.70055 0.00982499 0.0185115 3.3372e+06 1.39242e+07 6.29745e+06 1.15076e+06 0 1.13925e+07 0 1.39242e+07 1.13925e+07 6.29745e+06 1.15076e+06 0.00856434 -0.0125718 0.00520391 0.018014 0.0253337
16 23 2 1.01641 1.51659 0.00955997 0.0152282 2.64413e+07 1.10324e+08 4.9896e+07 9.1177e+06 0 9.02652e+07 0 1.10324e+08 9.02652e+07 4.9896e+07 9.1177e+06 0.000995348 -0.0012226 0.00898286 0.00415304 0.0272577
27 24 0 0.57126 1.95974 0.00822447 0.0235169 7.96773e+06 3.32447e+07 1.50355e+07 2.74749e+06 0 2.72002e+07 0 3.32447e+07 2.72002e+07 1.50355e+07 2.74749e+06 0.00835518 0.00543346 -0.00435691 0.0114738 0.0232356
28 24 1 0.483276 1.59707 0.00669549 0.0182233 1.10312e+07 4.60269e+07 2.08164e+07 3.80387e+06 0 3.76583e+07 0 4.60269e+07 3.76583e+07 2.08164e+07 3.80387e+06 0.00328861 -0.00375617 0.00540453 0.0109836 0.0260116
20 24 2 0.801924 1.70055 0.00982499 0.0185115 3.3372e+06 1.39242e+07 6.29745e+06 1.15076e+06 0 1.13925e+07 0 1.39242e+07 1.13925e+07 6.29745e+06 1.15076e+06 0.00856434 -0.0125718 0.00520391 0.018014 0.0253337
36 25 0 0.384839 1.2574 0.00405246 0.0160356 2.79372e+07 1.16566e+08 5.27187e+07 9.63351e+06 0 9.53718e+07 0 1.16566e+08 9.53718e+07 5.27187e+07 9.63351e+06 0.00194975 -0.00370404 0.00769562 0.00312978 0.0310735
44 25 1 0.233261 0.927501 0.0024065 0.0148006 1.39091e+07 5.80344e+07 2.6247e+07 4.79623e+06 0 4.74827e+07 0 5.80344e+07 4.74827e+07 2.6247e+07 4.79623e+06 0.00631996 -0.0071106 0.00220898 0.00654723 0.0393786
33 25 2 0.586334 0.967229 0.00412349 0.0130936 1.81839e+07 7.58707e+07 3.43138e+07 6.27031e+06 0 6.2076e+07 0 7.58707e+07 6.2076e+07 3.43138e+07 6.27031e+06 0.00459472 -0.00798236 -9.07547e-06 0.00580737 0.0370683
38 26 0 0.142268 1.52531 0.00424204 0.0194105 5.65333e+06 2.35881e+07 1.06681e+07 1.94943e+06 0 1.92993e+07 0 2.35881e+07 1.92993e+07 1.06681e+07 1.94943e+06 0.00893018 -0.0093186 0.00491085 0.0180597 0.026871
48 26 1 -0.177993 1.46502 -0.000263603 0.0197817 5.02592e+06 2.09702e+07 9.48414e+06 1.73308e+06 0 1.71575e+07 0 2.09702e+07 1.71575e+07 9.48414e+06 1.73308e+06 0.0101593 -0.0067992 -0.00810016 0.0128382 0.0276612
46 26 2 0.047846 1.19726 0.0018076 0.0173706 1.28134e+07 5.34627e+07 2.41794e+07 4.4184e+06 0 4.37422e+07 0 5.34627e+07 4.37422e+07 2.41794e+07 4.4184e+06 0.00839078 -0.00502737 0.00346195 0.0041641 0.0325961
56 27 0 -0.239755 1.15683 -0.000143351 0.0184138 2.96031e+07 1.23516e+08 5.58623e+07 1.0208e+07 0 1.01059e+08 0 1.23516e+08 1.01059e+08 5.58623e+07 1.0208e+07 0.00327688 -0.0031382 0.00311597 0.00102666 0.0332688
55 27 1 -0.146741 0.872253 -0.000701161 0.0172208 1.2369e+07 5.16087e+07 2.33409e+07 4.26518e+06 0 4.22253e+07 0 5.16087e+07 4.22253e+07 2.33409e+07 4.26518e+06 0.00953402 -0.00716918 0.00124439 0.00406045 0.0413558
46 27 2 0.047846 1.19726 0.0018076 0.0173706 1.28134e+07 5.34627e+07 2.41794e+07 4.4184e+06 0 4.37422e+07 0 5.34627e+07 4.37422e+07 2.41794e+07 4.4184e+06 0.00839078 -0.00502737 0.00346195 0.0041641 0.0325961
27 28 0 0.57126 1.95974 0.00822447 0.0235169 7.96773e+06 3.32447e+07 1.50355e+07 2.74749e+06 0 2.72002e+07 0 3.32447e+07 2.72002e+07 1.50355e+07 2.74749e+06 0.00835518 0.00543346 -0.00435691 0.0114738 0.0232356
20 28 1 0.801924 1.70055 0.00982499 0.0185115 3.3372e+06 1.39242e+07 6.29745e+06 1.15076e+06 0 1.13925e+07 0 1.39242e+07 1.13925e+07 6.29745e+06 1.15076e+06 0.00856434 -0.0125718 0.00520391 0.018014 0.0253337
19 28 2 0.966836 1.99997 0.0116004 0.0228838 7.43301e+06 3.10136e+07 1.40264e+07 2.56311e+06 0 2.53748e+07 0 3.10136e+07 2.53748e+07 1.40264e+07 2.56311e+06 0.010381 -0.0111672 -0.0120384 0.0134318 0.0239851
31 29 0 0.294583 2.13388 0.00614418 0.0276464 1.24671e+07 5.20179e+07 2.3526e+07 4.299e+06 0 4.25601e+07 0 5.20179e+07 4.25601e+07 2.3526e+07 4.299e+06 0.00432138 -0.0198702 0.000805679 0.00864331 0.0220873
37 29 1 0.220955 1.84308 0.00572885 0.0246333 5.5075e+06 2.29796e+07 1.03929e+07 1.89914e+06 0 1.88015e+07 0 2.29796e+07 1.88015e+07 1.03929e+07 1.89914e+06 0.00912694 -0.0152244 -2.4431e-05 0.0208894 0.0236295
27 29 2 0.57126 1.95974 0.00822447 0.0235169 7.96773e+06 3.32447e+07 1.50355e+07 2.74749e+06 0 2.72002e+07 0 3.32447e+07 2.72002e+07 1.50355e+07 2.74749e+06 0.00835518 0.00543346 -0.00435691 0.0114738 0.0232356
26 30 0 0.750363 1.31265 0.00619018 0.0141692 1.05124e+07 4.3862e+07 1.98374e+07 3.62496e+06 0 3.58871e+07 0 4.3862e+07 3.58871e+07 1.98374e+07 3.62496e+06 0.00760006 -0.000646973 0.0128507 0.0086716 0.0296556
33 30 1 0.586334 0.967229 0.00412349 0.0130936 1.81839e+07 7.58707e+07 3.43138e+07 6.27031e+06 0 6.2076e+07 0 7.58707e+07 6.2076e+07 3.43138e+07 6.27031e+06 0.00459472 -0.00798236 -9.07547e-06 0.00580737 0.0370683
22 30 2 0.93497 0.963529 0.00582279 0.0102665 1.35961e+07 5.67287e+07 2.56565e+07 4.68832e+06 0 4.64144e+07 0 5.67287e+07 4.64144e+07 2.56565e+07 4.68832e+06 0.00344074 -0.007931 0.00390878 0.00947246 0.0352912
20 31 0 0.801924 1.70055 0.00982499 0.0185115 3.3372e+06 1.39242e+07 6.29745e+06 1.15076e+06 0 1.13925e+07 0 1.39242e+07 1.13925e+07 6.29745e+06 1.15076e+06 0.00856434 -0.0125718 0.00520391 0.018014 0.0253337
26 31 1 0.750363 1.31265 0.00619018 0.0141692 1.05124e+07 4.3862e+07 1.98374e+07 3.62496e+06 0 3.58871e+07 0 4.3862e+07 3.58871e+07 1.98374e+07 3.62496e+06 0.00760006 -0.000646973 0.0128507 0.0086716 0.0296556
16 31 2 1.01641 1.51659 0.00955997 0.0152282 2.64413e+07 1.10324e+08 4.9896e+07 9.1177e+06 0 9.02652e+07 0 1.10324e+08 9.02652e+07 4.9896e+07 9.1177e+06 0.000995348 -0.0012226 0.00898286 0.00415304 0.0272577
36 32 0 0.384839 1.2574 0.00405246 0.0160356 2.79372e+07 1.16566e+08 5.27187e+07 9.63351e+06 0 9.53718e+07 0 1.16566e+08 9.53718e+07 5.27187e+07 9.63351e+06 0.00194975 -0.00370404 0.00769562 0.00312978 0.0310735
33 32 1 0.586334 0.967229 0.00412349 0.0130936 1.81839e+07 7.58707e+07 3.43138e+07 6.27031e+06 0 6.2076e+07 0 7.58707e+07 6.2076e+07 3.43138e+07 6.27031e+06 0.00459472 -0.00798236 -9.07547e-06 0.00580737 0.0370683
26 32 2 0.750363 1.31265 0.00619018 0.0141692 1.05124e+07 4.3862e+07 1.98374e+07 3.62496e+06 0 3.58871e+07 0 4.3862e+07 3.58871e+07 1.98374e+07 3.62496e+06 0.00760006 -0.000646973 0.0128507 0.0086716 0.0296556
38 33 0 0.142268 1.52531 0.00424204 0.0194105 5.65333e+06 2.35881e+07 1.06681e+07 1.94943e+06 0 1.92993e+07 0 2.35881e+07 1.92993e+07 1.06681e+07 1.94943e+06 0.00893018 -0.0093186 0.00491085 0.0180597 0.026871
36 33 1 0.384839 1.2574 0.00405246 0.0160356 2.79372e+07 1.16566e+08 5.27187e+07 9.63351e+06 0 9.53718e+07 0 1.16566e+08 9.53718e+07 5.27187e+07 9.63351e+06 0.00194975 -0.00370404 0.00769562 0.00312978 0.0310735
28 33 2 0.483276 1.59707 0.00669549 0.0182233 1.10312e+07 4.60269e+07 2.08164e+07 3.80387e+06 0 3.76583e+07 0 4.60269e+07 3.76583e+07 2.08164e+07 3.80387e+06 0.00328861 -0.00375617 0.00540453 0.0109836 0.0260116
46 34 0 0.047846 1.19726 0.0018076 0.0173706 1.28134e+07 5.34627e+07 2.41794e+07 4.4184e+06 0 4.37422e+07 0 5.34627e+07 4.37422e+07 2.41794e+07 4.4184e+06 0.00839078 -0.00502737 0.00346195 0.0041641 0.0325961
44 34 1 0.233261 0.927501 0.0024065 0.0148006 1.39091e+07 5.80344e+07 2.6247e+07 4.79623e+06 0 4.74827e+07 0 5.80344e+07 4.74827e+07 2.6247e+07 4.79623e+06 0.00631996 -0.0071106 0.00220898 0.00654723 0.0393786
36 34 2 0.384839 1.2574 0.00405246 0.0160356 2.79372e+07 1.16566e+08 5.27187e+07 9.63351e+06 0 9.53718e+07 0 1.16566e+08 9.53718e+07 5.27187e+07 9.63351e+06 0.00194975 -0.00370404 0.00769562 0.00312978 0.0310735
21 35 0 0.499285 2.35144 0.0076601 0.0272539 1.84956e+07 7.71711e+07 3.49019e+07 6.37778e+06 0 6.314e+07 0 7.71711e+07 6.314e+07 3.49019e+07 6.37778e+06 0.00324204 -0.0047276 0.00323217 0.00462588 0.0218948
27 35 1 0.57126 1.95974 0.00822447 0.0235169 7.96773e+06 3.32447e+07 1.50355e+07 2.74749e+06 0 2.72002e+07 0 3.32447e+07 2.72002e+07 1.50355e+07 2.74749e+06 0.00835518 0.00543346 -0.00435691 0.0114738 0.0232356
18 35 2 0.766628 2.18644 0.00881833 0.0258927 1.53224e+07 6.39313e+07 2.8914e+07 5.28358e+06 0 5.23074e+07 0 6.39313e+07 5.23074e+07 2.8914e+07 5.28358e+06 0.00467652 -0.00105739 -0.0016344 0.00571474 0.0227937
31 36 0 0.294583 2.13388 0.00614418 0.0276464 1.24671e+07 5.20179e+07 2.3526e+07 4.299e+06 0 4.25601e+07 0 5.20179e+07 4.25601e+07 2.3526e+07 4.299e+06 0.00432138 -0.0198702 0.000805679 0.00864331 0.0220873
27 36 1 0.57126 1.95974 0.00822447 0.0235169 7.96773e+06 3.32447e+07 1.50355e+07 2.74749e+06 0 2.72002e+07 0 3.32447e+07 2.72002e+07 1.50355e+07 2.74749e+06 0.00835518 0.00543346 -0.00435691 0.0114738 0.0232356
21 36 2 0.499285 2.35144 0.0076601 0.0272539 1.84956e+07 7.71711e+07 3.49019e+07 6.37778e+06 0 6.314e+07 0 7.71711e+07 6.314e+07 3.49019e+07 6.37778e+06 0.00324204 -0.0047276 0.00323217 0.00462588 0.0218948
30 37 0 -0.119258 2.47703 0.00254009 0.0348871 2.15257e+07 8.98141e+07 4.06199e+07 7.42265e+06 0 7.34842e+07 0 8.98141e+07 7.34842e+07 4.06199e+07 7.42265e+06 0.00164277 0.0052626 -0.00241077 1.44571e-05 0.02126
41 37 1 -0.0157253 2.11751 0.00319484 0.0319928 5.51954e+06 2.30298e+07 1.04156e+07 1.90329e+06 0 1.88426e+07 0 2.30298e+07 1.88426e+07 1.04156e+07 1.90329e+06 0.0159941 0.00064372 0.00384742 0.0177879 0.022019
29 37 2 0.193144 2.42966 0.00546601 0.0328705 6.80659e+06 2.83999e+07 1.28444e+07 2.3471e+06 0 2.32363e+07 0 2.83999e+07 2.32363e+07 1.28444e+07 2.3471e+06 0.0100554 -0.0230846 -0.00325252 0.0143256 0.0214032
50 38 0 -0.397195 2.02478 -0.00201486 0.0255213 9.70733e+06 4.0503e+07 1.83182e+07 3.34735e+06 0 3.31388e+07 0 4.0503e+07 3.31388e+07 1.83182e+07 3.34735e+06 0.00603314 0.00864239 0.00498916 0.0116178 0.0224623
59 38 1 -0.695344 1.90448 -0.00426528 0.022973 1.01029e+07 4.21534e+07 1.90646e+07 3.48375e+06 0 3.44892e+07 0 4.21534e+07 3.44892e+07 1.90646e+07 3.48375e+06 0.00450388 0.00287961 -9.80271e-05 0.011155 0.0233905
58 38 2 -0.490804 1.64981 -0.00300466 0.0216008 2.57454e+07 1.07421e+08 4.85828e+07 8.87774e+06 0 8.78896e+07 0 1.07421e+08 8.78896e+07 4.85828e+07 8.87774e+06 8.73687e-05 8.406e-05 -0.00483773 0.00475543 0.0252255
41 39 0 -0.0157253 2.11751 0.00319484 0.0319928 5.51954e+06 2.30298e+07 1.04156e+07 1.90329e+06 0 1.88426e+07 0 2.30298e+07 1.88426e+07 1.04156e+07 1.90329e+06 0.0159941 0.00064372 0.00384742 0.0177879 0.022019
50 39 1 -0.397195 2.02478 -0.00201486 0.0255213 9.70733e+06 4.0503e+07 1.83182e+07 3.34735e+06 0 3.31388e+07 0 4.0503e+07 3.31388e+07 1.83182e+07 3.34735e+06 0.00603314 0.00864239 0.00498916 0.0116178 0.0224623
47 39 2 -0.131225 1.78292 -0.000953131 0.0249349 1.85817e+06 7.75306e+06 3.50645e+06 640749 0 6.34341e+06 0 7.75306e+06 6.34341e+06 3.50645e+06 640749 0.0144932 0.00651743 0.000135458 0.0196233 0.0240381
39 40 0 -0.238608 2.23321 0.000911848 0.0313603 5.8514e+06 2.44145e+07 1.10419e+07 2.01772e+06 0 1.99755e+07 0 2.44145e+07 1.99755e+07 1.10419e+07 2.01772e+06 0.0113675 0.0222772 0.00939823 0.0154348 0.0217636
40 40 1 -0.416578 2.40464 6.58878e-05 0.030874 5.64208e+06 2.35411e+07 1.06469e+07 1.94554e+06 0 1.92609e+07 0 2.35411e+07 1.92609e+07 1.06469e+07 1.94554e+06 0.0119488 0.0142999 0.00688376 0.0177353 0.0215105
50 40 2 -0.397195 2.02478 -0.00201486 0.0255213 9.70733e+06 4.0503e+07 1.83182e+07 3.34735e+06 0 3.31388e+07 0 4.0503e+07 3.31388e+07 1.83182e+07 3.34735e+06 0.00603314 0.00864239 0.00498916 0.0116178 0.0224623
31 41 0 0.294583 2.13388 0.00614418 0.0276464 1.24671e+07 5.20179e+07 2.3526e+07 4.299e+06 0 4.25601e+07 0 5.20179e+07 4.25601e+07 2.3526e+07 4.299e+06 0.00432138 -0.0198702 0.000805679 0.00864331 0.0220873
21 41 1 0.499285 2.35144 0.0076601 0.0272539 1.84956e+07 7.71711e+07 3.49019e+07 6.37778e+06 0 6.314e+07 0 7.71711e+07 6.314e+07 3.49019e+07 6.37778e+06 0.00324204 -0.0047276 0.00323217 0.00462588 0.0218948
29 41 2 0.193144 2.42966 0.00546601 0.0328705 6.80659e+06 2.83999e+07 1.28444e+07 2.3471e+06 0 2.32363e+07 0 2.83999e+07 2.32363e+07 1.28444e+07 2.3471e+06 0.0100554 -0.0230846 -0.00325252 0.0143256 0.0214032
62 42 0 -0.625946 0.317747 -0.00782542 0.00651205 7.69063e+06 3.20885e+07 1.45126e+07 2.65194e+06 0 2.62542e+07 0 3.20885e+07 2.62542e+07 1.45126e+07 2.65194e+06 0.0038115 0.00146108 -0.00658767 0.0180551 0.0631063
63 42 1 -0.470769 0.640571 -0.00545203 0.0126367 1.09865e+07 4.58401e+07 2.0732e+07 3.78844e+06 0 3.75056e+07 0 4.58401e+07 3.75056e+07 2.0732e+07 3.78844e+06 0.00604186 0.0117487 0.00913886 0.0106366 0.0485194
71 42 2 -0.856736 0.596304 -0.00802537 0.0104867 1.22378e+07 5.10611e+07 2.30932e+07 4.21992e+06 0 4.17773e+07 0 5.10611e+07 4.17773e+07 2.30932e+07 4.21992e+06 0.00497587 -0.00384246 0.00979045 0.0102576 0.0458656
54 43 0 -0.321623 0.301745 -0.00592535 0.00848698 2.75873e+06 1.15106e+07 5.20585e+06 951286 0 9.41773e+06 0 1.15106e+07 9.41773e+06 5.20585e+06 951286 0.0215927 0.0224376 -0.00913366 0.0214556 0.0682559
53 43 1 -0.175976 0.561265 -0.00257237 0.0155421 2.163e+06 9.02492e+06 4.08167e+06 745861 0 7.38402e+06 0 9.02492e+06 7.38402e+06 4.08167e+06 745861 0.0348524 -0.00120066 0.00329551 0.0209965 0.054137
63 43 2 -0.470769 0.640571 -0.00545203 0.0126367 1.09865e+07 4.58401e+07 2.0732e+07 3.78844e+06 0 3.75056e+07 0 4.58401e+07 3.75056e+07 2.0732e+07 3.78844e+06 0.00604186 0.0117487 0.00913886 0.0106366 0.0485194
52 44 0 -0.428571 2.87083e-24 -1.80882e-27 5.45583e-26 7.78205e+06 3.24699e+07 1.46851e+07 2.68346e+06 0 2.65663e+07 0 3.24699e+07 2.65663e+07 1.46851e+07 2.68346e+06 2.30166e-17 -1.03091e-17 -0.0446059 0.0212384 0.0911985
54 44 1 -0.321623 0.301745 -0.00592535 0.00848698 2.75873e+06 1.15106e+07 5.20585e+06 951286 0 9.41773e+06 0 1.15106e+07 9.41773e+06 5.20585e+06 951286 0.0215927 0.0224376 -0.00913366 0.0214556 0.0682559
62 44 2 -0.625946 0.317747 -0.00782542 0.00651205 7.69063e+06 3.20885e+07 1.45126e+07 2.65194e+06 0 2.62542e+07 0 3.20885e+07 2.62542e+07 1.45126e+07 2.65194e+06 0.0038115 0.00146108 -0.00658767 0.0180551 0.0631063
52 45 0 -0.428571 2.87083e-24 -1.80882e-27 5.45583e-26 7.78205e+06 3.24699e+07 1.46851e+07 2.68346e+06 0 2.65663e+07 0 3.24699e+07 2.65663e+07 1.46851e+07 2.68346e+06 2.30166e-17 -1.03091e-17 -0.0446059 0.0212384 0.0911985
42 45 1 -0.142857 2.8974e-24 2.21172e-28 2.14708e-26 579300 2.41708e+06 1.09317e+06 199759 0 1.97761e+06 0 2.41708e+06 1.97761e+06 1.09317e+06 199759 0.0344813 0.00100612 -0.00841564 0.0489296 0.0937162
54 45 2 -0.321623 0.301745 -0.00592535 0.00848698 2.75873e+06 1.15106e+07 5.20585e+06 951286 0 9.41773e+06 0 1.15106e+07 9.41773e+06 5.20585e+06 951286 0.0215927 0.0224376 -0.00913366 0.0214556 0.0682559
53 46 0 -0.175976 0.561265 -0.00257237 0.0155421 2.163e+06 9.02492e+06 4.08167e+06 745861 0 7.38402e+06 0 9.02492e+06 7.38402e+06 4.08167e+06 745861 0.0348524 -0.00120066 0.00329551 0.0209965 0.054137
45 46 1 0.112543 0.614853 0.00222438 0.0130628 7.32595e+06 3.05669e+07 1.38244e+07 2.52619e+06 0 2.50093e+07 0 3.05669e+07 2.50093e+07 1.38244e+07 2.52619e+06 0.00878606 -0.00964397 -0.0059673 0.0138297 0.0516383
55 46 2 -0.146741 0.872253 -0.000701161 0.0172208 1.2369e+07 5.16087e+07 2.33409e+07 4.26518e+06 0 4.22253e+07 0 5.16087e+07 4.22253e+07 2.33409e+07 4.26518e+06 0.00953402 -0.00716918 0.00124439 0.00406045 0.0413558
62 47 0 -0.625946 0.317747 -0.00782542 0.00651205 7.69063e+06 3.20885e+07 1.45126e+07 2.65194e+06 0 2.62542e+07 0 3.20885e+07 2.62542e+07 1.45126e+07 2.65194e+06 0.0038115 0.00146108 -0.00658767 0.0180551 0.0631063
54 47 1 -0.321623 0.301745 -0.00592535 0.00848698 2.75873e+06 1.15106e+07 5.20585e+06 951286 0 9.41773e+06 0 1.15106e+07 9.41773e+06 5.20585e+06 951286 0.0215927 0.0224376 -0.00913366 0.0214556 0.0682559
63 47 2 -0.470769 0.640571 -0.00545203 0.0126367 1.09865e+07 4.58401e+07 2.0732e+07 3.78844e+06 0 3.75056e+07 0 4.58401e+07 3.75056e+07 2.0732e+07 3.78844e+06 0.00604186 0.0117487 0.00913886 0.0106366 0.0485194
43 48 0 -0.010459 0.295808 0.00147209 0.00844585 2.57463e+06 1.07424e+07 4.85844e+06 887803 0 8.78925e+06 0 1.07424e+07 8.78925e+06 4.85844e+06 887803 0.0258578 -0.0219484 0.00408675 0.018034 0.0700437
45 48 1 0.112543 0.614853 0.00222438 0.0130628 7.32595e+06 3.05669e+07 1.38244e+07 2.52619e+06 0 2.50093e+07 0 3.05669e+07 2.50093e+07 1.38244e+07 2.52619e+06 0.00878606 -0.00964397 -0.0059673 0.0138297 0.0516383
53 48 2 -0.175976 0.561265 -0.00257237 0.0155421 2.163e+06 9.02492e+06 4.08167e+06 745861 0 7.38402e+06 0 9.02492e+06 7.38402e+06 4.08167e+06 745861 0.0348524 -0.00120066 0.00329551 0.0209965 0.054137
63 49 0 -0.470769 0.640571 -0.00545203 0.0126367 1.09865e+07 4.58401e+07 2.0732e+07 3.78844e+06 0 3.75056e+07 0 4.58401e+07 3.75056e+07 2.0732e+07 3.78844e+06 0.00604186 0.0117487 0.00913886 0.0106366 0.0485194
55 49 1 -0.146741 0.872253 -0.000701161 0.0172208 1.2369e+07 5.16087e+07 2.33409e+07 4.26518e+06 0 4.22253e+07 0 5.16087e+07 4.22253e+07 2.33409e+07 4.26518e+06 0.00953402 -0.00716918 0.00124439 0.00406045 0.0413558
64 49 2 -0.516354 1.0172 -0.00261215 0.0161561 9.12788e+06 3.80853e+07 1.72247e+07 3.14755e+06 0 3.11607e+07 0 3.80853e+07 3.11607e+07 1.72247e+07 3.14755e+06 0.0085056 0.013575 0.00698833 0.0123308 0.0358246
23 50 0 0.756899 0.649025 0.00595009 0.00919543 1.27513e+07 5.32039e+07 2.40624e+07 4.39701e+06 0 4.35304e+07 0 5.32039e+07 4.35304e+07 2.40624e+07 4.39701e+06 0.00619644 -0.0129668 -0.00568729 0.00746459 0.0455678
13 50 1 1.0891 0.639103 0.00750341 0.00683456 2.09205e+07 8.7289e+07 3.94779e+07 7.21397e+06 0 7.14183e+07 0 8.7289e+07 7.14183e+07 3.94779e+07 7.21397e+06 0.00375897 -0.00736513 -0.0053585 0.00350807 0.0414448
22 50 2 0.93497 0.963529 0.00582279 0.0102665 1.35961e+07 5.67287e+07 2.56565e+07 4.68832e+06 0 4.64144e+07 0 5.67287e+07 4.64144e+07 2.56565e+07 4.68832e+06 0.00344074 -0.007931 0.00390878 0.00947246 0.0352912
33 51 0 0.586334 0.967229 0.00412349 0.0130936 1.81839e+07 7.58707e+07 3.43138e+07 6.27031e+06 0 6.2076e+07 0 7.58707e+07 6.2076e+07 3.43138e+07 6.27031e+06 0.00459472 -0.00798236 -9.07547e-06 0.00580737 0.0370683
23 51 1 0.756899 0.649025 0.00595009 0.00919543 1.27513e+07 5.32039e+07 2.40624e+07 4.39701e+06 0 4.35304e+07 0 5.32039e+07 4.35304e+07 2.40624e+07 4.39701e+06 0.00619644 -0.0129668 -0.00568729 0.00746459 0.0455678
22 51 2 0.93497 0.963529 0.00582279 0.0102665 1.35961e+07 5.67287e+07 2.56565e+07 4.68832e+06 0 4.64144e+07 0 5.67287e+07 4.64144e+07 2.56565e+07 4.68832e+06 0.00344074 -0.007931 0.00390878 0.00947246 0.0352912
34 52 0 0.432953 0.639644 0.0041594 0.0116323 1.3513e+07 5.63816e+07 2.54996e+07 4.65964e+06 0 4.61304e+07 0 5.63816e+07 4.61304e+07 2.54996e+07 4.65964e+06 0.0040831 -0.000914205 -0.00425241 0.00722735 0.0489684
25 52 1 0.589328 0.325428 0.00568724 0.00689533 4.94512e+06 2.06331e+07 9.33167e+06 1.70521e+06 0 1.68816e+07 0 2.06331e+07 1.68816e+07 9.33167e+06 1.70521e+06 0.013706 0.00289926 -0.000924239 0.0201462 0.0633998
23 52 2 0.756899 0.649025 0.00595009 0.00919543 1.27513e+07 5.32039e+07 2.40624e+07 4.39701e+06 0 4.35304e+07 0 5.32039e+07 4.35304e+07 2.40624e+07 4.39701e+06 0.00619644 -0.0129668 -0.00568729 0.00746459 0.0455678
25 53 0 0.589328 0.325428 0.00568724 0.00689533 4.94512e+06 2.06331e+07 9.33167e+06 1.70521e+06 0 1.68816e+07 0 2.06331e+07 1.68816e+07 9.33167e+06 1.70521e+06 0.013706 0.00289926 -0.000924239 0.0201462 0.0633998
15 53 1 0.895312 0.326477 0.00719903 0.00515844 1.56923e+07 6.54747e+07 2.96121e+07 5.41113e+06 0 5.35702e+07 0 6.54747e+07 5.35702e+07 2.96121e+07 5.41113e+06 0.00155949 -0.00521029 -0.00237911 0.00659443 0.0566554
23 53 2 0.756899 0.649025 0.00595009 0.00919543 1.27513e+07 5.32039e+07 2.40624e+07 4.39701e+06 0 4.35304e+07 0 5.32039e+07 4.35304e+07 2.40624e+07 4.39701e+06 0.00619644 -0.0129668 -0.00568729 0.00746459 0.0455678
35 54 0 0.287628 0.31708 0.00388335 0.00692428 6.09279e+06 2.54216e+07 1.14974e+07 2.10096e+06 0 2.07995e+07 0 2.54216e+07 2.07995e+07 1.14974e+07 2.10096e+06 0.00375244 0.00489307 -0.00158312 0.0223975 0.0674698
25 54 1 0.589328 0.325428 0.00568724 0.00689533 4.94512e+06 2.06331e+07 9.33167e+06 1.70521e+06 0 1.68816e+07 0 2.06331e+07 1.68816e+07 9.33167e+06 1.70521e+06 0.013706 0.00289926 -0.000924239 0.0201462 0.0633998
34 54 2 0.432953 0.639644 0.0041594 0.0116323 1.3513e+07 5.63816e+07 2.54996e+07 4.65964e+06 0 4.61304e+07 0 5.63816e+07 4.61304e+07 2.54996e+07 4.65964e+06 0.0040831 -0.000914205 -0.00425241 0.00722735 0.0489684
35 55 0 0.287628 0.31708 0.00388335 0.00692428 6.09279e+06 2.54216e+07 1.14974e+07 2.10096e+06 0 2.07995e+07 0 2.54216e+07 2.07995e+07 1.14974e+07 2.10096e+06 0.00375244 0.00489307 -0.00158312 0.0223975 0.0674698
24 55 1 0.428571 3.03825e-24 4.01966e-27 5.14342e-26 7.18459e+06 2.99771e+07 1.35577e+07 2.47745e+06 0 2.45267e+07 0 2.99771e+07 2.45267e+07 1.35577e+07 2.47745e+06 -5.63339e-26 5.55907e-25 0.0291061 0.0207986 0.0912556
25 55 2 0.589328 0.325428 0.00568724 0.00689533 4.94512e+06 2.06331e+07 9.33167e+06 1.70521e+06 0 1.68816e+07 0 2.06331e+07 1.68816e+07 9.33167e+06 1.70521e+06 0.013706 0.00289926 -0.000924239 0.0201462 0.0633998
14 56 0 0.714286 2.9892e-24 8.51574e-27 5.11242e-26 5.05749e+06 2.1102e+07 9.54372e+06 1.74396e+06 0 1.72652e+07 0 2.1102e+07 1.72652e+07 9.54372e+06 1.74396e+06 9.98653e-26 -5.505e-25 0.0411395 0.023344 0.0852473
6 56 1 1 2.45502e-24 1.39145e-26 4.82131e-26 4.51027e+06 1.88187e+07 8.51108e+06 1.55527e+06 0 1.53971e+07 0 1.88187e+07 1.53971e+07 8.51108e+06 1.55527e+06 2.03177e-25 -7.52386e-25 0.0507894 0.0256822 0.0693042
15 56 2 0.895312 0.326477 0.00719903 0.00515844 1.56923e+07 6.54747e+07 2.96121e+07 5.41113e+06 0 5.35702e+07 0 6.54747e+07 5.35702e+07 2.96121e+07 5.41113e+06 0.00155949 -0.00521029 -0.00237911 0.00659443 0.0566554
17 57 0 1.12475 1.25118 0.00831799 0.0127923 7.87911e+06 3.28749e+07 1.48682e+07 2.71694e+06 0 2.68977e+07 0 3.28749e+07 2.68977e+07 1.48682e+07 2.71694e+06 0.0115529 0.00244064 0.00354807 0.0117115 0.0301736
10 57 1 1.33426 1.13805 0.00945938 0.0109076 2.36849e+07 9.88232e+07 4.46945e+07 8.1672e+06 0 8.08553e+07 0 9.88232e+07 8.08553e+07 4.46945e+07 8.1672e+06 0.000993372 -0.00297271 0.000542582 0.0025955 0.0314726
9 57 2 1.46737 1.35246 0.0132445 0.013346 1.6422e+06 6.85195e+06 3.09891e+06 566277 0 5.60614e+06 0 6.85195e+06 5.60614e+06 3.09891e+06 566277 0.0135792 0.00289398 0.0257177 0.0201988 0.0298453
26 58 0 0.750363 1.31265 0.00619018 0.0141692 1.05124e+07 4.3862e+07 1.98374e+07 3.62496e+06 0 3.58871e+07 0 4.3862e+07 3.58871e+07 1.98374e+07 3.62496e+06 0.00760006 -0.000646973 0.0128507 0.0086716 0.0296556
22 58 1 0.93497 0.963529 0.00582279 0.0102665 1.35961e+07 5.67287e+07 2.56565e+07 4.68832e+06 0 4.64144e+07 0 5.67287e+07 4.64144e+07 2.56565e+07 4.68832e+06 0.00344074 -0.007931 0.00390878 0.00947246 0.0352912
17 58 2 1.12475 1.25118 0.00831799 0.0127923 7.87911e+06 3.28749e+07 1.48682e+07 2.71694e+06 0 2.68977e+07 0 3.28749e+07 2.68977e+07 1.48682e+07 2.71694e+06 0.0115529 0.00244064 0.00354807 0.0117115 0.0301736
22 59 0 0.93497 0.963529 0.00582279 0.0102665 1.35961e+07 5.67287e+07 2.56565e+07 4.68832e+06 0 4.64144e+07 0 5.67287e+07 4.64144e+07 2.56565e+07 4.68832e+06 0.00344074 -0.007931 0.00390878 0.00947246 0.0352912
13 59 1 1.0891 0.639103 0.00750341 0.00683456 2.09205e+07 8.7289e+07 3.94779e+07 7.21397e+06 0 7.14183e+07 0 8.7289e+07 7.14183e+07 3.94779e+07 7.21397e+06 0.00375897 -0.00736513 -0.0053585 0.00350807 0.0414448
12 59 2 1.30417 0.901964 0.00844983 0.0084751 4.21348e+06 1.75804e+07 7.95103e+06 1.45292e+06 0 1.4384e+07 0 1.75804e+07 1.4384e+07 7.95103e+06 1.45292e+06 0.0128118 0.00239029 0.00821546 0.015496 0.0344868
16 60 0 1.01641 1.51659 0.00955997 0.0152282 2.64413e+07 1.10324e+08 4.9896e+07 9.1177e+06 0 9.02652e+07 0 1.10324e+08 9.02652e+07 4.9896e+07 9.1177e+06 0.000995348 -0.0012226 0.00898286 0.00415304 0.0272577
26 60 1 0.750363 1.31265 0.00619018 0.0141692 1.05124e+07 4.3862e+07 1.98374e+07 3.62496e+06 0 3.58871e+07 0 4.3862e+07 3.58871e+07 1.98374e+07 3.62496e+06 0.00760006 -0.000646973 0.0128507 0.0086716 0.0296556
17 60 2 1.12475 1.25118 0.00831799 0.0127923 7.87911e+06 3.28749e+07 1.48682e+07 2.71694e+06 0 2.68977e+07 0 3.28749e+07 2.68977e+07 1.48682e+07 2.71694e+06 0.0115529 0.00244064 0.00354807 0.0117115 0.0301736
33 61 0 0.586334 0.967229 0.00412349 0.0130936 1.81839e+07 7.58707e+07 3.43138e+07 6.27031e+06 0 6.2076e+07 0 7.58707e+07 6.2076e+07 3.43138e+07 6.27031e+06 0.00459472 -0.00798236 -9.07547e-06 0.00580737 0.0370683
34 61 1 0.432953 0.639644 0.0041594 0.0116323 1.3513e+07 5.63816e+07 2.54996e+07 4.65964e+06 0 4.61304e+07 0 5.63816e+07 4.61304e+07 2.54996e+07 4.65964e+06 0.0040831 -0.000914205 -0.00425241 0.00722735 0.0489684
23 61 2 0.756899 0.649025 0.00595009 0.00919543 1.27513e+07 5.32039e+07 2.40624e+07 4.39701e+06 0 4.35304e+07 0 5.32039e+07 4.35304e+07 2.40624e+07 4.39701e+06 0.00619644 -0.0129668 -0.00568729 0.00746459 0.0455678
45 62 0 0.112543 0.614853 0.00222438 0.0130628 7.32595e+06 3.05669e+07 1.38244e+07 2.52619e+06 0 2.50093e+07 0 3.05669e+07 2.50093e+07 1.38244e+07 2.52619e+06 0.00878606 -0.00964397 -0.0059673 0.0138297 0.0516383
34 62 1 0.432953 0.639644 0.0041594 0.0116323 1.3513e+07 5.63816e+07 2.54996e+07 4.65964e+06 0 4.61304e+07 0 5.63816e+07 4.61304e+07 2.54996e+07 4.65964e+06 0.0040831 -0.000914205 -0.00425241 0.00722735 0.0489684
44 62 2 0.233261 0.927501 0.0024065 0.0148006 1.39091e+07 5.80344e+07 2.6247e+07 4.79623e+06 0 4.74827e+07 0 5.80344e+07 4.74827e+07 2.6247e+07 4.79623e+06 0.00631996 -0.0071106 0.00220898 0.00654723 0.0393786
22 63 0 0.93497 0.963529 0.00582279 0.0102665 1.35961e+07 5.67287e+07 2.56565e+07 4.68832e+06 0 4.64144e+07 0 5.67287e+07 4.64144e+07 2.56565e+07 4.68832e+06 0.00344074 -0.007931 0.00390878 0.00947246 0.0352912
12 63 1 1.30417 0.901964 0.00844983 0.0084751 4.21348e+06 1.75804e+07 7.95103e+06 1.45292e+06 0 1.4384e+07 0 1.75804e+07 1.4384e+07 7.95103e+06 1.45292e+06 0.0128118 0.00239029 0.00821546 0.015496 0.0344868
17 63 2 1.12475 1.25118 0.00831799 0.0127923 7.87911e+06 3.28749e+07 1.48682e+07 2.71694e+06 0 2.68977e+07 0 3.28749e+07 2.68977e+07 1.48682e+07 2.71694e+06 0.0115529 0.00244064 0.00354807 0.0117115 0.0301736
41 64 0 -0.0157253 2.11751 0.00319484 0.0319928 5.51954e+06 2.30298e+07 1.04156e+07 1.90329e+06 0 1.88426e+07 0 2.30298e+07 1.88426e+07 1.04156e+07 1.90329e+06 0.0159941 0.00064372 0.00384742 0.0177879 0.022019
31 64 1 0.294583 2.13388 0.00614418 0.0276464 1.24671e+07 5.20179e+07 2.3526e+07 4.299e+06 0 4.25601e+07 0 5.20179e+07 4.25601e+07 2.3526e+07 4.299e+06 0.00432138 -0.0198702 0.000805679 0.00864331 0.0220873
29 64 2 0.193144 2.42966 0.00546601 0.0328705 6.80659e+06 2.83999e+07 1.28444e+07 2.3471e+06 0 2.32363e+07 0 2.83999e+07 2.32363e+07 1.28444e+07 2.3471e+06 0.0100554 -0.0230846 -0.00325252 0.0143256 0.0214032
50 65 0 -0.397195 2.02478 -0.00201486 0.0255213 9.70733e+06 4.0503e+07 1.83182e+07 3.34735e+06 0 3.31388e+07 0 4.0503e+07 3.31388e+07 1.83182e+07 3.34735e+06 0.00603314 0.00864239 0.00498916 0.0116178 0.0224623
41 65 1 -0.0157253 2.11751 0.00319484 0.0319928 5.51954e+06 2.30298e+07 1.04156e+07 1.90329e+06 0 1.88426e+07 0 2.30298e+07 1.88426e+07 1.04156e+07 1.90329e+06 0.0159941 0.00064372 0.00384742 0.0177879 0.022019
39 65 2 -0.238608 2.23321 0.000911848 0.0313603 5.8514e+06 2.44145e+07 1.10419e+07 2.01772e+06 0 1.99755e+07 0 2.44145e+07 1.99755e+07 1.10419e+07 2.01772e+06 0.0113675 0.0222772 0.00939823 0.0154348 0.0217636
47 66 0 -0.131225 1.78292 -0.000953131 0.0249349 1.85817e+06 7.75306e+06 3.50645e+06 640749 0 6.34341e+06 0 7.75306e+06 6.34341e+06 3.50645e+06 640749 0.0144932 0.00651743 0.000135458 0.0196233 0.0240381
37 66 1 0.220955 1.84308 0.00572885 0.0246333 5.5075e+06 2.29796e+07 1.03929e+07 1.89914e+06 0 1.88015e+07 0 2.29796e+07 1.88015e+07 1.03929e+07 1.89914e+06 0.00912694 -0.0152244 -2.4431e-05 0.0208894 0.0236295
41 66 2 -0.0157253 2.11751 0.00319484 0.0319928 5.51954e+06 2.30298e+07 1.04156e+07 1.90329e+06 0 1.88426e+07 0 2.30298e+07 1.88426e+07 1.04156e+07 1.90329e+06 0.0159941 0.00064372 0.00384742 0.0177879 0.022019
57 67 0 -0.449087 1.33795 -0.00121043 0.0195347 1.54766e+07 6.45749e+07 2.92051e+07 5.33677e+06 0 5.2834e+07 0 6.45749e+07 5.2834e+07 2.92051e+07 5.33677e+06 0.0034016 0.00177877 -0.00546428 0.00716982 0.0293652
48 67 1 -0.177993 1.46502 -0.000263603 0.0197817 5.02592e+06 2.09702e+07 9.48414e+06 1.73308e+06 0 1.71575e+07 0 2.09702e+07 1.71575e+07 9.48414e+06 1.73308e+06 0.0101593 -0.0067992 -0.00810016 0.0128382 0.0276612
58 67 2 -0.490804 1.64981 -0.00300466 0.0216008 2.57454e+07 1.07421e+08 4.85828e+07 8.87774e+06 0 8.78896e+07 0 1.07421e+08 8.78896e+07 4.85828e+07 8.87774e+06 8.73687e-05 8.406e-05 -0.00483773 0.00475543 0.0252255
37 68 0 0.220955 1.84308 0.00572885 0.0246333 5.5075e+06 2.29796e+07 1.03929e+07 1.89914e+06 0 1.88015e+07 0 2.29796e+07 1.88015e+07 1.03929e+07 1.89914e+06 0.00912694 -0.0152244 -2.4431e-05 0.0208894 0.0236295
31 68 1 0.294583 2.13388 0.00614418 0.0276464 1.24671e+07 5.20179e+07 2.3526e+07 4.299e+06 0 4.25601e+07 0 5.20179e+07 4.25601e+07 2.3526e+07 4.299e+06 0.00432138 -0.0198702 0.000805679 0.00864331 0.0220873
41 68 2 -0.0157253 2.11751 0.00319484 0.0319928 5.51954e+06 2.30298e+07 1.04156e+07 1.90329e+06 0 1.88426e+07 0 2.30298e+07 1.88426e+07 1.04156e+07 1.90329e+06 0.0159941 0.00064372 0.00384742 0.0177879 0.022019
48 69 0 -0.177993 1.46502 -0.000263603 0.0197817 5.02592e+06 2.09702e+07 9.48414e+06 1.73308e+06 0 1.71575e+07 0 2.09702e+07 1.71575e+07 9.48414e+06 1.73308e+06 0.0101593 -0.0067992 -0.00810016 0.0128382 0.0276612
38 69 1 0.142268 1.52531 0.00424204 0.0194105 5.65333e+06 2.35881e+07 1.06681e+07 1.94943e+06 0 1.92993e+07 0 2.35881e+07 1.92993e+07 1.06681e+07 1.94943e+06 0.00893018 -0.0093186 0.00491085 0.0180597 0.026871
47 69 2 -0.131225 1.78292 -0.000953131 0.0249349 1.85817e+06 7.75306e+06 3.50645e+06 640749 0 6.34341e+06 0 7.75306e+06 6.34341e+06 3.50645e+06 640749 0.0144932 0.00651743 0.000135458 0.0196233 0.0240381
28 70 0 0.483276 1.59707 0.00669549 0.0182233 1.10312e+07 4.60269e+07 2.08164e+07 3.80387e+06 0 3.76583e+07 0 4.60269e+07 3.76583e+07 2.08164e+07 3.80387e+06 0.00328861 -0.00375617 0.00540453 0.0109836 0.0260116
27 70 1 0.57126 1.95974 0.00822447 0.0235169 7.96773e+06 3.32447e+07 1.50355e+07 2.74749e+06 0 2.72002e+07 0 3.32447e+07 2.72002e+07 1.50355e+07 2.74749e+06 0.00835518 0.00543346 -0.00435691 0.0114738 0.0232356
37 70 2 0.220955 1.84308 0.00572885 0.0246333 5.5075e+06 2.29796e+07 1.03929e+07 1.89914e+06 0 1.88015e+07 0 2.29796e+07 1.88015e+07 1.03929e+07 1.89914e+06 0.00912694 -0.0152244 -2.4431e-05 0.0208894 0.0236295
18 71 0 0.766628 2.18644 0.00881833 0.0258927 1.53224e+07 6.39313e+07 2.8914e+07 5.28358e+06 0 5.23074e+07 0 6.39313e+07 5.23074e+07 2.8914e+07 5.28358e+06 0.00467652 -0.00105739 -0.0016344 0.00571474 0.0227937
27 71 1 0.57126 1.95974 0.00822447 0.0235169 7.96773e+06 3.32447e+07 1.50355e+07 2.74749e+06 0 2.72002e+07 0 3.32447e+07 2.72002e+07 1.50355e+07 2.74749e+06 0.00835518 0.00543346 -0.00435691 0.0114738 0.0232356
19 71 2 0.966836 1.99997 0.0116004 0.0228838 7.43301e+06 3.10136e+07 1.40264e+07 2.56311e+06 0 2.53748e+07 0 3.10136e+07 2.53748e+07 1.40264e+07 2.56311e+06 0.010381 -0.0111672 -0.0120384 0.0134318 0.0239851
67 72 0 -1.20937 1.69061 -0.00624623 0.020751 1.02834e+07 4.29065e+07 1.94052e+07 3.54599e+06 0 3.51053e+07 0 4.29065e+07 3.51053e+07 1.94052e+07 3.54599e+06 0.00568119 -0.0130791 -0.00821847 0.00800838 0.0261744
66 72 1 -0.866117 1.63248 -0.00422046 0.0195808 1.51195e+07 6.3085e+07 2.85313e+07 5.21364e+06 0 5.1615e+07 0 6.3085e+07 5.1615e+07 2.85313e+07 5.21364e+06 0.00336036 0.00899141 -0.00248897 0.00887805 0.025635
60 72 2 -1.03534 1.93814 -0.00830572 0.023825 1.63963e+06 6.84119e+06 3.09405e+06 565388 0 5.59734e+06 0 6.84119e+06 5.59734e+06 3.09405e+06 565388 0.0180699 -0.00434308 -0.0119591 0.0246848 0.0241312
56 73 0 -0.239755 1.15683 -0.000143351 0.0184138 2.96031e+07 1.23516e+08 5.58623e+07 1.0208e+07 0 1.01059e+08 0 1.23516e+08 1.01059e+08 5.58623e+07 1.0208e+07 0.00327688 -0.0031382 0.00311597 0.00102666 0.0332688
48 73 1 -0.177993 1.46502 -0.000263603 0.0197817 5.02592e+06 2.09702e+07 9.48414e+06 1.73308e+06 0 1.71575e+07 0 2.09702e+07 1.71575e+07 9.48414e+06 1.73308e+06 0.0101593 -0.0067992 -0.00810016 0.0128382 0.0276612
57 73 2 -0.449087 1.33795 -0.00121043 0.0195347 1.54766e+07 6.45749e+07 2.92051e+07 5.33677e+06 0 5.2834e+07 0 6.45749e+07 5.2834e+07 2.92051e+07 5.33677e+06 0.0034016 0.00177877 -0.00546428 0.00716982 0.0293652
50 74 0 -0.397195 2.02478 -0.00201486 0.0255213 9.70733e+06 4.0503e+07 1.83182e+07 3.34735e+06 0 3.31388e+07 0 4.0503e+07 3.31388e+07 1.83182e+07 3.34735e+06 0.00603314 0.00864239 0.00498916 0.0116178 0.0224623
49 74 1 -0.701315 2.25412 -0.00320337 0.0268354 1.00799e+07 4.20574e+07 1.90212e+07 3.47582e+06 0 3.44106e+07 0 4.20574e+07 3.44106e+07 1.90212e+07 3.47582e+06 0.00662121 -0.00075399 0.00142686 0.0103023 0.0221644
59 74 2 -0.695344 1.90448 -0.00426528 0.022973 1.01029e+07 4.21534e+07 1.90646e+07 3.48375e+06 0 3.44892e+07 0 4.21534e+07 3.44892e+07 1.90646e+07 3.48375e+06 0.00450388 0.00287961 -9.80271e-05 0.011155 0.0233905
59 75 0 -0.695344 1.90448 -0.00426528 0.022973 1.01029e+07 4.21534e+07 1.90646e+07 3.48375e+06 0 3.44892e+07 0 4.21534e+07 3.44892e+07 1.90646e+07 3.48375e+06 0.00450388 0.00287961 -9.80271e-05 0.011155 0.0233905
51 75 1 -0.868159 2.09595 -0.00512689 0.0262722 6.13771e+06 2.56091e+07 1.15821e+07 2.11645e+06 0 2.09529e+07 0 2.56091e+07 2.09529e+07 1.15821e+07 2.11645e+06 0.0106761 -0.0145946 0.00306479 0.0157991 0.0230055
60 75 2 -1.03534 1.93814 -0.00830572 0.023825 1.63963e+06 6.84119e+06 3.09405e+06 565388 0 5.59734e+06 0 6.84119e+06 5.59734e+06 3.09405e+06 565388 0.0180699 -0.00434308 -0.0119591 0.0246848 0.0241312
47 76 0 -0.131225 1.78292 -0.000953131 0.0249349 1.85817e+06 7.75306e+06 3.50645e+06 640749 0 6.34341e+06 0 7.75306e+06 6.34341e+06 3.50645e+06 640749 0.0144932 0.00651743 0.000135458 0.0196233 0.0240381
50 76 1 -0.397195 2.02478 -0.00201486 0.0255213 9.70733e+06 4.0503e+07 1.83182e+07 3.34735e+06 0 3.31388e+07 0 4.0503e+07 3.31388e+07 1.83182e+07 3.34735e+06 0.00603314 0.00864239 0.00498916 0.0116178 0.0224623
58 76 2 -0.490804 1.64981 -0.00300466 0.0216008 2.57454e+07 1.07421e+08 4.85828e+07 8.87774e+06 0 8.78896e+07 0 1.07421e+08 8.78896e+07 4.85828e+07 8.87774e+06 8.73687e-05 8.406e-05 -0.00483773 0.00475543 0.0252255
49 77 0 -0.701315 2.25412 -0.00320337 0.0268354 1.00799e+07 4.20574e+07 1.90212e+07 3.47582e+06 0 3.44106e+07 0 4.20574e+07 3.44106e+07 1.90212e+07 3.47582e+06 0.00662121 -0.00075399 0.00142686 0.0103023 0.0221644
51 77 1 -0.868159 2.09595 -0.00512689 0.0262722 6.13771e+06 2.56091e+07 1.15821e+07 2.11645e+06 0 2.09529e+07 0 2.56091e+07 2.09529e+07 1.15821e+07 2.11645e+06 0.0106761 -0.0145946 0.00306479 0.0157991 0.0230055
59 77 2 -0.695344 1.90448 -0.00426528 0.022973 1.01029e+07 4.21534e+07 1.90646e+07 3.48375e+06 0 3.44892e+07 0 4.21534e+07 3.44892e+07 1.90646e+07 3.48375e+06 0.00450388 0.00287961 -9.80271e-05 0.011155 0.0233905
39 78 0 -0.238608 2.23321 0.000911848 0.0313603 5.8514e+06 2.44145e+07 1.10419e+07 2.01772e+06 0 1.99755e+07 0 2.44145e+07 1.99755e+07 1.10419e+07 2.01772e+06 0.0113675 0.0222772 0.00939823 0.0154348 0.0217636
30 78 1 -0.119258 2.47703 0.00254009 0.0348871 2.15257e+07 8.98141e+07 4.06199e+07 7.42265e+06 0 7.34842e+07 0 8.98141e+07 7.34842e+07 4.06199e+07 7.42265e+06 0.00164277 0.0052626 -0.00241077 1.44571e-05 0.02126
40 78 2 -0.416578 2.40464 6.58878e-05 0.030874 5.64208e+06 2.35411e+07 1.06469e+07 1.94554e+06 0 1.92609e+07 0 2.35411e+07 1.92609e+07 1.06469e+07 1.94554e+06 0.0119488 0.0142999 0.00688376 0.0177353 0.0215105
50 79 0 -0.397195 2.02478 -0.00201486 0.0255213 9.70733e+06 4.0503e+07 1.83182e+07 3.34735e+06 0 3.31388e+07 0 4.0503e+07 3.31388e+07 1.83182e+07 3.34735e+06 0.00603314 0.00864239 0.00498916 0.0116178 0.0224623
40 79 1 -0.416578 2.40464 6.58878e-05 0.030874 5.64208e+06 2.35411e+07 1.06469e+07 1.94554e+06 0 1.92609e+07 0 2.35411e+07 1.92609e+07 1.06469e+07 1.94554e+06 0.0119488 0.0142999 0.00688376 0.0177353 0.0215105
49 79 2 -0.701315 2.25412 -0.00320337 0.0268354 1.00799e+07 4.20574e+07 1.90212e+07 3.47582e+06 0 3.44106e+07 0 4.20574e+07 3.44106e+07 1.90212e+07 3.47582e+06 0.00662121 -0.00075399 0.00142686 0.0103023 0.0221644
58 80 0 -0.490804 1.64981 -0.00300466 0.0216008 2.57454e+07 1.07421e+08 4.85828e+07 8.87774e+06 0 8.78896e+07 0 1.07421e+08 8.78896e+07 4.85828e+07 8.87774e+06 8.73687e-05 8.406e-05 -0.00483773 0.00475543 0.0252255
66 80 1 -0.866117 1.63248 -0.00422046 0.0195808 1.51195e+07 6.3085e+07 2.85313e+07 5.21364e+06 0 5.1615e+07 0 6.3085e+07 5.1615e+07 2.85313e+07 5.21364e+06 0.00336036 0.00899141 -0.00248897 0.00887805 0.025635
65 80 2 -0.727744 1.32566 -0.00313276 0.0175943 4.79554e+06 2.0009e+07 9.04939e+06 1.65363e+06 0 1.6371e+07 0 2.0009e+07 1.6371e+07 9.04939e+06 1.65363e+06 0.0106545 0.0110565 -0.000405534 0.0175718 0.0291816
15 81 0 0.895312 0.326477 0.00719903 0.00515844 1.56923e+07 6.54747e+07 2.96121e+07 5.41113e+06 0 5.35702e+07 0 6.54747e+07 5.35702e+07 2.96121e+07 5.41113e+06 0.00155949 -0.00521029 -0.00237911 0.00659443 0.0566554
25 81 1 0.589328 0.325428 0.00568724 0.00689533 4.94512e+06 2.06331e+07 9.33167e+06 1.70521e+06 0 1.68816e+07 0 2.06331e+07 1.68816e+07 9.33167e+06 1.70521e+06 0.013706 0.00289926 -0.000924239 0.0201462 0.0633998
14 81 2 0.714286 2.9892e-24 8.51574e-27 5.11242e-26 5.05749e+06 2.1102e+07 9.54372e+06 1.74396e+06 0 1.72652e+07 0 2.1102e+07 1.72652e+07 9.54372e+06 1.74396e+06 9.98653e-26 -5.505e-25 0.0411395 0.023344 0.0852473
41 82 0 -0.0157253 2.11751 0.00319484 0.0319928 5.51954e+06 2.30298e+07 1.04156e+07 1.90329e+06 0 1.88426e+07 0 2.30298e+07 1.88426e+07 1.04156e+07 1.90329e+06 0.0159941 0.00064372 0.00384742 0.0177879 0.022019
30 82 1 -0.119258 2.47703 0.00254009 0.0348871 2.15257e+07 8.98141e+07 4.06199e+07 7.42265e+06 0 7.34842e+07 0 8.98141e+07 7.34842e+07 4.06199e+07 7.42265e+06 0.00164277 0.0052626 -0.00241077 1.44571e-05 0.02126
39 82 2 -0.238608 2.23321 0.000911848 0.0313603 5.8514e+06 2.44145e+07 1.10419e+07 2.01772e+06 0 1.99755e+07 0 2.44145e+07 1.99755e+07 1.10419e+07 2.01772e+06 0.0113675 0.0222772 0.00939823 0.0154348 0.0217636
48 83 0 -0.177993 1.46502 -0.000263603 0.0197817 5.02592e+06 2.09702e+07 9.48414e+06 1.73308e+06 0 1.71575e+07 0 2.09702e+07 1.71575e+07 9.48414e+06 1.73308e+06 0.0101593 -0.0067992 -0.00810016 0.0128382 0.0276612
56 83 1 -0.239755 1.15683 -0.000143351 0.0184138 2.96031e+07 1.23516e+08 5.58623e+07 1.0208e+07 0 1.01059e+08 0 1.23516e+08 1.01059e+08 5.58623e+07 1.0208e+07 0.00327688 -0.0031382 0.00311597 0.00102666 0.0332688
46 83 2 0.047846 1.19726 0.0018076 0.0173706 1.28134e+07 5.34627e+07 2.41794e+07 4.4184e+06 0 4.37422e+07 0 5.34627e+07 4.37422e+07 2.41794e+07 4.4184e+06 0.00839078 -0.00502737 0.00346195 0.0041641 0.0325961
38 84 0 0.142268 1.52531 0.00424204 0.0194105 5.65333e+06 2.35881e+07 1.06681e+07 1.94943e+06 0 1.92993e+07 0 2.35881e+07 1.92993e+07 1.06681e+07 1.94943e+06 0.00893018 -0.0093186 0.00491085 0.0180597 0.026871
37 84 1 0.220955 1.84308 0.00572885 0.0246333 5.5075e+06 2.29796e+07 1.03929e+07 1.89914e+06 0 1.88015e+07 0 2.29796e+07 1.88015e+07 1.03929e+07 1.89914e+06 0.00912694 -0.0152244 -2.4431e-05 0.0208894 0.0236295
47 84 2 -0.131225 1.78292 -0.000953131 0.0249349 1.85817e+06 7.75306e+06 3.50645e+06 640749 0 6.34341e+06 0 7.75306e+06 6.34341e+06 3.50645e+06 640749 0.0144932 0.00651743 0.000135458 0.0196233 0.0240381
36 85 0 0.384839 1.2574 0.00405246 0.0160356 2.79372e+07 1.16566e+08 5.27187e+07 9.63351e+06 0 9.53718e+07 0 1.16566e+08 9.53718e+07 5.27187e+07 9.63351e+06 0.00194975 -0.00370404 0.00769562 0.00312978 0.0310735
38 85 1 0.142268 1.52531 0.00424204 0.0194105 5.65333e+06 2.35881e+07 1.06681e+07 1.94943e+06 0 1.92993e+07 0 2.35881e+07 1.92993e+07 1.06681e+07 1.94943e+06 0.00893018 -0.0093186 0.00491085 0.0180597 0.026871
46 85 2 0.047846 1.19726 0.0018076 0.0173706 1.28134e+07 5.34627e+07 2.41794e+07 4.4184e+06 0 4.37422e+07 0 5.34627e+07 4.37422e+07 2.41794e+07 4.4184e+06 0.00839078 -0.00502737 0.00346195 0.0041641 0.0325961
28 86 0 0.483276 1.59707 0.00669549 0.0182233 1.10312e+07 4.60269e+07 2.08164e+07 3.80387e+06 0 3.76583e+07 0 4.60269e+07 3.76583e+07 2.08164e+07 3.80387e+06 0.00328861 -0.00375617 0.00540453 0.0109836 0.0260116
37 86 1 0.220955 1.84308 0.00572885 0.0246333 5.5075e+06 2.29796e+07 1.03929e+07 1.89914e+06 0 1.88015e+07 0 2.29796e+07 1.88015e+07 1.03929e+07 1.89914e+06 0.00912694 -0.0152244 -2.4431e-05 0.0208894 0.0236295
38 86 2 0.142268 1.52531 0.00424204 0.0194105 5.65333e+06 2.35881e+07 1.06681e+07 1.94943e+06 0 1.92993e+07 0 2.35881e+07 1.92993e+07 1.06681e+07 1.94943e+06 0.00893018 -0.0093186 0.00491085 0.0180597 0.026871
47 87 0 -0.131225 1.78292 -0.000953131 0.0249349 1.85817e+06 7.75306e+06 3.50645e+06 640749 0 6.34341e+06 0 7.75306e+06 6.34341e+06 3.50645e+06 640749 0.0144932 0.00651743 0.000135458 0.0196233 0.0240381
58 87 1 -0.490804 1.64981 -0.00300466 0.0216008 2.57454e+07 1.07421e+08 4.85828e+07 8.87774e+06 0 8.78896e+07 0 1.07421e+08 8.78896e+07 4.85828e+07 8.87774e+06 8.73687e-05 8.406e-05 -0.00483773 0.00475543 0.0252255
48 87 2 -0.177993 1.46502 -0.000263603 0.0197817 5.02592e+06 2.09702e+07 9.48414e+06 1.73308e+06 0 1.71575e+07 0 2.09702e+07 1.71575e+07 9.48414e+06 1.73308e+06 0.0101593 -0.0067992 -0.00810016 0.0128382 0.0276612
66 88 0 -0.866117 1.63248 -0.00422046 0.0195808 1.51195e+07 6.3085e+07 2.85313e+07 5.21364e+06 0 5.1615e+07 0 6.3085e+07 5.1615e+07 2.85313e+07 5.21364e+06 0.00336036 0.00899141 -0.00248897 0.00887805 0.025635
74 88 1 -1.06437 1.34255 -0.00491356 0.0171108 2.22954e+07 9.30254e+07 4.20723e+07 7.68805e+06 0 7.61117e+07 0 9.30254e+07 7.61117e+07 4.20723e+07 7.68805e+06 0.00176816 -0.00700445 0.001277 0.00538462 0.028826
65 88 2 -0.727744 1.32566 -0.00313276 0.0175943 4.79554e+06 2.0009e+07 9.04939e+06 1.65363e+06 0 1.6371e+07 0 2.0009e+07 1.6371e+07 9.04939e+06 1.65363e+06 0.0106545 0.0110565 -0.000405534 0.0175718 0.0291816
59 89 0 -0.695344 1.90448 -0.00426528 0.022973 1.01029e+07 4.21534e+07 1.90646e+07 3.48375e+06 0 3.44892e+07 0 4.21534e+07 3.44892e+07 1.90646e+07 3.48375e+06 0.00450388 0.00287961 -9.80271e-05 0.011155 0.0233905
66 89 1 -0.866117 1.63248 -0.00422046 0.0195808 1.51195e+07 6.3085e+07 2.85313e+07 5.21364e+06 0 5.1615e+07 0 6.3085e+07 5.1615e+07 2.85313e+07 5.21364e+06 0.00336036 0.00899141 -0.00248897 0.00887805 0.025635
58 89 2 -0.490804 1.64981 -0.00300466 0.0216008 2.57454e+07 1.07421e+08 4.85828e+07 8.87774e+06 0 8.78896e+07 0 1.07421e+08 8.78896e+07 4.85828e+07 8.87774e+06 8.73687e-05 8.406e-05 -0.00483773 0.00475543 0.0252255
59 90 0 -0.695344 1.90448 -0.00426528 0.022973 1.01029e+07 4.21534e+07 1.90646e+07 3.48375e+06 0 3.44892e+07 0 4.21534e+07 3.44892e+07 1.90646e+07 3.48375e+06 0.00450388 0.00287961 -9.80271e-05 0.011155 0.0233905
60 90 1 -1.03534 1.93814 -0.00830572 0.023825 1.63963e+06 6.84119e+06 3.09405e+06 565388 0 5.59734e+06 0 6.84119e+06 5.59734e+06 3.09405e+06 565388 0.0180699 -0.00434308 -0.0119591 0.0246848 0.0241312
66 90 2 -0.866117 1.63248 -0.00422046 0.0195808 1.51195e+07 6.3085e+07 2.85313e+07 5.21364e+06 0 5.1615e+07 0 6.3085e+07 5.1615e+07 2.85313e+07 5.21364e+06 0.00336036 0.00899141 -0.00248897 0.00887805 0.025635
72 91 0 -0.907624 1.00715 -0.00512046 0.0142339 1.77484e+07 7.40536e+07 3.3492e+07 6.12013e+06 0 6.05893e+07 0 7.40536e+07 6.05893e+07 3.3492e+07 6.12013e+06 0.00284932 0.00126106 0.00211469 0.00908569 0.0342641
68 91 1 -0.697048 0.815689 -0.00529887 0.0125725 1.40092e+07 5.84522e+07 2.6436e+07 4.83076e+06 0 4.78246e+07 0 5.84522e+07 4.78246e+07 2.6436e+07 4.83076e+06 0.00569079 0.00358489 0.00715834 0.00790956 0.0403184
64 91 2 -0.516354 1.0172 -0.00261215 0.0161561 9.12788e+06 3.80853e+07 1.72247e+07 3.14755e+06 0 3.11607e+07 0 3.80853e+07 3.11607e+07 1.72247e+07 3.14755e+06 0.0085056 0.013575 0.00698833 0.0123308 0.0358246
67 92 0 -1.20937 1.69061 -0.00624623 0.020751 1.02834e+07 4.29065e+07 1.94052e+07 3.54599e+06 0 3.51053e+07 0 4.29065e+07 3.51053e+07 1.94052e+07 3.54599e+06 0.00568119 -0.0130791 -0.00821847 0.00800838 0.0261744
74 92 1 -1.06437 1.34255 -0.00491356 0.0171108 2.22954e+07 9.30254e+07 4.20723e+07 7.68805e+06 0 7.61117e+07 0 9.30254e+07 7.61117e+07 4.20723e+07 7.68805e+06 0.00176816 -0.00700445 0.001277 0.00538462 0.028826
66 92 2 -0.866117 1.63248 -0.00422046 0.0195808 1.51195e+07 6.3085e+07 2.85313e+07 5.21364e+06 0 5.1615e+07 0 6.3085e+07 5.1615e+07 2.85313e+07 5.21364e+06 0.00336036 0.00899141 -0.00248897 0.00887805 0.025635
43 93 0 -0.010459 0.295808 0.00147209 0.00844585 2.57463e+06 1.07424e+07 4.85844e+06 887803 0 8.78925e+06 0 1.07424e+07 8.78925e+06 4.85844e+06 887803 0.0258578 -0.0219484 0.00408675 0.018034 0.0700437
42 93 1 -0.142857 2.8974e-24 2.21172e-28 2.14708e-26 579300 2.41708e+06 1.09317e+06 199759 0 1.97761e+06 0 2.41708e+06 1.97761e+06 1.09317e+06 199759 0.0344813 0.00100612 -0.00841564 0.0489296 0.0937162
32 93 2 0.142857 2.93657e-24 -1.44912e-27 5.10017e-26 7.80836e+06 3.25797e+07 1.47347e+07 2.69254e+06 0 2.66561e+07 0 3.25797e+07 2.66561e+07 1.47347e+07 2.69254e+06 -0.00193166 0.00369906 0.0252462 0.0173548 0.0937645
24 94 0 0.428571 3.03825e-24 4.01966e-27 5.14342e-26 7.18459e+06 2.99771e+07 1.35577e+07 2.47745e+06 0 2.45267e+07 0 2.99771e+07 2.45267e+07 1.35577e+07 2.47745e+06 -5.63339e-26 5.55907e-25 0.0291061 0.0207986 0.0912556
35 94 1 0.287628 0.31708 0.00388335 0.00692428 6.09279e+06 2.54216e+07 1.14974e+07 2.10096e+06 0 2.07995e+07 0 2.54216e+07 2.07995e+07 1.14974e+07 2.10096e+06 0.00375244 0.00489307 -0.00158312 0.0223975 0.0674698
32 94 2 0.142857 2.93657e-24 -1.44912e-27 5.10017e-26 7.80836e+06 3.25797e+07 1.47347e+07 2.69254e+06 0 2.66561e+07 0 3.25797e+07 2.66561e+07 1.47347e+07 2.69254e+06 -0.00193166 0.00369906 0.0252462 0.0173548 0.0937645
55 95 0 -0.146741 0.872253 -0.000701161 0.0172208 1.2369e+07 5.16087e+07 2.33409e+07 4.26518e+06 0 4.22253e+07 0 5.16087e+07 4.22253e+07 2.33409e+07 4.26518e+06 0.00953402 -0.00716918 0.00124439 0.00406045 0.0413558
56 95 1 -0.239755 1.15683 -0.000143351 0.0184138 2.96031e+07 1.23516e+08 5.58623e+07 1.0208e+07 0 1.01059e+08 0 1.23516e+08 1.01059e+08 5.58623e+07 1.0208e+07 0.00327688 -0.0031382 0.00311597 0.00102666 0.0332688
64 95 2 -0.516354 1.0172 -0.00261215 0.0161561 9.12788e+06 3.80853e+07 1.72247e+07 3.14755e+06 0 3.11607e+07 0 3.80853e+07 3.11607e+07 1.72247e+07 3.14755e+06 0.0085056 0.013575 0.00698833 0.0123308 0.0358246
53 96 0 -0.175976 0.561265 -0.00257237 0.0155421 2.163e+06 9.02492e+06 4.08167e+06 745861 0 7.38402e+06 0 9.02492e+06 7.38402e+06 4.08167e+06 745861 0.0348524 -0.00120066 0.00329551 0.0209965 0.054137
55 96 1 -0.146741 0.872253 -0.000701161 0.0172208 1.2369e+07 5.16087e+07 2.33409e+07 4.26518e+06 0 4.22253e+07 0 5.16087e+07 4.22253e+07 2.33409e+07 4.26518e+06 0.00953402 -0.00716918 0.00124439 0.00406045 0.0413558
63 96 2 -0.470769 0.640571 -0.00545203 0.0126367 1.09865e+07 4.58401e+07 2.0732e+07 3.78844e+06 0 3.75056e+07 0 4.58401e+07 3.75056e+07 2.0732e+07 3.78844e+06 0.00604186 0.0117487 0.00913886 0.0106366 0.0485194
45 97 0 0.112543 0.614853 0.00222438 0.0130628 7.32595e+06 3.05669e+07 1.38244e+07 2.52619e+06 0 2.50093e+07 0 3.05669e+07 2.50093e+07 1.38244e+07 2.52619e+06 0.00878606 -0.00964397 -0.0059673 0.0138297 0.0516383
44 97 1 0.233261 0.927501 0.0024065 0.0148006 1.39091e+07 5.80344e+07 2.6247e+07 4.79623e+06 0 4.74827e+07 0 5.80344e+07 4.74827e+07 2.6247e+07 4.79623e+06 0.00631996 -0.0071106 0.00220898 0.00654723 0.0393786
55 97 2 -0.146741 0.872253 -0.000701161 0.0172208 1.2369e+07 5.16087e+07 2.33409e+07 4.26518e+06 0 4.22253e+07 0 5.16087e+07 4.22253e+07 2.33409e+07 4.26518e+06 0.00953402 -0.00716918 0.00124439 0.00406045 0.0413558
35 98 0 0.287628 0.31708 0.00388335 0.00692428 6.09279e+06 2.54216e+07 1.14974e+07 2.10096e+06 0 2.07995e+07 0 2.54216e+07 2.07995e+07 1.14974e+07 2.10096e+06 0.00375244 0.00489307 -0.00158312 0.0223975 0.0674698
34 98 1 0.432953 0.639644 0.0041594 0.0116323 1.3513e+07 5.63816e+07 2.54996e+07 4.65964e+06 0 4.61304e+07 0 5.63816e+07 4.61304e+07 2.54996e+07 4.65964e+06 0.0040831 -0.000914205 -0.00425241 0.00722735 0.0489684
45 98 2 0.112543 0.614853 0.00222438 0.0130628 7.32595e+06 3.05669e+07 1.38244e+07 2.52619e+06 0 2.50093e+07 0 3.05669e+07 2.50093e+07 1.38244e+07 2.52619e+06 0.00878606 -0.00964397 -0.0059673 0.0138297 0.0516383
32 99 0 0.142857 2.93657e-24 -1.44912e-27 5.10017e-26 7.80836e+06 3.25797e+07 1.47347e+07 2.69254e+06 0 2.66561e+07 0 3.25797e+07 2.66561e+07 1.47347e+07 2.69254e+06 -0.00193166 0.00369906 0.0252462 0.0173548 0.0937645
35 99 1 0.287628 0.31708 0.00388335 0.00692428 6.09279e+06 2.54216e+07 1.14974e+07 2.10096e+06 0 2.07995e+07 0 2.54216e+07 2.07995e+07 1.14974e+07 2.10096e+06 0.00375244 0.00489307 -0.00158312 0.0223975 0.0674698
43 99 2 -0.010459 0.295808 0.00147209 0.00844585 2.57463e+06 1.07424e+07 4.85844e+06 887803 0 8.78925e+06 0 1.07424e+07 8.78925e+06 4.85844e+06 887803 0.0258578 -0.0219484 0.00408675 0.018034 0.0700437
24 100 0 0.428571 3.03825e-24 4.01966e-27 5.14342e-26 7.18459e+06 2.99771e+07 1.35577e+07 2.47745e+06 0 2.45267e+07 0 2.99771e+07 2.45267e+07 1.35577e+07 2.47745e+06 -5.63339e-26 5.55907e-25 0.0291061 0.0207986 0.0912556
14 100 1 0.714286 2.9892e-24 8.51574e-27 5.11242e-26 5.05749e+06 2.1102e+07 9.54372e+06 1.74396e+06 0 1.72652e+07 0 2.1102e+07 1.72652e+07 9.54372e+06 1.74396e+06 9.98653e-26 -5.505e-25 0.0411395 0.023344 0.0852473
25 100 2 0.589328 0.325428 0.00568724 0.00689533 4.94512e+06 2.06331e+07 9.33167e+06 1.70521e+06 0 1.68816e+07 0 2.06331e+07 1.68816e+07 9.33167e+06 1.70521e+06 0.013706 0.00289926 -0.000924239 0.0201462 0.0633998
44 101 0 0.233261 0.927501 0.0024065 0.0148006 1.39091e+07 5.80344e+07 2.6247e+07 4.79623e+06 0 4.74827e+07 0 5.80344e+07 4.74827e+07 2.6247e+07 4.79623e+06 0.00631996 -0.0071106 0.00220898 0.00654723 0.0393786
46 101 1 0.047846 1.19726 0.0018076 0.0173706 1.28134e+07 5.34627e+07 2.41794e+07 4.4184e+06 0 4.37422e+07 0 5.34627e+07 4.37422e+07 2.41794e+07 4.4184e+06 0.00839078 -0.00502737 0.00346195 0.0041641 0.0325961
55 101 2 -0.146741 0.872253 -0.000701161 0.0172208 1.2369e+07 5.16087e+07 2.33409e+07 4.26518e+06 0 4.22253e+07 0 5.16087e+07 4.22253e+07 2.33409e+07 4.26518e+06 0.00953402 -0.00716918 0.00124439 0.00406045 0.0413558
65 102 0 -0.727744 1.32566 -0.00313276 0.0175943 4.79554e+06 2.0009e+07 9.04939e+06 1.65363e+06 0 1.6371e+07 0 2.0009e+07 1.6371e+07 9.04939e+06 1.65363e+06 0.0106545 0.0110565 -0.000405534 0.0175718 0.0291816
72 102 1 -0.907624 1.00715 -0.00512046 0.0142339 1.77484e+07 7.40536e+07 3.3492e+07 6.12013e+06 0 6.05893e+07 0 7.40536e+07 6.05893e+07 3.3492e+07 6.12013e+06 0.00284932 0.00126106 0.00211469 0.00908569 0.0342641
64 102 2 -0.516354 1.0172 -0.00261215 0.0161561 9.12788e+06 3.80853e+07 1.72247e+07 3.14755e+06 0 3.11607e+07 0 3.80853e+07 3.11607e+07 1.72247e+07 3.14755e+06 0.0085056 0.013575 0.00698833 0.0123308 0.0358246
58 103 0 -0.490804 1.64981 -0.00300466 0.0216008 2.57454e+07 1.07421e+08 4.85828e+07 8.87774e+06 0 8.78896e+07 0 1.07421e+08 8.78896e+07 4.85828e+07 8.87774e+06 8.73687e-05 8.406e-05 -0.00483773 0.00475543 0.0252255
65 103 1 -0.727744 1.32566 -0.00313276 0.0175943 4.79554e+06 2.0009e+07 9.04939e+06 1.65363e+06 0 1.6371e+07 0 2.0009e+07 1.6371e+07 9.04939e+06 1.65363e+06 0.0106545 0.0110565 -0.000405534 0.0175718 0.0291816
57 103 2 -0.449087 1.33795 -0.00121043 0.0195347 1.54766e+07 6.45749e+07 2.92051e+07 5.33677e+06 0 5.2834e+07 0 6.45749e+07 5.2834e+07 2.92051e+07 5.33677e+06 0.0034016 0.00177877 -0.00546428 0.00716982 0.0293652
74 104 0 -1.06437 1.34255 -0.00491356 0.0171108 2.22954e+07 9.30254e+07 4.20723e+07 7.68805e+06 0 7.61117e+07 0 9.30254e+07 7.61117e+07 4.20723e+07 7.68805e+06 0.00176816 -0.00700445 0.001277 0.00538462 0.028826
72 104 1 -0.907624 1.00715 -0.00512046 0.0142339 1.77484e+07 7.40536e+07 3.3492e+07 6.12013e+06 0 6.05893e+07 0 7.40536e+07 6.05893e+07 3.3492e+07 6.12013e+06 0.00284932 0.00126106 0.00211469 0.00908569 0.0342641
65 104 2 -0.727744 1.32566 -0.00313276 0.0175943 4.79554e+06 2.0009e+07 9.04939e+06 1.65363e+06 0 1.6371e+07 0 2.0009e+07 1.6371e+07 9.04939e+06 1.65363e+06 0.0106545 0.0110565 -0.000405534 0.0175718 0.0291816
73 105 0 -1.37423 1.43688 -0.00600952 0.0220081 1.3749e+07 5.73666e+07 2.5945e+07 4.74104e+06 0 4.69363e+07 0 5.73666e+07 4.69363e+07 2.5945e+07 4.74104e+06 0.00668459 -0.023336 0.00441209 0.00452679 0.0288193
74 105 1 -1.06437 1.34255 -0.00491356 0.0171108 2.22954e+07 9.30254e+07 4.20723e+07 7.68805e+06 0 7.61117e+07 0 9.30254e+07 7.61117e+07 4.20723e+07 7.68805e+06 0.00176816 -0.00700445 0.001277 0.00538462 0.028826
67 105 2 -1.20937 1.69061 -0.00624623 0.020751 1.02834e+07 4.29065e+07 1.94052e+07 3.54599e+06 0 3.51053e+07 0 4.29065e+07 3.51053e+07 1.94052e+07 3.54599e+06 0.00568119 -0.0130791 -0.00821847 0.00800838 0.0261744
73 106 0 -1.37423 1.43688 -0.00600952 0.0220081 1.3749e+07 5.73666e+07 2.5945e+07 4.74104e+06 0 4.69363e+07 0 5.73666e+07 4.69363e+07 2.5945e+07 4.74104e+06 0.00668459 -0.023336 0.00441209 0.00452679 0.0288193
78 106 1 -1.53103 1.17809 -0.00878254 0.0236268 1.31716e+07 5.49572e+07 2.48554e+07 4.54192e+06 0 4.4965e+07 0 5.49572e+07 4.4965e+07 2.48554e+07 4.54192e+06 0.00356188 -0.0210683 0.00985082 0.00421725 0.031658
79 106 2 -1.28769 1.04264 -0.00766172 0.0165828 4.37541e+06 1.8256e+07 8.2566e+06 1.50876e+06 0 1.49368e+07 0 1.8256e+07 1.49368e+07 8.2566e+06 1.50876e+06 0.0113974 -0.0116501 0.00724618 0.0120263 0.0326161
54 107 0 -0.321623 0.301745 -0.00592535 0.00848698 2.75873e+06 1.15106e+07 5.20585e+06 951286 0 9.41773e+06 0 1.15106e+07 9.41773e+06 5.20585e+06 951286 0.0215927 0.0224376 -0.00913366 0.0214556 0.0682559
42 107 1 -0.142857 2.8974e-24 2.21172e-28 2.14708e-26 579300 2.41708e+06 1.09317e+06 199759 0 1.97761e+06 0 2.41708e+06 1.97761e+06 1.09317e+06 199759 0.0344813 0.00100612 -0.00841564 0.0489296 0.0937162
43 107 2 -0.010459 0.295808 0.00147209 0.00844585 2.57463e+06 1.07424e+07 4.85844e+06 887803 0 8.78925e+06 0 1.07424e+07 8.78925e+06 4.85844e+06 887803 0.0258578 -0.0219484 0.00408675 0.018034 0.0700437
79 108 0 -1.28769 1.04264 -0.00766172 0.0165828 4.37541e+06 1.8256e+07 8.2566e+06 1.50876e+06 0 1.49368e+07 0 1.8256e+07 1.49368e+07 8.2566e+06 1.50876e+06 0.0113974 -0.0116501 0.00724618 0.0120263 0.0326161
74 108 1 -1.06437 1.34255 -0.00491356 0.0171108 2.22954e+07 9.30254e+07 4.20723e+07 7.68805e+06 0 7.61117e+07 0 9.30254e+07 7.61117e+07 4.20723e+07 7.68805e+06 0.00176816 -0.00700445 0.001277 0.00538462 0.028826
73 108 2 -1.37423 1.43688 -0.00600952 0.0220081 1.3749e+07 5.73666e+07 2.5945e+07 4.74104e+06 0 4.69363e+07 0 5.73666e+07 4.69363e+07 2.5945e+07 4.74104e+06 0.00668459 -0.023336 0.00441209 0.00452679 0.0288193
82 109 0 -1.66047 0.904588 -0.0185398 0.0222801 3.34944e+06 1.39752e+07 6.32054e+06 1.15498e+06 0 1.14343e+07 0 1.39752e+07 1.14343e+07 6.32054e+06 1.15498e+06 0.0120956 -0.0170006 0.0507555 0.0314369 0.0344295
79 109 1 -1.28769 1.04264 -0.00766172 0.0165828 4.37541e+06 1.8256e+07 8.2566e+06 1.50876e+06 0 1.49368e+07 0 1.8256e+07 1.49368e+07 8.2566e+06 1.50876e+06 0.0113974 -0.0116501 0.00724618 0.0120263 0.0326161
78 109 2 -1.53103 1.17809 -0.00878254 0.0236268 1.31716e+07 5.49572e+07 2.48554e+07 4.54192e+06 0 4.4965e+07 0 5.49572e+07 4.4965e+07 2.48554e+07 4.54192e+06 0.00356188 -0.0210683 0.00985082 0.00421725 0.031658
77 110 0 -1.12953 0.763243 -0.00795211 0.0120463 1.3062e+07 5.44999e+07 2.46485e+07 4.50413e+06 0 4.45909e+07 0 5.44999e+07 4.45909e+07 2.46485e+07 4.50413e+06 -0.00272719 0.00226796 0.00829163 0.00993895 0.037988
72 110 1 -0.907624 1.00715 -0.00512046 0.0142339 1.77484e+07 7.40536e+07 3.3492e+07 6.12013e+06 0 6.05893e+07 0 7.40536e+07 6.05893e+07 3.3492e+07 6.12013e+06 0.00284932 0.00126106 0.00211469 0.00908569 0.0342641
79 110 2 -1.28769 1.04264 -0.00766172 0.0165828 4.37541e+06 1.8256e+07 8.2566e+06 1.50876e+06 0 1.49368e+07 0 1.8256e+07 1.49368e+07 8.2566e+06 1.50876e+06 0.0113974 -0.0116501 0.00724618 0.0120263 0.0326161
82 111 0 -1.66047 0.904588 -0.0185398 0.0222801 3.34944e+06 1.39752e+07 6.32054e+06 1.15498e+06 0 1.14343e+07 0 1.39752e+07 1.14343e+07 6.32054e+06 1.15498e+06 0.0120956 -0.0170006 0.0507555 0.0314369 0.0344295
81 111 1 -1.43701 0.673207 -0.0136886 0.00855981 482424 2.01287e+06 910356 166353 0 1.6469e+06 0 2.01287e+06 1.6469e+06 910356 166353 0.0345826 0.00724157 0.0103465 0.0350327 0.0371518
79 111 2 -1.28769 1.04264 -0.00766172 0.0165828 4.37541e+06 1.8256e+07 8.2566e+06 1.50876e+06 0 1.49368e+07 0 1.8256e+07 1.49368e+07 8.2566e+06 1.50876e+06 0.0113974 -0.0116501 0.00724618 0.0120263 0.0326161
64 112 0 -0.516354 1.0172 -0.00261215 0.0161561 9.12788e+06 3.80853e+07 1.72247e+07 3.14755e+06 0 3.11607e+07 0 3.80853e+07 3.11607e+07 1.72247e+07 3.14755e+06 0.0085056 0.013575 0.00698833 0.0123308 0.0358246
56 112 1 -0.239755 1.15683 -0.000143351 0.0184138 2.96031e+07 1.23516e+08 5.58623e+07 1.0208e+07 0 1.01059e+08 0 1.23516e+08 1.01059e+08 5.58623e+07 1.0208e+07 0.00327688 -0.0031382 0.00311597 0.00102666 0.0332688
57 112 2 -0.449087 1.33795 -0.00121043 0.0195347 1.54766e+07 6.45749e+07 2.92051e+07 5.33677e+06 0 5.2834e+07 0 6.45749e+07 5.2834e+07 2.92051e+07 5.33677e+06 0.0034016 0.00177877 -0.00546428 0.00716982 0.0293652
65 113 0 -0.727744 1.32566 -0.00313276 0.0175943 4.79554e+06 2.0009e+07 9.04939e+06 1.65363e+06 0 1.6371e+07 0 2.0009e+07 1.6371e+07 9.04939e+06 1.65363e+06 0.0106545 0.0110565 -0.000405534 0.0175718 0.0291816
64 113 1 -0.516354 1.0172 -0.00261215 0.0161561 9.12788e+06 3.80853e+07 1.72247e+07 3.14755e+06 0 3.11607e+07 0 3.80853e+07 3.11607e+07 1.72247e+07 3.14755e+06 0.0085056 0.013575 0.00698833 0.0123308 0.0358246
57 113 2 -0.449087 1.33795 -0.00121043 0.0195347 1.54766e+07 6.45749e+07 2.92051e+07 5.33677e+06 0 5.2834e+07 0 6.45749e+07 5.2834e+07 2.92051e+07 5.33677e+06 0.0034016 0.00177877 -0.00546428 0.00716982 0.0293652
68 114 0 -0.697048 0.815689 -0.00529887 0.0125725 1.40092e+07 5.84522e+07 2.6436e+07 4.83076e+06 0 4.78246e+07 0 5.84522e+07 4.78246e+07 2.6436e+07 4.83076e+06 0.00569079 0.00358489 0.00715834 0.00790956 0.0403184
63 114 1 -0.470769 0.640571 -0.00545203 0.0126367 1.09865e+07 4.58401e+07 2.0732e+07 3.78844e+06 0 3.75056e+07 0 4.58401e+07 3.75056e+07 2.0732e+07 3.78844e+06 0.00604186 0.0117487 0.00913886 0.0106366 0.0485194
64 114 2 -0.516354 1.0172 -0.00261215 0.0161561 9.12788e+06 3.80853e+07 1.72247e+07 3.14755e+06 0 3.11607e+07 0 3.80853e+07 3.11607e+07 1.72247e+07 3.14755e+06 0.0085056 0.013575 0.00698833 0.0123308 0.0358246
62 115 0 -0.625946 0.317747 -0.00782542 0.00651205 7.69063e+06 3.20885e+07 1.45126e+07 2.65194e+06 0 2.62542e+07 0 3.20885e+07 2.62542e+07 1.45126e+07 2.65194e+06 0.0038115 0.00146108 -0.00658767 0.0180551 0.0631063
61 115 1 -0.714286 3.07966e-24 -7.1239e-27 5.67278e-26 8.25121e+06 3.44275e+07 1.55704e+07 2.84525e+06 0 2.81679e+07 0 3.44275e+07 2.81679e+07 1.55704e+07 2.84525e+06 1.3345e-25 -7.27348e-25 -0.0502702 0.0190353 0.0851447
52 115 2 -0.428571 2.87083e-24 -1.80882e-27 5.45583e-26 7.78205e+06 3.24699e+07 1.46851e+07 2.68346e+06 0 2.65663e+07 0 3.24699e+07 2.65663e+07 1.46851e+07 2.68346e+06 2.30166e-17 -1.03091e-17 -0.0446059 0.0212384 0.0911985
68 116 0 -0.697048 0.815689 -0.00529887 0.0125725 1.40092e+07 5.84522e+07 2.6436e+07 4.83076e+06 0 4.78246e+07 0 5.84522e+07 4.78246e+07 2.6436e+07 4.83076e+06 0.00569079 0.00358489 0.00715834 0.00790956 0.0403184
71 116 1 -0.856736 0.596304 -0.00802537 0.0104867 1.22378e+07 5.10611e+07 2.30932e+07 4.21992e+06 0 4.17773e+07 0 5.10611e+07 4.17773e+07 2.30932e+07 4.21992e+06 0.00497587 -0.00384246 0.00979045 0.0102576 0.0458656
63 116 2 -0.470769 0.640571 -0.00545203 0.0126367 1.09865e+07 4.58401e+07 2.0732e+07 3.78844e+06 0 3.75056e+07 0 4.58401e+07 3.75056e+07 2.0732e+07 3.78844e+06 0.00604186 0.0117487 0.00913886 0.0106366 0.0485194
70 117 0 -0.945106 0.269114 -0.00918234 0.00558146 5.63156e+06 2.34972e+07 1.0627e+07 1.94192e+06 0 1.9225e+07 0 2.34972e+07 1.9225e+07 1.0627e+07 1.94192e+06 0.0138802 -0.00179247 -0.00606612 0.0209076 0.0577281
61 117 1 -0.714286 3.07966e-24 -7.1239e-27 5.67278e-26 8.25121e+06 3.44275e+07 1.55704e+07 2.84525e+06 0 2.81679e+07 0 3.44275e+07 2.81679e+07 1.55704e+07 2.84525e+06 1.3345e-25 -7.27348e-25 -0.0502702 0.0190353 0.0851447
62 117 2 -0.625946 0.317747 -0.00782542 0.00651205 7.69063e+06 3.20885e+07 1.45126e+07 2.65194e+06 0 2.62542e+07 0 3.20885e+07 2.62542e+07 1.45126e+07 2.65194e+06 0.0038115 0.00146108 -0.00658767 0.0180551 0.0631063
54 118 0 -0.321623 0.301745 -0.00592535 0.00848698 2.75873e+06 1.15106e+07 5.20585e+06 951286 0 9.41773e+06 0 1.15106e+07 9.41773e+06 5.20585e+06 951286 0.0215927 0.0224376 -0.00913366 0.0214556 0.0682559
43 118 1 -0.010459 0.295808 0.00147209 0.00844585 2.57463e+06 1.07424e+07 4.85844e+06 887803 0 8.78925e+06 0 1.07424e+07 8.78925e+06 4.85844e+06 887803 0.0258578 -0.0219484 0.00408675 0.018034 0.0700437
53 118 2 -0.175976 0.561265 -0.00257237 0.0155421 2.163e+06 9.02492e+06 4.08167e+06 745861 0 7.38402e+06 0 9.02492e+06 7.38402e+06 4.08167e+06 745861 0.0348524 -0.00120066 0.00329551 0.0209965 0.054137
81 119 0 -1.43701 0.673207 -0.0136886 0.00855981 482424 2.01287e+06 910356 166353 0 1.6469e+06 0 2.01287e+06 1.6469e+06 910356 166353 0.0345826 0.00724157 0.0103465 0.0350327 0.0371518
80 119 1 -1.53816 0.290911 -0.0194497 -0.0131985 1.80934e+06 7.54931e+06 3.41431e+06 623910 0 6.17671e+06 0 7.54931e+06 6.17671e+06 3.41431e+06 623910 0.027738 0.0760181 0.0263747 0.043588 0.0411817
76 119 2 -1.20313 0.448348 -0.0121282 0.00732433 7.4347e+06 3.10207e+07 1.40296e+07 2.56369e+06 0 2.53805e+07 0 3.10207e+07 2.53805e+07 1.40296e+07 2.56369e+06 0.00259758 0.0233267 0.00207928 0.00571676 0.0443207
71 120 0 -0.856736 0.596304 -0.00802537 0.0104867 1.22378e+07 5.10611e+07 2.30932e+07 4.21992e+06 0 4.17773e+07 0 5.10611e+07 4.17773e+07 2.30932e+07 4.21992e+06 0.00497587 -0.00384246 0.00979045 0.0102576 0.0458656
68 120 1 -0.697048 0.815689 -0.00529887 0.0125725 1.40092e+07 5.84522e+07 2.6436e+07 4.83076e+06 0 4.78246e+07 0 5.84522e+07 4.78246e+07 2.6436e+07 4.83076e+06 0.00569079 0.00358489 0.00715834 0.00790956 0.0403184
72 120 2 -0.907624 1.00715 -0.00512046 0.0142339 1.77484e+07 7.40536e+07 3.3492e+07 6.12013e+06 0 6.05893e+07 0 7.40536e+07 6.05893e+07 3.3492e+07 6.12013e+06 0.00284932 0.00126106 0.00211469 0.00908569 0.0342641
76 121 0 -1.20313 0.448348 -0.0121282 0.00732433 7.4347e+06 3.10207e+07 1.40296e+07 2.56369e+06 0 2.53805e+07 0 3.10207e+07 2.53805e+07 1.40296e+07 2.56369e+06 0.00259758 0.0233267 0.00207928 0.00571676 0.0443207
71 121 1 -0.856736 0.596304 -0.00802537 0.0104867 1.22378e+07 5.10611e+07 2.30932e+07 4.21992e+06 0 4.17773e+07 0 5.10611e+07 4.17773e+07 2.30932e+07 4.21992e+06 0.00497587 -0.00384246 0.00979045 0.0102576 0.0458656
77 121 2 -1.12953 0.763243 -0.00795211 0.0120463 1.3062e+07 5.44999e+07 2.46485e+07 4.50413e+06 0 4.45909e+07 0 5.44999e+07 4.45909e+07 2.46485e+07 4.50413e+06 -0.00272719 0.00226796 0.00829163 0.00993895 0.037988
70 122 0 -0.945106 0.269114 -0.00918234 0.00558146 5.63156e+06 2.34972e+07 1.0627e+07 1.94192e+06 0 1.9225e+07 0 2.34972e+07 1.9225e+07 1.0627e+07 1.94192e+06 0.0138802 -0.00179247 -0.00606612 0.0209076 0.0577281
62 122 1 -0.625946 0.317747 -0.00782542 0.00651205 7.69063e+06 3.20885e+07 1.45126e+07 2.65194e+06 0 2.62542e+07 0 3.20885e+07 2.62542e+07 1.45126e+07 2.65194e+06 0.0038115 0.00146108 -0.00658767 0.0180551 0.0631063
71 122 2 -0.856736 0.596304 -0.00802537 0.0104867 1.22378e+07 5.10611e+07 2.30932e+07 4.21992e+06 0 4.17773e+07 0 5.10611e+07 4.17773e+07 2.30932e+07 4.21992e+06 0.00497587 -0.00384246 0.00979045 0.0102576 0.0458656
81 123 0 -1.43701 0.673207 -0.0136886 0.00855981 482424 2.01287e+06 910356 166353 0 1.6469e+06 0 2.01287e+06 1.6469e+06 910356 166353 0.0345826 0.00724157 0.0103465 0.0350327 0.0371518
77 123 1 -1.12953 0.763243 -0.00795211 0.0120463 1.3062e+07 5.44999e+07 2.46485e+07 4.50413e+06 0 4.45909e+07 0 5.44999e+07 4.45909e+07 2.46485e+07 4.50413e+06 -0.00272719 0.00226796 0.00829163 0.00993895 0.037988
79 123 2 -1.28769 1.04264 -0.00766172 0.0165828 4.37541e+06 1.8256e+07 8.2566e+06 1.50876e+06 0 1.49368e+07 0 1.8256e+07 1.49368e+07 8.2566e+06 1.50876e+06 0.0113974 -0.0116501 0.00724618 0.0120263 0.0326161
70 124 0 -0.945106 0.269114 -0.00918234 0.00558146 5.63156e+06 2.34972e+07 1.0627e+07 1.94192e+06 0 1.9225e+07 0 2.34972e+07 1.9225e+07 1.0627e+07 1.94192e+06 0.0138802 -0.00179247 -0.00606612 0.0209076 0.0577281
76 124 1 -1.20313 0.448348 -0.0121282 0.00732433 7.4347e+06 3.10207e+07 1.40296e+07 2.56369e+06 0 2.53805e+07 0 3.10207e+07 2.53805e+07 1.40296e+07 2.56369e+06 0.00259758 0.0233267 0.00207928 0.00571676 0.0443207
75 124 2 -1.28129 0.122871 -0.0127715 -0.00690173 657098 2.74168e+06 1.23997e+06 226585 0 2.2432e+06 0 2.74168e+06 2.2432e+06 1.23997e+06 226585 0.0365831 0.04434 -0.00753478 0.065451 0.0496258
70 125 0 -0.945106 0.269114 -0.00918234 0.00558146 5.63156e+06 2.34972e+07 1.0627e+07 1.94192e+06 0 1.9225e+07 0 2.34972e+07 1.9225e+07 1.0627e+07 1.94192e+06 0.0138802 -0.00179247 -0.00606612 0.0209076 0.0577281
71 125 1 -0.856736 0.596304 -0.00802537 0.0104867 1.22378e+07 5.10611e+07 2.30932e+07 4.21992e+06 0 4.17773e+07 0 5.10611e+07 4.17773e+07 2.30932e+07 4.21992e+06 0.00497587 -0.00384246 0.00979045 0.0102576 0.0458656
76 125 2 -1.20313 0.448348 -0.0121282 0.00732433 7.4347e+06 3.10207e+07 1.40296e+07 2.56369e+06 0 2.53805e+07 0 3.10207e+07 2.53805e+07 1.40296e+07 2.56369e+06 0.00259758 0.0233267 0.00207928 0.00571676 0.0443207
70 126 0 -0.945106 0.269114 -0.00918234 0.00558146 5.63156e+06 2.34972e+07 1.0627e+07 1.94192e+06 0 1.9225e+07 0 2.34972e+07 1.9225e+07 1.0627e+07 1.94192e+06 0.0138802 -0.00179247 -0.00606612 0.0209076 0.0577281
75 126 1 -1.28129 0.122871 -0.0127715 -0.00690173 657098 2.74168e+06 1.23997e+06 226585 0 2.2432e+06 0 2.74168e+06 2.2432e+06 1.23997e+06 226585 0.0365831 0.04434 -0.00753478 0.065451 0.0496258
69 126 2 -1 2.39032e-24 -4.88616e-27 4.42067e-26 6.40119e+06 2.67084e+07 1.20793e+07 2.20731e+06 0 2.18523e+07 0 2.67084e+07 2.18523e+07 1.20793e+07 2.20731e+06 1.29014e-25 7.18551e-25 -0.0650066 0.0209384 0.0698512
61 127 0 -0.714286 3.07966e-24 -7.1239e-27 5.67278e-26 8.25121e+06 3.44275e+07 1.55704e+07 2.84525e+06 0 2.81679e+07 0 3.44275e+07 2.81679e+07 1.55704e+07 2.84525e+06 1.3345e-25 -7.27348e-25 -0.0502702 0.0190353 0.0851447
70 127 1 -0.945106 0.269114 -0.00918234 0.00558146 5.63156e+06 2.34972e+07 1.0627e+07 1.94192e+06 0 1.9225e+07 0 2.34972e+07 1.9225e+07 1.0627e+07 1.94192e+06 0.0138802 -0.00179247 -0.00606612 0.0209076 0.0577281
69 127 2 -1 2.39032e-24 -4.88616e-27 4.42067e-26 6.40119e+06 2.67084e+07 1.20793e+07 2.20731e+06 0 2.18523e+07 0 2.67084e+07 2.18523e+07 1.20793e+07 2.20731e+06 1.29014e-25 7.18551e-25 -0.0650066 0.0209384 0.0698512
71 128 0 -0.856736 0.596304 -0.00802537 0.0104867 1.22378e+07 5.10611e+07 2.30932e+07 4.21992e+06 0 4.17773e+07 0 5.10611e+07 4.17773e+07 2.30932e+07 4.21992e+06 0.00497587 -0.00384246 0.00979045 0.0102576 0.0458656
72 128 1 -0.907624 1.00715 -0.00512046 0.0142339 1.77484e+07 7.40536e+07 3.3492e+07 6.12013e+06 0 6.05893e+07 0 7.40536e+07 6.05893e+07 3.3492e+07 6.12013e+06 0.00284932 0.00126106 0.00211469 0.00908569 0.0342641
77 128 2 -1.12953 0.763243 -0.00795211 0.0120463 1.3062e+07 5.44999e+07 2.46485e+07 4.50413e+06 0 4.45909e+07 0 5.44999e+07 4.45909e+07 2.46485e+07 4.50413e+06 -0.00272719 0.00226796 0.00829163 0.00993895 0.037988
81 129 0 -1.43701 0.673207 -0.0136886 0.00855981 482424 2.01287e+06 910356 166353 0 1.6469e+06 0 2.01287e+06 1.6469e+06 910356 166353 0.0345826 0.00724157 0.0103465 0.0350327 0.0371518
82 129 1 -1.66047 0.904588 -0.0185398 0.0222801 3.34944e+06 1.39752e+07 6.32054e+06 1.15498e+06 0 1.14343e+07 0 1.39752e+07 1.14343e+07 6.32054e+06 1.15498e+06 0.0120956 -0.0170006 0.0507555 0.0314369 0.0344295
83 129 2 -1.77012 0.622569 -0.0319822 0.0115488 2.34305e+06 9.77615e+06 4.42143e+06 807947 0 7.99867e+06 0 9.77615e+06 7.99867e+06 4.42143e+06 807947 0.0175976 -0.0278645 -0.0191088 0.0552563 0.0365256
80 130 0 -1.53816 0.290911 -0.0194497 -0.0131985 1.80934e+06 7.54931e+06 3.41431e+06 623910 0 6.17671e+06 0 7.54931e+06 6.17671e+06 3.41431e+06 623910 0.027738 0.0760181 0.0263747 0.043588 0.0411817
81 130 1 -1.43701 0.673207 -0.0136886 0.00855981 482424 2.01287e+06 910356 166353 0 1.6469e+06 0 2.01287e+06 1.6469e+06 910356 166353 0.0345826 0.00724157 0.0103465 0.0350327 0.0371518
83 130 2 -1.77012 0.622569 -0.0319822 0.0115488 2.34305e+06 9.77615e+06 4.42143e+06 807947 0 7.99867e+06 0 9.77615e+06 7.99867e+06 4.42143e+06 807947 0.0175976 -0.0278645 -0.0191088 0.0552563 0.0365256
76 131 0 -1.20313 0.448348 -0.0121282 0.00732433 7.4347e+06 3.10207e+07 1.40296e+07 2.56369e+06 0 2.53805e+07 0 3.10207e+07 2.53805e+07 1.40296e+07 2.56369e+06 0.00259758 0.0233267 0.00207928 0.00571676 0.0443207
77 131 1 -1.12953 0.763243 -0.00795211 0.0120463 1.3062e+07 5.44999e+07 2.46485e+07 4.50413e+06 0 4.45909e+07 0 5.44999e+07 4.45909e+07 2.46485e+07 4.50413e+06 -0.00272719 0.00226796 0.00829163 0.00993895 0.037988
81 131 2 -1.43701 0.673207 -0.0136886 0.00855981 482424 2.01287e+06 910356 166353 0 1.6469e+06 0 2.01287e+06 1.6469e+06 910356 166353 0.0345826 0.00724157 0.0103465 0.0350327 0.0371518
75 132 0 -1.28129 0.122871 -0.0127715 -0.00690173 657098 2.74168e+06 1.23997e+06 226585 0 2.2432e+06 0 2.74168e+06 2.2432e+06 1.23997e+06 226585 0.0365831 0.04434 -0.00753478 0.065451 0.0496258
76 132 1 -1.20313 0.448348 -0.0121282 0.00732433 7.4347e+06 3.10207e+07 1.40296e+07 2.56369e+06 0 2.53805e+07 0 3.10207e+07 2.53805e+07 1.40296e+07 2.56369e+06 0.00259758 0.0233267 0.00207928 0.00571676 0.0443207
80 132 2 -1.53816 0.290911 -0.0194497 -0.0131985 1.80934e+06 7.54931e+06 3.41431e+06 623910 0 6.17671e+06 0 7.54931e+06 6.17671e+06 3.41431e+06 623910 0.027738 0.0760181 0.0263747 0.043588 0.0411817
72 133 0 -0.907624 1.00715 -0.00512046 0.0142339 1.77484e+07 7.40536e+07 3.3492e+07 6.12013e+06 0 6.05893e+07 0 7.40536e+07 6.05893e+07 3.3492e+07 6.12013e+06 0.00284932 0.00126106 0.00211469 0.00908569 0.0342641
74 133 1 -1.06437 1.34255 -0.00491356 0.0171108 2.22954e+07 9.30254e+07 4.20723e+07 7.68805e+06 0 7.61117e+07 0 9.30254e+07 7.61117e+07 4.20723e+07 7.68805e+06 0.00176816 -0.00700445 0.001277 0.00538462 0.028826
79 133 2 -1.28769 1.04264 -0.00766172 0.0165828 4.37541e+06 1.8256e+07 8.2566e+06 1.50876e+06 0 1.49368e+07 0 1.8256e+07 1.49368e+07 8.2566e+06 1.50876e+06 0.0113974 -0.0116501 0.00724618 0.0120263 0.0326161
