Index_Vertex nbTriangle nbInTr x y ux uy Elast AR BR IR GR ER FR A1 A2 B12 C3 Defxx Defxy Defyx Defyy Density 
37 0 0 -0.841615 0.176724 -0.00912768 0.00531863 4.59814e+06 1.91853e+07 8.6769e+06 1.58557e+06 0 1.56971e+07 0 1.91853e+07 1.56971e+07 8.6769e+06 1.58557e+06 0.0101231 -0.013851 -0.00110685 0.0208405 0.0791044
32 0 1 -0.714286 3.49292e-25 -1.08179e-26 4.05679e-26 4.00675e+06 1.67178e+07 7.56092e+06 1.38164e+06 0 1.36782e+07 0 1.67178e+07 1.36782e+07 7.56092e+06 1.38164e+06 1.85394e-25 4.94696e-25 -0.0539569 0.0198949 0.0933671
33 0 2 -0.631696 0.27528 -0.00566542 0.00837323 697260 2.90926e+06 1.31576e+06 240434 0 2.3803e+06 0 2.90926e+06 2.3803e+06 1.31576e+06 240434 0.0261852 -0.0223931 0.00288022 0.0359682 0.0717811
36 1 0 -1 1.24639e-25 7.75822e-27 2.75196e-26 2.92848e+06 1.22188e+07 5.52618e+06 1.00982e+06 0 9.99723e+06 0 1.22188e+07 9.99723e+06 5.52618e+06 1.00982e+06 -9.84268e-26 9.30251e-25 -0.105321 0.0510245 0.0931919
37 1 1 -0.841615 0.176724 -0.00912768 0.00531863 4.59814e+06 1.91853e+07 8.6769e+06 1.58557e+06 0 1.56971e+07 0 1.91853e+07 1.56971e+07 8.6769e+06 1.58557e+06 0.0101231 -0.013851 -0.00110685 0.0208405 0.0791044
39 1 2 -1.03419 0.218669 -0.0103692 0.00598023 8.45578e+06 3.5281e+07 1.59564e+07 2.91579e+06 0 2.88663e+07 0 3.5281e+07 2.88663e+07 1.59564e+07 2.91579e+06 0.00343124 0.015604 0.00413855 0.0187531 0.0770587
36 2 0 -1 1.24639e-25 7.75822e-27 2.75196e-26 2.92848e+06 1.22188e+07 5.52618e+06 1.00982e+06 0 9.99723e+06 0 1.22188e+07 9.99723e+06 5.52618e+06 1.00982e+06 -9.84268e-26 9.30251e-25 -0.105321 0.0510245 0.0931919
32 2 1 -0.714286 3.49292e-25 -1.08179e-26 4.05679e-26 4.00675e+06 1.67178e+07 7.56092e+06 1.38164e+06 0 1.36782e+07 0 1.67178e+07 1.36782e+07 7.56092e+06 1.38164e+06 1.85394e-25 4.94696e-25 -0.0539569 0.0198949 0.0933671
37 2 2 -0.841615 0.176724 -0.00912768 0.00531863 4.59814e+06 1.91853e+07 8.6769e+06 1.58557e+06 0 1.56971e+07 0 1.91853e+07 1.56971e+07 8.6769e+06 1.58557e+06 0.0101231 -0.013851 -0.00110685 0.0208405 0.0791044
33 3 0 -0.631696 0.27528 -0.00566542 0.00837323 697260 2.90926e+06 1.31576e+06 240434 0 2.3803e+06 0 2.90926e+06 2.3803e+06 1.31576e+06 240434 0.0261852 -0.0223931 0.00288022 0.0359682 0.0717811
38 3 1 -0.973331 0.446043 -0.00710445 0.00927109 1.6559e+07 6.90912e+07 3.12477e+07 5.71001e+06 0 5.65291e+07 0 6.90912e+07 5.65291e+07 3.12477e+07 5.71001e+06 0.00300744 0.00357764 0.0142114 0.00801943 0.0660011
37 3 2 -0.841615 0.176724 -0.00912768 0.00531863 4.59814e+06 1.91853e+07 8.6769e+06 1.58557e+06 0 1.56971e+07 0 1.91853e+07 1.56971e+07 8.6769e+06 1.58557e+06 0.0101231 -0.013851 -0.00110685 0.0208405 0.0791044
33 4 0 -0.631696 0.27528 -0.00566542 0.00837323 697260 2.90926e+06 1.31576e+06 240434 0 2.3803e+06 0 2.90926e+06 2.3803e+06 1.31576e+06 240434 0.0261852 -0.0223931 0.00288022 0.0359682 0.0717811
34 4 1 -0.658181 0.556975 -0.00431721 0.011966 1.19226e+07 4.97462e+07 2.24986e+07 4.11125e+06 0 4.07014e+07 0 4.97462e+07 4.07014e+07 2.24986e+07 4.11125e+06 0.00726784 0.00306007 0.00249814 0.00244935 0.0582646
38 4 2 -0.973331 0.446043 -0.00710445 0.00927109 1.6559e+07 6.90912e+07 3.12477e+07 5.71001e+06 0 5.65291e+07 0 6.90912e+07 5.65291e+07 3.12477e+07 5.71001e+06 0.00300744 0.00357764 0.0142114 0.00801943 0.0660011
27 5 0 -0.428571 3.59332e-25 -1.3268e-27 5.65906e-26 7.67908e+06 3.20403e+07 1.44908e+07 2.64796e+06 0 2.62148e+07 0 3.20403e+07 2.62148e+07 1.44908e+07 2.64796e+06 -1.32095e-25 6.6106e-25 -0.0159024 0.023896 0.092432
33 5 1 -0.631696 0.27528 -0.00566542 0.00837323 697260 2.90926e+06 1.31576e+06 240434 0 2.3803e+06 0 2.90926e+06 2.3803e+06 1.31576e+06 240434 0.0261852 -0.0223931 0.00288022 0.0359682 0.0717811
32 5 2 -0.714286 3.49292e-25 -1.08179e-26 4.05679e-26 4.00675e+06 1.67178e+07 7.56092e+06 1.38164e+06 0 1.36782e+07 0 1.67178e+07 1.36782e+07 7.56092e+06 1.38164e+06 1.85394e-25 4.94696e-25 -0.0539569 0.0198949 0.0933671
30 6 0 -0.434027 0.471847 -0.00227517 0.00921421 7.83589e+06 3.26946e+07 1.47867e+07 2.70203e+06 0 2.67501e+07 0 3.26946e+07 2.67501e+07 1.47867e+07 2.70203e+06 0.00919936 -0.00840522 -0.00208896 0.0124409 0.0598688
34 6 1 -0.658181 0.556975 -0.00431721 0.011966 1.19226e+07 4.97462e+07 2.24986e+07 4.11125e+06 0 4.07014e+07 0 4.97462e+07 4.07014e+07 2.24986e+07 4.11125e+06 0.00726784 0.00306007 0.00249814 0.00244935 0.0582646
33 6 2 -0.631696 0.27528 -0.00566542 0.00837323 697260 2.90926e+06 1.31576e+06 240434 0 2.3803e+06 0 2.90926e+06 2.3803e+06 1.31576e+06 240434 0.0261852 -0.0223931 0.00288022 0.0359682 0.0717811
28 7 0 -0.31441 0.245672 -0.00165751 0.00595199 8.63904e+06 3.60456e+07 1.63022e+07 2.97898e+06 0 2.94919e+07 0 3.60456e+07 2.94919e+07 1.63022e+07 2.97898e+06 0.00255016 0.00625533 0.00284116 0.0152689 0.0721883
33 7 1 -0.631696 0.27528 -0.00566542 0.00837323 697260 2.90926e+06 1.31576e+06 240434 0 2.3803e+06 0 2.90926e+06 2.3803e+06 1.31576e+06 240434 0.0261852 -0.0223931 0.00288022 0.0359682 0.0717811
27 7 2 -0.428571 3.59332e-25 -1.3268e-27 5.65906e-26 7.67908e+06 3.20403e+07 1.44908e+07 2.64796e+06 0 2.62148e+07 0 3.20403e+07 2.62148e+07 1.44908e+07 2.64796e+06 -1.32095e-25 6.6106e-25 -0.0159024 0.023896 0.092432
22 8 0 -0.0314887 0.261196 -0.000179327 0.00591515 1.06879e+07 4.45942e+07 2.01685e+07 3.68547e+06 0 3.64861e+07 0 4.45942e+07 3.64861e+07 2.01685e+07 3.68547e+06 0.00362556 -0.00935905 -0.00179128 0.0106176 0.0705631
28 8 1 -0.31441 0.245672 -0.00165751 0.00595199 8.63904e+06 3.60456e+07 1.63022e+07 2.97898e+06 0 2.94919e+07 0 3.60456e+07 2.94919e+07 1.63022e+07 2.97898e+06 0.00255016 0.00625533 0.00284116 0.0152689 0.0721883
21 8 2 -0.142857 3.38353e-25 2.19613e-28 3.94471e-26 319265 1.33211e+06 602468 110092 0 1.08991e+06 0 1.33211e+06 1.08991e+06 602468 110092 1.15393e-25 7.91631e-25 -0.00216812 0.0481642 0.0917032
29 9 0 -0.393607 0.748503 -0.00148134 0.0116628 7.78149e+06 3.24676e+07 1.4684e+07 2.68327e+06 0 2.65644e+07 0 3.24676e+07 2.65644e+07 1.4684e+07 2.68327e+06 0.00913932 -0.0147449 -0.000379777 0.0142235 0.0501466
30 9 1 -0.434027 0.471847 -0.00227517 0.00921421 7.83589e+06 3.26946e+07 1.47867e+07 2.70203e+06 0 2.67501e+07 0 3.26946e+07 2.67501e+07 1.47867e+07 2.70203e+06 0.00919936 -0.00840522 -0.00208896 0.0124409 0.0598688
25 9 2 -0.18589 0.526724 -0.000861678 0.00860769 2.7707e+07 1.15605e+08 5.22844e+07 9.55414e+06 0 9.4586e+07 0 1.15605e+08 9.4586e+07 5.22844e+07 9.55414e+06 0.00373619 -0.00463418 0.000932464 0.00152618 0.0563093
23 10 0 -0.0907887 0.81806 0.00061584 0.00992263 1.10588e+07 4.61419e+07 2.08685e+07 3.81338e+06 0 3.77525e+07 0 4.61419e+07 3.77525e+07 2.08685e+07 3.81338e+06 0.00613618 -0.00605624 0.00575666 0.00800897 0.0472525
29 10 1 -0.393607 0.748503 -0.00148134 0.0116628 7.78149e+06 3.24676e+07 1.4684e+07 2.68327e+06 0 2.65644e+07 0 3.24676e+07 2.65644e+07 1.4684e+07 2.68327e+06 0.00913932 -0.0147449 -0.000379777 0.0142235 0.0501466
25 10 2 -0.18589 0.526724 -0.000861678 0.00860769 2.7707e+07 1.15605e+08 5.22844e+07 9.55414e+06 0 9.4586e+07 0 1.15605e+08 9.4586e+07 5.22844e+07 9.55414e+06 0.00373619 -0.00463418 0.000932464 0.00152618 0.0563093
26 11 0 -0.470949 0.992461 -0.00101094 0.0161157 9.61281e+06 4.01086e+07 1.81398e+07 3.31476e+06 0 3.28161e+07 0 4.01086e+07 3.28161e+07 1.81398e+07 3.31476e+06 0.00622106 -0.0180955 0.00910593 0.0118706 0.0474111
31 11 1 -0.693623 0.846538 -0.00645332 0.0165112 868213 3.62255e+06 1.63836e+06 299384 0 2.9639e+06 0 3.62255e+06 2.9639e+06 1.63836e+06 299384 0.0231215 -0.00149223 -0.0135326 0.029136 0.0518335
29 11 2 -0.393607 0.748503 -0.00148134 0.0116628 7.78149e+06 3.24676e+07 1.4684e+07 2.68327e+06 0 2.65644e+07 0 3.24676e+07 2.65644e+07 1.4684e+07 2.68327e+06 0.00913932 -0.0147449 -0.000379777 0.0142235 0.0501466
37 12 0 -0.841615 0.176724 -0.00912768 0.00531863 4.59814e+06 1.91853e+07 8.6769e+06 1.58557e+06 0 1.56971e+07 0 1.91853e+07 1.56971e+07 8.6769e+06 1.58557e+06 0.0101231 -0.013851 -0.00110685 0.0208405 0.0791044
38 12 1 -0.973331 0.446043 -0.00710445 0.00927109 1.6559e+07 6.90912e+07 3.12477e+07 5.71001e+06 0 5.65291e+07 0 6.90912e+07 5.65291e+07 3.12477e+07 5.71001e+06 0.00300744 0.00357764 0.0142114 0.00801943 0.0660011
39 12 2 -1.03419 0.218669 -0.0103692 0.00598023 8.45578e+06 3.5281e+07 1.59564e+07 2.91579e+06 0 2.88663e+07 0 3.5281e+07 2.88663e+07 1.59564e+07 2.91579e+06 0.00343124 0.015604 0.00413855 0.0187531 0.0770587
29 13 0 -0.393607 0.748503 -0.00148134 0.0116628 7.78149e+06 3.24676e+07 1.4684e+07 2.68327e+06 0 2.65644e+07 0 3.24676e+07 2.65644e+07 1.4684e+07 2.68327e+06 0.00913932 -0.0147449 -0.000379777 0.0142235 0.0501466
34 13 1 -0.658181 0.556975 -0.00431721 0.011966 1.19226e+07 4.97462e+07 2.24986e+07 4.11125e+06 0 4.07014e+07 0 4.97462e+07 4.07014e+07 2.24986e+07 4.11125e+06 0.00726784 0.00306007 0.00249814 0.00244935 0.0582646
30 13 2 -0.434027 0.471847 -0.00227517 0.00921421 7.83589e+06 3.26946e+07 1.47867e+07 2.70203e+06 0 2.67501e+07 0 3.26946e+07 2.67501e+07 1.47867e+07 2.70203e+06 0.00919936 -0.00840522 -0.00208896 0.0124409 0.0598688
35 14 0 -0.850388 0.666363 -0.00560561 0.0113106 1.8592e+07 7.75736e+07 3.5084e+07 6.41104e+06 0 6.34693e+07 0 7.75736e+07 6.34693e+07 3.5084e+07 6.41104e+06 0.00202967 0.00386388 -0.00770987 0.00272348 0.0575465
38 14 1 -0.973331 0.446043 -0.00710445 0.00927109 1.6559e+07 6.90912e+07 3.12477e+07 5.71001e+06 0 5.65291e+07 0 6.90912e+07 5.65291e+07 3.12477e+07 5.71001e+06 0.00300744 0.00357764 0.0142114 0.00801943 0.0660011
34 14 2 -0.658181 0.556975 -0.00431721 0.011966 1.19226e+07 4.97462e+07 2.24986e+07 4.11125e+06 0 4.07014e+07 0 4.97462e+07 4.07014e+07 2.24986e+07 4.11125e+06 0.00726784 0.00306007 0.00249814 0.00244935 0.0582646
34 15 0 -0.658181 0.556975 -0.00431721 0.011966 1.19226e+07 4.97462e+07 2.24986e+07 4.11125e+06 0 4.07014e+07 0 4.97462e+07 4.07014e+07 2.24986e+07 4.11125e+06 0.00726784 0.00306007 0.00249814 0.00244935 0.0582646
31 15 1 -0.693623 0.846538 -0.00645332 0.0165112 868213 3.62255e+06 1.63836e+06 299384 0 2.9639e+06 0 3.62255e+06 2.9639e+06 1.63836e+06 299384 0.0231215 -0.00149223 -0.0135326 0.029136 0.0518335
35 15 2 -0.850388 0.666363 -0.00560561 0.0113106 1.8592e+07 7.75736e+07 3.5084e+07 6.41104e+06 0 6.34693e+07 0 7.75736e+07 6.34693e+07 3.5084e+07 6.41104e+06 0.00202967 0.00386388 -0.00770987 0.00272348 0.0575465
28 16 0 -0.31441 0.245672 -0.00165751 0.00595199 8.63904e+06 3.60456e+07 1.63022e+07 2.97898e+06 0 2.94919e+07 0 3.60456e+07 2.94919e+07 1.63022e+07 2.97898e+06 0.00255016 0.00625533 0.00284116 0.0152689 0.0721883
22 16 1 -0.0314887 0.261196 -0.000179327 0.00591515 1.06879e+07 4.45942e+07 2.01685e+07 3.68547e+06 0 3.64861e+07 0 4.45942e+07 3.64861e+07 2.01685e+07 3.68547e+06 0.00362556 -0.00935905 -0.00179128 0.0106176 0.0705631
25 16 2 -0.18589 0.526724 -0.000861678 0.00860769 2.7707e+07 1.15605e+08 5.22844e+07 9.55414e+06 0 9.4586e+07 0 1.15605e+08 9.4586e+07 5.22844e+07 9.55414e+06 0.00373619 -0.00463418 0.000932464 0.00152618 0.0563093
33 17 0 -0.631696 0.27528 -0.00566542 0.00837323 697260 2.90926e+06 1.31576e+06 240434 0 2.3803e+06 0 2.90926e+06 2.3803e+06 1.31576e+06 240434 0.0261852 -0.0223931 0.00288022 0.0359682 0.0717811
28 17 1 -0.31441 0.245672 -0.00165751 0.00595199 8.63904e+06 3.60456e+07 1.63022e+07 2.97898e+06 0 2.94919e+07 0 3.60456e+07 2.94919e+07 1.63022e+07 2.97898e+06 0.00255016 0.00625533 0.00284116 0.0152689 0.0721883
30 17 2 -0.434027 0.471847 -0.00227517 0.00921421 7.83589e+06 3.26946e+07 1.47867e+07 2.70203e+06 0 2.67501e+07 0 3.26946e+07 2.67501e+07 1.47867e+07 2.70203e+06 0.00919936 -0.00840522 -0.00208896 0.0124409 0.0598688
27 18 0 -0.428571 3.59332e-25 -1.3268e-27 5.65906e-26 7.67908e+06 3.20403e+07 1.44908e+07 2.64796e+06 0 2.62148e+07 0 3.20403e+07 2.62148e+07 1.44908e+07 2.64796e+06 -1.32095e-25 6.6106e-25 -0.0159024 0.023896 0.092432
21 18 1 -0.142857 3.38353e-25 2.19613e-28 3.94471e-26 319265 1.33211e+06 602468 110092 0 1.08991e+06 0 1.33211e+06 1.08991e+06 602468 110092 1.15393e-25 7.91631e-25 -0.00216812 0.0481642 0.0917032
28 18 2 -0.31441 0.245672 -0.00165751 0.00595199 8.63904e+06 3.60456e+07 1.63022e+07 2.97898e+06 0 2.94919e+07 0 3.60456e+07 2.94919e+07 1.63022e+07 2.97898e+06 0.00255016 0.00625533 0.00284116 0.0152689 0.0721883
29 19 0 -0.393607 0.748503 -0.00148134 0.0116628 7.78149e+06 3.24676e+07 1.4684e+07 2.68327e+06 0 2.65644e+07 0 3.24676e+07 2.65644e+07 1.4684e+07 2.68327e+06 0.00913932 -0.0147449 -0.000379777 0.0142235 0.0501466
31 19 1 -0.693623 0.846538 -0.00645332 0.0165112 868213 3.62255e+06 1.63836e+06 299384 0 2.9639e+06 0 3.62255e+06 2.9639e+06 1.63836e+06 299384 0.0231215 -0.00149223 -0.0135326 0.029136 0.0518335
34 19 2 -0.658181 0.556975 -0.00431721 0.011966 1.19226e+07 4.97462e+07 2.24986e+07 4.11125e+06 0 4.07014e+07 0 4.97462e+07 4.07014e+07 2.24986e+07 4.11125e+06 0.00726784 0.00306007 0.00249814 0.00244935 0.0582646
29 20 0 -0.393607 0.748503 -0.00148134 0.0116628 7.78149e+06 3.24676e+07 1.4684e+07 2.68327e+06 0 2.65644e+07 0 3.24676e+07 2.65644e+07 1.4684e+07 2.68327e+06 0.00913932 -0.0147449 -0.000379777 0.0142235 0.0501466
23 20 1 -0.0907887 0.81806 0.00061584 0.00992263 1.10588e+07 4.61419e+07 2.08685e+07 3.81338e+06 0 3.77525e+07 0 4.61419e+07 3.77525e+07 2.08685e+07 3.81338e+06 0.00613618 -0.00605624 0.00575666 0.00800897 0.0472525
24 20 2 -0.289633 1.06434 0.000833171 0.0142048 9.59995e+06 4.0055e+07 1.81155e+07 3.31033e+06 0 3.27722e+07 0 4.0055e+07 3.27722e+07 1.81155e+07 3.31033e+06 0.005886 -0.0122946 0.00825406 0.0120188 0.0455302
16 21 0 0.142857 3.72673e-25 -2.91229e-27 5.62068e-26 7.33286e+06 3.05957e+07 1.38374e+07 2.52857e+06 0 2.50329e+07 0 3.05957e+07 2.50329e+07 1.38374e+07 2.52857e+06 3.20012e-26 6.33399e-25 0.00455758 0.020895 0.0917529
15 21 1 0.24496 0.255734 0.000960064 0.00420754 9.45854e+06 3.9465e+07 1.78487e+07 3.26157e+06 0 3.22895e+07 0 3.9465e+07 3.22895e+07 1.78487e+07 3.26157e+06 0.00522067 -0.00196922 -0.00126543 0.01197 0.071299
22 21 2 -0.0314887 0.261196 -0.000179327 0.00591515 1.06879e+07 4.45942e+07 2.01685e+07 3.68547e+06 0 3.64861e+07 0 4.45942e+07 3.64861e+07 2.01685e+07 3.68547e+06 0.00362556 -0.00935905 -0.00179128 0.0106176 0.0705631
29 22 0 -0.393607 0.748503 -0.00148134 0.0116628 7.78149e+06 3.24676e+07 1.4684e+07 2.68327e+06 0 2.65644e+07 0 3.24676e+07 2.65644e+07 1.4684e+07 2.68327e+06 0.00913932 -0.0147449 -0.000379777 0.0142235 0.0501466
24 22 1 -0.289633 1.06434 0.000833171 0.0142048 9.59995e+06 4.0055e+07 1.81155e+07 3.31033e+06 0 3.27722e+07 0 4.0055e+07 3.27722e+07 1.81155e+07 3.31033e+06 0.005886 -0.0122946 0.00825406 0.0120188 0.0455302
26 22 2 -0.470949 0.992461 -0.00101094 0.0161157 9.61281e+06 4.01086e+07 1.81398e+07 3.31476e+06 0 3.28161e+07 0 4.01086e+07 3.28161e+07 1.81398e+07 3.31476e+06 0.00622106 -0.0180955 0.00910593 0.0118706 0.0474111
23 23 0 -0.0907887 0.81806 0.00061584 0.00992263 1.10588e+07 4.61419e+07 2.08685e+07 3.81338e+06 0 3.77525e+07 0 4.61419e+07 3.77525e+07 2.08685e+07 3.81338e+06 0.00613618 -0.00605624 0.00575666 0.00800897 0.0472525
19 23 1 -0.0826251 1.09483 0.00222456 0.0125718 1.12277e+07 4.68468e+07 2.11873e+07 3.87164e+06 0 3.83292e+07 0 4.68468e+07 3.83292e+07 2.11873e+07 3.87164e+06 0.00530819 -0.00768426 0.00751964 0.0100362 0.0446714
24 23 2 -0.289633 1.06434 0.000833171 0.0142048 9.59995e+06 4.0055e+07 1.81155e+07 3.31033e+06 0 3.27722e+07 0 4.0055e+07 3.27722e+07 1.81155e+07 3.31033e+06 0.005886 -0.0122946 0.00825406 0.0120188 0.0455302
20 24 0 0.0734331 0.530373 0.000204632 0.0071483 2.08791e+07 8.71162e+07 3.93998e+07 7.19968e+06 0 7.12769e+07 0 8.71162e+07 7.12769e+07 3.93998e+07 7.19968e+06 0.00357336 -0.00429872 0.00264463 0.00536724 0.0559312
23 24 1 -0.0907887 0.81806 0.00061584 0.00992263 1.10588e+07 4.61419e+07 2.08685e+07 3.81338e+06 0 3.77525e+07 0 4.61419e+07 3.77525e+07 2.08685e+07 3.81338e+06 0.00613618 -0.00605624 0.00575666 0.00800897 0.0472525
25 24 2 -0.18589 0.526724 -0.000861678 0.00860769 2.7707e+07 1.15605e+08 5.22844e+07 9.55414e+06 0 9.4586e+07 0 1.15605e+08 9.4586e+07 5.22844e+07 9.55414e+06 0.00373619 -0.00463418 0.000932464 0.00152618 0.0563093
18 25 0 0.180278 0.787501 0.001859 0.00853252 1.47635e+07 6.15996e+07 2.78595e+07 5.09088e+06 0 5.03997e+07 0 6.15996e+07 5.03997e+07 2.78595e+07 5.09088e+06 0.0044613 -0.00237609 0.00688477 0.00817314 0.0481008
17 25 1 0.133751 1.08473 0.00318212 0.0110532 1.36084e+07 5.67797e+07 2.56796e+07 4.69253e+06 0 4.64561e+07 0 5.67797e+07 4.64561e+07 2.56796e+07 4.69253e+06 0.00427435 -0.00489074 0.00594215 0.00817944 0.0448503
23 25 2 -0.0907887 0.81806 0.00061584 0.00992263 1.10588e+07 4.61419e+07 2.08685e+07 3.81338e+06 0 3.77525e+07 0 4.61419e+07 3.77525e+07 2.08685e+07 3.81338e+06 0.00613618 -0.00605624 0.00575666 0.00800897 0.0472525
10 26 0 0.530175 0.255108 0.00280982 0.00380164 7.78452e+06 3.24802e+07 1.46897e+07 2.68432e+06 0 2.65747e+07 0 3.24802e+07 2.65747e+07 1.46897e+07 2.68432e+06 0.00774565 -0.000822565 -0.00085779 0.0128895 0.0725963
15 26 1 0.24496 0.255734 0.000960064 0.00420754 9.45854e+06 3.9465e+07 1.78487e+07 3.26157e+06 0 3.22895e+07 0 3.9465e+07 3.22895e+07 1.78487e+07 3.26157e+06 0.00522067 -0.00196922 -0.00126543 0.01197 0.071299
11 26 2 0.428571 3.32035e-25 1.24213e-27 4.67899e-26 7.41262e+06 3.09285e+07 1.3988e+07 2.55608e+06 0 2.53052e+07 0 3.09285e+07 2.53052e+07 1.3988e+07 2.55608e+06 4.61228e-26 6.42831e-25 0.0150681 0.017918 0.0927039
23 27 0 -0.0907887 0.81806 0.00061584 0.00992263 1.10588e+07 4.61419e+07 2.08685e+07 3.81338e+06 0 3.77525e+07 0 4.61419e+07 3.77525e+07 2.08685e+07 3.81338e+06 0.00613618 -0.00605624 0.00575666 0.00800897 0.0472525
17 27 1 0.133751 1.08473 0.00318212 0.0110532 1.36084e+07 5.67797e+07 2.56796e+07 4.69253e+06 0 4.64561e+07 0 5.67797e+07 4.64561e+07 2.56796e+07 4.69253e+06 0.00427435 -0.00489074 0.00594215 0.00817944 0.0448503
19 27 2 -0.0826251 1.09483 0.00222456 0.0125718 1.12277e+07 4.68468e+07 2.11873e+07 3.87164e+06 0 3.83292e+07 0 4.68468e+07 3.83292e+07 2.11873e+07 3.87164e+06 0.00530819 -0.00768426 0.00751964 0.0100362 0.0446714
18 28 0 0.180278 0.787501 0.001859 0.00853252 1.47635e+07 6.15996e+07 2.78595e+07 5.09088e+06 0 5.03997e+07 0 6.15996e+07 5.03997e+07 2.78595e+07 5.09088e+06 0.0044613 -0.00237609 0.00688477 0.00817314 0.0481008
13 28 1 0.329686 1.03989 0.00368821 0.0101238 1.72048e+07 7.17854e+07 3.24662e+07 5.93268e+06 0 5.87335e+07 0 7.17854e+07 5.87335e+07 3.24662e+07 5.93268e+06 0.00158729 0.00594161 0.00425572 0.00785282 0.0459838
17 28 2 0.133751 1.08473 0.00318212 0.0110532 1.36084e+07 5.67797e+07 2.56796e+07 4.69253e+06 0 4.64561e+07 0 5.67797e+07 4.64561e+07 2.56796e+07 4.69253e+06 0.00427435 -0.00489074 0.00594215 0.00817944 0.0448503
14 29 0 0.33798 0.505073 0.00146418 0.00641739 1.335e+07 5.57018e+07 2.51921e+07 4.60345e+06 0 4.55742e+07 0 5.57018e+07 4.55742e+07 2.51921e+07 4.60345e+06 0.00626986 -0.000208602 0.00196472 0.00716539 0.0578535
10 29 1 0.530175 0.255108 0.00280982 0.00380164 7.78452e+06 3.24802e+07 1.46897e+07 2.68432e+06 0 2.65747e+07 0 3.24802e+07 2.65747e+07 1.46897e+07 2.68432e+06 0.00774565 -0.000822565 -0.00085779 0.0128895 0.0725963
9 29 2 0.605144 0.542972 0.00313322 0.00645973 1.30973e+07 5.46475e+07 2.47153e+07 4.51633e+06 0 4.47116e+07 0 5.46475e+07 4.47116e+07 2.47153e+07 4.51633e+06 0.00531597 -0.0013671 0.000468985 0.00712579 0.0582333
20 30 0 0.0734331 0.530373 0.000204632 0.0071483 2.08791e+07 8.71162e+07 3.93998e+07 7.19968e+06 0 7.12769e+07 0 8.71162e+07 7.12769e+07 3.93998e+07 7.19968e+06 0.00357336 -0.00429872 0.00264463 0.00536724 0.0559312
15 30 1 0.24496 0.255734 0.000960064 0.00420754 9.45854e+06 3.9465e+07 1.78487e+07 3.26157e+06 0 3.22895e+07 0 3.9465e+07 3.22895e+07 1.78487e+07 3.26157e+06 0.00522067 -0.00196922 -0.00126543 0.01197 0.071299
14 30 2 0.33798 0.505073 0.00146418 0.00641739 1.335e+07 5.57018e+07 2.51921e+07 4.60345e+06 0 4.55742e+07 0 5.57018e+07 4.55742e+07 2.51921e+07 4.60345e+06 0.00626986 -0.000208602 0.00196472 0.00716539 0.0578535
30 31 0 -0.434027 0.471847 -0.00227517 0.00921421 7.83589e+06 3.26946e+07 1.47867e+07 2.70203e+06 0 2.67501e+07 0 3.26946e+07 2.67501e+07 1.47867e+07 2.70203e+06 0.00919936 -0.00840522 -0.00208896 0.0124409 0.0598688
28 31 1 -0.31441 0.245672 -0.00165751 0.00595199 8.63904e+06 3.60456e+07 1.63022e+07 2.97898e+06 0 2.94919e+07 0 3.60456e+07 2.94919e+07 1.63022e+07 2.97898e+06 0.00255016 0.00625533 0.00284116 0.0152689 0.0721883
25 31 2 -0.18589 0.526724 -0.000861678 0.00860769 2.7707e+07 1.15605e+08 5.22844e+07 9.55414e+06 0 9.4586e+07 0 1.15605e+08 9.4586e+07 5.22844e+07 9.55414e+06 0.00373619 -0.00463418 0.000932464 0.00152618 0.0563093
21 32 0 -0.142857 3.38353e-25 2.19613e-28 3.94471e-26 319265 1.33211e+06 602468 110092 0 1.08991e+06 0 1.33211e+06 1.08991e+06 602468 110092 1.15393e-25 7.91631e-25 -0.00216812 0.0481642 0.0917032
16 32 1 0.142857 3.72673e-25 -2.91229e-27 5.62068e-26 7.33286e+06 3.05957e+07 1.38374e+07 2.52857e+06 0 2.50329e+07 0 3.05957e+07 2.50329e+07 1.38374e+07 2.52857e+06 3.20012e-26 6.33399e-25 0.00455758 0.020895 0.0917529
22 32 2 -0.0314887 0.261196 -0.000179327 0.00591515 1.06879e+07 4.45942e+07 2.01685e+07 3.68547e+06 0 3.64861e+07 0 4.45942e+07 3.64861e+07 2.01685e+07 3.68547e+06 0.00362556 -0.00935905 -0.00179128 0.0106176 0.0705631
16 33 0 0.142857 3.72673e-25 -2.91229e-27 5.62068e-26 7.33286e+06 3.05957e+07 1.38374e+07 2.52857e+06 0 2.50329e+07 0 3.05957e+07 2.50329e+07 1.38374e+07 2.52857e+06 3.20012e-26 6.33399e-25 0.00455758 0.020895 0.0917529
11 33 1 0.428571 3.32035e-25 1.24213e-27 4.67899e-26 7.41262e+06 3.09285e+07 1.3988e+07 2.55608e+06 0 2.53052e+07 0 3.09285e+07 2.53052e+07 1.3988e+07 2.55608e+06 4.61228e-26 6.42831e-25 0.0150681 0.017918 0.0927039
15 33 2 0.24496 0.255734 0.000960064 0.00420754 9.45854e+06 3.9465e+07 1.78487e+07 3.26157e+06 0 3.22895e+07 0 3.9465e+07 3.22895e+07 1.78487e+07 3.26157e+06 0.00522067 -0.00196922 -0.00126543 0.01197 0.071299
12 34 0 0.426934 0.747865 0.00283175 0.00807246 1.4907e+07 6.21982e+07 2.81302e+07 5.14035e+06 0 5.08894e+07 0 6.21982e+07 5.08894e+07 2.81302e+07 5.14035e+06 0.00523433 -0.00131281 0.00576468 0.00628551 0.0504089
13 34 1 0.329686 1.03989 0.00368821 0.0101238 1.72048e+07 7.17854e+07 3.24662e+07 5.93268e+06 0 5.87335e+07 0 7.17854e+07 5.87335e+07 3.24662e+07 5.93268e+06 0.00158729 0.00594161 0.00425572 0.00785282 0.0459838
18 34 2 0.180278 0.787501 0.001859 0.00853252 1.47635e+07 6.15996e+07 2.78595e+07 5.09088e+06 0 5.03997e+07 0 6.15996e+07 5.03997e+07 2.78595e+07 5.09088e+06 0.0044613 -0.00237609 0.00688477 0.00817314 0.0481008
10 35 0 0.530175 0.255108 0.00280982 0.00380164 7.78452e+06 3.24802e+07 1.46897e+07 2.68432e+06 0 2.65747e+07 0 3.24802e+07 2.65747e+07 1.46897e+07 2.68432e+06 0.00774565 -0.000822565 -0.00085779 0.0128895 0.0725963
11 35 1 0.428571 3.32035e-25 1.24213e-27 4.67899e-26 7.41262e+06 3.09285e+07 1.3988e+07 2.55608e+06 0 2.53052e+07 0 3.09285e+07 2.53052e+07 1.3988e+07 2.55608e+06 4.61228e-26 6.42831e-25 0.0150681 0.017918 0.0927039
6 35 2 0.714286 3.70844e-25 6.31212e-27 4.99722e-26 9.25393e+06 3.86112e+07 1.74626e+07 3.19101e+06 0 3.1591e+07 0 3.86112e+07 3.1591e+07 1.74626e+07 3.19101e+06 0.00218552 0.000111293 0.0283619 0.0155365 0.0937852
3 36 0 0.850999 0.65742 0.00430545 0.00702691 1.81222e+07 7.56135e+07 3.41975e+07 6.24905e+06 0 6.18656e+07 0 7.56135e+07 6.18656e+07 3.41975e+07 6.24905e+06 0.00364509 0.00154934 0.000468562 0.00565263 0.0579074
9 36 1 0.605144 0.542972 0.00313322 0.00645973 1.30973e+07 5.46475e+07 2.47153e+07 4.51633e+06 0 4.47116e+07 0 5.46475e+07 4.47116e+07 2.47153e+07 4.51633e+06 0.00531597 -0.0013671 0.000468985 0.00712579 0.0582333
4 36 2 0.771419 0.339619 0.00442595 0.00451996 1.1443e+07 4.77449e+07 2.15934e+07 3.94586e+06 0 3.9064e+07 0 4.77449e+07 3.9064e+07 2.15934e+07 3.94586e+06 0.00609948 -0.000458712 -0.00260516 0.0091422 0.0688883
15 37 0 0.24496 0.255734 0.000960064 0.00420754 9.45854e+06 3.9465e+07 1.78487e+07 3.26157e+06 0 3.22895e+07 0 3.9465e+07 3.22895e+07 1.78487e+07 3.26157e+06 0.00522067 -0.00196922 -0.00126543 0.01197 0.071299
20 37 1 0.0734331 0.530373 0.000204632 0.0071483 2.08791e+07 8.71162e+07 3.93998e+07 7.19968e+06 0 7.12769e+07 0 8.71162e+07 7.12769e+07 3.93998e+07 7.19968e+06 0.00357336 -0.00429872 0.00264463 0.00536724 0.0559312
22 37 2 -0.0314887 0.261196 -0.000179327 0.00591515 1.06879e+07 4.45942e+07 2.01685e+07 3.68547e+06 0 3.64861e+07 0 4.45942e+07 3.64861e+07 2.01685e+07 3.68547e+06 0.00362556 -0.00935905 -0.00179128 0.0106176 0.0705631
5 38 0 0.813584 0.127205 0.00361291 0.00193929 7.64675e+06 3.19054e+07 1.44298e+07 2.63681e+06 0 2.61044e+07 0 3.19054e+07 2.61044e+07 1.44298e+07 2.63681e+06 0.00815166 0.000692211 0.0203732 0.014327 0.082906
2 38 1 1 1.12658e-25 -3.7099e-27 1.95401e-26 7.01981e+06 2.92895e+07 1.32467e+07 2.42062e+06 0 2.39642e+07 0 2.92895e+07 2.39642e+07 1.32467e+07 2.42062e+06 -9.55097e-26 -9.31393e-25 0.0551231 0.0191301 0.0932147
1 38 2 1.03183 0.161008 0.00584245 0.00178896 7.68648e+06 3.20712e+07 1.45047e+07 2.65051e+06 0 2.624e+07 0 3.20712e+07 2.624e+07 1.45047e+07 2.65051e+06 0.00817962 -0.00636943 0.00862243 0.0144199 0.0810263
4 39 0 0.771419 0.339619 0.00442595 0.00451996 1.1443e+07 4.77449e+07 2.15934e+07 3.94586e+06 0 3.9064e+07 0 4.77449e+07 3.9064e+07 2.15934e+07 3.94586e+06 0.00609948 -0.000458712 -0.00260516 0.0091422 0.0688883
5 39 1 0.813584 0.127205 0.00361291 0.00193929 7.64675e+06 3.19054e+07 1.44298e+07 2.63681e+06 0 2.61044e+07 0 3.19054e+07 2.61044e+07 1.44298e+07 2.63681e+06 0.00815166 0.000692211 0.0203732 0.014327 0.082906
1 39 2 1.03183 0.161008 0.00584245 0.00178896 7.68648e+06 3.20712e+07 1.45047e+07 2.65051e+06 0 2.624e+07 0 3.20712e+07 2.624e+07 1.45047e+07 2.65051e+06 0.00817962 -0.00636943 0.00862243 0.0144199 0.0810263
6 40 0 0.714286 3.70844e-25 6.31212e-27 4.99722e-26 9.25393e+06 3.86112e+07 1.74626e+07 3.19101e+06 0 3.1591e+07 0 3.86112e+07 3.1591e+07 1.74626e+07 3.19101e+06 0.00218552 0.000111293 0.0283619 0.0155365 0.0937852
2 40 1 1 1.12658e-25 -3.7099e-27 1.95401e-26 7.01981e+06 2.92895e+07 1.32467e+07 2.42062e+06 0 2.39642e+07 0 2.92895e+07 2.39642e+07 1.32467e+07 2.42062e+06 -9.55097e-26 -9.31393e-25 0.0551231 0.0191301 0.0932147
5 40 2 0.813584 0.127205 0.00361291 0.00193929 7.64675e+06 3.19054e+07 1.44298e+07 2.63681e+06 0 2.61044e+07 0 3.19054e+07 2.61044e+07 1.44298e+07 2.63681e+06 0.00815166 0.000692211 0.0203732 0.014327 0.082906
1 41 0 1.03183 0.161008 0.00584245 0.00178896 7.68648e+06 3.20712e+07 1.45047e+07 2.65051e+06 0 2.624e+07 0 3.20712e+07 2.624e+07 1.45047e+07 2.65051e+06 0.00817962 -0.00636943 0.00862243 0.0144199 0.0810263
0 41 1 0.972051 0.430525 0.00555869 0.00569328 7.60403e+06 3.17271e+07 1.43491e+07 2.62208e+06 0 2.59586e+07 0 3.17271e+07 2.59586e+07 1.43491e+07 2.62208e+06 0.00863859 0.00217038 -0.00444079 0.0114452 0.0669931
4 41 2 0.771419 0.339619 0.00442595 0.00451996 1.1443e+07 4.77449e+07 2.15934e+07 3.94586e+06 0 3.9064e+07 0 4.77449e+07 3.9064e+07 2.15934e+07 3.94586e+06 0.00609948 -0.000458712 -0.00260516 0.0091422 0.0688883
0 42 0 0.972051 0.430525 0.00555869 0.00569328 7.60403e+06 3.17271e+07 1.43491e+07 2.62208e+06 0 2.59586e+07 0 3.17271e+07 2.59586e+07 1.43491e+07 2.62208e+06 0.00863859 0.00217038 -0.00444079 0.0114452 0.0669931
3 42 1 0.850999 0.65742 0.00430545 0.00702691 1.81222e+07 7.56135e+07 3.41975e+07 6.24905e+06 0 6.18656e+07 0 7.56135e+07 6.18656e+07 3.41975e+07 6.24905e+06 0.00364509 0.00154934 0.000468562 0.00565263 0.0579074
4 42 2 0.771419 0.339619 0.00442595 0.00451996 1.1443e+07 4.77449e+07 2.15934e+07 3.94586e+06 0 3.9064e+07 0 4.77449e+07 3.9064e+07 2.15934e+07 3.94586e+06 0.00609948 -0.000458712 -0.00260516 0.0091422 0.0688883
4 43 0 0.771419 0.339619 0.00442595 0.00451996 1.1443e+07 4.77449e+07 2.15934e+07 3.94586e+06 0 3.9064e+07 0 4.77449e+07 3.9064e+07 2.15934e+07 3.94586e+06 0.00609948 -0.000458712 -0.00260516 0.0091422 0.0688883
10 43 1 0.530175 0.255108 0.00280982 0.00380164 7.78452e+06 3.24802e+07 1.46897e+07 2.68432e+06 0 2.65747e+07 0 3.24802e+07 2.65747e+07 1.46897e+07 2.68432e+06 0.00774565 -0.000822565 -0.00085779 0.0128895 0.0725963
5 43 2 0.813584 0.127205 0.00361291 0.00193929 7.64675e+06 3.19054e+07 1.44298e+07 2.63681e+06 0 2.61044e+07 0 3.19054e+07 2.61044e+07 1.44298e+07 2.63681e+06 0.00815166 0.000692211 0.0203732 0.014327 0.082906
7 44 0 0.700752 0.823577 0.00430616 0.00779253 2.54243e+07 1.06081e+08 4.79768e+07 8.767e+06 0 8.67933e+07 0 1.06081e+08 8.67933e+07 4.79768e+07 8.767e+06 0.0024949 -0.00359354 0.00522978 0.00406385 0.0522559
9 44 1 0.605144 0.542972 0.00313322 0.00645973 1.30973e+07 5.46475e+07 2.47153e+07 4.51633e+06 0 4.47116e+07 0 5.46475e+07 4.47116e+07 2.47153e+07 4.51633e+06 0.00531597 -0.0013671 0.000468985 0.00712579 0.0582333
3 44 2 0.850999 0.65742 0.00430545 0.00702691 1.81222e+07 7.56135e+07 3.41975e+07 6.24905e+06 0 6.18656e+07 0 7.56135e+07 6.18656e+07 3.41975e+07 6.24905e+06 0.00364509 0.00154934 0.000468562 0.00565263 0.0579074
10 45 0 0.530175 0.255108 0.00280982 0.00380164 7.78452e+06 3.24802e+07 1.46897e+07 2.68432e+06 0 2.65747e+07 0 3.24802e+07 2.65747e+07 1.46897e+07 2.68432e+06 0.00774565 -0.000822565 -0.00085779 0.0128895 0.0725963
6 45 1 0.714286 3.70844e-25 6.31212e-27 4.99722e-26 9.25393e+06 3.86112e+07 1.74626e+07 3.19101e+06 0 3.1591e+07 0 3.86112e+07 3.1591e+07 1.74626e+07 3.19101e+06 0.00218552 0.000111293 0.0283619 0.0155365 0.0937852
5 45 2 0.813584 0.127205 0.00361291 0.00193929 7.64675e+06 3.19054e+07 1.44298e+07 2.63681e+06 0 2.61044e+07 0 3.19054e+07 2.61044e+07 1.44298e+07 2.63681e+06 0.00815166 0.000692211 0.0203732 0.014327 0.082906
12 46 0 0.426934 0.747865 0.00283175 0.00807246 1.4907e+07 6.21982e+07 2.81302e+07 5.14035e+06 0 5.08894e+07 0 6.21982e+07 5.08894e+07 2.81302e+07 5.14035e+06 0.00523433 -0.00131281 0.00576468 0.00628551 0.0504089
14 46 1 0.33798 0.505073 0.00146418 0.00641739 1.335e+07 5.57018e+07 2.51921e+07 4.60345e+06 0 4.55742e+07 0 5.57018e+07 4.55742e+07 2.51921e+07 4.60345e+06 0.00626986 -0.000208602 0.00196472 0.00716539 0.0578535
9 46 2 0.605144 0.542972 0.00313322 0.00645973 1.30973e+07 5.46475e+07 2.47153e+07 4.51633e+06 0 4.47116e+07 0 5.46475e+07 4.47116e+07 2.47153e+07 4.51633e+06 0.00531597 -0.0013671 0.000468985 0.00712579 0.0582333
13 47 0 0.329686 1.03989 0.00368821 0.0101238 1.72048e+07 7.17854e+07 3.24662e+07 5.93268e+06 0 5.87335e+07 0 7.17854e+07 5.87335e+07 3.24662e+07 5.93268e+06 0.00158729 0.00594161 0.00425572 0.00785282 0.0459838
12 47 1 0.426934 0.747865 0.00283175 0.00807246 1.4907e+07 6.21982e+07 2.81302e+07 5.14035e+06 0 5.08894e+07 0 6.21982e+07 5.08894e+07 2.81302e+07 5.14035e+06 0.00523433 -0.00131281 0.00576468 0.00628551 0.0504089
8 47 2 0.534637 0.948814 0.00474975 0.00987385 3.29862e+06 1.37632e+07 6.22465e+06 1.13746e+06 0 1.12608e+07 0 1.37632e+07 1.12608e+07 6.22465e+06 1.13746e+06 0.00805649 -0.00640962 0.00906009 0.0173797 0.0485383
18 48 0 0.180278 0.787501 0.001859 0.00853252 1.47635e+07 6.15996e+07 2.78595e+07 5.09088e+06 0 5.03997e+07 0 6.15996e+07 5.03997e+07 2.78595e+07 5.09088e+06 0.0044613 -0.00237609 0.00688477 0.00817314 0.0481008
14 48 1 0.33798 0.505073 0.00146418 0.00641739 1.335e+07 5.57018e+07 2.51921e+07 4.60345e+06 0 4.55742e+07 0 5.57018e+07 4.55742e+07 2.51921e+07 4.60345e+06 0.00626986 -0.000208602 0.00196472 0.00716539 0.0578535
12 48 2 0.426934 0.747865 0.00283175 0.00807246 1.4907e+07 6.21982e+07 2.81302e+07 5.14035e+06 0 5.08894e+07 0 6.21982e+07 5.08894e+07 2.81302e+07 5.14035e+06 0.00523433 -0.00131281 0.00576468 0.00628551 0.0504089
9 49 0 0.605144 0.542972 0.00313322 0.00645973 1.30973e+07 5.46475e+07 2.47153e+07 4.51633e+06 0 4.47116e+07 0 5.46475e+07 4.47116e+07 2.47153e+07 4.51633e+06 0.00531597 -0.0013671 0.000468985 0.00712579 0.0582333
10 49 1 0.530175 0.255108 0.00280982 0.00380164 7.78452e+06 3.24802e+07 1.46897e+07 2.68432e+06 0 2.65747e+07 0 3.24802e+07 2.65747e+07 1.46897e+07 2.68432e+06 0.00774565 -0.000822565 -0.00085779 0.0128895 0.0725963
4 49 2 0.771419 0.339619 0.00442595 0.00451996 1.1443e+07 4.77449e+07 2.15934e+07 3.94586e+06 0 3.9064e+07 0 4.77449e+07 3.9064e+07 2.15934e+07 3.94586e+06 0.00609948 -0.000458712 -0.00260516 0.0091422 0.0688883
8 50 0 0.534637 0.948814 0.00474975 0.00987385 3.29862e+06 1.37632e+07 6.22465e+06 1.13746e+06 0 1.12608e+07 0 1.37632e+07 1.12608e+07 6.22465e+06 1.13746e+06 0.00805649 -0.00640962 0.00906009 0.0173797 0.0485383
12 50 1 0.426934 0.747865 0.00283175 0.00807246 1.4907e+07 6.21982e+07 2.81302e+07 5.14035e+06 0 5.08894e+07 0 6.21982e+07 5.08894e+07 2.81302e+07 5.14035e+06 0.00523433 -0.00131281 0.00576468 0.00628551 0.0504089
7 50 2 0.700752 0.823577 0.00430616 0.00779253 2.54243e+07 1.06081e+08 4.79768e+07 8.767e+06 0 8.67933e+07 0 1.06081e+08 8.67933e+07 4.79768e+07 8.767e+06 0.0024949 -0.00359354 0.00522978 0.00406385 0.0522559
14 51 0 0.33798 0.505073 0.00146418 0.00641739 1.335e+07 5.57018e+07 2.51921e+07 4.60345e+06 0 4.55742e+07 0 5.57018e+07 4.55742e+07 2.51921e+07 4.60345e+06 0.00626986 -0.000208602 0.00196472 0.00716539 0.0578535
15 51 1 0.24496 0.255734 0.000960064 0.00420754 9.45854e+06 3.9465e+07 1.78487e+07 3.26157e+06 0 3.22895e+07 0 3.9465e+07 3.22895e+07 1.78487e+07 3.26157e+06 0.00522067 -0.00196922 -0.00126543 0.01197 0.071299
10 51 2 0.530175 0.255108 0.00280982 0.00380164 7.78452e+06 3.24802e+07 1.46897e+07 2.68432e+06 0 2.65747e+07 0 3.24802e+07 2.65747e+07 1.46897e+07 2.68432e+06 0.00774565 -0.000822565 -0.00085779 0.0128895 0.0725963
7 52 0 0.700752 0.823577 0.00430616 0.00779253 2.54243e+07 1.06081e+08 4.79768e+07 8.767e+06 0 8.67933e+07 0 1.06081e+08 8.67933e+07 4.79768e+07 8.767e+06 0.0024949 -0.00359354 0.00522978 0.00406385 0.0522559
12 52 1 0.426934 0.747865 0.00283175 0.00807246 1.4907e+07 6.21982e+07 2.81302e+07 5.14035e+06 0 5.08894e+07 0 6.21982e+07 5.08894e+07 2.81302e+07 5.14035e+06 0.00523433 -0.00131281 0.00576468 0.00628551 0.0504089
9 52 2 0.605144 0.542972 0.00313322 0.00645973 1.30973e+07 5.46475e+07 2.47153e+07 4.51633e+06 0 4.47116e+07 0 5.46475e+07 4.47116e+07 2.47153e+07 4.51633e+06 0.00531597 -0.0013671 0.000468985 0.00712579 0.0582333
20 53 0 0.0734331 0.530373 0.000204632 0.0071483 2.08791e+07 8.71162e+07 3.93998e+07 7.19968e+06 0 7.12769e+07 0 8.71162e+07 7.12769e+07 3.93998e+07 7.19968e+06 0.00357336 -0.00429872 0.00264463 0.00536724 0.0559312
25 53 1 -0.18589 0.526724 -0.000861678 0.00860769 2.7707e+07 1.15605e+08 5.22844e+07 9.55414e+06 0 9.4586e+07 0 1.15605e+08 9.4586e+07 5.22844e+07 9.55414e+06 0.00373619 -0.00463418 0.000932464 0.00152618 0.0563093
22 53 2 -0.0314887 0.261196 -0.000179327 0.00591515 1.06879e+07 4.45942e+07 2.01685e+07 3.68547e+06 0 3.64861e+07 0 4.45942e+07 3.64861e+07 2.01685e+07 3.68547e+06 0.00362556 -0.00935905 -0.00179128 0.0106176 0.0705631
18 54 0 0.180278 0.787501 0.001859 0.00853252 1.47635e+07 6.15996e+07 2.78595e+07 5.09088e+06 0 5.03997e+07 0 6.15996e+07 5.03997e+07 2.78595e+07 5.09088e+06 0.0044613 -0.00237609 0.00688477 0.00817314 0.0481008
20 54 1 0.0734331 0.530373 0.000204632 0.0071483 2.08791e+07 8.71162e+07 3.93998e+07 7.19968e+06 0 7.12769e+07 0 8.71162e+07 7.12769e+07 3.93998e+07 7.19968e+06 0.00357336 -0.00429872 0.00264463 0.00536724 0.0559312
14 54 2 0.33798 0.505073 0.00146418 0.00641739 1.335e+07 5.57018e+07 2.51921e+07 4.60345e+06 0 4.55742e+07 0 5.57018e+07 4.55742e+07 2.51921e+07 4.60345e+06 0.00626986 -0.000208602 0.00196472 0.00716539 0.0578535
18 55 0 0.180278 0.787501 0.001859 0.00853252 1.47635e+07 6.15996e+07 2.78595e+07 5.09088e+06 0 5.03997e+07 0 6.15996e+07 5.03997e+07 2.78595e+07 5.09088e+06 0.0044613 -0.00237609 0.00688477 0.00817314 0.0481008
23 55 1 -0.0907887 0.81806 0.00061584 0.00992263 1.10588e+07 4.61419e+07 2.08685e+07 3.81338e+06 0 3.77525e+07 0 4.61419e+07 3.77525e+07 2.08685e+07 3.81338e+06 0.00613618 -0.00605624 0.00575666 0.00800897 0.0472525
20 55 2 0.0734331 0.530373 0.000204632 0.0071483 2.08791e+07 8.71162e+07 3.93998e+07 7.19968e+06 0 7.12769e+07 0 8.71162e+07 7.12769e+07 3.93998e+07 7.19968e+06 0.00357336 -0.00429872 0.00264463 0.00536724 0.0559312
