Index_Vertex nbTriangle nbInTr x y ux uy Elast AR BR IR GR ER FR A1 A2 B12 C3 Defxx Defxy Defyx Defyy Density 
84 0 0 -1.32476 0.364885 -0.00818891 0.00206967 7.88537e+06 3.2901e+07 1.48801e+07 2.71909e+06 0 2.6919e+07 0 3.2901e+07 2.6919e+07 1.48801e+07 2.71909e+06 0.00929205 0.00238391 0.00597532 0.013227 0.0415225
86 0 1 -1.60579 0.150506 -0.0110184 -0.00384917 1.9712e+06 8.22466e+06 3.71974e+06 679724 0 6.72926e+06 0 8.22466e+06 6.72926e+06 3.71974e+06 679724 0.0187348 0.00338526 -0.00743227 0.0354128 0.0409185
83 0 2 -1.30531 0.0330587 -0.00397052 -0.00221306 9.06641e+06 3.78288e+07 1.71087e+07 3.12635e+06 0 3.09508e+07 0 3.78288e+07 3.09508e+07 1.71087e+07 3.12635e+06 0.0102287 0.00192586 -0.0299151 0.0104154 0.0459344
80 1 0 -0.973803 0.277471 -0.00550272 0.00359072 5.25032e+06 2.19065e+07 9.90759e+06 1.81046e+06 0 1.79235e+07 0 2.19065e+07 1.79235e+07 9.90759e+06 1.81046e+06 0.00717328 0.0072819 0.000227557 0.0168348 0.0530619
78 1 1 -1 2.86501e-24 -2.04282e-26 4.85847e-26 1.59714e+07 6.66392e+07 3.01387e+07 5.50737e+06 0 5.4523e+07 0 6.66392e+07 5.4523e+07 3.01387e+07 5.50737e+06 0.00831198 0.0141276 -0.0390647 0.00395816 0.064175
74 1 2 -0.714286 -4.35727e-05 -8.15918e-28 4.74744e-26 6.13598e+06 2.56019e+07 1.15789e+07 2.11586e+06 0 2.0947e+07 0 2.56019e+07 2.0947e+07 1.15789e+07 2.11586e+06 0.00485412 0.00242559 -0.0214241 0.0204341 0.0822801
72 2 0 -0.773583 0.600487 -0.00433032 0.00758718 1.82166e+07 7.6007e+07 3.43755e+07 6.28157e+06 0 6.21876e+07 0 7.6007e+07 6.21876e+07 3.43755e+07 6.28157e+06 0.00375491 0.000766279 -0.00213228 0.00665711 0.044705
80 2 1 -0.973803 0.277471 -0.00550272 0.00359072 5.25032e+06 2.19065e+07 9.90759e+06 1.81046e+06 0 1.79235e+07 0 2.19065e+07 1.79235e+07 9.90759e+06 1.81046e+06 0.00717328 0.0072819 0.000227557 0.0168348 0.0530619
73 2 2 -0.615472 0.302299 -0.00342589 0.00442789 1.11781e+07 4.66396e+07 2.10935e+07 3.85451e+06 0 3.81597e+07 0 4.66396e+07 3.81597e+07 2.10935e+07 3.85451e+06 0.0032495 -0.00134645 -0.00223011 0.0127154 0.0617906
76 3 0 -1.03907 0.897913 -0.00583864 0.00892208 1.28513e+07 5.36209e+07 2.4251e+07 4.43148e+06 0 4.38717e+07 0 5.36209e+07 4.38717e+07 2.4251e+07 4.43148e+06 0.0056537 0.00471676 0.00038807 0.00721353 0.0339243
79 3 1 -1.08912 0.577252 -0.00596693 0.00607316 1.47202e+07 6.14187e+07 2.77777e+07 5.07593e+06 0 5.02517e+07 0 6.14187e+07 5.02517e+07 2.77777e+07 5.07593e+06 0.00557757 0.00947109 0.00158044 0.00617137 0.0406291
72 3 2 -0.773583 0.600487 -0.00433032 0.00758718 1.82166e+07 7.6007e+07 3.43755e+07 6.28157e+06 0 6.21876e+07 0 7.6007e+07 6.21876e+07 3.43755e+07 6.28157e+06 0.00375491 0.000766279 -0.00213228 0.00665711 0.044705
68 4 0 -0.751941 1.13977 -0.00493636 0.0107843 2.01577e+07 8.41063e+07 3.80385e+07 6.95093e+06 0 6.88142e+07 0 8.41063e+07 6.88142e+07 3.80385e+07 6.95093e+06 0.00329438 -0.00685733 -0.00360442 0.00509003 0.0305764
76 4 1 -1.03907 0.897913 -0.00583864 0.00892208 1.28513e+07 5.36209e+07 2.4251e+07 4.43148e+06 0 4.38717e+07 0 5.36209e+07 4.38717e+07 2.4251e+07 4.43148e+06 0.0056537 0.00471676 0.00038807 0.00721353 0.0339243
71 4 2 -0.783549 0.868873 -0.0048058 0.00916329 2.51798e+07 1.05061e+08 4.75154e+07 8.68269e+06 0 8.59586e+07 0 1.05061e+08 8.59586e+07 4.75154e+07 8.68269e+06 0.00233991 -0.00143357 -0.00118469 0.00506321 0.0363533
75 5 0 -1.30171 1.04226 -0.00805168 0.00987012 4.54622e+06 1.89687e+07 8.57892e+06 1.56766e+06 0 1.55198e+07 0 1.89687e+07 1.55198e+07 8.57892e+06 1.56766e+06 0.0119797 0.000230783 8.36912e-05 0.0162264 0.0306462
81 5 1 -1.36844 0.72293 -0.0078084 0.00595041 1.11692e+07 4.66024e+07 2.10767e+07 3.85144e+06 0 3.81293e+07 0 4.66024e+07 3.81293e+07 2.10767e+07 3.85144e+06 0.00699482 0.00114053 -0.00149124 0.0087497 0.0350347
76 5 2 -1.03907 0.897913 -0.00583864 0.00892208 1.28513e+07 5.36209e+07 2.4251e+07 4.43148e+06 0 4.38717e+07 0 5.36209e+07 4.38717e+07 2.4251e+07 4.43148e+06 0.0056537 0.00471676 0.00038807 0.00721353 0.0339243
81 6 0 -1.36844 0.72293 -0.0078084 0.00595041 1.11692e+07 4.66024e+07 2.10767e+07 3.85144e+06 0 3.81293e+07 0 4.66024e+07 3.81293e+07 2.10767e+07 3.85144e+06 0.00699482 0.00114053 -0.00149124 0.0087497 0.0350347
84 6 1 -1.32476 0.364885 -0.00818891 0.00206967 7.88537e+06 3.2901e+07 1.48801e+07 2.71909e+06 0 2.6919e+07 0 3.2901e+07 2.6919e+07 1.48801e+07 2.71909e+06 0.00929205 0.00238391 0.00597532 0.013227 0.0415225
79 6 2 -1.08912 0.577252 -0.00596693 0.00607316 1.47202e+07 6.14187e+07 2.77777e+07 5.07593e+06 0 5.02517e+07 0 6.14187e+07 5.02517e+07 2.77777e+07 5.07593e+06 0.00557757 0.00947109 0.00158044 0.00617137 0.0406291
84 7 0 -1.32476 0.364885 -0.00818891 0.00206967 7.88537e+06 3.2901e+07 1.48801e+07 2.71909e+06 0 2.6919e+07 0 3.2901e+07 2.6919e+07 1.48801e+07 2.71909e+06 0.00929205 0.00238391 0.00597532 0.013227 0.0415225
83 7 1 -1.30531 0.0330587 -0.00397052 -0.00221306 9.06641e+06 3.78288e+07 1.71087e+07 3.12635e+06 0 3.09508e+07 0 3.78288e+07 3.09508e+07 1.71087e+07 3.12635e+06 0.0102287 0.00192586 -0.0299151 0.0104154 0.0459344
80 7 2 -0.973803 0.277471 -0.00550272 0.00359072 5.25032e+06 2.19065e+07 9.90759e+06 1.81046e+06 0 1.79235e+07 0 2.19065e+07 1.79235e+07 9.90759e+06 1.81046e+06 0.00717328 0.0072819 0.000227557 0.0168348 0.0530619
84 8 0 -1.32476 0.364885 -0.00818891 0.00206967 7.88537e+06 3.2901e+07 1.48801e+07 2.71909e+06 0 2.6919e+07 0 3.2901e+07 2.6919e+07 1.48801e+07 2.71909e+06 0.00929205 0.00238391 0.00597532 0.013227 0.0415225
85 8 1 -1.63661 0.453073 -0.01029 0.00283307 8.22846e+06 3.43325e+07 1.55275e+07 2.8374e+06 0 2.80903e+07 0 3.43325e+07 2.80903e+07 1.55275e+07 2.8374e+06 0.0093265 0.00289306 0.00430206 0.0109109 0.0378332
86 8 2 -1.60579 0.150506 -0.0110184 -0.00384917 1.9712e+06 8.22466e+06 3.71974e+06 679724 0 6.72926e+06 0 8.22466e+06 6.72926e+06 3.71974e+06 679724 0.0187348 0.00338526 -0.00743227 0.0354128 0.0409185
78 9 0 -1 2.86501e-24 -2.04282e-26 4.85847e-26 1.59714e+07 6.66392e+07 3.01387e+07 5.50737e+06 0 5.4523e+07 0 6.66392e+07 5.4523e+07 3.01387e+07 5.50737e+06 0.00831198 0.0141276 -0.0390647 0.00395816 0.064175
80 9 1 -0.973803 0.277471 -0.00550272 0.00359072 5.25032e+06 2.19065e+07 9.90759e+06 1.81046e+06 0 1.79235e+07 0 2.19065e+07 1.79235e+07 9.90759e+06 1.81046e+06 0.00717328 0.0072819 0.000227557 0.0168348 0.0530619
83 9 2 -1.30531 0.0330587 -0.00397052 -0.00221306 9.06641e+06 3.78288e+07 1.71087e+07 3.12635e+06 0 3.09508e+07 0 3.78288e+07 3.09508e+07 1.71087e+07 3.12635e+06 0.0102287 0.00192586 -0.0299151 0.0104154 0.0459344
81 10 0 -1.36844 0.72293 -0.0078084 0.00595041 1.11692e+07 4.66024e+07 2.10767e+07 3.85144e+06 0 3.81293e+07 0 4.66024e+07 3.81293e+07 2.10767e+07 3.85144e+06 0.00699482 0.00114053 -0.00149124 0.0087497 0.0350347
77 10 1 -1.57095 1.03684 -0.0104895 0.0100177 9.36225e+06 3.90632e+07 1.7667e+07 3.22836e+06 0 3.19608e+07 0 3.90632e+07 3.19608e+07 1.7667e+07 3.22836e+06 0.00603282 -0.00190562 0.00470963 0.0124923 0.0309251
82 10 2 -1.65835 0.756428 -0.0104431 0.00671574 5.83405e+06 2.43421e+07 1.10091e+07 2.01174e+06 0 1.99162e+07 0 2.43421e+07 1.99162e+07 1.10091e+07 2.01174e+06 0.011952 -0.00125546 -0.00378634 0.0148046 0.0341037
80 11 0 -0.973803 0.277471 -0.00550272 0.00359072 5.25032e+06 2.19065e+07 9.90759e+06 1.81046e+06 0 1.79235e+07 0 2.19065e+07 1.79235e+07 9.90759e+06 1.81046e+06 0.00717328 0.0072819 0.000227557 0.0168348 0.0530619
79 11 1 -1.08912 0.577252 -0.00596693 0.00607316 1.47202e+07 6.14187e+07 2.77777e+07 5.07593e+06 0 5.02517e+07 0 6.14187e+07 5.02517e+07 2.77777e+07 5.07593e+06 0.00557757 0.00947109 0.00158044 0.00617137 0.0406291
84 11 2 -1.32476 0.364885 -0.00818891 0.00206967 7.88537e+06 3.2901e+07 1.48801e+07 2.71909e+06 0 2.6919e+07 0 3.2901e+07 2.6919e+07 1.48801e+07 2.71909e+06 0.00929205 0.00238391 0.00597532 0.013227 0.0415225
76 12 0 -1.03907 0.897913 -0.00583864 0.00892208 1.28513e+07 5.36209e+07 2.4251e+07 4.43148e+06 0 4.38717e+07 0 5.36209e+07 4.38717e+07 2.4251e+07 4.43148e+06 0.0056537 0.00471676 0.00038807 0.00721353 0.0339243
69 12 1 -1.11851 1.27331 -0.0071157 0.0120987 1.14268e+07 4.76774e+07 2.15629e+07 3.94028e+06 0 3.90088e+07 0 4.76774e+07 3.90088e+07 2.15629e+07 3.94028e+06 0.00602542 0.00146517 -0.00487616 0.00937969 0.0278872
75 12 2 -1.30171 1.04226 -0.00805168 0.00987012 4.54622e+06 1.89687e+07 8.57892e+06 1.56766e+06 0 1.55198e+07 0 1.89687e+07 1.55198e+07 8.57892e+06 1.56766e+06 0.0119797 0.000230783 8.36912e-05 0.0162264 0.0306462
81 13 0 -1.36844 0.72293 -0.0078084 0.00595041 1.11692e+07 4.66024e+07 2.10767e+07 3.85144e+06 0 3.81293e+07 0 4.66024e+07 3.81293e+07 2.10767e+07 3.85144e+06 0.00699482 0.00114053 -0.00149124 0.0087497 0.0350347
85 13 1 -1.63661 0.453073 -0.01029 0.00283307 8.22846e+06 3.43325e+07 1.55275e+07 2.8374e+06 0 2.80903e+07 0 3.43325e+07 2.80903e+07 1.55275e+07 2.8374e+06 0.0093265 0.00289306 0.00430206 0.0109109 0.0378332
84 13 2 -1.32476 0.364885 -0.00818891 0.00206967 7.88537e+06 3.2901e+07 1.48801e+07 2.71909e+06 0 2.6919e+07 0 3.2901e+07 2.6919e+07 1.48801e+07 2.71909e+06 0.00929205 0.00238391 0.00597532 0.013227 0.0415225
73 14 0 -0.615472 0.302299 -0.00342589 0.00442789 1.11781e+07 4.66396e+07 2.10935e+07 3.85451e+06 0 3.81597e+07 0 4.66396e+07 3.81597e+07 2.10935e+07 3.85451e+06 0.0032495 -0.00134645 -0.00223011 0.0127154 0.0617906
74 14 1 -0.714286 -4.35727e-05 -8.15918e-28 4.74744e-26 6.13598e+06 2.56019e+07 1.15789e+07 2.11586e+06 0 2.0947e+07 0 2.56019e+07 2.0947e+07 1.15789e+07 2.11586e+06 0.00485412 0.00242559 -0.0214241 0.0204341 0.0822801
67 14 2 -0.428571 7.66996e-07 -6.88097e-27 4.35111e-26 1.04169e+07 4.34638e+07 1.96572e+07 3.59205e+06 0 3.55613e+07 0 4.34638e+07 3.55613e+07 1.96572e+07 3.59205e+06 -2.99475e-08 1.85146e-08 -0.0112114 0.00693131 0.08912
64 15 0 -0.524338 0.876563 -0.0034648 0.00859086 7.34e+06 3.06255e+07 1.38509e+07 2.53104e+06 0 2.50573e+07 0 3.06255e+07 2.50573e+07 1.38509e+07 2.53104e+06 0.00911583 0.000360192 -0.0032179 0.00878337 0.0378493
72 15 1 -0.773583 0.600487 -0.00433032 0.00758718 1.82166e+07 7.6007e+07 3.43755e+07 6.28157e+06 0 6.21876e+07 0 7.6007e+07 6.21876e+07 3.43755e+07 6.28157e+06 0.00375491 0.000766279 -0.00213228 0.00665711 0.044705
66 15 2 -0.415311 0.58643 -0.00239916 0.0069943 1.70863e+07 7.12909e+07 3.22425e+07 5.89181e+06 0 5.83289e+07 0 7.12909e+07 5.83289e+07 3.22425e+07 5.89181e+06 0.00620269 0.00331992 0.00279848 0.00395926 0.0494066
80 16 0 -0.973803 0.277471 -0.00550272 0.00359072 5.25032e+06 2.19065e+07 9.90759e+06 1.81046e+06 0 1.79235e+07 0 2.19065e+07 1.79235e+07 9.90759e+06 1.81046e+06 0.00717328 0.0072819 0.000227557 0.0168348 0.0530619
74 16 1 -0.714286 -4.35727e-05 -8.15918e-28 4.74744e-26 6.13598e+06 2.56019e+07 1.15789e+07 2.11586e+06 0 2.0947e+07 0 2.56019e+07 2.0947e+07 1.15789e+07 2.11586e+06 0.00485412 0.00242559 -0.0214241 0.0204341 0.0822801
73 16 2 -0.615472 0.302299 -0.00342589 0.00442789 1.11781e+07 4.66396e+07 2.10935e+07 3.85451e+06 0 3.81597e+07 0 4.66396e+07 3.81597e+07 2.10935e+07 3.85451e+06 0.0032495 -0.00134645 -0.00223011 0.0127154 0.0617906
85 17 0 -1.63661 0.453073 -0.01029 0.00283307 8.22846e+06 3.43325e+07 1.55275e+07 2.8374e+06 0 2.80903e+07 0 3.43325e+07 2.80903e+07 1.55275e+07 2.8374e+06 0.0093265 0.00289306 0.00430206 0.0109109 0.0378332
81 17 1 -1.36844 0.72293 -0.0078084 0.00595041 1.11692e+07 4.66024e+07 2.10767e+07 3.85144e+06 0 3.81293e+07 0 4.66024e+07 3.81293e+07 2.10767e+07 3.85144e+06 0.00699482 0.00114053 -0.00149124 0.0087497 0.0350347
82 17 2 -1.65835 0.756428 -0.0104431 0.00671574 5.83405e+06 2.43421e+07 1.10091e+07 2.01174e+06 0 1.99162e+07 0 2.43421e+07 1.99162e+07 1.10091e+07 2.01174e+06 0.011952 -0.00125546 -0.00378634 0.0148046 0.0341037
75 18 0 -1.30171 1.04226 -0.00805168 0.00987012 4.54622e+06 1.89687e+07 8.57892e+06 1.56766e+06 0 1.55198e+07 0 1.89687e+07 1.55198e+07 8.57892e+06 1.56766e+06 0.0119797 0.000230783 8.36912e-05 0.0162264 0.0306462
69 18 1 -1.11851 1.27331 -0.0071157 0.0120987 1.14268e+07 4.76774e+07 2.15629e+07 3.94028e+06 0 3.90088e+07 0 4.76774e+07 3.90088e+07 2.15629e+07 3.94028e+06 0.00602542 0.00146517 -0.00487616 0.00937969 0.0278872
70 18 2 -1.48714 1.31835 -0.00918632 0.0124218 1.74236e+07 7.26985e+07 3.28791e+07 6.00814e+06 0 5.94806e+07 0 7.26985e+07 5.94806e+07 3.28791e+07 6.00814e+06 0.00310543 0.00282836 0.00182841 0.00431303 0.028031
81 19 0 -1.36844 0.72293 -0.0078084 0.00595041 1.11692e+07 4.66024e+07 2.10767e+07 3.85144e+06 0 3.81293e+07 0 4.66024e+07 3.81293e+07 2.10767e+07 3.85144e+06 0.00699482 0.00114053 -0.00149124 0.0087497 0.0350347
75 19 1 -1.30171 1.04226 -0.00805168 0.00987012 4.54622e+06 1.89687e+07 8.57892e+06 1.56766e+06 0 1.55198e+07 0 1.89687e+07 1.55198e+07 8.57892e+06 1.56766e+06 0.0119797 0.000230783 8.36912e-05 0.0162264 0.0306462
77 19 2 -1.57095 1.03684 -0.0104895 0.0100177 9.36225e+06 3.90632e+07 1.7667e+07 3.22836e+06 0 3.19608e+07 0 3.90632e+07 3.19608e+07 1.7667e+07 3.22836e+06 0.00603282 -0.00190562 0.00470963 0.0124923 0.0309251
81 20 0 -1.36844 0.72293 -0.0078084 0.00595041 1.11692e+07 4.66024e+07 2.10767e+07 3.85144e+06 0 3.81293e+07 0 4.66024e+07 3.81293e+07 2.10767e+07 3.85144e+06 0.00699482 0.00114053 -0.00149124 0.0087497 0.0350347
79 20 1 -1.08912 0.577252 -0.00596693 0.00607316 1.47202e+07 6.14187e+07 2.77777e+07 5.07593e+06 0 5.02517e+07 0 6.14187e+07 5.02517e+07 2.77777e+07 5.07593e+06 0.00557757 0.00947109 0.00158044 0.00617137 0.0406291
76 20 2 -1.03907 0.897913 -0.00583864 0.00892208 1.28513e+07 5.36209e+07 2.4251e+07 4.43148e+06 0 4.38717e+07 0 5.36209e+07 4.38717e+07 2.4251e+07 4.43148e+06 0.0056537 0.00471676 0.00038807 0.00721353 0.0339243
65 21 0 -0.294557 0.292319 -0.000590773 0.0043476 533253 2.22495e+06 1.00627e+06 183880 0 1.82042e+06 0 2.22495e+06 1.82042e+06 1.00627e+06 183880 0.0168958 -0.00142695 -0.000576484 0.0234686 0.06705
73 21 1 -0.615472 0.302299 -0.00342589 0.00442789 1.11781e+07 4.66396e+07 2.10935e+07 3.85451e+06 0 3.81597e+07 0 4.66396e+07 3.81597e+07 2.10935e+07 3.85451e+06 0.0032495 -0.00134645 -0.00223011 0.0127154 0.0617906
67 21 2 -0.428571 7.66996e-07 -6.88097e-27 4.35111e-26 1.04169e+07 4.34638e+07 1.96572e+07 3.59205e+06 0 3.55613e+07 0 4.34638e+07 3.55613e+07 1.96572e+07 3.59205e+06 -2.99475e-08 1.85146e-08 -0.0112114 0.00693131 0.08912
62 22 0 -0.978218 1.61294 -0.00751167 0.0145111 1.70119e+07 7.09807e+07 3.21022e+07 5.86617e+06 0 5.80751e+07 0 7.09807e+07 5.80751e+07 3.21022e+07 5.86617e+06 0.00408443 -0.00137192 0.00192037 0.00648946 0.0243727
63 22 1 -1.34552 1.55301 -0.00891073 0.0142551 1.84432e+07 7.69527e+07 3.48032e+07 6.35972e+06 0 6.29613e+07 0 7.69527e+07 6.29613e+07 3.48032e+07 6.35972e+06 0.00381878 0.000548784 0.00116726 0.00583072 0.0257609
69 22 2 -1.11851 1.27331 -0.0071157 0.0120987 1.14268e+07 4.76774e+07 2.15629e+07 3.94028e+06 0 3.90088e+07 0 4.76774e+07 3.90088e+07 2.15629e+07 3.94028e+06 0.00602542 0.00146517 -0.00487616 0.00937969 0.0278872
69 23 0 -1.11851 1.27331 -0.0071157 0.0120987 1.14268e+07 4.76774e+07 2.15629e+07 3.94028e+06 0 3.90088e+07 0 4.76774e+07 3.90088e+07 2.15629e+07 3.94028e+06 0.00602542 0.00146517 -0.00487616 0.00937969 0.0278872
63 23 1 -1.34552 1.55301 -0.00891073 0.0142551 1.84432e+07 7.69527e+07 3.48032e+07 6.35972e+06 0 6.29613e+07 0 7.69527e+07 6.29613e+07 3.48032e+07 6.35972e+06 0.00381878 0.000548784 0.00116726 0.00583072 0.0257609
70 23 2 -1.48714 1.31835 -0.00918632 0.0124218 1.74236e+07 7.26985e+07 3.28791e+07 6.00814e+06 0 5.94806e+07 0 7.26985e+07 5.94806e+07 3.28791e+07 6.00814e+06 0.00310543 0.00282836 0.00182841 0.00431303 0.028031
77 24 0 -1.57095 1.03684 -0.0104895 0.0100177 9.36225e+06 3.90632e+07 1.7667e+07 3.22836e+06 0 3.19608e+07 0 3.90632e+07 3.19608e+07 1.7667e+07 3.22836e+06 0.00603282 -0.00190562 0.00470963 0.0124923 0.0309251
75 24 1 -1.30171 1.04226 -0.00805168 0.00987012 4.54622e+06 1.89687e+07 8.57892e+06 1.56766e+06 0 1.55198e+07 0 1.89687e+07 1.55198e+07 8.57892e+06 1.56766e+06 0.0119797 0.000230783 8.36912e-05 0.0162264 0.0306462
70 24 2 -1.48714 1.31835 -0.00918632 0.0124218 1.74236e+07 7.26985e+07 3.28791e+07 6.00814e+06 0 5.94806e+07 0 7.26985e+07 5.94806e+07 3.28791e+07 6.00814e+06 0.00310543 0.00282836 0.00182841 0.00431303 0.028031
60 25 0 -0.383041 1.1743 -0.00300997 0.0103202 1.54774e+07 6.4578e+07 2.92065e+07 5.33703e+06 0 5.28366e+07 0 6.4578e+07 5.28366e+07 2.92065e+07 5.33703e+06 0.00575867 -0.0025751 0.00192157 0.00513264 0.0308714
56 25 1 -0.193879 0.873924 -0.00150106 0.0085121 2.22743e+07 9.29375e+07 4.20325e+07 7.68078e+06 0 7.60397e+07 0 9.29375e+07 7.60397e+07 4.20325e+07 7.68078e+06 0.00272908 -0.000733706 -0.00179786 0.00413245 0.0393019
50 25 2 0.00851829 1.18522 -0.00130399 0.0104952 2.16905e+07 9.05016e+07 4.09309e+07 7.47947e+06 0 7.40468e+07 0 9.05016e+07 7.40468e+07 4.09309e+07 7.47947e+06 -0.00108056 0.00640457 0.00051005 0.00724057 0.0310337
59 26 0 -0.610533 1.47259 -0.00554654 0.0140132 1.67686e+06 6.99657e+06 3.16432e+06 578229 0 5.72447e+06 0 6.99657e+06 5.72447e+06 3.16432e+06 578229 0.0111697 0.00432059 -0.00620774 0.0153907 0.0256722
60 26 1 -0.383041 1.1743 -0.00300997 0.0103202 1.54774e+07 6.4578e+07 2.92065e+07 5.33703e+06 0 5.28366e+07 0 6.4578e+07 5.28366e+07 2.92065e+07 5.33703e+06 0.00575867 -0.0025751 0.00192157 0.00513264 0.0308714
51 26 2 -0.252198 1.46772 -0.00150262 0.012299 1.08393e+07 4.5226e+07 2.04542e+07 3.73768e+06 0 3.70031e+07 0 4.5226e+07 3.70031e+07 2.04542e+07 3.73768e+06 0.00266103 -0.000836665 0.00341026 0.00505435 0.0258503
64 27 0 -0.524338 0.876563 -0.0034648 0.00859086 7.34e+06 3.06255e+07 1.38509e+07 2.53104e+06 0 2.50573e+07 0 3.06255e+07 2.50573e+07 1.38509e+07 2.53104e+06 0.00911583 0.000360192 -0.0032179 0.00878337 0.0378493
56 27 1 -0.193879 0.873924 -0.00150106 0.0085121 2.22743e+07 9.29375e+07 4.20325e+07 7.68078e+06 0 7.60397e+07 0 9.29375e+07 7.60397e+07 4.20325e+07 7.68078e+06 0.00272908 -0.000733706 -0.00179786 0.00413245 0.0393019
60 27 2 -0.383041 1.1743 -0.00300997 0.0103202 1.54774e+07 6.4578e+07 2.92065e+07 5.33703e+06 0 5.28366e+07 0 6.4578e+07 5.28366e+07 2.92065e+07 5.33703e+06 0.00575867 -0.0025751 0.00192157 0.00513264 0.0308714
71 28 0 -0.783549 0.868873 -0.0048058 0.00916329 2.51798e+07 1.05061e+08 4.75154e+07 8.68269e+06 0 8.59586e+07 0 1.05061e+08 8.59586e+07 4.75154e+07 8.68269e+06 0.00233991 -0.00143357 -0.00118469 0.00506321 0.0363533
64 28 1 -0.524338 0.876563 -0.0034648 0.00859086 7.34e+06 3.06255e+07 1.38509e+07 2.53104e+06 0 2.50573e+07 0 3.06255e+07 2.50573e+07 1.38509e+07 2.53104e+06 0.00911583 0.000360192 -0.0032179 0.00878337 0.0378493
68 28 2 -0.751941 1.13977 -0.00493636 0.0107843 2.01577e+07 8.41063e+07 3.80385e+07 6.95093e+06 0 6.88142e+07 0 8.41063e+07 6.88142e+07 3.80385e+07 6.95093e+06 0.00329438 -0.00685733 -0.00360442 0.00509003 0.0305764
71 29 0 -0.783549 0.868873 -0.0048058 0.00916329 2.51798e+07 1.05061e+08 4.75154e+07 8.68269e+06 0 8.59586e+07 0 1.05061e+08 8.59586e+07 4.75154e+07 8.68269e+06 0.00233991 -0.00143357 -0.00118469 0.00506321 0.0363533
72 29 1 -0.773583 0.600487 -0.00433032 0.00758718 1.82166e+07 7.6007e+07 3.43755e+07 6.28157e+06 0 6.21876e+07 0 7.6007e+07 6.21876e+07 3.43755e+07 6.28157e+06 0.00375491 0.000766279 -0.00213228 0.00665711 0.044705
64 29 2 -0.524338 0.876563 -0.0034648 0.00859086 7.34e+06 3.06255e+07 1.38509e+07 2.53104e+06 0 2.50573e+07 0 3.06255e+07 2.50573e+07 1.38509e+07 2.53104e+06 0.00911583 0.000360192 -0.0032179 0.00878337 0.0378493
58 30 0 -0.142857 3.8073e-09 -8.62708e-21 -1.8281e-20 1.62673e+07 6.78738e+07 3.06971e+07 5.60941e+06 0 5.55331e+07 0 6.78738e+07 5.55331e+07 3.06971e+07 5.60941e+06 1.41643e-08 1.4789e-08 0.00530266 0.00553654 0.0920754
55 30 1 -0.00364018 0.259455 0.000869136 0.00322836 1.76581e+07 7.3677e+07 3.33217e+07 6.08901e+06 0 6.02812e+07 0 7.3677e+07 6.02812e+07 3.33217e+07 6.08901e+06 -0.00145847 0.00461315 -0.00203978 0.0102534 0.0706042
65 30 2 -0.294557 0.292319 -0.000590773 0.0043476 533253 2.22495e+06 1.00627e+06 183880 0 1.82042e+06 0 2.22495e+06 1.82042e+06 1.00627e+06 183880 0.0168958 -0.00142695 -0.000576484 0.0234686 0.06705
62 31 0 -0.978218 1.61294 -0.00751167 0.0145111 1.70119e+07 7.09807e+07 3.21022e+07 5.86617e+06 0 5.80751e+07 0 7.09807e+07 5.80751e+07 3.21022e+07 5.86617e+06 0.00408443 -0.00137192 0.00192037 0.00648946 0.0243727
54 31 1 -1.21071 1.79165 -0.00826732 0.0156023 2.09714e+07 8.75014e+07 3.9574e+07 7.23152e+06 0 7.15921e+07 0 8.75014e+07 7.15921e+07 3.9574e+07 7.23152e+06 0.0029413 0.000713924 -0.0012371 0.00486634 0.0238612
63 31 2 -1.34552 1.55301 -0.00891073 0.0142551 1.84432e+07 7.69527e+07 3.48032e+07 6.35972e+06 0 6.29613e+07 0 7.69527e+07 6.29613e+07 3.48032e+07 6.35972e+06 0.00381878 0.000548784 0.00116726 0.00583072 0.0257609
61 32 0 -0.865866 1.37607 -0.00653775 0.0127799 1.9763e+07 8.24594e+07 3.72937e+07 6.81483e+06 0 6.74668e+07 0 8.24594e+07 6.74668e+07 3.72937e+07 6.81483e+06 0.00177798 -0.00312092 -0.00750417 0.00698958 0.0267353
62 32 1 -0.978218 1.61294 -0.00751167 0.0145111 1.70119e+07 7.09807e+07 3.21022e+07 5.86617e+06 0 5.80751e+07 0 7.09807e+07 5.80751e+07 3.21022e+07 5.86617e+06 0.00408443 -0.00137192 0.00192037 0.00648946 0.0243727
69 32 2 -1.11851 1.27331 -0.0071157 0.0120987 1.14268e+07 4.76774e+07 2.15629e+07 3.94028e+06 0 3.90088e+07 0 4.76774e+07 3.90088e+07 2.15629e+07 3.94028e+06 0.00602542 0.00146517 -0.00487616 0.00937969 0.0278872
68 33 0 -0.751941 1.13977 -0.00493636 0.0107843 2.01577e+07 8.41063e+07 3.80385e+07 6.95093e+06 0 6.88142e+07 0 8.41063e+07 6.88142e+07 3.80385e+07 6.95093e+06 0.00329438 -0.00685733 -0.00360442 0.00509003 0.0305764
61 33 1 -0.865866 1.37607 -0.00653775 0.0127799 1.9763e+07 8.24594e+07 3.72937e+07 6.81483e+06 0 6.74668e+07 0 8.24594e+07 6.74668e+07 3.72937e+07 6.81483e+06 0.00177798 -0.00312092 -0.00750417 0.00698958 0.0267353
69 33 2 -1.11851 1.27331 -0.0071157 0.0120987 1.14268e+07 4.76774e+07 2.15629e+07 3.94028e+06 0 3.90088e+07 0 4.76774e+07 3.90088e+07 2.15629e+07 3.94028e+06 0.00602542 0.00146517 -0.00487616 0.00937969 0.0278872
68 34 0 -0.751941 1.13977 -0.00493636 0.0107843 2.01577e+07 8.41063e+07 3.80385e+07 6.95093e+06 0 6.88142e+07 0 8.41063e+07 6.88142e+07 3.80385e+07 6.95093e+06 0.00329438 -0.00685733 -0.00360442 0.00509003 0.0305764
60 34 1 -0.383041 1.1743 -0.00300997 0.0103202 1.54774e+07 6.4578e+07 2.92065e+07 5.33703e+06 0 5.28366e+07 0 6.4578e+07 5.28366e+07 2.92065e+07 5.33703e+06 0.00575867 -0.0025751 0.00192157 0.00513264 0.0308714
59 34 2 -0.610533 1.47259 -0.00554654 0.0140132 1.67686e+06 6.99657e+06 3.16432e+06 578229 0 5.72447e+06 0 6.99657e+06 5.72447e+06 3.16432e+06 578229 0.0111697 0.00432059 -0.00620774 0.0153907 0.0256722
52 35 0 -0.7171 1.82371 -0.0062552 0.0174786 2.59659e+07 1.0834e+08 4.89988e+07 8.95375e+06 0 8.86421e+07 0 1.0834e+08 8.86421e+07 4.89988e+07 8.95375e+06 0.00193006 0.0106009 0.00431002 0.00451443 0.0224084
53 35 1 -1.01338 1.96826 -0.00738369 0.0173306 8.83354e+06 3.68572e+07 1.66693e+07 3.04605e+06 0 3.01559e+07 0 3.68572e+07 3.01559e+07 1.66693e+07 3.04605e+06 0.00663183 -0.000767227 -0.00209897 0.0102918 0.0224676
62 35 2 -0.978218 1.61294 -0.00751167 0.0145111 1.70119e+07 7.09807e+07 3.21022e+07 5.86617e+06 0 5.80751e+07 0 7.09807e+07 5.80751e+07 3.21022e+07 5.86617e+06 0.00408443 -0.00137192 0.00192037 0.00648946 0.0243727
46 36 0 0.262743 0.385977 0.00162262 0.00453927 1.39969e+07 5.84008e+07 2.64128e+07 4.82652e+06 0 4.77825e+07 0 5.84008e+07 4.77825e+07 2.64128e+07 4.82652e+06 0.00649748 -0.000732012 -0.00313221 0.00390308 0.0615194
48 36 1 0.142857 -8.17048e-11 -7.69974e-20 -6.77997e-19 5.60979e+06 2.34064e+07 1.05859e+07 1.93441e+06 0 1.91507e+07 0 2.34064e+07 1.91507e+07 1.05859e+07 1.93441e+06 0.00263221 0.000700462 0.00870436 0.0196277 0.0923658
39 36 2 0.428571 1.54371e-13 -7.39293e-20 -7.31372e-20 7.45747e+06 3.11156e+07 1.40726e+07 2.57154e+06 0 2.54583e+07 0 3.11156e+07 2.54583e+07 1.40726e+07 2.57154e+06 9.81443e-15 9.71352e-15 0.0182227 0.0180329 0.0900042
47 37 0 0.14636 0.798 8.55777e-05 0.00772816 1.53392e+07 6.40017e+07 2.89458e+07 5.28939e+06 0 5.2365e+07 0 6.40017e+07 5.2365e+07 2.89458e+07 5.28939e+06 0.00604783 -0.00703258 -0.00109117 0.00616471 0.0421585
57 37 1 -0.0736895 0.551065 -0.000485768 0.00603674 1.58705e+07 6.62185e+07 2.99484e+07 5.4726e+06 0 5.41787e+07 0 6.62185e+07 5.41787e+07 2.99484e+07 5.4726e+06 0.00386679 -0.0102933 -0.00667427 0.00764329 0.0528194
46 37 2 0.262743 0.385977 0.00162262 0.00453927 1.39969e+07 5.84008e+07 2.64128e+07 4.82652e+06 0 4.77825e+07 0 5.84008e+07 4.77825e+07 2.64128e+07 4.82652e+06 0.00649748 -0.000732012 -0.00313221 0.00390308 0.0615194
40 38 0 0.310403 1.4402 0.00126177 0.015188 8.78315e+06 3.66469e+07 1.65742e+07 3.02867e+06 0 2.99838e+07 0 3.66469e+07 2.99838e+07 1.65742e+07 3.02867e+06 0.00710678 0.00233363 0.004008 0.0089127 0.0262381
50 38 1 0.00851829 1.18522 -0.00130399 0.0104952 2.16905e+07 9.05016e+07 4.09309e+07 7.47947e+06 0 7.40468e+07 0 9.05016e+07 7.40468e+07 4.09309e+07 7.47947e+06 -0.00108056 0.00640457 0.00051005 0.00724057 0.0310337
41 38 2 0.369679 1.07559 0.00135459 0.00997951 474887 1.98142e+06 896132 163754 0 1.62116e+06 0 1.98142e+06 1.62116e+06 896132 163754 0.0193639 0.00189821 0.00272731 0.0203201 0.0332235
66 39 0 -0.415311 0.58643 -0.00239916 0.0069943 1.70863e+07 7.12909e+07 3.22425e+07 5.89181e+06 0 5.83289e+07 0 7.12909e+07 5.83289e+07 3.22425e+07 5.89181e+06 0.00620269 0.00331992 0.00279848 0.00395926 0.0494066
73 39 1 -0.615472 0.302299 -0.00342589 0.00442789 1.11781e+07 4.66396e+07 2.10935e+07 3.85451e+06 0 3.81597e+07 0 4.66396e+07 3.81597e+07 2.10935e+07 3.85451e+06 0.0032495 -0.00134645 -0.00223011 0.0127154 0.0617906
65 39 2 -0.294557 0.292319 -0.000590773 0.0043476 533253 2.22495e+06 1.00627e+06 183880 0 1.82042e+06 0 2.22495e+06 1.82042e+06 1.00627e+06 183880 0.0168958 -0.00142695 -0.000576484 0.0234686 0.06705
58 40 0 -0.142857 3.8073e-09 -8.62708e-21 -1.8281e-20 1.62673e+07 6.78738e+07 3.06971e+07 5.60941e+06 0 5.55331e+07 0 6.78738e+07 5.55331e+07 3.06971e+07 5.60941e+06 1.41643e-08 1.4789e-08 0.00530266 0.00553654 0.0920754
48 40 1 0.142857 -8.17048e-11 -7.69974e-20 -6.77997e-19 5.60979e+06 2.34064e+07 1.05859e+07 1.93441e+06 0 1.91507e+07 0 2.34064e+07 1.91507e+07 1.05859e+07 1.93441e+06 0.00263221 0.000700462 0.00870436 0.0196277 0.0923658
55 40 2 -0.00364018 0.259455 0.000869136 0.00322836 1.76581e+07 7.3677e+07 3.33217e+07 6.08901e+06 0 6.02812e+07 0 7.3677e+07 6.02812e+07 3.33217e+07 6.08901e+06 -0.00145847 0.00461315 -0.00203978 0.0102534 0.0706042
68 41 0 -0.751941 1.13977 -0.00493636 0.0107843 2.01577e+07 8.41063e+07 3.80385e+07 6.95093e+06 0 6.88142e+07 0 8.41063e+07 6.88142e+07 3.80385e+07 6.95093e+06 0.00329438 -0.00685733 -0.00360442 0.00509003 0.0305764
69 41 1 -1.11851 1.27331 -0.0071157 0.0120987 1.14268e+07 4.76774e+07 2.15629e+07 3.94028e+06 0 3.90088e+07 0 4.76774e+07 3.90088e+07 2.15629e+07 3.94028e+06 0.00602542 0.00146517 -0.00487616 0.00937969 0.0278872
76 41 2 -1.03907 0.897913 -0.00583864 0.00892208 1.28513e+07 5.36209e+07 2.4251e+07 4.43148e+06 0 4.38717e+07 0 5.36209e+07 4.38717e+07 2.4251e+07 4.43148e+06 0.0056537 0.00471676 0.00038807 0.00721353 0.0339243
44 42 0 -0.441361 2.05035 -0.00437702 0.02063 2.14324e+07 8.94249e+07 4.0444e+07 7.39049e+06 0 7.31659e+07 0 8.94249e+07 7.31659e+07 4.0444e+07 7.39049e+06 0.00482101 0.00619059 0.00405056 0.00286629 0.0206911
42 42 1 -0.143252 1.81682 -0.00152627 0.0175271 3.39212e+06 1.41533e+07 6.40109e+06 1.1697e+06 0 1.158e+07 0 1.41533e+07 1.158e+07 6.40109e+06 1.1697e+06 0.0122982 -0.00564922 -0.00992333 0.0205149 0.0219434
34 42 2 -0.0731578 2.14722 -0.00230247 0.0203081 1.35778e+07 5.66524e+07 2.5622e+07 4.68201e+06 0 4.63519e+07 0 5.66524e+07 4.63519e+07 2.5622e+07 4.68201e+06 0.00600053 -0.00895308 -0.00258984 0.00784015 0.0200245
62 43 0 -0.978218 1.61294 -0.00751167 0.0145111 1.70119e+07 7.09807e+07 3.21022e+07 5.86617e+06 0 5.80751e+07 0 7.09807e+07 5.80751e+07 3.21022e+07 5.86617e+06 0.00408443 -0.00137192 0.00192037 0.00648946 0.0243727
61 43 1 -0.865866 1.37607 -0.00653775 0.0127799 1.9763e+07 8.24594e+07 3.72937e+07 6.81483e+06 0 6.74668e+07 0 8.24594e+07 6.74668e+07 3.72937e+07 6.81483e+06 0.00177798 -0.00312092 -0.00750417 0.00698958 0.0267353
59 43 2 -0.610533 1.47259 -0.00554654 0.0140132 1.67686e+06 6.99657e+06 3.16432e+06 578229 0 5.72447e+06 0 6.99657e+06 5.72447e+06 3.16432e+06 578229 0.0111697 0.00432059 -0.00620774 0.0153907 0.0256722
51 44 0 -0.252198 1.46772 -0.00150262 0.012299 1.08393e+07 4.5226e+07 2.04542e+07 3.73768e+06 0 3.70031e+07 0 4.5226e+07 3.70031e+07 2.04542e+07 3.73768e+06 0.00266103 -0.000836665 0.00341026 0.00505435 0.0258503
42 44 1 -0.143252 1.81682 -0.00152627 0.0175271 3.39212e+06 1.41533e+07 6.40109e+06 1.1697e+06 0 1.158e+07 0 1.41533e+07 1.158e+07 6.40109e+06 1.1697e+06 0.0122982 -0.00564922 -0.00992333 0.0205149 0.0219434
49 44 2 -0.430944 1.72784 -0.00467513 0.0182104 2.61249e+06 1.09004e+07 4.92989e+06 900858 0 8.9185e+06 0 1.09004e+07 8.9185e+06 4.92989e+06 900858 0.0132747 -0.00967391 -0.00198389 0.0136734 0.0228701
64 45 0 -0.524338 0.876563 -0.0034648 0.00859086 7.34e+06 3.06255e+07 1.38509e+07 2.53104e+06 0 2.50573e+07 0 3.06255e+07 2.50573e+07 1.38509e+07 2.53104e+06 0.00911583 0.000360192 -0.0032179 0.00878337 0.0378493
60 45 1 -0.383041 1.1743 -0.00300997 0.0103202 1.54774e+07 6.4578e+07 2.92065e+07 5.33703e+06 0 5.28366e+07 0 6.4578e+07 5.28366e+07 2.92065e+07 5.33703e+06 0.00575867 -0.0025751 0.00192157 0.00513264 0.0308714
68 45 2 -0.751941 1.13977 -0.00493636 0.0107843 2.01577e+07 8.41063e+07 3.80385e+07 6.95093e+06 0 6.88142e+07 0 8.41063e+07 6.88142e+07 3.80385e+07 6.95093e+06 0.00329438 -0.00685733 -0.00360442 0.00509003 0.0305764
50 46 0 0.00851829 1.18522 -0.00130399 0.0104952 2.16905e+07 9.05016e+07 4.09309e+07 7.47947e+06 0 7.40468e+07 0 9.05016e+07 7.40468e+07 4.09309e+07 7.47947e+06 -0.00108056 0.00640457 0.00051005 0.00724057 0.0310337
40 46 1 0.310403 1.4402 0.00126177 0.015188 8.78315e+06 3.66469e+07 1.65742e+07 3.02867e+06 0 2.99838e+07 0 3.66469e+07 2.99838e+07 1.65742e+07 3.02867e+06 0.00710678 0.00233363 0.004008 0.0089127 0.0262381
43 46 2 0.0365682 1.54719 0.000302216 0.0137816 1.10518e+07 4.61129e+07 2.08553e+07 3.81098e+06 0 3.77287e+07 0 4.61129e+07 3.77287e+07 2.08553e+07 3.81098e+06 0.00335515 0.00953576 0.00351463 0.0119826 0.0247511
47 47 0 0.14636 0.798 8.55777e-05 0.00772816 1.53392e+07 6.40017e+07 2.89458e+07 5.28939e+06 0 5.2365e+07 0 6.40017e+07 5.2365e+07 2.89458e+07 5.28939e+06 0.00604783 -0.00703258 -0.00109117 0.00616471 0.0421585
50 47 1 0.00851829 1.18522 -0.00130399 0.0104952 2.16905e+07 9.05016e+07 4.09309e+07 7.47947e+06 0 7.40468e+07 0 9.05016e+07 7.40468e+07 4.09309e+07 7.47947e+06 -0.00108056 0.00640457 0.00051005 0.00724057 0.0310337
56 47 2 -0.193879 0.873924 -0.00150106 0.0085121 2.22743e+07 9.29375e+07 4.20325e+07 7.68078e+06 0 7.60397e+07 0 9.29375e+07 7.60397e+07 4.20325e+07 7.68078e+06 0.00272908 -0.000733706 -0.00179786 0.00413245 0.0393019
43 48 0 0.0365682 1.54719 0.000302216 0.0137816 1.10518e+07 4.61129e+07 2.08553e+07 3.81098e+06 0 3.77287e+07 0 4.61129e+07 3.77287e+07 2.08553e+07 3.81098e+06 0.00335515 0.00953576 0.00351463 0.0119826 0.0247511
42 48 1 -0.143252 1.81682 -0.00152627 0.0175271 3.39212e+06 1.41533e+07 6.40109e+06 1.1697e+06 0 1.158e+07 0 1.41533e+07 1.158e+07 6.40109e+06 1.1697e+06 0.0122982 -0.00564922 -0.00992333 0.0205149 0.0219434
51 48 2 -0.252198 1.46772 -0.00150262 0.012299 1.08393e+07 4.5226e+07 2.04542e+07 3.73768e+06 0 3.70031e+07 0 4.5226e+07 3.70031e+07 2.04542e+07 3.73768e+06 0.00266103 -0.000836665 0.00341026 0.00505435 0.0258503
50 49 0 0.00851829 1.18522 -0.00130399 0.0104952 2.16905e+07 9.05016e+07 4.09309e+07 7.47947e+06 0 7.40468e+07 0 9.05016e+07 7.40468e+07 4.09309e+07 7.47947e+06 -0.00108056 0.00640457 0.00051005 0.00724057 0.0310337
43 49 1 0.0365682 1.54719 0.000302216 0.0137816 1.10518e+07 4.61129e+07 2.08553e+07 3.81098e+06 0 3.77287e+07 0 4.61129e+07 3.77287e+07 2.08553e+07 3.81098e+06 0.00335515 0.00953576 0.00351463 0.0119826 0.0247511
51 49 2 -0.252198 1.46772 -0.00150262 0.012299 1.08393e+07 4.5226e+07 2.04542e+07 3.73768e+06 0 3.70031e+07 0 4.5226e+07 3.70031e+07 2.04542e+07 3.73768e+06 0.00266103 -0.000836665 0.00341026 0.00505435 0.0258503
40 50 0 0.310403 1.4402 0.00126177 0.015188 8.78315e+06 3.66469e+07 1.65742e+07 3.02867e+06 0 2.99838e+07 0 3.66469e+07 2.99838e+07 1.65742e+07 3.02867e+06 0.00710678 0.00233363 0.004008 0.0089127 0.0262381
33 50 1 0.221512 1.84127 0.000458921 0.0176422 2.08994e+07 8.72008e+07 3.9438e+07 7.20668e+06 0 7.13461e+07 0 8.72008e+07 7.13461e+07 3.9438e+07 7.20668e+06 0.00102707 0.00556114 -0.00520483 0.00477913 0.0217589
43 50 2 0.0365682 1.54719 0.000302216 0.0137816 1.10518e+07 4.61129e+07 2.08553e+07 3.81098e+06 0 3.77287e+07 0 4.61129e+07 3.77287e+07 2.08553e+07 3.81098e+06 0.00335515 0.00953576 0.00351463 0.0119826 0.0247511
59 51 0 -0.610533 1.47259 -0.00554654 0.0140132 1.67686e+06 6.99657e+06 3.16432e+06 578229 0 5.72447e+06 0 6.99657e+06 5.72447e+06 3.16432e+06 578229 0.0111697 0.00432059 -0.00620774 0.0153907 0.0256722
52 51 1 -0.7171 1.82371 -0.0062552 0.0174786 2.59659e+07 1.0834e+08 4.89988e+07 8.95375e+06 0 8.86421e+07 0 1.0834e+08 8.86421e+07 4.89988e+07 8.95375e+06 0.00193006 0.0106009 0.00431002 0.00451443 0.0224084
62 51 2 -0.978218 1.61294 -0.00751167 0.0145111 1.70119e+07 7.09807e+07 3.21022e+07 5.86617e+06 0 5.80751e+07 0 7.09807e+07 5.80751e+07 3.21022e+07 5.86617e+06 0.00408443 -0.00137192 0.00192037 0.00648946 0.0243727
60 52 0 -0.383041 1.1743 -0.00300997 0.0103202 1.54774e+07 6.4578e+07 2.92065e+07 5.33703e+06 0 5.28366e+07 0 6.4578e+07 5.28366e+07 2.92065e+07 5.33703e+06 0.00575867 -0.0025751 0.00192157 0.00513264 0.0308714
50 52 1 0.00851829 1.18522 -0.00130399 0.0104952 2.16905e+07 9.05016e+07 4.09309e+07 7.47947e+06 0 7.40468e+07 0 9.05016e+07 7.40468e+07 4.09309e+07 7.47947e+06 -0.00108056 0.00640457 0.00051005 0.00724057 0.0310337
51 52 2 -0.252198 1.46772 -0.00150262 0.012299 1.08393e+07 4.5226e+07 2.04542e+07 3.73768e+06 0 3.70031e+07 0 4.5226e+07 3.70031e+07 2.04542e+07 3.73768e+06 0.00266103 -0.000836665 0.00341026 0.00505435 0.0258503
37 53 0 0.605623 0.336031 0.00331252 0.00417655 1.69995e+07 7.09291e+07 3.20789e+07 5.86191e+06 0 5.80329e+07 0 7.09291e+07 5.80329e+07 3.20789e+07 5.86191e+06 0.00318209 0.00335323 -0.00104548 0.0067505 0.0608428
46 53 1 0.262743 0.385977 0.00162262 0.00453927 1.39969e+07 5.84008e+07 2.64128e+07 4.82652e+06 0 4.77825e+07 0 5.84008e+07 4.77825e+07 2.64128e+07 4.82652e+06 0.00649748 -0.000732012 -0.00313221 0.00390308 0.0615194
39 53 2 0.428571 1.54371e-13 -7.39293e-20 -7.31372e-20 7.45747e+06 3.11156e+07 1.40726e+07 2.57154e+06 0 2.54583e+07 0 3.11156e+07 2.54583e+07 1.40726e+07 2.57154e+06 9.81443e-15 9.71352e-15 0.0182227 0.0180329 0.0900042
29 54 0 0.714286 2.34685e-16 1.75546e-18 1.55338e-18 5.71449e+06 2.38432e+07 1.07835e+07 1.97051e+06 0 1.95081e+07 0 2.38432e+07 1.95081e+07 1.07835e+07 1.97051e+06 5.34293e-18 1.54221e-18 0.0289448 0.0217345 0.0839879
37 54 1 0.605623 0.336031 0.00331252 0.00417655 1.69995e+07 7.09291e+07 3.20789e+07 5.86191e+06 0 5.80329e+07 0 7.09291e+07 5.80329e+07 3.20789e+07 5.86191e+06 0.00318209 0.00335323 -0.00104548 0.0067505 0.0608428
39 54 2 0.428571 1.54371e-13 -7.39293e-20 -7.31372e-20 7.45747e+06 3.11156e+07 1.40726e+07 2.57154e+06 0 2.54583e+07 0 3.11156e+07 2.54583e+07 1.40726e+07 2.57154e+06 9.81443e-15 9.71352e-15 0.0182227 0.0180329 0.0900042
28 55 0 0.792252 0.629871 0.0041598 0.00706377 1.0514e+07 4.38686e+07 1.98403e+07 3.62551e+06 0 3.58925e+07 0 4.38686e+07 3.58925e+07 1.98403e+07 3.62551e+06 0.00718962 0.00221599 0.000224945 0.00936384 0.0441033
20 55 1 1.01546 0.899655 0.00578753 0.00929383 9.71147e+06 4.05203e+07 1.8326e+07 3.34878e+06 0 3.31529e+07 0 4.05203e+07 3.31529e+07 1.8326e+07 3.34878e+06 0.00774954 -0.000606554 1.89524e-05 0.00938954 0.034502
31 55 2 0.696111 0.978646 0.00416874 0.00961321 1.90771e+07 7.95977e+07 3.59994e+07 6.57832e+06 0 6.51254e+07 0 7.95977e+07 6.51254e+07 3.59994e+07 6.57832e+06 4.49124e-05 0.00370745 0.00456888 0.00611139 0.0344021
52 56 0 -0.7171 1.82371 -0.0062552 0.0174786 2.59659e+07 1.0834e+08 4.89988e+07 8.95375e+06 0 8.86421e+07 0 1.0834e+08 8.86421e+07 4.89988e+07 8.95375e+06 0.00193006 0.0106009 0.00431002 0.00451443 0.0224084
49 56 1 -0.430944 1.72784 -0.00467513 0.0182104 2.61249e+06 1.09004e+07 4.92989e+06 900858 0 8.9185e+06 0 1.09004e+07 8.9185e+06 4.92989e+06 900858 0.0132747 -0.00967391 -0.00198389 0.0136734 0.0228701
44 56 2 -0.441361 2.05035 -0.00437702 0.02063 2.14324e+07 8.94249e+07 4.0444e+07 7.39049e+06 0 7.31659e+07 0 8.94249e+07 7.31659e+07 4.0444e+07 7.39049e+06 0.00482101 0.00619059 0.00405056 0.00286629 0.0206911
54 57 0 -1.21071 1.79165 -0.00826732 0.0156023 2.09714e+07 8.75014e+07 3.9574e+07 7.23152e+06 0 7.15921e+07 0 8.75014e+07 7.15921e+07 3.9574e+07 7.23152e+06 0.0029413 0.000713924 -0.0012371 0.00486634 0.0238612
62 57 1 -0.978218 1.61294 -0.00751167 0.0145111 1.70119e+07 7.09807e+07 3.21022e+07 5.86617e+06 0 5.80751e+07 0 7.09807e+07 5.80751e+07 3.21022e+07 5.86617e+06 0.00408443 -0.00137192 0.00192037 0.00648946 0.0243727
53 57 2 -1.01338 1.96826 -0.00738369 0.0173306 8.83354e+06 3.68572e+07 1.66693e+07 3.04605e+06 0 3.01559e+07 0 3.68572e+07 3.01559e+07 1.66693e+07 3.04605e+06 0.00663183 -0.000767227 -0.00209897 0.0102918 0.0224676
59 58 0 -0.610533 1.47259 -0.00554654 0.0140132 1.67686e+06 6.99657e+06 3.16432e+06 578229 0 5.72447e+06 0 6.99657e+06 5.72447e+06 3.16432e+06 578229 0.0111697 0.00432059 -0.00620774 0.0153907 0.0256722
51 58 1 -0.252198 1.46772 -0.00150262 0.012299 1.08393e+07 4.5226e+07 2.04542e+07 3.73768e+06 0 3.70031e+07 0 4.5226e+07 3.70031e+07 2.04542e+07 3.73768e+06 0.00266103 -0.000836665 0.00341026 0.00505435 0.0258503
49 58 2 -0.430944 1.72784 -0.00467513 0.0182104 2.61249e+06 1.09004e+07 4.92989e+06 900858 0 8.9185e+06 0 1.09004e+07 8.9185e+06 4.92989e+06 900858 0.0132747 -0.00967391 -0.00198389 0.0136734 0.0228701
52 59 0 -0.7171 1.82371 -0.0062552 0.0174786 2.59659e+07 1.0834e+08 4.89988e+07 8.95375e+06 0 8.86421e+07 0 1.0834e+08 8.86421e+07 4.89988e+07 8.95375e+06 0.00193006 0.0106009 0.00431002 0.00451443 0.0224084
59 59 1 -0.610533 1.47259 -0.00554654 0.0140132 1.67686e+06 6.99657e+06 3.16432e+06 578229 0 5.72447e+06 0 6.99657e+06 5.72447e+06 3.16432e+06 578229 0.0111697 0.00432059 -0.00620774 0.0153907 0.0256722
49 59 2 -0.430944 1.72784 -0.00467513 0.0182104 2.61249e+06 1.09004e+07 4.92989e+06 900858 0 8.9185e+06 0 1.09004e+07 8.9185e+06 4.92989e+06 900858 0.0132747 -0.00967391 -0.00198389 0.0136734 0.0228701
61 60 0 -0.865866 1.37607 -0.00653775 0.0127799 1.9763e+07 8.24594e+07 3.72937e+07 6.81483e+06 0 6.74668e+07 0 8.24594e+07 6.74668e+07 3.72937e+07 6.81483e+06 0.00177798 -0.00312092 -0.00750417 0.00698958 0.0267353
68 60 1 -0.751941 1.13977 -0.00493636 0.0107843 2.01577e+07 8.41063e+07 3.80385e+07 6.95093e+06 0 6.88142e+07 0 8.41063e+07 6.88142e+07 3.80385e+07 6.95093e+06 0.00329438 -0.00685733 -0.00360442 0.00509003 0.0305764
59 60 2 -0.610533 1.47259 -0.00554654 0.0140132 1.67686e+06 6.99657e+06 3.16432e+06 578229 0 5.72447e+06 0 6.99657e+06 5.72447e+06 3.16432e+06 578229 0.0111697 0.00432059 -0.00620774 0.0153907 0.0256722
34 61 0 -0.0731578 2.14722 -0.00230247 0.0203081 1.35778e+07 5.66524e+07 2.5622e+07 4.68201e+06 0 4.63519e+07 0 5.66524e+07 4.63519e+07 2.5622e+07 4.68201e+06 0.00600053 -0.00895308 -0.00258984 0.00784015 0.0200245
24 61 1 0.262713 2.18781 -0.000503905 0.0199046 1.50288e+07 6.27062e+07 2.83599e+07 5.18233e+06 0 5.13051e+07 0 6.27062e+07 5.13051e+07 2.83599e+07 5.18233e+06 0.0051011 0.00477661 -0.000651891 0.0068375 0.019866
25 61 2 0.0981797 2.48767 -0.00111088 0.0230186 6.56866e+06 2.74072e+07 1.23954e+07 2.26505e+06 0 2.2424e+07 0 2.74072e+07 2.2424e+07 1.23954e+07 2.26505e+06 0.00815013 -0.0068268 0.00253007 0.0130297 0.0193631
35 62 0 -0.38308 2.38885 -0.00420961 0.022599 1.58354e+07 6.60716e+07 2.9882e+07 5.46047e+06 0 5.40586e+07 0 6.60716e+07 5.40586e+07 2.9882e+07 5.46047e+06 0.00353011 -0.0016018 -0.00165832 0.00743167 0.0198043
34 62 1 -0.0731578 2.14722 -0.00230247 0.0203081 1.35778e+07 5.66524e+07 2.5622e+07 4.68201e+06 0 4.63519e+07 0 5.66524e+07 4.63519e+07 2.5622e+07 4.68201e+06 0.00600053 -0.00895308 -0.00258984 0.00784015 0.0200245
26 62 2 -0.143461 2.44318 -0.00299345 0.0231956 9.79372e+06 4.08634e+07 1.84812e+07 3.37714e+06 0 3.34337e+07 0 4.08634e+07 3.34337e+07 1.84812e+07 3.37714e+06 0.00678614 -0.00133465 -0.000325056 0.0106494 0.0195015
42 63 0 -0.143252 1.81682 -0.00152627 0.0175271 3.39212e+06 1.41533e+07 6.40109e+06 1.1697e+06 0 1.158e+07 0 1.41533e+07 1.158e+07 6.40109e+06 1.1697e+06 0.0122982 -0.00564922 -0.00992333 0.0205149 0.0219434
33 63 1 0.221512 1.84127 0.000458921 0.0176422 2.08994e+07 8.72008e+07 3.9438e+07 7.20668e+06 0 7.13461e+07 0 8.72008e+07 7.13461e+07 3.9438e+07 7.20668e+06 0.00102707 0.00556114 -0.00520483 0.00477913 0.0217589
34 63 2 -0.0731578 2.14722 -0.00230247 0.0203081 1.35778e+07 5.66524e+07 2.5622e+07 4.68201e+06 0 4.63519e+07 0 5.66524e+07 4.63519e+07 2.5622e+07 4.68201e+06 0.00600053 -0.00895308 -0.00258984 0.00784015 0.0200245
21 64 0 0.940688 1.60003 0.00542985 0.0163277 8.26949e+06 3.45037e+07 1.56049e+07 2.85155e+06 0 2.82303e+07 0 3.45037e+07 2.82303e+07 1.56049e+07 2.85155e+06 0.00722224 0.00293435 -0.00439085 0.010966 0.0243281
10 64 1 1.20402 1.41837 0.00749237 0.0148825 1.73575e+07 7.24227e+07 3.27544e+07 5.98534e+06 0 5.92549e+07 0 7.24227e+07 5.92549e+07 3.27544e+07 5.98534e+06 0.00313373 0.000709867 -0.00126658 0.00586996 0.0263617
7 64 2 1.31151 1.75318 0.00703896 0.0179104 9.49372e+06 3.96117e+07 1.79151e+07 3.2737e+06 0 3.24096e+07 0 3.96117e+07 3.24096e+07 1.79151e+07 3.2737e+06 0.00733559 -0.00119576 -0.00891288 0.0110291 0.0240984
31 65 0 0.696111 0.978646 0.00416874 0.00961321 1.90771e+07 7.95977e+07 3.59994e+07 6.57832e+06 0 6.51254e+07 0 7.95977e+07 6.51254e+07 3.59994e+07 6.57832e+06 4.49124e-05 0.00370745 0.00456888 0.00611139 0.0344021
22 65 1 0.94912 1.22862 0.00601507 0.0124444 9.17645e+06 3.82879e+07 1.73164e+07 3.16429e+06 0 3.13265e+07 0 3.82879e+07 3.13265e+07 1.73164e+07 3.16429e+06 0.00802333 0.00655127 0.00184966 0.0100741 0.0287579
32 65 2 0.640215 1.33899 0.00384306 0.0131153 1.03212e+07 4.30645e+07 1.94766e+07 3.55905e+06 0 3.52346e+07 0 4.30645e+07 3.52346e+07 1.94766e+07 3.55905e+06 0.00690793 -0.00949578 -0.000208092 0.0108823 0.0274296
20 66 0 1.01546 0.899655 0.00578753 0.00929383 9.71147e+06 4.05203e+07 1.8326e+07 3.34878e+06 0 3.31529e+07 0 4.05203e+07 3.31529e+07 1.8326e+07 3.34878e+06 0.00774954 -0.000606554 1.89524e-05 0.00938954 0.034502
9 66 1 1.27266 1.10751 0.00808251 0.0117797 7.42592e+06 3.0984e+07 1.4013e+07 2.56066e+06 0 2.53505e+07 0 3.0984e+07 2.53505e+07 1.4013e+07 2.56066e+06 0.00743432 -0.000915093 0.00095024 0.0141845 0.0300803
22 66 2 0.94912 1.22862 0.00601507 0.0124444 9.17645e+06 3.82879e+07 1.73164e+07 3.16429e+06 0 3.13265e+07 0 3.82879e+07 3.13265e+07 1.73164e+07 3.16429e+06 0.00802333 0.00655127 0.00184966 0.0100741 0.0287579
34 67 0 -0.0731578 2.14722 -0.00230247 0.0203081 1.35778e+07 5.66524e+07 2.5622e+07 4.68201e+06 0 4.63519e+07 0 5.66524e+07 4.63519e+07 2.5622e+07 4.68201e+06 0.00600053 -0.00895308 -0.00258984 0.00784015 0.0200245
25 67 1 0.0981797 2.48767 -0.00111088 0.0230186 6.56866e+06 2.74072e+07 1.23954e+07 2.26505e+06 0 2.2424e+07 0 2.74072e+07 2.2424e+07 1.23954e+07 2.26505e+06 0.00815013 -0.0068268 0.00253007 0.0130297 0.0193631
26 67 2 -0.143461 2.44318 -0.00299345 0.0231956 9.79372e+06 4.08634e+07 1.84812e+07 3.37714e+06 0 3.34337e+07 0 4.08634e+07 3.34337e+07 1.84812e+07 3.37714e+06 0.00678614 -0.00133465 -0.000325056 0.0106494 0.0195015
23 68 0 0.555561 2.04635 0.00113973 0.0195768 1.81995e+07 7.5936e+07 3.43433e+07 6.2757e+06 0 6.21294e+07 0 7.5936e+07 6.21294e+07 3.43433e+07 6.2757e+06 0.00421456 0.00205955 -0.00244206 0.00510571 0.0207002
24 68 1 0.262713 2.18781 -0.000503905 0.0199046 1.50288e+07 6.27062e+07 2.83599e+07 5.18233e+06 0 5.13051e+07 0 6.27062e+07 5.13051e+07 2.83599e+07 5.18233e+06 0.0051011 0.00477661 -0.000651891 0.0068375 0.019866
33 68 2 0.221512 1.84127 0.000458921 0.0176422 2.08994e+07 8.72008e+07 3.9438e+07 7.20668e+06 0 7.13461e+07 0 8.72008e+07 7.13461e+07 3.9438e+07 7.20668e+06 0.00102707 0.00556114 -0.00520483 0.00477913 0.0217589
30 69 0 0.565206 1.68374 0.00271335 0.0171242 1.24511e+07 5.19512e+07 2.34958e+07 4.29349e+06 0 4.25055e+07 0 5.19512e+07 4.25055e+07 2.34958e+07 4.29349e+06 0.00537938 -0.00301154 -0.00515092 0.0076971 0.0232176
21 69 1 0.940688 1.60003 0.00542985 0.0163277 8.26949e+06 3.45037e+07 1.56049e+07 2.85155e+06 0 2.82303e+07 0 3.45037e+07 2.82303e+07 1.56049e+07 2.85155e+06 0.00722224 0.00293435 -0.00439085 0.010966 0.0243281
19 69 2 0.815373 1.87545 0.00323224 0.0187272 1.05404e+07 4.3979e+07 1.98903e+07 3.63463e+06 0 3.59828e+07 0 4.3979e+07 3.59828e+07 1.98903e+07 3.63463e+06 0.0071297 0.00116003 -0.00480018 0.00973201 0.0220591
41 70 0 0.369679 1.07559 0.00135459 0.00997951 474887 1.98142e+06 896132 163754 0 1.62116e+06 0 1.98142e+06 1.62116e+06 896132 163754 0.0193639 0.00189821 0.00272731 0.0203201 0.0332235
32 70 1 0.640215 1.33899 0.00384306 0.0131153 1.03212e+07 4.30645e+07 1.94766e+07 3.55905e+06 0 3.52346e+07 0 4.30645e+07 3.52346e+07 1.94766e+07 3.55905e+06 0.00690793 -0.00949578 -0.000208092 0.0108823 0.0274296
40 70 2 0.310403 1.4402 0.00126177 0.015188 8.78315e+06 3.66469e+07 1.65742e+07 3.02867e+06 0 2.99838e+07 0 3.66469e+07 2.99838e+07 1.65742e+07 3.02867e+06 0.00710678 0.00233363 0.004008 0.0089127 0.0262381
22 71 0 0.94912 1.22862 0.00601507 0.0124444 9.17645e+06 3.82879e+07 1.73164e+07 3.16429e+06 0 3.13265e+07 0 3.82879e+07 3.13265e+07 1.73164e+07 3.16429e+06 0.00802333 0.00655127 0.00184966 0.0100741 0.0287579
21 71 1 0.940688 1.60003 0.00542985 0.0163277 8.26949e+06 3.45037e+07 1.56049e+07 2.85155e+06 0 2.82303e+07 0 3.45037e+07 2.82303e+07 1.56049e+07 2.85155e+06 0.00722224 0.00293435 -0.00439085 0.010966 0.0243281
32 71 2 0.640215 1.33899 0.00384306 0.0131153 1.03212e+07 4.30645e+07 1.94766e+07 3.55905e+06 0 3.52346e+07 0 4.30645e+07 3.52346e+07 1.94766e+07 3.55905e+06 0.00690793 -0.00949578 -0.000208092 0.0108823 0.0274296
12 72 0 0.728856 2.28151 0.0017631 0.0214063 1.87473e+07 7.82216e+07 3.53771e+07 6.4646e+06 0 6.39995e+07 0 7.82216e+07 6.39995e+07 3.53771e+07 6.4646e+06 0.00363258 0.00360598 0.00104753 0.00543948 0.0202894
13 72 1 0.52802 2.42757 0.00111051 0.0224415 1.0003e+07 4.17365e+07 1.8876e+07 3.44929e+06 0 3.4148e+07 0 4.17365e+07 3.4148e+07 1.8876e+07 3.44929e+06 0.00688834 0.00179394 0.000893364 0.00946342 0.0196801
23 72 2 0.555561 2.04635 0.00113973 0.0195768 1.81995e+07 7.5936e+07 3.43433e+07 6.2757e+06 0 6.21294e+07 0 7.5936e+07 6.21294e+07 3.43433e+07 6.2757e+06 0.00421456 0.00205955 -0.00244206 0.00510571 0.0207002
14 73 0 0.313102 2.45764 9.06101e-07 0.0219599 1.66904e+07 6.96392e+07 3.14955e+07 5.75531e+06 0 5.69775e+07 0 6.96392e+07 5.69775e+07 3.14955e+07 5.75531e+06 0.00381784 0.00487313 0.00182552 0.00616166 0.0194385
25 73 1 0.0981797 2.48767 -0.00111088 0.0230186 6.56866e+06 2.74072e+07 1.23954e+07 2.26505e+06 0 2.2424e+07 0 2.74072e+07 2.2424e+07 1.23954e+07 2.26505e+06 0.00815013 -0.0068268 0.00253007 0.0130297 0.0193631
24 73 2 0.262713 2.18781 -0.000503905 0.0199046 1.50288e+07 6.27062e+07 2.83599e+07 5.18233e+06 0 5.13051e+07 0 6.27062e+07 5.13051e+07 2.83599e+07 5.18233e+06 0.0051011 0.00477661 -0.000651891 0.0068375 0.019866
23 74 0 0.555561 2.04635 0.00113973 0.0195768 1.81995e+07 7.5936e+07 3.43433e+07 6.2757e+06 0 6.21294e+07 0 7.5936e+07 6.21294e+07 3.43433e+07 6.2757e+06 0.00421456 0.00205955 -0.00244206 0.00510571 0.0207002
13 74 1 0.52802 2.42757 0.00111051 0.0224415 1.0003e+07 4.17365e+07 1.8876e+07 3.44929e+06 0 3.4148e+07 0 4.17365e+07 3.4148e+07 1.8876e+07 3.44929e+06 0.00688834 0.00179394 0.000893364 0.00946342 0.0196801
24 74 2 0.262713 2.18781 -0.000503905 0.0199046 1.50288e+07 6.27062e+07 2.83599e+07 5.18233e+06 0 5.13051e+07 0 6.27062e+07 5.13051e+07 2.83599e+07 5.18233e+06 0.0051011 0.00477661 -0.000651891 0.0068375 0.019866
29 75 0 0.714286 2.34685e-16 1.75546e-18 1.55338e-18 5.71449e+06 2.38432e+07 1.07835e+07 1.97051e+06 0 1.95081e+07 0 2.38432e+07 1.95081e+07 1.07835e+07 1.97051e+06 5.34293e-18 1.54221e-18 0.0289448 0.0217345 0.0839879
27 75 1 0.975197 0.302422 0.00546887 0.00414581 9.37016e+06 3.90962e+07 1.76819e+07 3.23109e+06 0 3.19878e+07 0 3.90962e+07 3.19878e+07 1.76819e+07 3.23109e+06 0.00843869 -0.00213228 0.000510972 0.0085053 0.0537492
37 75 2 0.605623 0.336031 0.00331252 0.00417655 1.69995e+07 7.09291e+07 3.20789e+07 5.86191e+06 0 5.80329e+07 0 7.09291e+07 5.80329e+07 3.20789e+07 5.86191e+06 0.00318209 0.00335323 -0.00104548 0.0067505 0.0608428
16 76 0 1.33968 0.448524 0.00771816 0.00591248 1.21571e+07 5.07244e+07 2.2941e+07 4.1921e+06 0 4.15018e+07 0 5.07244e+07 4.15018e+07 2.2941e+07 4.1921e+06 0.00642741 0.00362243 -0.00587994 0.00695706 0.0410098
4 76 1 1.59164 0.251035 0.010306 0.00437368 1.18571e+07 4.94727e+07 2.23749e+07 4.08865e+06 0 4.04776e+07 0 4.94727e+07 4.04776e+07 2.23749e+07 4.08865e+06 0.00529873 0.00100261 -0.00694689 0.00788782 0.0409465
5 76 2 1.62329 0.468051 0.00947079 0.00635095 1.01688e+07 4.24285e+07 1.9189e+07 3.50648e+06 0 3.47142e+07 0 4.24285e+07 3.47142e+07 1.9189e+07 3.50648e+06 0.00740191 0.00130231 -0.00472063 0.00903227 0.0384894
6 77 0 1.33905 0.789984 0.00757667 0.00859045 1.65148e+07 6.89067e+07 3.11642e+07 5.69477e+06 0 5.63782e+07 0 6.89067e+07 5.63782e+07 3.11642e+07 5.69477e+06 0.00395737 0.00180686 0.00189562 0.00697918 0.0348392
9 77 1 1.27266 1.10751 0.00808251 0.0117797 7.42592e+06 3.0984e+07 1.4013e+07 2.56066e+06 0 2.53505e+07 0 3.0984e+07 2.53505e+07 1.4013e+07 2.56066e+06 0.00743432 -0.000915093 0.00095024 0.0141845 0.0300803
20 77 2 1.01546 0.899655 0.00578753 0.00929383 9.71147e+06 4.05203e+07 1.8326e+07 3.34878e+06 0 3.31529e+07 0 4.05203e+07 3.31529e+07 1.8326e+07 3.34878e+06 0.00774954 -0.000606554 1.89524e-05 0.00938954 0.034502
16 78 0 1.33968 0.448524 0.00771816 0.00591248 1.21571e+07 5.07244e+07 2.2941e+07 4.1921e+06 0 4.15018e+07 0 5.07244e+07 4.15018e+07 2.2941e+07 4.1921e+06 0.00642741 0.00362243 -0.00587994 0.00695706 0.0410098
6 78 1 1.33905 0.789984 0.00757667 0.00859045 1.65148e+07 6.89067e+07 3.11642e+07 5.69477e+06 0 5.63782e+07 0 6.89067e+07 5.63782e+07 3.11642e+07 5.69477e+06 0.00395737 0.00180686 0.00189562 0.00697918 0.0348392
17 78 2 1.08867 0.60237 0.00615648 0.00680879 1.36079e+07 5.67777e+07 2.56787e+07 4.69237e+06 0 4.64545e+07 0 5.67777e+07 4.64545e+07 2.56787e+07 4.69237e+06 0.00541188 0.0015327 0.000740026 0.00755673 0.0409393
3 79 0 1.65499 0.685061 0.00903738 0.00805189 1.4235e+07 5.93941e+07 2.6862e+07 4.90861e+06 0 4.85952e+07 0 5.93941e+07 4.85952e+07 2.6862e+07 4.90861e+06 0.0051789 0.00045054 -0.000908781 0.00701578 0.035614
0 79 1 1.59737 1.00265 0.00985621 0.0105187 1.09099e+07 4.55206e+07 2.05875e+07 3.76203e+06 0 3.72441e+07 0 4.55206e+07 3.72441e+07 2.05875e+07 3.76203e+06 0.00591148 0.00121554 0.00494662 0.0105966 0.0315279
6 79 2 1.33905 0.789984 0.00757667 0.00859045 1.65148e+07 6.89067e+07 3.11642e+07 5.69477e+06 0 5.63782e+07 0 6.89067e+07 5.63782e+07 3.11642e+07 5.69477e+06 0.00395737 0.00180686 0.00189562 0.00697918 0.0348392
16 80 0 1.33968 0.448524 0.00771816 0.00591248 1.21571e+07 5.07244e+07 2.2941e+07 4.1921e+06 0 4.15018e+07 0 5.07244e+07 4.15018e+07 2.2941e+07 4.1921e+06 0.00642741 0.00362243 -0.00587994 0.00695706 0.0410098
15 80 1 1.30905 0.0996312 0.00812591 0.000466542 3.39125e+06 1.41497e+07 6.39944e+06 1.1694e+06 0 1.1577e+07 0 1.41497e+07 1.1577e+07 6.39944e+06 1.1694e+06 0.0110679 0.000360061 0.00200623 0.0239116 0.0475394
4 80 2 1.59164 0.251035 0.010306 0.00437368 1.18571e+07 4.94727e+07 2.23749e+07 4.08865e+06 0 4.04776e+07 0 4.94727e+07 4.04776e+07 2.23749e+07 4.08865e+06 0.00529873 0.00100261 -0.00694689 0.00788782 0.0409465
6 81 0 1.33905 0.789984 0.00757667 0.00859045 1.65148e+07 6.89067e+07 3.11642e+07 5.69477e+06 0 5.63782e+07 0 6.89067e+07 5.63782e+07 3.11642e+07 5.69477e+06 0.00395737 0.00180686 0.00189562 0.00697918 0.0348392
0 81 1 1.59737 1.00265 0.00985621 0.0105187 1.09099e+07 4.55206e+07 2.05875e+07 3.76203e+06 0 3.72441e+07 0 4.55206e+07 3.72441e+07 2.05875e+07 3.76203e+06 0.00591148 0.00121554 0.00494662 0.0105966 0.0315279
9 81 2 1.27266 1.10751 0.00808251 0.0117797 7.42592e+06 3.0984e+07 1.4013e+07 2.56066e+06 0 2.53505e+07 0 3.0984e+07 2.53505e+07 1.4013e+07 2.56066e+06 0.00743432 -0.000915093 0.00095024 0.0141845 0.0300803
15 82 0 1.30905 0.0996312 0.00812591 0.000466542 3.39125e+06 1.41497e+07 6.39944e+06 1.1694e+06 0 1.1577e+07 0 1.41497e+07 1.1577e+07 6.39944e+06 1.1694e+06 0.0110679 0.000360061 0.00200623 0.0239116 0.0475394
27 82 1 0.975197 0.302422 0.00546887 0.00414581 9.37016e+06 3.90962e+07 1.76819e+07 3.23109e+06 0 3.19878e+07 0 3.90962e+07 3.19878e+07 1.76819e+07 3.23109e+06 0.00843869 -0.00213228 0.000510972 0.0085053 0.0537492
18 82 2 1 2.74474e-24 1.34583e-26 4.53415e-26 6.02276e+06 2.51294e+07 1.13652e+07 2.07681e+06 0 2.05605e+07 0 2.51294e+07 2.05605e+07 1.13652e+07 2.07681e+06 4.16119e-17 2.08179e-17 0.0431797 0.0187255 0.067889
7 83 0 1.31151 1.75318 0.00703896 0.0179104 9.49372e+06 3.96117e+07 1.79151e+07 3.2737e+06 0 3.24096e+07 0 3.96117e+07 3.24096e+07 1.79151e+07 3.2737e+06 0.00733559 -0.00119576 -0.00891288 0.0110291 0.0240984
10 83 1 1.20402 1.41837 0.00749237 0.0148825 1.73575e+07 7.24227e+07 3.27544e+07 5.98534e+06 0 5.92549e+07 0 7.24227e+07 5.92549e+07 3.27544e+07 5.98534e+06 0.00313373 0.000709867 -0.00126658 0.00586996 0.0263617
1 83 2 1.42825 1.53935 0.00851038 0.015858 1.12587e+07 4.69758e+07 2.12456e+07 3.8823e+06 0 3.84348e+07 0 4.69758e+07 3.84348e+07 2.12456e+07 3.8823e+06 0.00570435 0.000252775 0.00018861 0.00952147 0.0258393
18 84 0 1 2.74474e-24 1.34583e-26 4.53415e-26 6.02276e+06 2.51294e+07 1.13652e+07 2.07681e+06 0 2.05605e+07 0 2.51294e+07 2.05605e+07 1.13652e+07 2.07681e+06 4.16119e-17 2.08179e-17 0.0431797 0.0187255 0.067889
27 84 1 0.975197 0.302422 0.00546887 0.00414581 9.37016e+06 3.90962e+07 1.76819e+07 3.23109e+06 0 3.19878e+07 0 3.90962e+07 3.19878e+07 1.76819e+07 3.23109e+06 0.00843869 -0.00213228 0.000510972 0.0085053 0.0537492
29 84 2 0.714286 2.34685e-16 1.75546e-18 1.55338e-18 5.71449e+06 2.38432e+07 1.07835e+07 1.97051e+06 0 1.95081e+07 0 2.38432e+07 1.95081e+07 1.07835e+07 1.97051e+06 5.34293e-18 1.54221e-18 0.0289448 0.0217345 0.0839879
10 85 0 1.20402 1.41837 0.00749237 0.0148825 1.73575e+07 7.24227e+07 3.27544e+07 5.98534e+06 0 5.92549e+07 0 7.24227e+07 5.92549e+07 3.27544e+07 5.98534e+06 0.00313373 0.000709867 -0.00126658 0.00586996 0.0263617
2 85 1 1.53122 1.31856 0.0094309 0.0137219 1.17899e+07 4.91922e+07 2.2248e+07 4.06547e+06 0 4.02482e+07 0 4.91922e+07 4.02482e+07 2.2248e+07 4.06547e+06 0.00590381 -0.00265355 -0.0045131 0.00859202 0.0279432
1 85 2 1.42825 1.53935 0.00851038 0.015858 1.12587e+07 4.69758e+07 2.12456e+07 3.8823e+06 0 3.84348e+07 0 4.69758e+07 3.84348e+07 2.12456e+07 3.8823e+06 0.00570435 0.000252775 0.00018861 0.00952147 0.0258393
22 86 0 0.94912 1.22862 0.00601507 0.0124444 9.17645e+06 3.82879e+07 1.73164e+07 3.16429e+06 0 3.13265e+07 0 3.82879e+07 3.13265e+07 1.73164e+07 3.16429e+06 0.00802333 0.00655127 0.00184966 0.0100741 0.0287579
9 86 1 1.27266 1.10751 0.00808251 0.0117797 7.42592e+06 3.0984e+07 1.4013e+07 2.56066e+06 0 2.53505e+07 0 3.0984e+07 2.53505e+07 1.4013e+07 2.56066e+06 0.00743432 -0.000915093 0.00095024 0.0141845 0.0300803
10 86 2 1.20402 1.41837 0.00749237 0.0148825 1.73575e+07 7.24227e+07 3.27544e+07 5.98534e+06 0 5.92549e+07 0 7.24227e+07 5.92549e+07 3.27544e+07 5.98534e+06 0.00313373 0.000709867 -0.00126658 0.00586996 0.0263617
31 87 0 0.696111 0.978646 0.00416874 0.00961321 1.90771e+07 7.95977e+07 3.59994e+07 6.57832e+06 0 6.51254e+07 0 7.95977e+07 6.51254e+07 3.59994e+07 6.57832e+06 4.49124e-05 0.00370745 0.00456888 0.00611139 0.0344021
20 87 1 1.01546 0.899655 0.00578753 0.00929383 9.71147e+06 4.05203e+07 1.8326e+07 3.34878e+06 0 3.31529e+07 0 4.05203e+07 3.31529e+07 1.8326e+07 3.34878e+06 0.00774954 -0.000606554 1.89524e-05 0.00938954 0.034502
22 87 2 0.94912 1.22862 0.00601507 0.0124444 9.17645e+06 3.82879e+07 1.73164e+07 3.16429e+06 0 3.13265e+07 0 3.82879e+07 3.13265e+07 1.73164e+07 3.16429e+06 0.00802333 0.00655127 0.00184966 0.0100741 0.0287579
38 88 0 0.4695 0.697314 0.00221387 0.00636051 1.38742e+07 5.78891e+07 2.61813e+07 4.78422e+06 0 4.73638e+07 0 5.78891e+07 4.73638e+07 2.61813e+07 4.78422e+06 0.00645105 0.0022195 -0.00107094 0.00555501 0.0446469
31 88 1 0.696111 0.978646 0.00416874 0.00961321 1.90771e+07 7.95977e+07 3.59994e+07 6.57832e+06 0 6.51254e+07 0 7.95977e+07 6.51254e+07 3.59994e+07 6.57832e+06 4.49124e-05 0.00370745 0.00456888 0.00611139 0.0344021
41 88 2 0.369679 1.07559 0.00135459 0.00997951 474887 1.98142e+06 896132 163754 0 1.62116e+06 0 1.98142e+06 1.62116e+06 896132 163754 0.0193639 0.00189821 0.00272731 0.0203201 0.0332235
38 89 0 0.4695 0.697314 0.00221387 0.00636051 1.38742e+07 5.78891e+07 2.61813e+07 4.78422e+06 0 4.73638e+07 0 5.78891e+07 4.73638e+07 2.61813e+07 4.78422e+06 0.00645105 0.0022195 -0.00107094 0.00555501 0.0446469
28 89 1 0.792252 0.629871 0.0041598 0.00706377 1.0514e+07 4.38686e+07 1.98403e+07 3.62551e+06 0 3.58925e+07 0 4.38686e+07 3.58925e+07 1.98403e+07 3.62551e+06 0.00718962 0.00221599 0.000224945 0.00936384 0.0441033
31 89 2 0.696111 0.978646 0.00416874 0.00961321 1.90771e+07 7.95977e+07 3.59994e+07 6.57832e+06 0 6.51254e+07 0 7.95977e+07 6.51254e+07 3.59994e+07 6.57832e+06 4.49124e-05 0.00370745 0.00456888 0.00611139 0.0344021
17 90 0 1.08867 0.60237 0.00615648 0.00680879 1.36079e+07 5.67777e+07 2.56787e+07 4.69237e+06 0 4.64545e+07 0 5.67777e+07 4.64545e+07 2.56787e+07 4.69237e+06 0.00541188 0.0015327 0.000740026 0.00755673 0.0409393
27 90 1 0.975197 0.302422 0.00546887 0.00414581 9.37016e+06 3.90962e+07 1.76819e+07 3.23109e+06 0 3.19878e+07 0 3.90962e+07 3.19878e+07 1.76819e+07 3.23109e+06 0.00843869 -0.00213228 0.000510972 0.0085053 0.0537492
16 90 2 1.33968 0.448524 0.00771816 0.00591248 1.21571e+07 5.07244e+07 2.2941e+07 4.1921e+06 0 4.15018e+07 0 5.07244e+07 4.15018e+07 2.2941e+07 4.1921e+06 0.00642741 0.00362243 -0.00587994 0.00695706 0.0410098
38 91 0 0.4695 0.697314 0.00221387 0.00636051 1.38742e+07 5.78891e+07 2.61813e+07 4.78422e+06 0 4.73638e+07 0 5.78891e+07 4.73638e+07 2.61813e+07 4.78422e+06 0.00645105 0.0022195 -0.00107094 0.00555501 0.0446469
37 91 1 0.605623 0.336031 0.00331252 0.00417655 1.69995e+07 7.09291e+07 3.20789e+07 5.86191e+06 0 5.80329e+07 0 7.09291e+07 5.80329e+07 3.20789e+07 5.86191e+06 0.00318209 0.00335323 -0.00104548 0.0067505 0.0608428
28 91 2 0.792252 0.629871 0.0041598 0.00706377 1.0514e+07 4.38686e+07 1.98403e+07 3.62551e+06 0 3.58925e+07 0 4.38686e+07 3.58925e+07 1.98403e+07 3.62551e+06 0.00718962 0.00221599 0.000224945 0.00936384 0.0441033
47 92 0 0.14636 0.798 8.55777e-05 0.00772816 1.53392e+07 6.40017e+07 2.89458e+07 5.28939e+06 0 5.2365e+07 0 6.40017e+07 5.2365e+07 2.89458e+07 5.28939e+06 0.00604783 -0.00703258 -0.00109117 0.00616471 0.0421585
38 92 1 0.4695 0.697314 0.00221387 0.00636051 1.38742e+07 5.78891e+07 2.61813e+07 4.78422e+06 0 4.73638e+07 0 5.78891e+07 4.73638e+07 2.61813e+07 4.78422e+06 0.00645105 0.0022195 -0.00107094 0.00555501 0.0446469
41 92 2 0.369679 1.07559 0.00135459 0.00997951 474887 1.98142e+06 896132 163754 0 1.62116e+06 0 1.98142e+06 1.62116e+06 896132 163754 0.0193639 0.00189821 0.00272731 0.0203201 0.0332235
50 93 0 0.00851829 1.18522 -0.00130399 0.0104952 2.16905e+07 9.05016e+07 4.09309e+07 7.47947e+06 0 7.40468e+07 0 9.05016e+07 7.40468e+07 4.09309e+07 7.47947e+06 -0.00108056 0.00640457 0.00051005 0.00724057 0.0310337
47 93 1 0.14636 0.798 8.55777e-05 0.00772816 1.53392e+07 6.40017e+07 2.89458e+07 5.28939e+06 0 5.2365e+07 0 6.40017e+07 5.2365e+07 2.89458e+07 5.28939e+06 0.00604783 -0.00703258 -0.00109117 0.00616471 0.0421585
41 93 2 0.369679 1.07559 0.00135459 0.00997951 474887 1.98142e+06 896132 163754 0 1.62116e+06 0 1.98142e+06 1.62116e+06 896132 163754 0.0193639 0.00189821 0.00272731 0.0203201 0.0332235
57 94 0 -0.0736895 0.551065 -0.000485768 0.00603674 1.58705e+07 6.62185e+07 2.99484e+07 5.4726e+06 0 5.41787e+07 0 6.62185e+07 5.41787e+07 2.99484e+07 5.4726e+06 0.00386679 -0.0102933 -0.00667427 0.00764329 0.0528194
55 94 1 -0.00364018 0.259455 0.000869136 0.00322836 1.76581e+07 7.3677e+07 3.33217e+07 6.08901e+06 0 6.02812e+07 0 7.3677e+07 6.02812e+07 3.33217e+07 6.08901e+06 -0.00145847 0.00461315 -0.00203978 0.0102534 0.0706042
46 94 2 0.262743 0.385977 0.00162262 0.00453927 1.39969e+07 5.84008e+07 2.64128e+07 4.82652e+06 0 4.77825e+07 0 5.84008e+07 4.77825e+07 2.64128e+07 4.82652e+06 0.00649748 -0.000732012 -0.00313221 0.00390308 0.0615194
56 95 0 -0.193879 0.873924 -0.00150106 0.0085121 2.22743e+07 9.29375e+07 4.20325e+07 7.68078e+06 0 7.60397e+07 0 9.29375e+07 7.60397e+07 4.20325e+07 7.68078e+06 0.00272908 -0.000733706 -0.00179786 0.00413245 0.0393019
57 95 1 -0.0736895 0.551065 -0.000485768 0.00603674 1.58705e+07 6.62185e+07 2.99484e+07 5.4726e+06 0 5.41787e+07 0 6.62185e+07 5.41787e+07 2.99484e+07 5.4726e+06 0.00386679 -0.0102933 -0.00667427 0.00764329 0.0528194
47 95 2 0.14636 0.798 8.55777e-05 0.00772816 1.53392e+07 6.40017e+07 2.89458e+07 5.28939e+06 0 5.2365e+07 0 6.40017e+07 5.2365e+07 2.89458e+07 5.28939e+06 0.00604783 -0.00703258 -0.00109117 0.00616471 0.0421585
56 96 0 -0.193879 0.873924 -0.00150106 0.0085121 2.22743e+07 9.29375e+07 4.20325e+07 7.68078e+06 0 7.60397e+07 0 9.29375e+07 7.60397e+07 4.20325e+07 7.68078e+06 0.00272908 -0.000733706 -0.00179786 0.00413245 0.0393019
66 96 1 -0.415311 0.58643 -0.00239916 0.0069943 1.70863e+07 7.12909e+07 3.22425e+07 5.89181e+06 0 5.83289e+07 0 7.12909e+07 5.83289e+07 3.22425e+07 5.89181e+06 0.00620269 0.00331992 0.00279848 0.00395926 0.0494066
57 96 2 -0.0736895 0.551065 -0.000485768 0.00603674 1.58705e+07 6.62185e+07 2.99484e+07 5.4726e+06 0 5.41787e+07 0 6.62185e+07 5.41787e+07 2.99484e+07 5.4726e+06 0.00386679 -0.0102933 -0.00667427 0.00764329 0.0528194
46 97 0 0.262743 0.385977 0.00162262 0.00453927 1.39969e+07 5.84008e+07 2.64128e+07 4.82652e+06 0 4.77825e+07 0 5.84008e+07 4.77825e+07 2.64128e+07 4.82652e+06 0.00649748 -0.000732012 -0.00313221 0.00390308 0.0615194
37 97 1 0.605623 0.336031 0.00331252 0.00417655 1.69995e+07 7.09291e+07 3.20789e+07 5.86191e+06 0 5.80329e+07 0 7.09291e+07 5.80329e+07 3.20789e+07 5.86191e+06 0.00318209 0.00335323 -0.00104548 0.0067505 0.0608428
38 97 2 0.4695 0.697314 0.00221387 0.00636051 1.38742e+07 5.78891e+07 2.61813e+07 4.78422e+06 0 4.73638e+07 0 5.78891e+07 4.73638e+07 2.61813e+07 4.78422e+06 0.00645105 0.0022195 -0.00107094 0.00555501 0.0446469
47 98 0 0.14636 0.798 8.55777e-05 0.00772816 1.53392e+07 6.40017e+07 2.89458e+07 5.28939e+06 0 5.2365e+07 0 6.40017e+07 5.2365e+07 2.89458e+07 5.28939e+06 0.00604783 -0.00703258 -0.00109117 0.00616471 0.0421585
46 98 1 0.262743 0.385977 0.00162262 0.00453927 1.39969e+07 5.84008e+07 2.64128e+07 4.82652e+06 0 4.77825e+07 0 5.84008e+07 4.77825e+07 2.64128e+07 4.82652e+06 0.00649748 -0.000732012 -0.00313221 0.00390308 0.0615194
38 98 2 0.4695 0.697314 0.00221387 0.00636051 1.38742e+07 5.78891e+07 2.61813e+07 4.78422e+06 0 4.73638e+07 0 5.78891e+07 4.73638e+07 2.61813e+07 4.78422e+06 0.00645105 0.0022195 -0.00107094 0.00555501 0.0446469
55 99 0 -0.00364018 0.259455 0.000869136 0.00322836 1.76581e+07 7.3677e+07 3.33217e+07 6.08901e+06 0 6.02812e+07 0 7.3677e+07 6.02812e+07 3.33217e+07 6.08901e+06 -0.00145847 0.00461315 -0.00203978 0.0102534 0.0706042
48 99 1 0.142857 -8.17048e-11 -7.69974e-20 -6.77997e-19 5.60979e+06 2.34064e+07 1.05859e+07 1.93441e+06 0 1.91507e+07 0 2.34064e+07 1.91507e+07 1.05859e+07 1.93441e+06 0.00263221 0.000700462 0.00870436 0.0196277 0.0923658
46 99 2 0.262743 0.385977 0.00162262 0.00453927 1.39969e+07 5.84008e+07 2.64128e+07 4.82652e+06 0 4.77825e+07 0 5.84008e+07 4.77825e+07 2.64128e+07 4.82652e+06 0.00649748 -0.000732012 -0.00313221 0.00390308 0.0615194
16 100 0 1.33968 0.448524 0.00771816 0.00591248 1.21571e+07 5.07244e+07 2.2941e+07 4.1921e+06 0 4.15018e+07 0 5.07244e+07 4.15018e+07 2.2941e+07 4.1921e+06 0.00642741 0.00362243 -0.00587994 0.00695706 0.0410098
5 100 1 1.62329 0.468051 0.00947079 0.00635095 1.01688e+07 4.24285e+07 1.9189e+07 3.50648e+06 0 3.47142e+07 0 4.24285e+07 3.47142e+07 1.9189e+07 3.50648e+06 0.00740191 0.00130231 -0.00472063 0.00903227 0.0384894
3 100 2 1.65499 0.685061 0.00903738 0.00805189 1.4235e+07 5.93941e+07 2.6862e+07 4.90861e+06 0 4.85952e+07 0 5.93941e+07 4.85952e+07 2.6862e+07 4.90861e+06 0.0051789 0.00045054 -0.000908781 0.00701578 0.035614
6 101 0 1.33905 0.789984 0.00757667 0.00859045 1.65148e+07 6.89067e+07 3.11642e+07 5.69477e+06 0 5.63782e+07 0 6.89067e+07 5.63782e+07 3.11642e+07 5.69477e+06 0.00395737 0.00180686 0.00189562 0.00697918 0.0348392
16 101 1 1.33968 0.448524 0.00771816 0.00591248 1.21571e+07 5.07244e+07 2.2941e+07 4.1921e+06 0 4.15018e+07 0 5.07244e+07 4.15018e+07 2.2941e+07 4.1921e+06 0.00642741 0.00362243 -0.00587994 0.00695706 0.0410098
3 101 2 1.65499 0.685061 0.00903738 0.00805189 1.4235e+07 5.93941e+07 2.6862e+07 4.90861e+06 0 4.85952e+07 0 5.93941e+07 4.85952e+07 2.6862e+07 4.90861e+06 0.0051789 0.00045054 -0.000908781 0.00701578 0.035614
28 102 0 0.792252 0.629871 0.0041598 0.00706377 1.0514e+07 4.38686e+07 1.98403e+07 3.62551e+06 0 3.58925e+07 0 4.38686e+07 3.58925e+07 1.98403e+07 3.62551e+06 0.00718962 0.00221599 0.000224945 0.00936384 0.0441033
17 102 1 1.08867 0.60237 0.00615648 0.00680879 1.36079e+07 5.67777e+07 2.56787e+07 4.69237e+06 0 4.64545e+07 0 5.67777e+07 4.64545e+07 2.56787e+07 4.69237e+06 0.00541188 0.0015327 0.000740026 0.00755673 0.0409393
20 102 2 1.01546 0.899655 0.00578753 0.00929383 9.71147e+06 4.05203e+07 1.8326e+07 3.34878e+06 0 3.31529e+07 0 4.05203e+07 3.31529e+07 1.8326e+07 3.34878e+06 0.00774954 -0.000606554 1.89524e-05 0.00938954 0.034502
28 103 0 0.792252 0.629871 0.0041598 0.00706377 1.0514e+07 4.38686e+07 1.98403e+07 3.62551e+06 0 3.58925e+07 0 4.38686e+07 3.58925e+07 1.98403e+07 3.62551e+06 0.00718962 0.00221599 0.000224945 0.00936384 0.0441033
27 103 1 0.975197 0.302422 0.00546887 0.00414581 9.37016e+06 3.90962e+07 1.76819e+07 3.23109e+06 0 3.19878e+07 0 3.90962e+07 3.19878e+07 1.76819e+07 3.23109e+06 0.00843869 -0.00213228 0.000510972 0.0085053 0.0537492
17 103 2 1.08867 0.60237 0.00615648 0.00680879 1.36079e+07 5.67777e+07 2.56787e+07 4.69237e+06 0 4.64545e+07 0 5.67777e+07 4.64545e+07 2.56787e+07 4.69237e+06 0.00541188 0.0015327 0.000740026 0.00755673 0.0409393
27 104 0 0.975197 0.302422 0.00546887 0.00414581 9.37016e+06 3.90962e+07 1.76819e+07 3.23109e+06 0 3.19878e+07 0 3.90962e+07 3.19878e+07 1.76819e+07 3.23109e+06 0.00843869 -0.00213228 0.000510972 0.0085053 0.0537492
15 104 1 1.30905 0.0996312 0.00812591 0.000466542 3.39125e+06 1.41497e+07 6.39944e+06 1.1694e+06 0 1.1577e+07 0 1.41497e+07 1.1577e+07 6.39944e+06 1.1694e+06 0.0110679 0.000360061 0.00200623 0.0239116 0.0475394
16 104 2 1.33968 0.448524 0.00771816 0.00591248 1.21571e+07 5.07244e+07 2.2941e+07 4.1921e+06 0 4.15018e+07 0 5.07244e+07 4.15018e+07 2.2941e+07 4.1921e+06 0.00642741 0.00362243 -0.00587994 0.00695706 0.0410098
0 105 0 1.59737 1.00265 0.00985621 0.0105187 1.09099e+07 4.55206e+07 2.05875e+07 3.76203e+06 0 3.72441e+07 0 4.55206e+07 3.72441e+07 2.05875e+07 3.76203e+06 0.00591148 0.00121554 0.00494662 0.0105966 0.0315279
2 105 1 1.53122 1.31856 0.0094309 0.0137219 1.17899e+07 4.91922e+07 2.2248e+07 4.06547e+06 0 4.02482e+07 0 4.91922e+07 4.02482e+07 2.2248e+07 4.06547e+06 0.00590381 -0.00265355 -0.0045131 0.00859202 0.0279432
9 105 2 1.27266 1.10751 0.00808251 0.0117797 7.42592e+06 3.0984e+07 1.4013e+07 2.56066e+06 0 2.53505e+07 0 3.0984e+07 2.53505e+07 1.4013e+07 2.56066e+06 0.00743432 -0.000915093 0.00095024 0.0141845 0.0300803
27 106 0 0.975197 0.302422 0.00546887 0.00414581 9.37016e+06 3.90962e+07 1.76819e+07 3.23109e+06 0 3.19878e+07 0 3.90962e+07 3.19878e+07 1.76819e+07 3.23109e+06 0.00843869 -0.00213228 0.000510972 0.0085053 0.0537492
28 106 1 0.792252 0.629871 0.0041598 0.00706377 1.0514e+07 4.38686e+07 1.98403e+07 3.62551e+06 0 3.58925e+07 0 4.38686e+07 3.58925e+07 1.98403e+07 3.62551e+06 0.00718962 0.00221599 0.000224945 0.00936384 0.0441033
37 106 2 0.605623 0.336031 0.00331252 0.00417655 1.69995e+07 7.09291e+07 3.20789e+07 5.86191e+06 0 5.80329e+07 0 7.09291e+07 5.80329e+07 3.20789e+07 5.86191e+06 0.00318209 0.00335323 -0.00104548 0.0067505 0.0608428
21 107 0 0.940688 1.60003 0.00542985 0.0163277 8.26949e+06 3.45037e+07 1.56049e+07 2.85155e+06 0 2.82303e+07 0 3.45037e+07 2.82303e+07 1.56049e+07 2.85155e+06 0.00722224 0.00293435 -0.00439085 0.010966 0.0243281
7 107 1 1.31151 1.75318 0.00703896 0.0179104 9.49372e+06 3.96117e+07 1.79151e+07 3.2737e+06 0 3.24096e+07 0 3.96117e+07 3.24096e+07 1.79151e+07 3.2737e+06 0.00733559 -0.00119576 -0.00891288 0.0110291 0.0240984
8 107 2 1.1253 1.9509 0.00451215 0.0194068 1.93347e+07 8.06722e+07 3.64854e+07 6.66712e+06 0 6.60045e+07 0 8.06722e+07 6.60045e+07 3.64854e+07 6.66712e+06 0.00338664 -0.000381269 -0.00642189 0.00524182 0.0225169
41 108 0 0.369679 1.07559 0.00135459 0.00997951 474887 1.98142e+06 896132 163754 0 1.62116e+06 0 1.98142e+06 1.62116e+06 896132 163754 0.0193639 0.00189821 0.00272731 0.0203201 0.0332235
31 108 1 0.696111 0.978646 0.00416874 0.00961321 1.90771e+07 7.95977e+07 3.59994e+07 6.57832e+06 0 6.51254e+07 0 7.95977e+07 6.51254e+07 3.59994e+07 6.57832e+06 4.49124e-05 0.00370745 0.00456888 0.00611139 0.0344021
32 108 2 0.640215 1.33899 0.00384306 0.0131153 1.03212e+07 4.30645e+07 1.94766e+07 3.55905e+06 0 3.52346e+07 0 4.30645e+07 3.52346e+07 1.94766e+07 3.55905e+06 0.00690793 -0.00949578 -0.000208092 0.0108823 0.0274296
9 109 0 1.27266 1.10751 0.00808251 0.0117797 7.42592e+06 3.0984e+07 1.4013e+07 2.56066e+06 0 2.53505e+07 0 3.0984e+07 2.53505e+07 1.4013e+07 2.56066e+06 0.00743432 -0.000915093 0.00095024 0.0141845 0.0300803
2 109 1 1.53122 1.31856 0.0094309 0.0137219 1.17899e+07 4.91922e+07 2.2248e+07 4.06547e+06 0 4.02482e+07 0 4.91922e+07 4.02482e+07 2.2248e+07 4.06547e+06 0.00590381 -0.00265355 -0.0045131 0.00859202 0.0279432
10 109 2 1.20402 1.41837 0.00749237 0.0148825 1.73575e+07 7.24227e+07 3.27544e+07 5.98534e+06 0 5.92549e+07 0 7.24227e+07 5.92549e+07 3.27544e+07 5.98534e+06 0.00313373 0.000709867 -0.00126658 0.00586996 0.0263617
19 110 0 0.815373 1.87545 0.00323224 0.0187272 1.05404e+07 4.3979e+07 1.98903e+07 3.63463e+06 0 3.59828e+07 0 4.3979e+07 3.59828e+07 1.98903e+07 3.63463e+06 0.0071297 0.00116003 -0.00480018 0.00973201 0.0220591
8 110 1 1.1253 1.9509 0.00451215 0.0194068 1.93347e+07 8.06722e+07 3.64854e+07 6.66712e+06 0 6.60045e+07 0 8.06722e+07 6.60045e+07 3.64854e+07 6.66712e+06 0.00338664 -0.000381269 -0.00642189 0.00524182 0.0225169
11 110 2 0.93797 2.14757 0.0029209 0.0210855 1.183e+07 4.93598e+07 2.23238e+07 4.07932e+06 0 4.03853e+07 0 4.93598e+07 4.03853e+07 2.23238e+07 4.07932e+06 0.00627362 0.00189726 -0.0028699 0.00794323 0.0211919
30 111 0 0.565206 1.68374 0.00271335 0.0171242 1.24511e+07 5.19512e+07 2.34958e+07 4.29349e+06 0 4.25055e+07 0 5.19512e+07 4.25055e+07 2.34958e+07 4.29349e+06 0.00537938 -0.00301154 -0.00515092 0.0076971 0.0232176
32 111 1 0.640215 1.33899 0.00384306 0.0131153 1.03212e+07 4.30645e+07 1.94766e+07 3.55905e+06 0 3.52346e+07 0 4.30645e+07 3.52346e+07 1.94766e+07 3.55905e+06 0.00690793 -0.00949578 -0.000208092 0.0108823 0.0274296
21 111 2 0.940688 1.60003 0.00542985 0.0163277 8.26949e+06 3.45037e+07 1.56049e+07 2.85155e+06 0 2.82303e+07 0 3.45037e+07 2.82303e+07 1.56049e+07 2.85155e+06 0.00722224 0.00293435 -0.00439085 0.010966 0.0243281
22 112 0 0.94912 1.22862 0.00601507 0.0124444 9.17645e+06 3.82879e+07 1.73164e+07 3.16429e+06 0 3.13265e+07 0 3.82879e+07 3.13265e+07 1.73164e+07 3.16429e+06 0.00802333 0.00655127 0.00184966 0.0100741 0.0287579
10 112 1 1.20402 1.41837 0.00749237 0.0148825 1.73575e+07 7.24227e+07 3.27544e+07 5.98534e+06 0 5.92549e+07 0 7.24227e+07 5.92549e+07 3.27544e+07 5.98534e+06 0.00313373 0.000709867 -0.00126658 0.00586996 0.0263617
21 112 2 0.940688 1.60003 0.00542985 0.0163277 8.26949e+06 3.45037e+07 1.56049e+07 2.85155e+06 0 2.82303e+07 0 3.45037e+07 2.82303e+07 1.56049e+07 2.85155e+06 0.00722224 0.00293435 -0.00439085 0.010966 0.0243281
19 113 0 0.815373 1.87545 0.00323224 0.0187272 1.05404e+07 4.3979e+07 1.98903e+07 3.63463e+06 0 3.59828e+07 0 4.3979e+07 3.59828e+07 1.98903e+07 3.63463e+06 0.0071297 0.00116003 -0.00480018 0.00973201 0.0220591
21 113 1 0.940688 1.60003 0.00542985 0.0163277 8.26949e+06 3.45037e+07 1.56049e+07 2.85155e+06 0 2.82303e+07 0 3.45037e+07 2.82303e+07 1.56049e+07 2.85155e+06 0.00722224 0.00293435 -0.00439085 0.010966 0.0243281
8 113 2 1.1253 1.9509 0.00451215 0.0194068 1.93347e+07 8.06722e+07 3.64854e+07 6.66712e+06 0 6.60045e+07 0 8.06722e+07 6.60045e+07 3.64854e+07 6.66712e+06 0.00338664 -0.000381269 -0.00642189 0.00524182 0.0225169
23 114 0 0.555561 2.04635 0.00113973 0.0195768 1.81995e+07 7.5936e+07 3.43433e+07 6.2757e+06 0 6.21294e+07 0 7.5936e+07 6.21294e+07 3.43433e+07 6.2757e+06 0.00421456 0.00205955 -0.00244206 0.00510571 0.0207002
19 114 1 0.815373 1.87545 0.00323224 0.0187272 1.05404e+07 4.3979e+07 1.98903e+07 3.63463e+06 0 3.59828e+07 0 4.3979e+07 3.59828e+07 1.98903e+07 3.63463e+06 0.0071297 0.00116003 -0.00480018 0.00973201 0.0220591
11 114 2 0.93797 2.14757 0.0029209 0.0210855 1.183e+07 4.93598e+07 2.23238e+07 4.07932e+06 0 4.03853e+07 0 4.93598e+07 4.03853e+07 2.23238e+07 4.07932e+06 0.00627362 0.00189726 -0.0028699 0.00794323 0.0211919
23 115 0 0.555561 2.04635 0.00113973 0.0195768 1.81995e+07 7.5936e+07 3.43433e+07 6.2757e+06 0 6.21294e+07 0 7.5936e+07 6.21294e+07 3.43433e+07 6.2757e+06 0.00421456 0.00205955 -0.00244206 0.00510571 0.0207002
33 115 1 0.221512 1.84127 0.000458921 0.0176422 2.08994e+07 8.72008e+07 3.9438e+07 7.20668e+06 0 7.13461e+07 0 8.72008e+07 7.13461e+07 3.9438e+07 7.20668e+06 0.00102707 0.00556114 -0.00520483 0.00477913 0.0217589
30 115 2 0.565206 1.68374 0.00271335 0.0171242 1.24511e+07 5.19512e+07 2.34958e+07 4.29349e+06 0 4.25055e+07 0 5.19512e+07 4.25055e+07 2.34958e+07 4.29349e+06 0.00537938 -0.00301154 -0.00515092 0.0076971 0.0232176
66 116 0 -0.415311 0.58643 -0.00239916 0.0069943 1.70863e+07 7.12909e+07 3.22425e+07 5.89181e+06 0 5.83289e+07 0 7.12909e+07 5.83289e+07 3.22425e+07 5.89181e+06 0.00620269 0.00331992 0.00279848 0.00395926 0.0494066
65 116 1 -0.294557 0.292319 -0.000590773 0.0043476 533253 2.22495e+06 1.00627e+06 183880 0 1.82042e+06 0 2.22495e+06 1.82042e+06 1.00627e+06 183880 0.0168958 -0.00142695 -0.000576484 0.0234686 0.06705
57 116 2 -0.0736895 0.551065 -0.000485768 0.00603674 1.58705e+07 6.62185e+07 2.99484e+07 5.4726e+06 0 5.41787e+07 0 6.62185e+07 5.41787e+07 2.99484e+07 5.4726e+06 0.00386679 -0.0102933 -0.00667427 0.00764329 0.0528194
57 117 0 -0.0736895 0.551065 -0.000485768 0.00603674 1.58705e+07 6.62185e+07 2.99484e+07 5.4726e+06 0 5.41787e+07 0 6.62185e+07 5.41787e+07 2.99484e+07 5.4726e+06 0.00386679 -0.0102933 -0.00667427 0.00764329 0.0528194
65 117 1 -0.294557 0.292319 -0.000590773 0.0043476 533253 2.22495e+06 1.00627e+06 183880 0 1.82042e+06 0 2.22495e+06 1.82042e+06 1.00627e+06 183880 0.0168958 -0.00142695 -0.000576484 0.0234686 0.06705
55 117 2 -0.00364018 0.259455 0.000869136 0.00322836 1.76581e+07 7.3677e+07 3.33217e+07 6.08901e+06 0 6.02812e+07 0 7.3677e+07 6.02812e+07 3.33217e+07 6.08901e+06 -0.00145847 0.00461315 -0.00203978 0.0102534 0.0706042
64 118 0 -0.524338 0.876563 -0.0034648 0.00859086 7.34e+06 3.06255e+07 1.38509e+07 2.53104e+06 0 2.50573e+07 0 3.06255e+07 2.50573e+07 1.38509e+07 2.53104e+06 0.00911583 0.000360192 -0.0032179 0.00878337 0.0378493
66 118 1 -0.415311 0.58643 -0.00239916 0.0069943 1.70863e+07 7.12909e+07 3.22425e+07 5.89181e+06 0 5.83289e+07 0 7.12909e+07 5.83289e+07 3.22425e+07 5.89181e+06 0.00620269 0.00331992 0.00279848 0.00395926 0.0494066
56 118 2 -0.193879 0.873924 -0.00150106 0.0085121 2.22743e+07 9.29375e+07 4.20325e+07 7.68078e+06 0 7.60397e+07 0 9.29375e+07 7.60397e+07 4.20325e+07 7.68078e+06 0.00272908 -0.000733706 -0.00179786 0.00413245 0.0393019
72 119 0 -0.773583 0.600487 -0.00433032 0.00758718 1.82166e+07 7.6007e+07 3.43755e+07 6.28157e+06 0 6.21876e+07 0 7.6007e+07 6.21876e+07 3.43755e+07 6.28157e+06 0.00375491 0.000766279 -0.00213228 0.00665711 0.044705
79 119 1 -1.08912 0.577252 -0.00596693 0.00607316 1.47202e+07 6.14187e+07 2.77777e+07 5.07593e+06 0 5.02517e+07 0 6.14187e+07 5.02517e+07 2.77777e+07 5.07593e+06 0.00557757 0.00947109 0.00158044 0.00617137 0.0406291
80 119 2 -0.973803 0.277471 -0.00550272 0.00359072 5.25032e+06 2.19065e+07 9.90759e+06 1.81046e+06 0 1.79235e+07 0 2.19065e+07 1.79235e+07 9.90759e+06 1.81046e+06 0.00717328 0.0072819 0.000227557 0.0168348 0.0530619
66 120 0 -0.415311 0.58643 -0.00239916 0.0069943 1.70863e+07 7.12909e+07 3.22425e+07 5.89181e+06 0 5.83289e+07 0 7.12909e+07 5.83289e+07 3.22425e+07 5.89181e+06 0.00620269 0.00331992 0.00279848 0.00395926 0.0494066
72 120 1 -0.773583 0.600487 -0.00433032 0.00758718 1.82166e+07 7.6007e+07 3.43755e+07 6.28157e+06 0 6.21876e+07 0 7.6007e+07 6.21876e+07 3.43755e+07 6.28157e+06 0.00375491 0.000766279 -0.00213228 0.00665711 0.044705
73 120 2 -0.615472 0.302299 -0.00342589 0.00442789 1.11781e+07 4.66396e+07 2.10935e+07 3.85451e+06 0 3.81597e+07 0 4.66396e+07 3.81597e+07 2.10935e+07 3.85451e+06 0.0032495 -0.00134645 -0.00223011 0.0127154 0.0617906
71 121 0 -0.783549 0.868873 -0.0048058 0.00916329 2.51798e+07 1.05061e+08 4.75154e+07 8.68269e+06 0 8.59586e+07 0 1.05061e+08 8.59586e+07 4.75154e+07 8.68269e+06 0.00233991 -0.00143357 -0.00118469 0.00506321 0.0363533
76 121 1 -1.03907 0.897913 -0.00583864 0.00892208 1.28513e+07 5.36209e+07 2.4251e+07 4.43148e+06 0 4.38717e+07 0 5.36209e+07 4.38717e+07 2.4251e+07 4.43148e+06 0.0056537 0.00471676 0.00038807 0.00721353 0.0339243
72 121 2 -0.773583 0.600487 -0.00433032 0.00758718 1.82166e+07 7.6007e+07 3.43755e+07 6.28157e+06 0 6.21876e+07 0 7.6007e+07 6.21876e+07 3.43755e+07 6.28157e+06 0.00375491 0.000766279 -0.00213228 0.00665711 0.044705
67 122 0 -0.428571 7.66996e-07 -6.88097e-27 4.35111e-26 1.04169e+07 4.34638e+07 1.96572e+07 3.59205e+06 0 3.55613e+07 0 4.34638e+07 3.55613e+07 1.96572e+07 3.59205e+06 -2.99475e-08 1.85146e-08 -0.0112114 0.00693131 0.08912
58 122 1 -0.142857 3.8073e-09 -8.62708e-21 -1.8281e-20 1.62673e+07 6.78738e+07 3.06971e+07 5.60941e+06 0 5.55331e+07 0 6.78738e+07 5.55331e+07 3.06971e+07 5.60941e+06 1.41643e-08 1.4789e-08 0.00530266 0.00553654 0.0920754
65 122 2 -0.294557 0.292319 -0.000590773 0.0043476 533253 2.22495e+06 1.00627e+06 183880 0 1.82042e+06 0 2.22495e+06 1.82042e+06 1.00627e+06 183880 0.0168958 -0.00142695 -0.000576484 0.0234686 0.06705
20 123 0 1.01546 0.899655 0.00578753 0.00929383 9.71147e+06 4.05203e+07 1.8326e+07 3.34878e+06 0 3.31529e+07 0 4.05203e+07 3.31529e+07 1.8326e+07 3.34878e+06 0.00774954 -0.000606554 1.89524e-05 0.00938954 0.034502
17 123 1 1.08867 0.60237 0.00615648 0.00680879 1.36079e+07 5.67777e+07 2.56787e+07 4.69237e+06 0 4.64545e+07 0 5.67777e+07 4.64545e+07 2.56787e+07 4.69237e+06 0.00541188 0.0015327 0.000740026 0.00755673 0.0409393
6 123 2 1.33905 0.789984 0.00757667 0.00859045 1.65148e+07 6.89067e+07 3.11642e+07 5.69477e+06 0 5.63782e+07 0 6.89067e+07 5.63782e+07 3.11642e+07 5.69477e+06 0.00395737 0.00180686 0.00189562 0.00697918 0.0348392
23 124 0 0.555561 2.04635 0.00113973 0.0195768 1.81995e+07 7.5936e+07 3.43433e+07 6.2757e+06 0 6.21294e+07 0 7.5936e+07 6.21294e+07 3.43433e+07 6.2757e+06 0.00421456 0.00205955 -0.00244206 0.00510571 0.0207002
11 124 1 0.93797 2.14757 0.0029209 0.0210855 1.183e+07 4.93598e+07 2.23238e+07 4.07932e+06 0 4.03853e+07 0 4.93598e+07 4.03853e+07 2.23238e+07 4.07932e+06 0.00627362 0.00189726 -0.0028699 0.00794323 0.0211919
12 124 2 0.728856 2.28151 0.0017631 0.0214063 1.87473e+07 7.82216e+07 3.53771e+07 6.4646e+06 0 6.39995e+07 0 7.82216e+07 6.39995e+07 3.53771e+07 6.4646e+06 0.00363258 0.00360598 0.00104753 0.00543948 0.0202894
13 125 0 0.52802 2.42757 0.00111051 0.0224415 1.0003e+07 4.17365e+07 1.8876e+07 3.44929e+06 0 3.4148e+07 0 4.17365e+07 3.4148e+07 1.8876e+07 3.44929e+06 0.00688834 0.00179394 0.000893364 0.00946342 0.0196801
14 125 1 0.313102 2.45764 9.06101e-07 0.0219599 1.66904e+07 6.96392e+07 3.14955e+07 5.75531e+06 0 5.69775e+07 0 6.96392e+07 5.69775e+07 3.14955e+07 5.75531e+06 0.00381784 0.00487313 0.00182552 0.00616166 0.0194385
24 125 2 0.262713 2.18781 -0.000503905 0.0199046 1.50288e+07 6.27062e+07 2.83599e+07 5.18233e+06 0 5.13051e+07 0 6.27062e+07 5.13051e+07 2.83599e+07 5.18233e+06 0.0051011 0.00477661 -0.000651891 0.0068375 0.019866
35 126 0 -0.38308 2.38885 -0.00420961 0.022599 1.58354e+07 6.60716e+07 2.9882e+07 5.46047e+06 0 5.40586e+07 0 6.60716e+07 5.40586e+07 2.9882e+07 5.46047e+06 0.00353011 -0.0016018 -0.00165832 0.00743167 0.0198043
44 126 1 -0.441361 2.05035 -0.00437702 0.02063 2.14324e+07 8.94249e+07 4.0444e+07 7.39049e+06 0 7.31659e+07 0 8.94249e+07 7.31659e+07 4.0444e+07 7.39049e+06 0.00482101 0.00619059 0.00405056 0.00286629 0.0206911
34 126 2 -0.0731578 2.14722 -0.00230247 0.0203081 1.35778e+07 5.66524e+07 2.5622e+07 4.68201e+06 0 4.63519e+07 0 5.66524e+07 4.63519e+07 2.5622e+07 4.68201e+06 0.00600053 -0.00895308 -0.00258984 0.00784015 0.0200245
30 127 0 0.565206 1.68374 0.00271335 0.0171242 1.24511e+07 5.19512e+07 2.34958e+07 4.29349e+06 0 4.25055e+07 0 5.19512e+07 4.25055e+07 2.34958e+07 4.29349e+06 0.00537938 -0.00301154 -0.00515092 0.0076971 0.0232176
40 127 1 0.310403 1.4402 0.00126177 0.015188 8.78315e+06 3.66469e+07 1.65742e+07 3.02867e+06 0 2.99838e+07 0 3.66469e+07 2.99838e+07 1.65742e+07 3.02867e+06 0.00710678 0.00233363 0.004008 0.0089127 0.0262381
32 127 2 0.640215 1.33899 0.00384306 0.0131153 1.03212e+07 4.30645e+07 1.94766e+07 3.55905e+06 0 3.52346e+07 0 4.30645e+07 3.52346e+07 1.94766e+07 3.55905e+06 0.00690793 -0.00949578 -0.000208092 0.0108823 0.0274296
23 128 0 0.555561 2.04635 0.00113973 0.0195768 1.81995e+07 7.5936e+07 3.43433e+07 6.2757e+06 0 6.21294e+07 0 7.5936e+07 6.21294e+07 3.43433e+07 6.2757e+06 0.00421456 0.00205955 -0.00244206 0.00510571 0.0207002
30 128 1 0.565206 1.68374 0.00271335 0.0171242 1.24511e+07 5.19512e+07 2.34958e+07 4.29349e+06 0 4.25055e+07 0 5.19512e+07 4.25055e+07 2.34958e+07 4.29349e+06 0.00537938 -0.00301154 -0.00515092 0.0076971 0.0232176
19 128 2 0.815373 1.87545 0.00323224 0.0187272 1.05404e+07 4.3979e+07 1.98903e+07 3.63463e+06 0 3.59828e+07 0 4.3979e+07 3.59828e+07 1.98903e+07 3.63463e+06 0.0071297 0.00116003 -0.00480018 0.00973201 0.0220591
33 129 0 0.221512 1.84127 0.000458921 0.0176422 2.08994e+07 8.72008e+07 3.9438e+07 7.20668e+06 0 7.13461e+07 0 8.72008e+07 7.13461e+07 3.9438e+07 7.20668e+06 0.00102707 0.00556114 -0.00520483 0.00477913 0.0217589
40 129 1 0.310403 1.4402 0.00126177 0.015188 8.78315e+06 3.66469e+07 1.65742e+07 3.02867e+06 0 2.99838e+07 0 3.66469e+07 2.99838e+07 1.65742e+07 3.02867e+06 0.00710678 0.00233363 0.004008 0.0089127 0.0262381
30 129 2 0.565206 1.68374 0.00271335 0.0171242 1.24511e+07 5.19512e+07 2.34958e+07 4.29349e+06 0 4.25055e+07 0 5.19512e+07 4.25055e+07 2.34958e+07 4.29349e+06 0.00537938 -0.00301154 -0.00515092 0.0076971 0.0232176
34 130 0 -0.0731578 2.14722 -0.00230247 0.0203081 1.35778e+07 5.66524e+07 2.5622e+07 4.68201e+06 0 4.63519e+07 0 5.66524e+07 4.63519e+07 2.5622e+07 4.68201e+06 0.00600053 -0.00895308 -0.00258984 0.00784015 0.0200245
33 130 1 0.221512 1.84127 0.000458921 0.0176422 2.08994e+07 8.72008e+07 3.9438e+07 7.20668e+06 0 7.13461e+07 0 8.72008e+07 7.13461e+07 3.9438e+07 7.20668e+06 0.00102707 0.00556114 -0.00520483 0.00477913 0.0217589
24 130 2 0.262713 2.18781 -0.000503905 0.0199046 1.50288e+07 6.27062e+07 2.83599e+07 5.18233e+06 0 5.13051e+07 0 6.27062e+07 5.13051e+07 2.83599e+07 5.18233e+06 0.0051011 0.00477661 -0.000651891 0.0068375 0.019866
42 131 0 -0.143252 1.81682 -0.00152627 0.0175271 3.39212e+06 1.41533e+07 6.40109e+06 1.1697e+06 0 1.158e+07 0 1.41533e+07 1.158e+07 6.40109e+06 1.1697e+06 0.0122982 -0.00564922 -0.00992333 0.0205149 0.0219434
43 131 1 0.0365682 1.54719 0.000302216 0.0137816 1.10518e+07 4.61129e+07 2.08553e+07 3.81098e+06 0 3.77287e+07 0 4.61129e+07 3.77287e+07 2.08553e+07 3.81098e+06 0.00335515 0.00953576 0.00351463 0.0119826 0.0247511
33 131 2 0.221512 1.84127 0.000458921 0.0176422 2.08994e+07 8.72008e+07 3.9438e+07 7.20668e+06 0 7.13461e+07 0 8.72008e+07 7.13461e+07 3.9438e+07 7.20668e+06 0.00102707 0.00556114 -0.00520483 0.00477913 0.0217589
44 132 0 -0.441361 2.05035 -0.00437702 0.02063 2.14324e+07 8.94249e+07 4.0444e+07 7.39049e+06 0 7.31659e+07 0 8.94249e+07 7.31659e+07 4.0444e+07 7.39049e+06 0.00482101 0.00619059 0.00405056 0.00286629 0.0206911
49 132 1 -0.430944 1.72784 -0.00467513 0.0182104 2.61249e+06 1.09004e+07 4.92989e+06 900858 0 8.9185e+06 0 1.09004e+07 8.9185e+06 4.92989e+06 900858 0.0132747 -0.00967391 -0.00198389 0.0136734 0.0228701
42 132 2 -0.143252 1.81682 -0.00152627 0.0175271 3.39212e+06 1.41533e+07 6.40109e+06 1.1697e+06 0 1.158e+07 0 1.41533e+07 1.158e+07 6.40109e+06 1.1697e+06 0.0122982 -0.00564922 -0.00992333 0.0205149 0.0219434
36 133 0 -0.619647 2.32248 -0.00562065 0.0222634 5.04489e+06 2.10494e+07 9.51993e+06 1.73962e+06 0 1.72222e+07 0 2.10494e+07 1.72222e+07 9.51993e+06 1.73962e+06 0.00963763 0.00209518 -0.00177109 0.0155994 0.0202534
44 133 1 -0.441361 2.05035 -0.00437702 0.02063 2.14324e+07 8.94249e+07 4.0444e+07 7.39049e+06 0 7.31659e+07 0 8.94249e+07 7.31659e+07 4.0444e+07 7.39049e+06 0.00482101 0.00619059 0.00405056 0.00286629 0.0206911
35 133 2 -0.38308 2.38885 -0.00420961 0.022599 1.58354e+07 6.60716e+07 2.9882e+07 5.46047e+06 0 5.40586e+07 0 6.60716e+07 5.40586e+07 2.9882e+07 5.46047e+06 0.00353011 -0.0016018 -0.00165832 0.00743167 0.0198043
36 134 0 -0.619647 2.32248 -0.00562065 0.0222634 5.04489e+06 2.10494e+07 9.51993e+06 1.73962e+06 0 1.72222e+07 0 2.10494e+07 1.72222e+07 9.51993e+06 1.73962e+06 0.00963763 0.00209518 -0.00177109 0.0155994 0.0202534
45 134 1 -0.817508 2.14648 -0.00646221 0.0190632 9.11193e+06 3.80187e+07 1.71946e+07 3.14205e+06 0 3.11062e+07 0 3.80187e+07 3.11062e+07 1.71946e+07 3.14205e+06 0.00654584 0.00550897 -0.00295604 0.0103163 0.0211412
44 134 2 -0.441361 2.05035 -0.00437702 0.02063 2.14324e+07 8.94249e+07 4.0444e+07 7.39049e+06 0 7.31659e+07 0 8.94249e+07 7.31659e+07 4.0444e+07 7.39049e+06 0.00482101 0.00619059 0.00405056 0.00286629 0.0206911
45 135 0 -0.817508 2.14648 -0.00646221 0.0190632 9.11193e+06 3.80187e+07 1.71946e+07 3.14205e+06 0 3.11062e+07 0 3.80187e+07 3.11062e+07 1.71946e+07 3.14205e+06 0.00654584 0.00550897 -0.00295604 0.0103163 0.0211412
53 135 1 -1.01338 1.96826 -0.00738369 0.0173306 8.83354e+06 3.68572e+07 1.66693e+07 3.04605e+06 0 3.01559e+07 0 3.68572e+07 3.01559e+07 1.66693e+07 3.04605e+06 0.00663183 -0.000767227 -0.00209897 0.0102918 0.0224676
52 135 2 -0.7171 1.82371 -0.0062552 0.0174786 2.59659e+07 1.0834e+08 4.89988e+07 8.95375e+06 0 8.86421e+07 0 1.0834e+08 8.86421e+07 4.89988e+07 8.95375e+06 0.00193006 0.0106009 0.00431002 0.00451443 0.0224084
52 136 0 -0.7171 1.82371 -0.0062552 0.0174786 2.59659e+07 1.0834e+08 4.89988e+07 8.95375e+06 0 8.86421e+07 0 1.0834e+08 8.86421e+07 4.89988e+07 8.95375e+06 0.00193006 0.0106009 0.00431002 0.00451443 0.0224084
44 136 1 -0.441361 2.05035 -0.00437702 0.02063 2.14324e+07 8.94249e+07 4.0444e+07 7.39049e+06 0 7.31659e+07 0 8.94249e+07 7.31659e+07 4.0444e+07 7.39049e+06 0.00482101 0.00619059 0.00405056 0.00286629 0.0206911
45 136 2 -0.817508 2.14648 -0.00646221 0.0190632 9.11193e+06 3.80187e+07 1.71946e+07 3.14205e+06 0 3.11062e+07 0 3.80187e+07 3.11062e+07 1.71946e+07 3.14205e+06 0.00654584 0.00550897 -0.00295604 0.0103163 0.0211412
