Index_Vertex nbTriangle nbInTr x y ux uy Elast AR BR IR GR ER FR A1 A2 B12 C3 Defxx Defxy Defyx Defyy Density 
15 0 0 0.544361 1.60833 0.00554077 0.0139386 2.63665e+07 1.10012e+08 4.97547e+07 9.09188e+06 0 9.00096e+07 0 1.10012e+08 9.00096e+07 4.97547e+07 9.09188e+06 0.00290356 0.00290041 0.00275171 0.00269797 0.0336444
6 0 1 0.844872 1.78098 0.00763604 0.0154107 1.30055e+07 5.42641e+07 2.45419e+07 4.48464e+06 0 4.43979e+07 0 5.42641e+07 4.43979e+07 2.45419e+07 4.48464e+06 0.00573448 0.00496926 0.00695729 0.0067465 0.0335072
12 0 2 0.662517 1.89654 0.00847567 0.0167243 2.22701e+06 9.292e+06 4.20247e+06 767934 0 7.60255e+06 0 9.292e+06 7.60255e+06 4.20247e+06 767934 0.0130212 0.00236565 0.0158492 0.0186189 0.0324986
14 1 0 0.480369 2.01243 0.00791826 0.0181542 2.369e+06 9.88445e+06 4.47041e+06 816897 0 8.08728e+06 0 9.88445e+06 8.08728e+06 4.47041e+06 816897 0.00841707 0.00302133 0.013076 0.0205131 0.0318348
15 1 1 0.544361 1.60833 0.00554077 0.0139386 2.63665e+07 1.10012e+08 4.97547e+07 9.09188e+06 0 9.00096e+07 0 1.10012e+08 9.00096e+07 4.97547e+07 9.09188e+06 0.00290356 0.00290041 0.00275171 0.00269797 0.0336444
12 1 2 0.662517 1.89654 0.00847567 0.0167243 2.22701e+06 9.292e+06 4.20247e+06 767934 0 7.60255e+06 0 9.292e+06 7.60255e+06 4.20247e+06 767934 0.0130212 0.00236565 0.0158492 0.0186189 0.0324986
17 2 0 0.542396 1.25809 0.0046421 0.0115328 6.82704e+06 2.84853e+07 1.28829e+07 2.35415e+06 0 2.33061e+07 0 2.84853e+07 2.33061e+07 1.28829e+07 2.35415e+06 0.00753492 0.000984822 0.00232142 0.0110179 0.0377662
24 2 1 0.368417 0.991857 0.00272386 0.00875647 1.01732e+07 4.24469e+07 1.91974e+07 3.50801e+06 0 3.47293e+07 0 4.24469e+07 3.47293e+07 1.91974e+07 3.50801e+06 0.00669823 -0.00245761 0.0030071 0.0106995 0.0435032
16 2 2 0.747981 0.955829 0.00527557 0.00867352 1.30739e+07 5.45499e+07 2.46711e+07 4.50826e+06 0 4.46317e+07 0 5.45499e+07 4.46317e+07 2.46711e+07 4.50826e+06 0.00625721 0.00286075 0.00464757 0.00722407 0.0435209
15 3 0 0.544361 1.60833 0.00554077 0.0139386 2.63665e+07 1.10012e+08 4.97547e+07 9.09188e+06 0 9.00096e+07 0 1.10012e+08 9.00096e+07 4.97547e+07 9.09188e+06 0.00290356 0.00290041 0.00275171 0.00269797 0.0336444
17 3 1 0.542396 1.25809 0.0046421 0.0115328 6.82704e+06 2.84853e+07 1.28829e+07 2.35415e+06 0 2.33061e+07 0 2.84853e+07 2.33061e+07 1.28829e+07 2.35415e+06 0.00753492 0.000984822 0.00232142 0.0110179 0.0377662
7 3 2 0.834928 1.36699 0.0067964 0.0122669 1.06018e+07 4.4235e+07 2.0006e+07 3.65578e+06 0 3.61922e+07 0 4.4235e+07 3.61922e+07 2.0006e+07 3.65578e+06 0.0080717 0.000826771 -0.00323256 0.00830193 0.0365238
23 4 0 0.222083 1.3765 0.00348405 0.0122634 1.84364e+07 7.69244e+07 3.47904e+07 6.35739e+06 0 6.29382e+07 0 7.69244e+07 6.29382e+07 3.47904e+07 6.35739e+06 0.00304109 0.000912304 0.00672771 0.00645355 0.0359854
24 4 1 0.368417 0.991857 0.00272386 0.00875647 1.01732e+07 4.24469e+07 1.91974e+07 3.50801e+06 0 3.47293e+07 0 4.24469e+07 3.47293e+07 1.91974e+07 3.50801e+06 0.00669823 -0.00245761 0.0030071 0.0106995 0.0435032
17 4 2 0.542396 1.25809 0.0046421 0.0115328 6.82704e+06 2.84853e+07 1.28829e+07 2.35415e+06 0 2.33061e+07 0 2.84853e+07 2.33061e+07 1.28829e+07 2.35415e+06 0.00753492 0.000984822 0.00232142 0.0110179 0.0377662
7 5 0 0.834928 1.36699 0.0067964 0.0122669 1.06018e+07 4.4235e+07 2.0006e+07 3.65578e+06 0 3.61922e+07 0 4.4235e+07 3.61922e+07 2.0006e+07 3.65578e+06 0.0080717 0.000826771 -0.00323256 0.00830193 0.0365238
6 5 1 0.844872 1.78098 0.00763604 0.0154107 1.30055e+07 5.42641e+07 2.45419e+07 4.48464e+06 0 4.43979e+07 0 5.42641e+07 4.43979e+07 2.45419e+07 4.48464e+06 0.00573448 0.00496926 0.00695729 0.0067465 0.0335072
15 5 2 0.544361 1.60833 0.00554077 0.0139386 2.63665e+07 1.10012e+08 4.97547e+07 9.09188e+06 0 9.00096e+07 0 1.10012e+08 9.00096e+07 4.97547e+07 9.09188e+06 0.00290356 0.00290041 0.00275171 0.00269797 0.0336444
28 6 0 -0.0185658 1.69324 0.00292136 0.0171442 9.08961e+06 3.79256e+07 1.71525e+07 3.13435e+06 0 3.10301e+07 0 3.79256e+07 3.10301e+07 1.71525e+07 3.13435e+06 0.00686354 -0.0160365 0.000244263 0.0114666 0.0326804
23 6 1 0.222083 1.3765 0.00348405 0.0122634 1.84364e+07 7.69244e+07 3.47904e+07 6.35739e+06 0 6.29382e+07 0 7.69244e+07 6.29382e+07 3.47904e+07 6.35739e+06 0.00304109 0.000912304 0.00672771 0.00645355 0.0359854
21 6 2 0.268209 1.75359 0.00459886 0.0150455 1.27188e+07 5.30681e+07 2.4001e+07 4.3858e+06 0 4.34194e+07 0 5.30681e+07 4.34194e+07 2.4001e+07 4.3858e+06 0.00453607 -0.00333475 0.00117856 0.011033 0.0323464
36 7 0 -0.521028 1.93719 0.000348348 0.0253449 8.12977e+06 3.39207e+07 1.53412e+07 2.80337e+06 0 2.77533e+07 0 3.39207e+07 2.77533e+07 1.53412e+07 2.80337e+06 0.00900492 -0.00170552 0.0135167 0.0128553 0.0324789
35 7 1 -0.340273 1.63754 -0.000685477 0.0203175 4.89118e+06 2.0408e+07 9.22987e+06 1.68661e+06 0 1.66975e+07 0 2.0408e+07 1.66975e+07 9.22987e+06 1.68661e+06 0.0142551 -0.00366101 0.00555732 0.0158399 0.0333756
29 7 2 -0.20899 2.00408 0.00334439 0.0231879 1.38353e+07 5.77267e+07 2.61079e+07 4.7708e+06 0 4.7231e+07 0 5.77267e+07 4.7231e+07 2.61079e+07 4.7708e+06 0.00567779 -0.0151966 0.01064 0.00662674 0.031718
31 8 0 -0.139483 1.33921 0.000879881 0.0133779 3.26e+06 1.36021e+07 6.15176e+06 1.12414e+06 0 1.1129e+07 0 1.36021e+07 1.1129e+07 6.15176e+06 1.12414e+06 0.0199361 -0.00966907 0.00278478 0.0206938 0.0366089
39 8 1 -0.302746 1.00764 -0.00132791 0.0115593 1.1162e+07 4.65725e+07 2.10632e+07 3.84897e+06 0 3.81048e+07 0 4.65725e+07 3.81048e+07 2.10632e+07 3.84897e+06 0.00831748 -0.0225624 0.000884009 0.00728217 0.0432648
30 8 2 0.0357518 1.02076 0.00095556 0.00904337 1.40189e+07 5.84927e+07 2.64543e+07 4.83411e+06 0 4.78577e+07 0 5.84927e+07 4.78577e+07 2.64543e+07 4.83411e+06 0.00437015 0.00250723 0.00202606 0.00972521 0.0430967
31 9 0 -0.139483 1.33921 0.000879881 0.0133779 3.26e+06 1.36021e+07 6.15176e+06 1.12414e+06 0 1.1129e+07 0 1.36021e+07 1.1129e+07 6.15176e+06 1.12414e+06 0.0199361 -0.00966907 0.00278478 0.0206938 0.0366089
40 9 1 -0.487421 1.28832 -0.00261258 0.016813 1.2656e+07 5.28062e+07 2.38825e+07 4.36415e+06 0 4.32051e+07 0 5.28062e+07 4.32051e+07 2.38825e+07 4.36415e+06 0.00264917 -0.00480134 -0.000948525 0.00793021 0.0374657
39 9 2 -0.302746 1.00764 -0.00132791 0.0115593 1.1162e+07 4.65725e+07 2.10632e+07 3.84897e+06 0 3.81048e+07 0 4.65725e+07 3.81048e+07 2.10632e+07 3.84897e+06 0.00831748 -0.0225624 0.000884009 0.00728217 0.0432648
28 10 0 -0.0185658 1.69324 0.00292136 0.0171442 9.08961e+06 3.79256e+07 1.71525e+07 3.13435e+06 0 3.10301e+07 0 3.79256e+07 3.10301e+07 1.71525e+07 3.13435e+06 0.00686354 -0.0160365 0.000244263 0.0114666 0.0326804
31 10 1 -0.139483 1.33921 0.000879881 0.0133779 3.26e+06 1.36021e+07 6.15176e+06 1.12414e+06 0 1.1129e+07 0 1.36021e+07 1.1129e+07 6.15176e+06 1.12414e+06 0.0199361 -0.00966907 0.00278478 0.0206938 0.0366089
23 10 2 0.222083 1.3765 0.00348405 0.0122634 1.84364e+07 7.69244e+07 3.47904e+07 6.35739e+06 0 6.29382e+07 0 7.69244e+07 6.29382e+07 3.47904e+07 6.35739e+06 0.00304109 0.000912304 0.00672771 0.00645355 0.0359854
35 11 0 -0.340273 1.63754 -0.000685477 0.0203175 4.89118e+06 2.0408e+07 9.22987e+06 1.68661e+06 0 1.66975e+07 0 2.0408e+07 1.66975e+07 9.22987e+06 1.68661e+06 0.0142551 -0.00366101 0.00555732 0.0158399 0.0333756
40 11 1 -0.487421 1.28832 -0.00261258 0.016813 1.2656e+07 5.28062e+07 2.38825e+07 4.36415e+06 0 4.32051e+07 0 5.28062e+07 4.32051e+07 2.38825e+07 4.36415e+06 0.00264917 -0.00480134 -0.000948525 0.00793021 0.0374657
31 11 2 -0.139483 1.33921 0.000879881 0.0133779 3.26e+06 1.36021e+07 6.15176e+06 1.12414e+06 0 1.1129e+07 0 1.36021e+07 1.1129e+07 6.15176e+06 1.12414e+06 0.0199361 -0.00966907 0.00278478 0.0206938 0.0366089
43 12 0 -0.663841 1.55306 -0.00435758 0.0215579 8.91335e+06 3.71902e+07 1.68199e+07 3.07357e+06 0 3.04283e+07 0 3.71902e+07 3.04283e+07 1.68199e+07 3.07357e+06 0.00952852 -0.0172232 0.00160413 0.00824766 0.0346384
48 12 1 -0.842856 1.2657 -0.00614667 0.0187362 1.25303e+06 5.22817e+06 2.36453e+06 432080 0 4.27759e+06 0 5.22817e+06 4.27759e+06 2.36453e+06 432080 0.0281703 -0.0131799 -0.00350588 0.03936 0.038008
40 12 2 -0.487421 1.28832 -0.00261258 0.016813 1.2656e+07 5.28062e+07 2.38825e+07 4.36415e+06 0 4.32051e+07 0 5.28062e+07 4.32051e+07 2.38825e+07 4.36415e+06 0.00264917 -0.00480134 -0.000948525 0.00793021 0.0374657
38 13 0 -0.140432 0.683953 0.000224252 0.00666795 1.39002e+07 5.79972e+07 2.62302e+07 4.79316e+06 0 4.74522e+07 0 5.79972e+07 4.74522e+07 2.62302e+07 4.79316e+06 0.00371962 -0.00653841 -0.00333184 0.0103407 0.0542516
30 13 1 0.0357518 1.02076 0.00095556 0.00904337 1.40189e+07 5.84927e+07 2.64543e+07 4.83411e+06 0 4.78577e+07 0 5.84927e+07 4.78577e+07 2.64543e+07 4.83411e+06 0.00437015 0.00250723 0.00202606 0.00972521 0.0430967
39 13 2 -0.302746 1.00764 -0.00132791 0.0115593 1.1162e+07 4.65725e+07 2.10632e+07 3.84897e+06 0 3.81048e+07 0 4.65725e+07 3.81048e+07 2.10632e+07 3.84897e+06 0.00831748 -0.0225624 0.000884009 0.00728217 0.0432648
45 14 0 -0.442056 0.707472 -0.00185755 0.0109154 5.42923e+06 2.2653e+07 1.02452e+07 1.87215e+06 0 1.85343e+07 0 2.2653e+07 1.85343e+07 1.02452e+07 1.87215e+06 0.0124013 -0.0171697 -0.00760829 0.0126655 0.0522823
38 14 1 -0.140432 0.683953 0.000224252 0.00666795 1.39002e+07 5.79972e+07 2.62302e+07 4.79316e+06 0 4.74522e+07 0 5.79972e+07 4.74522e+07 2.62302e+07 4.79316e+06 0.00371962 -0.00653841 -0.00333184 0.0103407 0.0542516
39 14 2 -0.302746 1.00764 -0.00132791 0.0115593 1.1162e+07 4.65725e+07 2.10632e+07 3.84897e+06 0 3.81048e+07 0 4.65725e+07 3.81048e+07 2.10632e+07 3.84897e+06 0.00831748 -0.0225624 0.000884009 0.00728217 0.0432648
47 15 0 -0.663983 0.960604 -0.00438575 0.0143808 1.26952e+07 5.29697e+07 2.39565e+07 4.37766e+06 0 4.33389e+07 0 5.29697e+07 4.33389e+07 2.39565e+07 4.37766e+06 0.00520139 0.00473774 0.00306568 0.00381506 0.0436026
45 15 1 -0.442056 0.707472 -0.00185755 0.0109154 5.42923e+06 2.2653e+07 1.02452e+07 1.87215e+06 0 1.85343e+07 0 2.2653e+07 1.85343e+07 1.02452e+07 1.87215e+06 0.0124013 -0.0171697 -0.00760829 0.0126655 0.0522823
39 15 2 -0.302746 1.00764 -0.00132791 0.0115593 1.1162e+07 4.65725e+07 2.10632e+07 3.84897e+06 0 3.81048e+07 0 4.65725e+07 3.81048e+07 2.10632e+07 3.84897e+06 0.00831748 -0.0225624 0.000884009 0.00728217 0.0432648
52 16 0 -0.716267 0.563581 -0.00614015 0.00771346 1.27967e+06 5.33932e+06 2.4148e+06 441266 0 4.36853e+06 0 5.33932e+06 4.36853e+06 2.4148e+06 441266 0.0216538 0.0199617 0.00223557 0.0265188 0.0556259
46 16 1 -0.345439 0.365533 -0.00124054 0.00436214 5.17996e+06 2.16129e+07 9.77482e+06 1.78619e+06 0 1.76833e+07 0 2.16129e+07 1.76833e+07 9.77482e+06 1.78619e+06 0.0129987 -0.00997067 0.000241902 0.0122115 0.0696302
45 16 2 -0.442056 0.707472 -0.00185755 0.0109154 5.42923e+06 2.2653e+07 1.02452e+07 1.87215e+06 0 1.85343e+07 0 2.2653e+07 1.85343e+07 1.02452e+07 1.87215e+06 0.0124013 -0.0171697 -0.00760829 0.0126655 0.0522823
41 17 0 -0.00966138 0.343037 0.000539979 0.00276088 1.59369e+07 6.64955e+07 3.00737e+07 5.4955e+06 0 5.44054e+07 0 6.64955e+07 5.44054e+07 3.00737e+07 5.4955e+06 0.00215963 -0.00170502 0.0037348 0.00941827 0.0723722
33 17 1 0.3031 0.336249 0.0016211 0.00254959 1.29638e+07 5.40904e+07 2.44633e+07 4.47028e+06 0 4.42557e+07 0 5.40904e+07 4.42557e+07 2.44633e+07 4.47028e+06 0.00496575 -0.00128984 0.0032723 0.00700912 0.0718524
32 17 2 0.174215 0.674707 0.00134924 0.00589559 1.44073e+07 6.01134e+07 2.71873e+07 4.96805e+06 0 4.91837e+07 0 6.01134e+07 4.91837e+07 2.71873e+07 4.96805e+06 0.00406204 -0.000616263 -0.000927392 0.00922398 0.0545434
20 18 0 0.714286 3.26103e-24 1.08096e-27 4.36823e-26 6.06579e+06 2.5309e+07 1.14464e+07 2.09165e+06 0 2.07074e+07 0 2.5309e+07 2.07074e+07 1.14464e+07 2.09165e+06 0.00463528 0.000873834 0.0153119 0.0141779 0.0925114
26 18 1 0.60909 0.317797 0.00265317 0.00248101 2.52582e+07 1.05387e+08 4.76633e+07 8.70971e+06 0 8.62261e+07 0 1.05387e+08 8.62261e+07 4.76633e+07 8.70971e+06 0.00232542 0.00155807 0.00577233 0.00487347 0.0699444
27 18 2 0.428571 3.42387e-24 7.25927e-27 5.29216e-26 1.76674e+07 7.37156e+07 3.33392e+07 6.0922e+06 0 6.03128e+07 0 7.37156e+07 6.03128e+07 3.33392e+07 6.0922e+06 0.00146737 0.00231705 0.00877049 0.0085391 0.097763
41 19 0 -0.00966138 0.343037 0.000539979 0.00276088 1.59369e+07 6.64955e+07 3.00737e+07 5.4955e+06 0 5.44054e+07 0 6.64955e+07 5.44054e+07 3.00737e+07 5.4955e+06 0.00215963 -0.00170502 0.0037348 0.00941827 0.0723722
38 19 1 -0.140432 0.683953 0.000224252 0.00666795 1.39002e+07 5.79972e+07 2.62302e+07 4.79316e+06 0 4.74522e+07 0 5.79972e+07 4.74522e+07 2.62302e+07 4.79316e+06 0.00371962 -0.00653841 -0.00333184 0.0103407 0.0542516
46 19 2 -0.345439 0.365533 -0.00124054 0.00436214 5.17996e+06 2.16129e+07 9.77482e+06 1.78619e+06 0 1.76833e+07 0 2.16129e+07 1.76833e+07 9.77482e+06 1.78619e+06 0.0129987 -0.00997067 0.000241902 0.0122115 0.0696302
25 20 0 0.494025 0.65822 0.00277537 0.00511665 1.01319e+07 4.22745e+07 1.91193e+07 3.49376e+06 0 3.45882e+07 0 4.22745e+07 3.45882e+07 1.91193e+07 3.49376e+06 0.00467809 -0.00370987 -0.00125697 0.0108831 0.0539724
19 20 1 0.787734 0.605506 0.00455043 0.00495923 5.51045e+06 2.29919e+07 1.03985e+07 1.90015e+06 0 1.88115e+07 0 2.29919e+07 1.88115e+07 1.03985e+07 1.90015e+06 0.0081093 9.2066e-05 0.002917 0.0127703 0.0537193
16 20 2 0.747981 0.955829 0.00527557 0.00867352 1.30739e+07 5.45499e+07 2.46711e+07 4.50826e+06 0 4.46317e+07 0 5.45499e+07 4.46317e+07 2.46711e+07 4.50826e+06 0.00625721 0.00286075 0.00464757 0.00722407 0.0435209
23 21 0 0.222083 1.3765 0.00348405 0.0122634 1.84364e+07 7.69244e+07 3.47904e+07 6.35739e+06 0 6.29382e+07 0 7.69244e+07 6.29382e+07 3.47904e+07 6.35739e+06 0.00304109 0.000912304 0.00672771 0.00645355 0.0359854
31 21 1 -0.139483 1.33921 0.000879881 0.0133779 3.26e+06 1.36021e+07 6.15176e+06 1.12414e+06 0 1.1129e+07 0 1.36021e+07 1.1129e+07 6.15176e+06 1.12414e+06 0.0199361 -0.00966907 0.00278478 0.0206938 0.0366089
30 21 2 0.0357518 1.02076 0.00095556 0.00904337 1.40189e+07 5.84927e+07 2.64543e+07 4.83411e+06 0 4.78577e+07 0 5.84927e+07 4.78577e+07 2.64543e+07 4.83411e+06 0.00437015 0.00250723 0.00202606 0.00972521 0.0430967
14 22 0 0.480369 2.01243 0.00791826 0.0181542 2.369e+06 9.88445e+06 4.47041e+06 816897 0 8.08728e+06 0 9.88445e+06 8.08728e+06 4.47041e+06 816897 0.00841707 0.00302133 0.013076 0.0205131 0.0318348
22 22 1 0.101688 2.07701 0.00559506 0.0189985 1.42273e+07 5.93621e+07 2.68475e+07 4.90596e+06 0 4.8569e+07 0 5.93621e+07 4.8569e+07 2.68475e+07 4.90596e+06 0.00509713 -0.0102301 0.0099417 0.00642751 0.0314008
21 22 2 0.268209 1.75359 0.00459886 0.0150455 1.27188e+07 5.30681e+07 2.4001e+07 4.3858e+06 0 4.34194e+07 0 5.30681e+07 4.34194e+07 2.4001e+07 4.3858e+06 0.00453607 -0.00333475 0.00117856 0.011033 0.0323464
53 23 0 -0.621837 0.265815 -0.00380485 0.0035943 1.19571e+07 4.98899e+07 2.25635e+07 4.12313e+06 0 4.0819e+07 0 4.98899e+07 4.0819e+07 2.25635e+07 4.12313e+06 0.00891703 0.000342563 -0.00457938 0.00210121 0.0724154
52 23 1 -0.716267 0.563581 -0.00614015 0.00771346 1.27967e+06 5.33932e+06 2.4148e+06 441266 0 4.36853e+06 0 5.33932e+06 4.36853e+06 2.4148e+06 441266 0.0216538 0.0199617 0.00223557 0.0265188 0.0556259
58 23 2 -0.932531 0.294794 -0.0060606 0.00256311 1.82893e+07 7.63107e+07 3.45128e+07 6.30667e+06 0 6.2436e+07 0 7.63107e+07 6.2436e+07 3.45128e+07 6.30667e+06 0.000253811 0.0089651 -0.00188656 0.00706359 0.0633377
49 24 0 -0.428571 3.35298e-24 -8.11146e-27 3.9151e-26 6.64436e+06 2.7723e+07 1.25382e+07 2.29116e+06 0 2.26825e+07 0 2.7723e+07 2.26825e+07 1.25382e+07 2.29116e+06 3.10604e-25 6.94365e-25 -0.00998574 0.0139234 0.0972386
53 24 1 -0.621837 0.265815 -0.00380485 0.0035943 1.19571e+07 4.98899e+07 2.25635e+07 4.12313e+06 0 4.0819e+07 0 4.98899e+07 4.0819e+07 2.25635e+07 4.12313e+06 0.00891703 0.000342563 -0.00457938 0.00210121 0.0724154
56 24 2 -0.714286 3.30684e-24 -2.59174e-27 4.06061e-26 2.71671e+06 1.13353e+07 5.12656e+06 936798 0 9.2743e+06 0 1.13353e+07 9.2743e+06 5.12656e+06 936798 0.00557544 0.00457479 -0.0290888 0.0232322 0.0913828
46 25 0 -0.345439 0.365533 -0.00124054 0.00436214 5.17996e+06 2.16129e+07 9.77482e+06 1.78619e+06 0 1.76833e+07 0 2.16129e+07 1.76833e+07 9.77482e+06 1.78619e+06 0.0129987 -0.00997067 0.000241902 0.0122115 0.0696302
52 25 1 -0.716267 0.563581 -0.00614015 0.00771346 1.27967e+06 5.33932e+06 2.4148e+06 441266 0 4.36853e+06 0 5.33932e+06 4.36853e+06 2.4148e+06 441266 0.0216538 0.0199617 0.00223557 0.0265188 0.0556259
53 25 2 -0.621837 0.265815 -0.00380485 0.0035943 1.19571e+07 4.98899e+07 2.25635e+07 4.12313e+06 0 4.0819e+07 0 4.98899e+07 4.0819e+07 2.25635e+07 4.12313e+06 0.00891703 0.000342563 -0.00457938 0.00210121 0.0724154
41 26 0 -0.00966138 0.343037 0.000539979 0.00276088 1.59369e+07 6.64955e+07 3.00737e+07 5.4955e+06 0 5.44054e+07 0 6.64955e+07 5.44054e+07 3.00737e+07 5.4955e+06 0.00215963 -0.00170502 0.0037348 0.00941827 0.0723722
46 26 1 -0.345439 0.365533 -0.00124054 0.00436214 5.17996e+06 2.16129e+07 9.77482e+06 1.78619e+06 0 1.76833e+07 0 2.16129e+07 1.76833e+07 9.77482e+06 1.78619e+06 0.0129987 -0.00997067 0.000241902 0.0122115 0.0696302
42 26 2 -0.142857 3.33485e-24 -7.06553e-27 5.74583e-26 2.14206e+07 8.93756e+07 4.04216e+07 7.38641e+06 0 7.31255e+07 0 8.93756e+07 7.31255e+07 4.04216e+07 7.38641e+06 -3.03905e-25 -5.64942e-25 0.000174507 0.00612995 0.0998197
34 27 0 0.142857 3.3141e-24 2.0245e-27 5.75979e-26 2.48887e+07 1.03846e+08 4.69661e+07 8.58231e+06 0 8.49649e+07 0 1.03846e+08 8.49649e+07 4.69661e+07 8.58231e+06 0.000296815 -0.000248918 0.00317826 0.00653741 0.09994
41 27 1 -0.00966138 0.343037 0.000539979 0.00276088 1.59369e+07 6.64955e+07 3.00737e+07 5.4955e+06 0 5.44054e+07 0 6.64955e+07 5.44054e+07 3.00737e+07 5.4955e+06 0.00215963 -0.00170502 0.0037348 0.00941827 0.0723722
42 27 2 -0.142857 3.33485e-24 -7.06553e-27 5.74583e-26 2.14206e+07 8.93756e+07 4.04216e+07 7.38641e+06 0 7.31255e+07 0 8.93756e+07 7.31255e+07 4.04216e+07 7.38641e+06 -3.03905e-25 -5.64942e-25 0.000174507 0.00612995 0.0998197
33 28 0 0.3031 0.336249 0.0016211 0.00254959 1.29638e+07 5.40904e+07 2.44633e+07 4.47028e+06 0 4.42557e+07 0 5.40904e+07 4.42557e+07 2.44633e+07 4.47028e+06 0.00496575 -0.00128984 0.0032723 0.00700912 0.0718524
25 28 1 0.494025 0.65822 0.00277537 0.00511665 1.01319e+07 4.22745e+07 1.91193e+07 3.49376e+06 0 3.45882e+07 0 4.22745e+07 3.45882e+07 1.91193e+07 3.49376e+06 0.00467809 -0.00370987 -0.00125697 0.0108831 0.0539724
32 28 2 0.174215 0.674707 0.00134924 0.00589559 1.44073e+07 6.01134e+07 2.71873e+07 4.96805e+06 0 4.91837e+07 0 6.01134e+07 4.91837e+07 2.71873e+07 4.96805e+06 0.00406204 -0.000616263 -0.000927392 0.00922398 0.0545434
38 29 0 -0.140432 0.683953 0.000224252 0.00666795 1.39002e+07 5.79972e+07 2.62302e+07 4.79316e+06 0 4.74522e+07 0 5.79972e+07 4.74522e+07 2.62302e+07 4.79316e+06 0.00371962 -0.00653841 -0.00333184 0.0103407 0.0542516
45 29 1 -0.442056 0.707472 -0.00185755 0.0109154 5.42923e+06 2.2653e+07 1.02452e+07 1.87215e+06 0 1.85343e+07 0 2.2653e+07 1.85343e+07 1.02452e+07 1.87215e+06 0.0124013 -0.0171697 -0.00760829 0.0126655 0.0522823
46 29 2 -0.345439 0.365533 -0.00124054 0.00436214 5.17996e+06 2.16129e+07 9.77482e+06 1.78619e+06 0 1.76833e+07 0 2.16129e+07 1.76833e+07 9.77482e+06 1.78619e+06 0.0129987 -0.00997067 0.000241902 0.0122115 0.0696302
28 30 0 -0.0185658 1.69324 0.00292136 0.0171442 9.08961e+06 3.79256e+07 1.71525e+07 3.13435e+06 0 3.10301e+07 0 3.79256e+07 3.10301e+07 1.71525e+07 3.13435e+06 0.00686354 -0.0160365 0.000244263 0.0114666 0.0326804
35 30 1 -0.340273 1.63754 -0.000685477 0.0203175 4.89118e+06 2.0408e+07 9.22987e+06 1.68661e+06 0 1.66975e+07 0 2.0408e+07 1.66975e+07 9.22987e+06 1.68661e+06 0.0142551 -0.00366101 0.00555732 0.0158399 0.0333756
31 30 2 -0.139483 1.33921 0.000879881 0.0133779 3.26e+06 1.36021e+07 6.15176e+06 1.12414e+06 0 1.1129e+07 0 1.36021e+07 1.1129e+07 6.15176e+06 1.12414e+06 0.0199361 -0.00966907 0.00278478 0.0206938 0.0366089
48 31 0 -0.842856 1.2657 -0.00614667 0.0187362 1.25303e+06 5.22817e+06 2.36453e+06 432080 0 4.27759e+06 0 5.22817e+06 4.27759e+06 2.36453e+06 432080 0.0281703 -0.0131799 -0.00350588 0.03936 0.038008
44 31 1 -1.06491 1.52484 -0.00753083 0.0227121 1.32669e+07 5.53549e+07 2.50352e+07 4.57478e+06 0 4.52903e+07 0 5.53549e+07 4.52903e+07 2.50352e+07 4.57478e+06 0.00486484 0.0105606 0.0187246 0.00463329 0.0363982
50 31 2 -1.18846 1.32144 -0.0114277 0.01767 7.76669e+06 3.24059e+07 1.46561e+07 2.67817e+06 0 2.65139e+07 0 3.24059e+07 2.65139e+07 1.46561e+07 2.67817e+06 0.00343454 0.0281075 0.00997667 0.0149355 0.0385107
43 32 0 -0.663841 1.55306 -0.00435758 0.0215579 8.91335e+06 3.71902e+07 1.68199e+07 3.07357e+06 0 3.04283e+07 0 3.71902e+07 3.04283e+07 1.68199e+07 3.07357e+06 0.00952852 -0.0172232 0.00160413 0.00824766 0.0346384
36 32 1 -0.521028 1.93719 0.000348348 0.0253449 8.12977e+06 3.39207e+07 1.53412e+07 2.80337e+06 0 2.77533e+07 0 3.39207e+07 2.77533e+07 1.53412e+07 2.80337e+06 0.00900492 -0.00170552 0.0135167 0.0128553 0.0324789
37 32 2 -0.796302 1.73541 -0.00400995 0.0248976 1.18171e+07 4.93056e+07 2.22993e+07 4.07485e+06 0 4.0341e+07 0 4.93056e+07 4.0341e+07 2.22993e+07 4.07485e+06 0.00644808 -0.00732062 0.00964216 0.00890729 0.0340823
43 33 0 -0.663841 1.55306 -0.00435758 0.0215579 8.91335e+06 3.71902e+07 1.68199e+07 3.07357e+06 0 3.04283e+07 0 3.71902e+07 3.04283e+07 1.68199e+07 3.07357e+06 0.00952852 -0.0172232 0.00160413 0.00824766 0.0346384
37 33 1 -0.796302 1.73541 -0.00400995 0.0248976 1.18171e+07 4.93056e+07 2.22993e+07 4.07485e+06 0 4.0341e+07 0 4.93056e+07 4.0341e+07 2.22993e+07 4.07485e+06 0.00644808 -0.00732062 0.00964216 0.00890729 0.0340823
44 33 2 -1.06491 1.52484 -0.00753083 0.0227121 1.32669e+07 5.53549e+07 2.50352e+07 4.57478e+06 0 4.52903e+07 0 5.53549e+07 4.52903e+07 2.50352e+07 4.57478e+06 0.00486484 0.0105606 0.0187246 0.00463329 0.0363982
34 34 0 0.142857 3.3141e-24 2.0245e-27 5.75979e-26 2.48887e+07 1.03846e+08 4.69661e+07 8.58231e+06 0 8.49649e+07 0 1.03846e+08 8.49649e+07 4.69661e+07 8.58231e+06 0.000296815 -0.000248918 0.00317826 0.00653741 0.09994
27 34 1 0.428571 3.42387e-24 7.25927e-27 5.29216e-26 1.76674e+07 7.37156e+07 3.33392e+07 6.0922e+06 0 6.03128e+07 0 7.37156e+07 6.03128e+07 3.33392e+07 6.0922e+06 0.00146737 0.00231705 0.00877049 0.0085391 0.097763
33 34 2 0.3031 0.336249 0.0016211 0.00254959 1.29638e+07 5.40904e+07 2.44633e+07 4.47028e+06 0 4.42557e+07 0 5.40904e+07 4.42557e+07 2.44633e+07 4.47028e+06 0.00496575 -0.00128984 0.0032723 0.00700912 0.0718524
35 35 0 -0.340273 1.63754 -0.000685477 0.0203175 4.89118e+06 2.0408e+07 9.22987e+06 1.68661e+06 0 1.66975e+07 0 2.0408e+07 1.66975e+07 9.22987e+06 1.68661e+06 0.0142551 -0.00366101 0.00555732 0.0158399 0.0333756
36 35 1 -0.521028 1.93719 0.000348348 0.0253449 8.12977e+06 3.39207e+07 1.53412e+07 2.80337e+06 0 2.77533e+07 0 3.39207e+07 2.77533e+07 1.53412e+07 2.80337e+06 0.00900492 -0.00170552 0.0135167 0.0128553 0.0324789
43 35 2 -0.663841 1.55306 -0.00435758 0.0215579 8.91335e+06 3.71902e+07 1.68199e+07 3.07357e+06 0 3.04283e+07 0 3.71902e+07 3.04283e+07 1.68199e+07 3.07357e+06 0.00952852 -0.0172232 0.00160413 0.00824766 0.0346384
40 36 0 -0.487421 1.28832 -0.00261258 0.016813 1.2656e+07 5.28062e+07 2.38825e+07 4.36415e+06 0 4.32051e+07 0 5.28062e+07 4.32051e+07 2.38825e+07 4.36415e+06 0.00264917 -0.00480134 -0.000948525 0.00793021 0.0374657
35 36 1 -0.340273 1.63754 -0.000685477 0.0203175 4.89118e+06 2.0408e+07 9.22987e+06 1.68661e+06 0 1.66975e+07 0 2.0408e+07 1.66975e+07 9.22987e+06 1.68661e+06 0.0142551 -0.00366101 0.00555732 0.0158399 0.0333756
43 36 2 -0.663841 1.55306 -0.00435758 0.0215579 8.91335e+06 3.71902e+07 1.68199e+07 3.07357e+06 0 3.04283e+07 0 3.71902e+07 3.04283e+07 1.68199e+07 3.07357e+06 0.00952852 -0.0172232 0.00160413 0.00824766 0.0346384
28 37 0 -0.0185658 1.69324 0.00292136 0.0171442 9.08961e+06 3.79256e+07 1.71525e+07 3.13435e+06 0 3.10301e+07 0 3.79256e+07 3.10301e+07 1.71525e+07 3.13435e+06 0.00686354 -0.0160365 0.000244263 0.0114666 0.0326804
29 37 1 -0.20899 2.00408 0.00334439 0.0231879 1.38353e+07 5.77267e+07 2.61079e+07 4.7708e+06 0 4.7231e+07 0 5.77267e+07 4.7231e+07 2.61079e+07 4.7708e+06 0.00567779 -0.0151966 0.01064 0.00662674 0.031718
35 37 2 -0.340273 1.63754 -0.000685477 0.0203175 4.89118e+06 2.0408e+07 9.22987e+06 1.68661e+06 0 1.66975e+07 0 2.0408e+07 1.66975e+07 9.22987e+06 1.68661e+06 0.0142551 -0.00366101 0.00555732 0.0158399 0.0333756
33 38 0 0.3031 0.336249 0.0016211 0.00254959 1.29638e+07 5.40904e+07 2.44633e+07 4.47028e+06 0 4.42557e+07 0 5.40904e+07 4.42557e+07 2.44633e+07 4.47028e+06 0.00496575 -0.00128984 0.0032723 0.00700912 0.0718524
41 38 1 -0.00966138 0.343037 0.000539979 0.00276088 1.59369e+07 6.64955e+07 3.00737e+07 5.4955e+06 0 5.44054e+07 0 6.64955e+07 5.44054e+07 3.00737e+07 5.4955e+06 0.00215963 -0.00170502 0.0037348 0.00941827 0.0723722
34 38 2 0.142857 3.3141e-24 2.0245e-27 5.75979e-26 2.48887e+07 1.03846e+08 4.69661e+07 8.58231e+06 0 8.49649e+07 0 1.03846e+08 8.49649e+07 4.69661e+07 8.58231e+06 0.000296815 -0.000248918 0.00317826 0.00653741 0.09994
47 39 0 -0.663983 0.960604 -0.00438575 0.0143808 1.26952e+07 5.29697e+07 2.39565e+07 4.37766e+06 0 4.33389e+07 0 5.29697e+07 4.33389e+07 2.39565e+07 4.37766e+06 0.00520139 0.00473774 0.00306568 0.00381506 0.0436026
54 39 1 -0.886921 0.776581 -0.00690729 0.0101391 1.1981e+07 4.99896e+07 2.26087e+07 4.13138e+06 0 4.09006e+07 0 4.99896e+07 4.09006e+07 2.26087e+07 4.13138e+06 0.00333327 0.0105087 0.00709982 0.00859917 0.0472009
52 39 2 -0.716267 0.563581 -0.00614015 0.00771346 1.27967e+06 5.33932e+06 2.4148e+06 441266 0 4.36853e+06 0 5.33932e+06 4.36853e+06 2.4148e+06 441266 0.0216538 0.0199617 0.00223557 0.0265188 0.0556259
40 40 0 -0.487421 1.28832 -0.00261258 0.016813 1.2656e+07 5.28062e+07 2.38825e+07 4.36415e+06 0 4.32051e+07 0 5.28062e+07 4.32051e+07 2.38825e+07 4.36415e+06 0.00264917 -0.00480134 -0.000948525 0.00793021 0.0374657
47 40 1 -0.663983 0.960604 -0.00438575 0.0143808 1.26952e+07 5.29697e+07 2.39565e+07 4.37766e+06 0 4.33389e+07 0 5.29697e+07 4.33389e+07 2.39565e+07 4.37766e+06 0.00520139 0.00473774 0.00306568 0.00381506 0.0436026
39 40 2 -0.302746 1.00764 -0.00132791 0.0115593 1.1162e+07 4.65725e+07 2.10632e+07 3.84897e+06 0 3.81048e+07 0 4.65725e+07 3.81048e+07 2.10632e+07 3.84897e+06 0.00831748 -0.0225624 0.000884009 0.00728217 0.0432648
40 41 0 -0.487421 1.28832 -0.00261258 0.016813 1.2656e+07 5.28062e+07 2.38825e+07 4.36415e+06 0 4.32051e+07 0 5.28062e+07 4.32051e+07 2.38825e+07 4.36415e+06 0.00264917 -0.00480134 -0.000948525 0.00793021 0.0374657
48 41 1 -0.842856 1.2657 -0.00614667 0.0187362 1.25303e+06 5.22817e+06 2.36453e+06 432080 0 4.27759e+06 0 5.22817e+06 4.27759e+06 2.36453e+06 432080 0.0281703 -0.0131799 -0.00350588 0.03936 0.038008
47 41 2 -0.663983 0.960604 -0.00438575 0.0143808 1.26952e+07 5.29697e+07 2.39565e+07 4.37766e+06 0 4.33389e+07 0 5.29697e+07 4.33389e+07 2.39565e+07 4.37766e+06 0.00520139 0.00473774 0.00306568 0.00381506 0.0436026
51 42 0 -1.31584 1.12042 -0.0137999 0.0110692 5.0741e+06 2.11713e+07 9.57506e+06 1.74969e+06 0 1.73219e+07 0 2.11713e+07 1.73219e+07 9.57506e+06 1.74969e+06 0.0076645 0.0212593 -0.0145818 0.0207666 0.0410405
55 42 1 -1.04926 0.995208 -0.00915073 0.0123083 3.16284e+06 1.31967e+07 5.96841e+06 1.09063e+06 0 1.07973e+07 0 1.31967e+07 1.07973e+07 5.96841e+06 1.09063e+06 0.0224355 -0.00983711 -0.0128971 0.0257304 0.0421314
50 42 2 -1.18846 1.32144 -0.0114277 0.01767 7.76669e+06 3.24059e+07 1.46561e+07 2.67817e+06 0 2.65139e+07 0 3.24059e+07 2.65139e+07 1.46561e+07 2.67817e+06 0.00343454 0.0281075 0.00997667 0.0149355 0.0385107
51 43 0 -1.31584 1.12042 -0.0137999 0.0110692 5.0741e+06 2.11713e+07 9.57506e+06 1.74969e+06 0 1.73219e+07 0 2.11713e+07 1.73219e+07 9.57506e+06 1.74969e+06 0.0076645 0.0212593 -0.0145818 0.0207666 0.0410405
57 43 1 -1.39311 0.89168 -0.011233 0.00725458 2.05669e+07 8.58135e+07 3.88106e+07 7.09202e+06 0 7.0211e+07 0 8.58135e+07 7.0211e+07 3.88106e+07 7.09202e+06 0.00347699 0.0124909 -0.00138041 0.00374745 0.0441329
55 43 2 -1.04926 0.995208 -0.00915073 0.0123083 3.16284e+06 1.31967e+07 5.96841e+06 1.09063e+06 0 1.07973e+07 0 1.31967e+07 1.07973e+07 5.96841e+06 1.09063e+06 0.0224355 -0.00983711 -0.0128971 0.0257304 0.0421314
46 44 0 -0.345439 0.365533 -0.00124054 0.00436214 5.17996e+06 2.16129e+07 9.77482e+06 1.78619e+06 0 1.76833e+07 0 2.16129e+07 1.76833e+07 9.77482e+06 1.78619e+06 0.0129987 -0.00997067 0.000241902 0.0122115 0.0696302
53 44 1 -0.621837 0.265815 -0.00380485 0.0035943 1.19571e+07 4.98899e+07 2.25635e+07 4.12313e+06 0 4.0819e+07 0 4.98899e+07 4.0819e+07 2.25635e+07 4.12313e+06 0.00891703 0.000342563 -0.00457938 0.00210121 0.0724154
49 44 2 -0.428571 3.35298e-24 -8.11146e-27 3.9151e-26 6.64436e+06 2.7723e+07 1.25382e+07 2.29116e+06 0 2.26825e+07 0 2.7723e+07 2.26825e+07 1.25382e+07 2.29116e+06 3.10604e-25 6.94365e-25 -0.00998574 0.0139234 0.0972386
57 45 0 -1.39311 0.89168 -0.011233 0.00725458 2.05669e+07 8.58135e+07 3.88106e+07 7.09202e+06 0 7.0211e+07 0 8.58135e+07 7.0211e+07 3.88106e+07 7.09202e+06 0.00347699 0.0124909 -0.00138041 0.00374745 0.0441329
59 45 1 -1.13293 0.625144 -0.0100842 0.00579604 5.09671e+06 2.12656e+07 9.61773e+06 1.75749e+06 0 1.73991e+07 0 2.12656e+07 1.73991e+07 9.61773e+06 1.75749e+06 0.0144941 0.0108579 0.00589653 0.01405 0.0491204
55 45 2 -1.04926 0.995208 -0.00915073 0.0123083 3.16284e+06 1.31967e+07 5.96841e+06 1.09063e+06 0 1.07973e+07 0 1.31967e+07 1.07973e+07 5.96841e+06 1.09063e+06 0.0224355 -0.00983711 -0.0128971 0.0257304 0.0421314
59 46 0 -1.13293 0.625144 -0.0100842 0.00579604 5.09671e+06 2.12656e+07 9.61773e+06 1.75749e+06 0 1.73991e+07 0 2.12656e+07 1.73991e+07 9.61773e+06 1.75749e+06 0.0144941 0.0108579 0.00589653 0.01405 0.0491204
57 46 1 -1.39311 0.89168 -0.011233 0.00725458 2.05669e+07 8.58135e+07 3.88106e+07 7.09202e+06 0 7.0211e+07 0 8.58135e+07 7.0211e+07 3.88106e+07 7.09202e+06 0.00347699 0.0124909 -0.00138041 0.00374745 0.0441329
61 46 2 -1.47647 0.665087 -0.0118622 0.00503156 1.61817e+07 6.75168e+07 3.05356e+07 5.5799e+06 0 5.5241e+07 0 6.75168e+07 5.5241e+07 3.05356e+07 5.5799e+06 0.00325716 0.0104833 0.00329506 0.00778243 0.04742
58 47 0 -0.932531 0.294794 -0.0060606 0.00256311 1.82893e+07 7.63107e+07 3.45128e+07 6.30667e+06 0 6.2436e+07 0 7.63107e+07 6.2436e+07 3.45128e+07 6.30667e+06 0.000253811 0.0089651 -0.00188656 0.00706359 0.0633377
52 47 1 -0.716267 0.563581 -0.00614015 0.00771346 1.27967e+06 5.33932e+06 2.4148e+06 441266 0 4.36853e+06 0 5.33932e+06 4.36853e+06 2.4148e+06 441266 0.0216538 0.0199617 0.00223557 0.0265188 0.0556259
59 47 2 -1.13293 0.625144 -0.0100842 0.00579604 5.09671e+06 2.12656e+07 9.61773e+06 1.75749e+06 0 1.73991e+07 0 2.12656e+07 1.73991e+07 9.61773e+06 1.75749e+06 0.0144941 0.0108579 0.00589653 0.01405 0.0491204
62 48 0 -1.22446 0.0769028 -0.00460429 -0.00194032 7.17086e+06 2.99198e+07 1.35317e+07 2.47271e+06 0 2.44798e+07 0 2.99198e+07 2.44798e+07 1.35317e+07 2.47271e+06 0.0110755 0.0077554 -0.0266597 0.0118709 0.0596948
58 48 1 -0.932531 0.294794 -0.0060606 0.00256311 1.82893e+07 7.63107e+07 3.45128e+07 6.30667e+06 0 6.2436e+07 0 7.63107e+07 6.2436e+07 3.45128e+07 6.30667e+06 0.000253811 0.0089651 -0.00188656 0.00706359 0.0633377
63 48 2 -1.20544 0.349092 -0.00833943 0.0017758 6.57306e+06 2.74255e+07 1.24037e+07 2.26657e+06 0 2.24391e+07 0 2.74255e+07 2.24391e+07 1.24037e+07 2.26657e+06 0.0109719 -0.00693971 -0.00974463 0.0131882 0.0549312
60 49 0 -1 2.1005e-24 -1.48233e-26 4.18745e-26 1.74689e+07 7.28877e+07 3.29647e+07 6.02378e+06 0 5.96354e+07 0 7.28877e+07 5.96354e+07 3.29647e+07 6.02378e+06 0.00682031 0.0152402 -0.04085 0.0047857 0.0758882
56 49 1 -0.714286 3.30684e-24 -2.59174e-27 4.06061e-26 2.71671e+06 1.13353e+07 5.12656e+06 936798 0 9.2743e+06 0 1.13353e+07 9.2743e+06 5.12656e+06 936798 0.00557544 0.00457479 -0.0290888 0.0232322 0.0913828
58 49 2 -0.932531 0.294794 -0.0060606 0.00256311 1.82893e+07 7.63107e+07 3.45128e+07 6.30667e+06 0 6.2436e+07 0 7.63107e+07 6.2436e+07 3.45128e+07 6.30667e+06 0.000253811 0.0089651 -0.00188656 0.00706359 0.0633377
48 50 0 -0.842856 1.2657 -0.00614667 0.0187362 1.25303e+06 5.22817e+06 2.36453e+06 432080 0 4.27759e+06 0 5.22817e+06 4.27759e+06 2.36453e+06 432080 0.0281703 -0.0131799 -0.00350588 0.03936 0.038008
43 50 1 -0.663841 1.55306 -0.00435758 0.0215579 8.91335e+06 3.71902e+07 1.68199e+07 3.07357e+06 0 3.04283e+07 0 3.71902e+07 3.04283e+07 1.68199e+07 3.07357e+06 0.00952852 -0.0172232 0.00160413 0.00824766 0.0346384
44 50 2 -1.06491 1.52484 -0.00753083 0.0227121 1.32669e+07 5.53549e+07 2.50352e+07 4.57478e+06 0 4.52903e+07 0 5.53549e+07 4.52903e+07 2.50352e+07 4.57478e+06 0.00486484 0.0105606 0.0187246 0.00463329 0.0363982
54 51 0 -0.886921 0.776581 -0.00690729 0.0101391 1.1981e+07 4.99896e+07 2.26087e+07 4.13138e+06 0 4.09006e+07 0 4.99896e+07 4.09006e+07 2.26087e+07 4.13138e+06 0.00333327 0.0105087 0.00709982 0.00859917 0.0472009
47 51 1 -0.663983 0.960604 -0.00438575 0.0143808 1.26952e+07 5.29697e+07 2.39565e+07 4.37766e+06 0 4.33389e+07 0 5.29697e+07 4.33389e+07 2.39565e+07 4.37766e+06 0.00520139 0.00473774 0.00306568 0.00381506 0.0436026
55 51 2 -1.04926 0.995208 -0.00915073 0.0123083 3.16284e+06 1.31967e+07 5.96841e+06 1.09063e+06 0 1.07973e+07 0 1.31967e+07 1.07973e+07 5.96841e+06 1.09063e+06 0.0224355 -0.00983711 -0.0128971 0.0257304 0.0421314
55 52 0 -1.04926 0.995208 -0.00915073 0.0123083 3.16284e+06 1.31967e+07 5.96841e+06 1.09063e+06 0 1.07973e+07 0 1.31967e+07 1.07973e+07 5.96841e+06 1.09063e+06 0.0224355 -0.00983711 -0.0128971 0.0257304 0.0421314
47 52 1 -0.663983 0.960604 -0.00438575 0.0143808 1.26952e+07 5.29697e+07 2.39565e+07 4.37766e+06 0 4.33389e+07 0 5.29697e+07 4.33389e+07 2.39565e+07 4.37766e+06 0.00520139 0.00473774 0.00306568 0.00381506 0.0436026
48 52 2 -0.842856 1.2657 -0.00614667 0.0187362 1.25303e+06 5.22817e+06 2.36453e+06 432080 0 4.27759e+06 0 5.22817e+06 4.27759e+06 2.36453e+06 432080 0.0281703 -0.0131799 -0.00350588 0.03936 0.038008
52 53 0 -0.716267 0.563581 -0.00614015 0.00771346 1.27967e+06 5.33932e+06 2.4148e+06 441266 0 4.36853e+06 0 5.33932e+06 4.36853e+06 2.4148e+06 441266 0.0216538 0.0199617 0.00223557 0.0265188 0.0556259
54 53 1 -0.886921 0.776581 -0.00690729 0.0101391 1.1981e+07 4.99896e+07 2.26087e+07 4.13138e+06 0 4.09006e+07 0 4.99896e+07 4.09006e+07 2.26087e+07 4.13138e+06 0.00333327 0.0105087 0.00709982 0.00859917 0.0472009
59 53 2 -1.13293 0.625144 -0.0100842 0.00579604 5.09671e+06 2.12656e+07 9.61773e+06 1.75749e+06 0 1.73991e+07 0 2.12656e+07 1.73991e+07 9.61773e+06 1.75749e+06 0.0144941 0.0108579 0.00589653 0.01405 0.0491204
42 54 0 -0.142857 3.33485e-24 -7.06553e-27 5.74583e-26 2.14206e+07 8.93756e+07 4.04216e+07 7.38641e+06 0 7.31255e+07 0 8.93756e+07 7.31255e+07 4.04216e+07 7.38641e+06 -3.03905e-25 -5.64942e-25 0.000174507 0.00612995 0.0998197
46 54 1 -0.345439 0.365533 -0.00124054 0.00436214 5.17996e+06 2.16129e+07 9.77482e+06 1.78619e+06 0 1.76833e+07 0 2.16129e+07 1.76833e+07 9.77482e+06 1.78619e+06 0.0129987 -0.00997067 0.000241902 0.0122115 0.0696302
49 54 2 -0.428571 3.35298e-24 -8.11146e-27 3.9151e-26 6.64436e+06 2.7723e+07 1.25382e+07 2.29116e+06 0 2.26825e+07 0 2.7723e+07 2.26825e+07 1.25382e+07 2.29116e+06 3.10604e-25 6.94365e-25 -0.00998574 0.0139234 0.0972386
45 55 0 -0.442056 0.707472 -0.00185755 0.0109154 5.42923e+06 2.2653e+07 1.02452e+07 1.87215e+06 0 1.85343e+07 0 2.2653e+07 1.85343e+07 1.02452e+07 1.87215e+06 0.0124013 -0.0171697 -0.00760829 0.0126655 0.0522823
47 55 1 -0.663983 0.960604 -0.00438575 0.0143808 1.26952e+07 5.29697e+07 2.39565e+07 4.37766e+06 0 4.33389e+07 0 5.29697e+07 4.33389e+07 2.39565e+07 4.37766e+06 0.00520139 0.00473774 0.00306568 0.00381506 0.0436026
52 55 2 -0.716267 0.563581 -0.00614015 0.00771346 1.27967e+06 5.33932e+06 2.4148e+06 441266 0 4.36853e+06 0 5.33932e+06 4.36853e+06 2.4148e+06 441266 0.0216538 0.0199617 0.00223557 0.0265188 0.0556259
63 56 0 -1.20544 0.349092 -0.00833943 0.0017758 6.57306e+06 2.74255e+07 1.24037e+07 2.26657e+06 0 2.24391e+07 0 2.74255e+07 2.24391e+07 1.24037e+07 2.26657e+06 0.0109719 -0.00693971 -0.00974463 0.0131882 0.0549312
59 56 1 -1.13293 0.625144 -0.0100842 0.00579604 5.09671e+06 2.12656e+07 9.61773e+06 1.75749e+06 0 1.73991e+07 0 2.12656e+07 1.73991e+07 9.61773e+06 1.75749e+06 0.0144941 0.0108579 0.00589653 0.01405 0.0491204
64 56 2 -1.46351 0.415337 -0.0108469 0.0027717 1.27266e+07 5.31007e+07 2.40157e+07 4.38848e+06 0 4.3446e+07 0 5.31007e+07 4.3446e+07 2.40157e+07 4.38848e+06 0.00381234 0.00550331 -0.00836223 0.0112833 0.0513813
56 57 0 -0.714286 3.30684e-24 -2.59174e-27 4.06061e-26 2.71671e+06 1.13353e+07 5.12656e+06 936798 0 9.2743e+06 0 1.13353e+07 9.2743e+06 5.12656e+06 936798 0.00557544 0.00457479 -0.0290888 0.0232322 0.0913828
53 57 1 -0.621837 0.265815 -0.00380485 0.0035943 1.19571e+07 4.98899e+07 2.25635e+07 4.12313e+06 0 4.0819e+07 0 4.98899e+07 4.0819e+07 2.25635e+07 4.12313e+06 0.00891703 0.000342563 -0.00457938 0.00210121 0.0724154
58 57 2 -0.932531 0.294794 -0.0060606 0.00256311 1.82893e+07 7.63107e+07 3.45128e+07 6.30667e+06 0 6.2436e+07 0 7.63107e+07 6.2436e+07 3.45128e+07 6.30667e+06 0.000253811 0.0089651 -0.00188656 0.00706359 0.0633377
59 58 0 -1.13293 0.625144 -0.0100842 0.00579604 5.09671e+06 2.12656e+07 9.61773e+06 1.75749e+06 0 1.73991e+07 0 2.12656e+07 1.73991e+07 9.61773e+06 1.75749e+06 0.0144941 0.0108579 0.00589653 0.01405 0.0491204
61 58 1 -1.47647 0.665087 -0.0118622 0.00503156 1.61817e+07 6.75168e+07 3.05356e+07 5.5799e+06 0 5.5241e+07 0 6.75168e+07 5.5241e+07 3.05356e+07 5.5799e+06 0.00325716 0.0104833 0.00329506 0.00778243 0.04742
64 58 2 -1.46351 0.415337 -0.0108469 0.0027717 1.27266e+07 5.31007e+07 2.40157e+07 4.38848e+06 0 4.3446e+07 0 5.31007e+07 4.3446e+07 2.40157e+07 4.38848e+06 0.00381234 0.00550331 -0.00836223 0.0112833 0.0513813
58 59 0 -0.932531 0.294794 -0.0060606 0.00256311 1.82893e+07 7.63107e+07 3.45128e+07 6.30667e+06 0 6.2436e+07 0 7.63107e+07 6.2436e+07 3.45128e+07 6.30667e+06 0.000253811 0.0089651 -0.00188656 0.00706359 0.0633377
59 59 1 -1.13293 0.625144 -0.0100842 0.00579604 5.09671e+06 2.12656e+07 9.61773e+06 1.75749e+06 0 1.73991e+07 0 2.12656e+07 1.73991e+07 9.61773e+06 1.75749e+06 0.0144941 0.0108579 0.00589653 0.01405 0.0491204
63 59 2 -1.20544 0.349092 -0.00833943 0.0017758 6.57306e+06 2.74255e+07 1.24037e+07 2.26657e+06 0 2.24391e+07 0 2.74255e+07 2.24391e+07 1.24037e+07 2.26657e+06 0.0109719 -0.00693971 -0.00974463 0.0131882 0.0549312
54 60 0 -0.886921 0.776581 -0.00690729 0.0101391 1.1981e+07 4.99896e+07 2.26087e+07 4.13138e+06 0 4.09006e+07 0 4.99896e+07 4.09006e+07 2.26087e+07 4.13138e+06 0.00333327 0.0105087 0.00709982 0.00859917 0.0472009
55 60 1 -1.04926 0.995208 -0.00915073 0.0123083 3.16284e+06 1.31967e+07 5.96841e+06 1.09063e+06 0 1.07973e+07 0 1.31967e+07 1.07973e+07 5.96841e+06 1.09063e+06 0.0224355 -0.00983711 -0.0128971 0.0257304 0.0421314
59 60 2 -1.13293 0.625144 -0.0100842 0.00579604 5.09671e+06 2.12656e+07 9.61773e+06 1.75749e+06 0 1.73991e+07 0 2.12656e+07 1.73991e+07 9.61773e+06 1.75749e+06 0.0144941 0.0108579 0.00589653 0.01405 0.0491204
65 61 0 -1.44437 0.165984 -0.00810756 0.000181699 1.21029e+07 5.04985e+07 2.28388e+07 4.17343e+06 0 4.13169e+07 0 5.04985e+07 4.13169e+07 2.28388e+07 4.17343e+06 0.00449602 0.00243601 -0.0129713 0.0101 0.0546965
62 61 1 -1.22446 0.0769028 -0.00460429 -0.00194032 7.17086e+06 2.99198e+07 1.35317e+07 2.47271e+06 0 2.44798e+07 0 2.99198e+07 2.44798e+07 1.35317e+07 2.47271e+06 0.0110755 0.0077554 -0.0266597 0.0118709 0.0596948
63 61 2 -1.20544 0.349092 -0.00833943 0.0017758 6.57306e+06 2.74255e+07 1.24037e+07 2.26657e+06 0 2.24391e+07 0 2.74255e+07 2.24391e+07 1.24037e+07 2.26657e+06 0.0109719 -0.00693971 -0.00974463 0.0131882 0.0549312
62 62 0 -1.22446 0.0769028 -0.00460429 -0.00194032 7.17086e+06 2.99198e+07 1.35317e+07 2.47271e+06 0 2.44798e+07 0 2.99198e+07 2.44798e+07 1.35317e+07 2.47271e+06 0.0110755 0.0077554 -0.0266597 0.0118709 0.0596948
60 62 1 -1 2.1005e-24 -1.48233e-26 4.18745e-26 1.74689e+07 7.28877e+07 3.29647e+07 6.02378e+06 0 5.96354e+07 0 7.28877e+07 5.96354e+07 3.29647e+07 6.02378e+06 0.00682031 0.0152402 -0.04085 0.0047857 0.0758882
58 62 2 -0.932531 0.294794 -0.0060606 0.00256311 1.82893e+07 7.63107e+07 3.45128e+07 6.30667e+06 0 6.2436e+07 0 7.63107e+07 6.2436e+07 3.45128e+07 6.30667e+06 0.000253811 0.0089651 -0.00188656 0.00706359 0.0633377
63 63 0 -1.20544 0.349092 -0.00833943 0.0017758 6.57306e+06 2.74255e+07 1.24037e+07 2.26657e+06 0 2.24391e+07 0 2.74255e+07 2.24391e+07 1.24037e+07 2.26657e+06 0.0109719 -0.00693971 -0.00974463 0.0131882 0.0549312
64 63 1 -1.46351 0.415337 -0.0108469 0.0027717 1.27266e+07 5.31007e+07 2.40157e+07 4.38848e+06 0 4.3446e+07 0 5.31007e+07 4.3446e+07 2.40157e+07 4.38848e+06 0.00381234 0.00550331 -0.00836223 0.0112833 0.0513813
65 63 2 -1.44437 0.165984 -0.00810756 0.000181699 1.21029e+07 5.04985e+07 2.28388e+07 4.17343e+06 0 4.13169e+07 0 5.04985e+07 4.13169e+07 2.28388e+07 4.17343e+06 0.00449602 0.00243601 -0.0129713 0.0101 0.0546965
48 64 0 -0.842856 1.2657 -0.00614667 0.0187362 1.25303e+06 5.22817e+06 2.36453e+06 432080 0 4.27759e+06 0 5.22817e+06 4.27759e+06 2.36453e+06 432080 0.0281703 -0.0131799 -0.00350588 0.03936 0.038008
50 64 1 -1.18846 1.32144 -0.0114277 0.01767 7.76669e+06 3.24059e+07 1.46561e+07 2.67817e+06 0 2.65139e+07 0 3.24059e+07 2.65139e+07 1.46561e+07 2.67817e+06 0.00343454 0.0281075 0.00997667 0.0149355 0.0385107
55 64 2 -1.04926 0.995208 -0.00915073 0.0123083 3.16284e+06 1.31967e+07 5.96841e+06 1.09063e+06 0 1.07973e+07 0 1.31967e+07 1.07973e+07 5.96841e+06 1.09063e+06 0.0224355 -0.00983711 -0.0128971 0.0257304 0.0421314
21 65 0 0.268209 1.75359 0.00459886 0.0150455 1.27188e+07 5.30681e+07 2.4001e+07 4.3858e+06 0 4.34194e+07 0 5.30681e+07 4.34194e+07 2.4001e+07 4.3858e+06 0.00453607 -0.00333475 0.00117856 0.011033 0.0323464
15 65 1 0.544361 1.60833 0.00554077 0.0139386 2.63665e+07 1.10012e+08 4.97547e+07 9.09188e+06 0 9.00096e+07 0 1.10012e+08 9.00096e+07 4.97547e+07 9.09188e+06 0.00290356 0.00290041 0.00275171 0.00269797 0.0336444
14 65 2 0.480369 2.01243 0.00791826 0.0181542 2.369e+06 9.88445e+06 4.47041e+06 816897 0 8.08728e+06 0 9.88445e+06 8.08728e+06 4.47041e+06 816897 0.00841707 0.00302133 0.013076 0.0205131 0.0318348
29 66 0 -0.20899 2.00408 0.00334439 0.0231879 1.38353e+07 5.77267e+07 2.61079e+07 4.7708e+06 0 4.7231e+07 0 5.77267e+07 4.7231e+07 2.61079e+07 4.7708e+06 0.00567779 -0.0151966 0.01064 0.00662674 0.031718
28 66 1 -0.0185658 1.69324 0.00292136 0.0171442 9.08961e+06 3.79256e+07 1.71525e+07 3.13435e+06 0 3.10301e+07 0 3.79256e+07 3.10301e+07 1.71525e+07 3.13435e+06 0.00686354 -0.0160365 0.000244263 0.0114666 0.0326804
22 66 2 0.101688 2.07701 0.00559506 0.0189985 1.42273e+07 5.93621e+07 2.68475e+07 4.90596e+06 0 4.8569e+07 0 5.93621e+07 4.8569e+07 2.68475e+07 4.90596e+06 0.00509713 -0.0102301 0.0099417 0.00642751 0.0314008
23 67 0 0.222083 1.3765 0.00348405 0.0122634 1.84364e+07 7.69244e+07 3.47904e+07 6.35739e+06 0 6.29382e+07 0 7.69244e+07 6.29382e+07 3.47904e+07 6.35739e+06 0.00304109 0.000912304 0.00672771 0.00645355 0.0359854
15 67 1 0.544361 1.60833 0.00554077 0.0139386 2.63665e+07 1.10012e+08 4.97547e+07 9.09188e+06 0 9.00096e+07 0 1.10012e+08 9.00096e+07 4.97547e+07 9.09188e+06 0.00290356 0.00290041 0.00275171 0.00269797 0.0336444
21 67 2 0.268209 1.75359 0.00459886 0.0150455 1.27188e+07 5.30681e+07 2.4001e+07 4.3858e+06 0 4.34194e+07 0 5.30681e+07 4.34194e+07 2.4001e+07 4.3858e+06 0.00453607 -0.00333475 0.00117856 0.011033 0.0323464
21 68 0 0.268209 1.75359 0.00459886 0.0150455 1.27188e+07 5.30681e+07 2.4001e+07 4.3858e+06 0 4.34194e+07 0 5.30681e+07 4.34194e+07 2.4001e+07 4.3858e+06 0.00453607 -0.00333475 0.00117856 0.011033 0.0323464
22 68 1 0.101688 2.07701 0.00559506 0.0189985 1.42273e+07 5.93621e+07 2.68475e+07 4.90596e+06 0 4.8569e+07 0 5.93621e+07 4.8569e+07 2.68475e+07 4.90596e+06 0.00509713 -0.0102301 0.0099417 0.00642751 0.0314008
28 68 2 -0.0185658 1.69324 0.00292136 0.0171442 9.08961e+06 3.79256e+07 1.71525e+07 3.13435e+06 0 3.10301e+07 0 3.79256e+07 3.10301e+07 1.71525e+07 3.13435e+06 0.00686354 -0.0160365 0.000244263 0.0114666 0.0326804
11 69 0 1.0898 0.704842 0.00805675 0.00543115 5.42398e+06 2.26311e+07 1.02353e+07 1.87034e+06 0 1.85163e+07 0 2.26311e+07 1.85163e+07 1.02353e+07 1.87034e+06 0.00899219 -0.00804962 0.00721133 0.0186092 0.0482041
9 69 1 1.21085 0.42063 0.00687323 0.000921337 7.48649e+06 3.12367e+07 1.41273e+07 2.58155e+06 0 2.55573e+07 0 3.12367e+07 2.55573e+07 1.41273e+07 2.58155e+06 0.00857059 -0.00534901 0.00900111 0.0101864 0.0541438
5 69 2 1.47622 0.57352 0.0100356 0.00136685 1.28499e+07 5.3615e+07 2.42483e+07 4.43099e+06 0 4.38668e+07 0 5.3615e+07 4.38668e+07 2.42483e+07 4.43099e+06 0.00430209 -0.00894527 0.0079574 0.0105631 0.0495184
11 70 0 1.0898 0.704842 0.00805675 0.00543115 5.42398e+06 2.26311e+07 1.02353e+07 1.87034e+06 0 1.85163e+07 0 2.26311e+07 1.85163e+07 1.02353e+07 1.87034e+06 0.00899219 -0.00804962 0.00721133 0.0186092 0.0482041
5 70 1 1.47622 0.57352 0.0100356 0.00136685 1.28499e+07 5.3615e+07 2.42483e+07 4.43099e+06 0 4.38668e+07 0 5.3615e+07 4.38668e+07 2.42483e+07 4.43099e+06 0.00430209 -0.00894527 0.0079574 0.0105631 0.0495184
4 70 2 1.42228 0.84186 0.010645 0.00514832 9.05326e+06 3.77739e+07 1.70839e+07 3.12181e+06 0 3.09059e+07 0 3.77739e+07 3.09059e+07 1.70839e+07 3.12181e+06 0.00657285 -0.00932293 -0.0061475 0.0136572 0.045154
18 71 0 0.935199 0.317368 0.00418722 0.00225501 1.45497e+07 6.07075e+07 2.7456e+07 5.01715e+06 0 4.96698e+07 0 6.07075e+07 4.96698e+07 2.7456e+07 5.01715e+06 0.00692395 -0.00476381 0.00729784 0.00360906 0.0634303
13 71 1 1 2.00919e-24 1.43557e-26 3.48877e-26 1.40261e+07 5.85226e+07 2.64679e+07 4.83658e+06 0 4.78822e+07 0 5.85226e+07 4.78822e+07 2.64679e+07 4.83658e+06 1.54408e-25 -5.73938e-25 0.0278255 0.00750653 0.078405
10 71 2 1.21339 0.105524 0.00340284 -0.00121807 2.95443e+07 1.23271e+08 5.57515e+07 1.01877e+07 0 1.00858e+08 0 1.23271e+08 1.00858e+08 5.57515e+07 1.01877e+07 0.000170023 -0.00850624 0.0130962 0.00328089 0.0614422
9 72 0 1.21085 0.42063 0.00687323 0.000921337 7.48649e+06 3.12367e+07 1.41273e+07 2.58155e+06 0 2.55573e+07 0 3.12367e+07 2.55573e+07 1.41273e+07 2.58155e+06 0.00857059 -0.00534901 0.00900111 0.0101864 0.0541438
10 72 1 1.21339 0.105524 0.00340284 -0.00121807 2.95443e+07 1.23271e+08 5.57515e+07 1.01877e+07 0 1.00858e+08 0 1.23271e+08 1.00858e+08 5.57515e+07 1.01877e+07 0.000170023 -0.00850624 0.0130962 0.00328089 0.0614422
2 72 2 1.4186 0.226198 0.00584955 -0.00178671 1.23375e+07 5.14772e+07 2.32815e+07 4.25432e+06 0 4.21177e+07 0 5.14772e+07 4.21177e+07 2.32815e+07 4.25432e+06 0.00519528 -0.00387686 0.0145713 0.00972365 0.0552521
8 73 0 1.0789 1.07326 0.00793794 0.00965194 1.1507e+07 4.8012e+07 2.17142e+07 3.96793e+06 0 3.92825e+07 0 4.8012e+07 3.92825e+07 2.17142e+07 3.96793e+06 0.0069744 -0.00228358 0.00340962 0.00781362 0.0409175
1 73 1 1.35479 1.10712 0.00958886 0.00856444 1.42608e+07 5.95019e+07 2.69107e+07 4.91751e+06 0 4.86833e+07 0 5.95019e+07 4.86833e+07 2.69107e+07 4.91751e+06 0.00474696 -0.00744157 0.00106502 0.00783421 0.0412591
3 73 2 1.16006 1.45613 0.00870681 0.0126194 1.32882e+07 5.54438e+07 2.50754e+07 4.58214e+06 0 4.53631e+07 0 5.54438e+07 4.53631e+07 2.50754e+07 4.58214e+06 0.00519603 -0.00355122 -0.00127281 0.00838127 0.0369
24 74 0 0.368417 0.991857 0.00272386 0.00875647 1.01732e+07 4.24469e+07 1.91974e+07 3.50801e+06 0 3.47293e+07 0 4.24469e+07 3.47293e+07 1.91974e+07 3.50801e+06 0.00669823 -0.00245761 0.0030071 0.0106995 0.0435032
25 74 1 0.494025 0.65822 0.00277537 0.00511665 1.01319e+07 4.22745e+07 1.91193e+07 3.49376e+06 0 3.45882e+07 0 4.22745e+07 3.45882e+07 1.91193e+07 3.49376e+06 0.00467809 -0.00370987 -0.00125697 0.0108831 0.0539724
16 74 2 0.747981 0.955829 0.00527557 0.00867352 1.30739e+07 5.45499e+07 2.46711e+07 4.50826e+06 0 4.46317e+07 0 5.45499e+07 4.46317e+07 2.46711e+07 4.50826e+06 0.00625721 0.00286075 0.00464757 0.00722407 0.0435209
11 75 0 1.0898 0.704842 0.00805675 0.00543115 5.42398e+06 2.26311e+07 1.02353e+07 1.87034e+06 0 1.85163e+07 0 2.26311e+07 1.85163e+07 1.02353e+07 1.87034e+06 0.00899219 -0.00804962 0.00721133 0.0186092 0.0482041
4 75 1 1.42228 0.84186 0.010645 0.00514832 9.05326e+06 3.77739e+07 1.70839e+07 3.12181e+06 0 3.09059e+07 0 3.77739e+07 3.09059e+07 1.70839e+07 3.12181e+06 0.00657285 -0.00932293 -0.0061475 0.0136572 0.045154
8 75 2 1.0789 1.07326 0.00793794 0.00965194 1.1507e+07 4.8012e+07 2.17142e+07 3.96793e+06 0 3.92825e+07 0 4.8012e+07 3.92825e+07 2.17142e+07 3.96793e+06 0.0069744 -0.00228358 0.00340962 0.00781362 0.0409175
16 76 0 0.747981 0.955829 0.00527557 0.00867352 1.30739e+07 5.45499e+07 2.46711e+07 4.50826e+06 0 4.46317e+07 0 5.45499e+07 4.46317e+07 2.46711e+07 4.50826e+06 0.00625721 0.00286075 0.00464757 0.00722407 0.0435209
11 76 1 1.0898 0.704842 0.00805675 0.00543115 5.42398e+06 2.26311e+07 1.02353e+07 1.87034e+06 0 1.85163e+07 0 2.26311e+07 1.85163e+07 1.02353e+07 1.87034e+06 0.00899219 -0.00804962 0.00721133 0.0186092 0.0482041
8 76 2 1.0789 1.07326 0.00793794 0.00965194 1.1507e+07 4.8012e+07 2.17142e+07 3.96793e+06 0 3.92825e+07 0 4.8012e+07 3.92825e+07 2.17142e+07 3.96793e+06 0.0069744 -0.00228358 0.00340962 0.00781362 0.0409175
9 77 0 1.21085 0.42063 0.00687323 0.000921337 7.48649e+06 3.12367e+07 1.41273e+07 2.58155e+06 0 2.55573e+07 0 3.12367e+07 2.55573e+07 1.41273e+07 2.58155e+06 0.00857059 -0.00534901 0.00900111 0.0101864 0.0541438
2 77 1 1.4186 0.226198 0.00584955 -0.00178671 1.23375e+07 5.14772e+07 2.32815e+07 4.25432e+06 0 4.21177e+07 0 5.14772e+07 4.21177e+07 2.32815e+07 4.25432e+06 0.00519528 -0.00387686 0.0145713 0.00972365 0.0552521
5 77 2 1.47622 0.57352 0.0100356 0.00136685 1.28499e+07 5.3615e+07 2.42483e+07 4.43099e+06 0 4.38668e+07 0 5.3615e+07 4.38668e+07 2.42483e+07 4.43099e+06 0.00430209 -0.00894527 0.0079574 0.0105631 0.0495184
18 78 0 0.935199 0.317368 0.00418722 0.00225501 1.45497e+07 6.07075e+07 2.7456e+07 5.01715e+06 0 4.96698e+07 0 6.07075e+07 4.96698e+07 2.7456e+07 5.01715e+06 0.00692395 -0.00476381 0.00729784 0.00360906 0.0634303
9 78 1 1.21085 0.42063 0.00687323 0.000921337 7.48649e+06 3.12367e+07 1.41273e+07 2.58155e+06 0 2.55573e+07 0 3.12367e+07 2.55573e+07 1.41273e+07 2.58155e+06 0.00857059 -0.00534901 0.00900111 0.0101864 0.0541438
11 78 2 1.0898 0.704842 0.00805675 0.00543115 5.42398e+06 2.26311e+07 1.02353e+07 1.87034e+06 0 1.85163e+07 0 2.26311e+07 1.85163e+07 1.02353e+07 1.87034e+06 0.00899219 -0.00804962 0.00721133 0.0186092 0.0482041
18 79 0 0.935199 0.317368 0.00418722 0.00225501 1.45497e+07 6.07075e+07 2.7456e+07 5.01715e+06 0 4.96698e+07 0 6.07075e+07 4.96698e+07 2.7456e+07 5.01715e+06 0.00692395 -0.00476381 0.00729784 0.00360906 0.0634303
10 79 1 1.21339 0.105524 0.00340284 -0.00121807 2.95443e+07 1.23271e+08 5.57515e+07 1.01877e+07 0 1.00858e+08 0 1.23271e+08 1.00858e+08 5.57515e+07 1.01877e+07 0.000170023 -0.00850624 0.0130962 0.00328089 0.0614422
9 79 2 1.21085 0.42063 0.00687323 0.000921337 7.48649e+06 3.12367e+07 1.41273e+07 2.58155e+06 0 2.55573e+07 0 3.12367e+07 2.55573e+07 1.41273e+07 2.58155e+06 0.00857059 -0.00534901 0.00900111 0.0101864 0.0541438
18 80 0 0.935199 0.317368 0.00418722 0.00225501 1.45497e+07 6.07075e+07 2.7456e+07 5.01715e+06 0 4.96698e+07 0 6.07075e+07 4.96698e+07 2.7456e+07 5.01715e+06 0.00692395 -0.00476381 0.00729784 0.00360906 0.0634303
20 80 1 0.714286 3.26103e-24 1.08096e-27 4.36823e-26 6.06579e+06 2.5309e+07 1.14464e+07 2.09165e+06 0 2.07074e+07 0 2.5309e+07 2.07074e+07 1.14464e+07 2.09165e+06 0.00463528 0.000873834 0.0153119 0.0141779 0.0925114
13 80 2 1 2.00919e-24 1.43557e-26 3.48877e-26 1.40261e+07 5.85226e+07 2.64679e+07 4.83658e+06 0 4.78822e+07 0 5.85226e+07 4.78822e+07 2.64679e+07 4.83658e+06 1.54408e-25 -5.73938e-25 0.0278255 0.00750653 0.078405
1 81 0 1.35479 1.10712 0.00958886 0.00856444 1.42608e+07 5.95019e+07 2.69107e+07 4.91751e+06 0 4.86833e+07 0 5.95019e+07 4.86833e+07 2.69107e+07 4.91751e+06 0.00474696 -0.00744157 0.00106502 0.00783421 0.0412591
8 81 1 1.0789 1.07326 0.00793794 0.00965194 1.1507e+07 4.8012e+07 2.17142e+07 3.96793e+06 0 3.92825e+07 0 4.8012e+07 3.92825e+07 2.17142e+07 3.96793e+06 0.0069744 -0.00228358 0.00340962 0.00781362 0.0409175
4 81 2 1.42228 0.84186 0.010645 0.00514832 9.05326e+06 3.77739e+07 1.70839e+07 3.12181e+06 0 3.09059e+07 0 3.77739e+07 3.09059e+07 1.70839e+07 3.12181e+06 0.00657285 -0.00932293 -0.0061475 0.0136572 0.045154
32 82 0 0.174215 0.674707 0.00134924 0.00589559 1.44073e+07 6.01134e+07 2.71873e+07 4.96805e+06 0 4.91837e+07 0 6.01134e+07 4.91837e+07 2.71873e+07 4.96805e+06 0.00406204 -0.000616263 -0.000927392 0.00922398 0.0545434
30 82 1 0.0357518 1.02076 0.00095556 0.00904337 1.40189e+07 5.84927e+07 2.64543e+07 4.83411e+06 0 4.78577e+07 0 5.84927e+07 4.78577e+07 2.64543e+07 4.83411e+06 0.00437015 0.00250723 0.00202606 0.00972521 0.0430967
38 82 2 -0.140432 0.683953 0.000224252 0.00666795 1.39002e+07 5.79972e+07 2.62302e+07 4.79316e+06 0 4.74522e+07 0 5.79972e+07 4.74522e+07 2.62302e+07 4.79316e+06 0.00371962 -0.00653841 -0.00333184 0.0103407 0.0542516
41 83 0 -0.00966138 0.343037 0.000539979 0.00276088 1.59369e+07 6.64955e+07 3.00737e+07 5.4955e+06 0 5.44054e+07 0 6.64955e+07 5.44054e+07 3.00737e+07 5.4955e+06 0.00215963 -0.00170502 0.0037348 0.00941827 0.0723722
32 83 1 0.174215 0.674707 0.00134924 0.00589559 1.44073e+07 6.01134e+07 2.71873e+07 4.96805e+06 0 4.91837e+07 0 6.01134e+07 4.91837e+07 2.71873e+07 4.96805e+06 0.00406204 -0.000616263 -0.000927392 0.00922398 0.0545434
38 83 2 -0.140432 0.683953 0.000224252 0.00666795 1.39002e+07 5.79972e+07 2.62302e+07 4.79316e+06 0 4.74522e+07 0 5.79972e+07 4.74522e+07 2.62302e+07 4.79316e+06 0.00371962 -0.00653841 -0.00333184 0.0103407 0.0542516
25 84 0 0.494025 0.65822 0.00277537 0.00511665 1.01319e+07 4.22745e+07 1.91193e+07 3.49376e+06 0 3.45882e+07 0 4.22745e+07 3.45882e+07 1.91193e+07 3.49376e+06 0.00467809 -0.00370987 -0.00125697 0.0108831 0.0539724
24 84 1 0.368417 0.991857 0.00272386 0.00875647 1.01732e+07 4.24469e+07 1.91974e+07 3.50801e+06 0 3.47293e+07 0 4.24469e+07 3.47293e+07 1.91974e+07 3.50801e+06 0.00669823 -0.00245761 0.0030071 0.0106995 0.0435032
32 84 2 0.174215 0.674707 0.00134924 0.00589559 1.44073e+07 6.01134e+07 2.71873e+07 4.96805e+06 0 4.91837e+07 0 6.01134e+07 4.91837e+07 2.71873e+07 4.96805e+06 0.00406204 -0.000616263 -0.000927392 0.00922398 0.0545434
26 85 0 0.60909 0.317797 0.00265317 0.00248101 2.52582e+07 1.05387e+08 4.76633e+07 8.70971e+06 0 8.62261e+07 0 1.05387e+08 8.62261e+07 4.76633e+07 8.70971e+06 0.00232542 0.00155807 0.00577233 0.00487347 0.0699444
19 85 1 0.787734 0.605506 0.00455043 0.00495923 5.51045e+06 2.29919e+07 1.03985e+07 1.90015e+06 0 1.88115e+07 0 2.29919e+07 1.88115e+07 1.03985e+07 1.90015e+06 0.0081093 9.2066e-05 0.002917 0.0127703 0.0537193
25 85 2 0.494025 0.65822 0.00277537 0.00511665 1.01319e+07 4.22745e+07 1.91193e+07 3.49376e+06 0 3.45882e+07 0 4.22745e+07 3.45882e+07 1.91193e+07 3.49376e+06 0.00467809 -0.00370987 -0.00125697 0.0108831 0.0539724
24 86 0 0.368417 0.991857 0.00272386 0.00875647 1.01732e+07 4.24469e+07 1.91974e+07 3.50801e+06 0 3.47293e+07 0 4.24469e+07 3.47293e+07 1.91974e+07 3.50801e+06 0.00669823 -0.00245761 0.0030071 0.0106995 0.0435032
23 86 1 0.222083 1.3765 0.00348405 0.0122634 1.84364e+07 7.69244e+07 3.47904e+07 6.35739e+06 0 6.29382e+07 0 7.69244e+07 6.29382e+07 3.47904e+07 6.35739e+06 0.00304109 0.000912304 0.00672771 0.00645355 0.0359854
30 86 2 0.0357518 1.02076 0.00095556 0.00904337 1.40189e+07 5.84927e+07 2.64543e+07 4.83411e+06 0 4.78577e+07 0 5.84927e+07 4.78577e+07 2.64543e+07 4.83411e+06 0.00437015 0.00250723 0.00202606 0.00972521 0.0430967
32 87 0 0.174215 0.674707 0.00134924 0.00589559 1.44073e+07 6.01134e+07 2.71873e+07 4.96805e+06 0 4.91837e+07 0 6.01134e+07 4.91837e+07 2.71873e+07 4.96805e+06 0.00406204 -0.000616263 -0.000927392 0.00922398 0.0545434
24 87 1 0.368417 0.991857 0.00272386 0.00875647 1.01732e+07 4.24469e+07 1.91974e+07 3.50801e+06 0 3.47293e+07 0 4.24469e+07 3.47293e+07 1.91974e+07 3.50801e+06 0.00669823 -0.00245761 0.0030071 0.0106995 0.0435032
30 87 2 0.0357518 1.02076 0.00095556 0.00904337 1.40189e+07 5.84927e+07 2.64543e+07 4.83411e+06 0 4.78577e+07 0 5.84927e+07 4.78577e+07 2.64543e+07 4.83411e+06 0.00437015 0.00250723 0.00202606 0.00972521 0.0430967
16 88 0 0.747981 0.955829 0.00527557 0.00867352 1.30739e+07 5.45499e+07 2.46711e+07 4.50826e+06 0 4.46317e+07 0 5.45499e+07 4.46317e+07 2.46711e+07 4.50826e+06 0.00625721 0.00286075 0.00464757 0.00722407 0.0435209
7 88 1 0.834928 1.36699 0.0067964 0.0122669 1.06018e+07 4.4235e+07 2.0006e+07 3.65578e+06 0 3.61922e+07 0 4.4235e+07 3.61922e+07 2.0006e+07 3.65578e+06 0.0080717 0.000826771 -0.00323256 0.00830193 0.0365238
17 88 2 0.542396 1.25809 0.0046421 0.0115328 6.82704e+06 2.84853e+07 1.28829e+07 2.35415e+06 0 2.33061e+07 0 2.84853e+07 2.33061e+07 1.28829e+07 2.35415e+06 0.00753492 0.000984822 0.00232142 0.0110179 0.0377662
19 89 0 0.787734 0.605506 0.00455043 0.00495923 5.51045e+06 2.29919e+07 1.03985e+07 1.90015e+06 0 1.88115e+07 0 2.29919e+07 1.88115e+07 1.03985e+07 1.90015e+06 0.0081093 9.2066e-05 0.002917 0.0127703 0.0537193
11 89 1 1.0898 0.704842 0.00805675 0.00543115 5.42398e+06 2.26311e+07 1.02353e+07 1.87034e+06 0 1.85163e+07 0 2.26311e+07 1.85163e+07 1.02353e+07 1.87034e+06 0.00899219 -0.00804962 0.00721133 0.0186092 0.0482041
16 89 2 0.747981 0.955829 0.00527557 0.00867352 1.30739e+07 5.45499e+07 2.46711e+07 4.50826e+06 0 4.46317e+07 0 5.45499e+07 4.46317e+07 2.46711e+07 4.50826e+06 0.00625721 0.00286075 0.00464757 0.00722407 0.0435209
33 90 0 0.3031 0.336249 0.0016211 0.00254959 1.29638e+07 5.40904e+07 2.44633e+07 4.47028e+06 0 4.42557e+07 0 5.40904e+07 4.42557e+07 2.44633e+07 4.47028e+06 0.00496575 -0.00128984 0.0032723 0.00700912 0.0718524
26 90 1 0.60909 0.317797 0.00265317 0.00248101 2.52582e+07 1.05387e+08 4.76633e+07 8.70971e+06 0 8.62261e+07 0 1.05387e+08 8.62261e+07 4.76633e+07 8.70971e+06 0.00232542 0.00155807 0.00577233 0.00487347 0.0699444
25 90 2 0.494025 0.65822 0.00277537 0.00511665 1.01319e+07 4.22745e+07 1.91193e+07 3.49376e+06 0 3.45882e+07 0 4.22745e+07 3.45882e+07 1.91193e+07 3.49376e+06 0.00467809 -0.00370987 -0.00125697 0.0108831 0.0539724
18 91 0 0.935199 0.317368 0.00418722 0.00225501 1.45497e+07 6.07075e+07 2.7456e+07 5.01715e+06 0 4.96698e+07 0 6.07075e+07 4.96698e+07 2.7456e+07 5.01715e+06 0.00692395 -0.00476381 0.00729784 0.00360906 0.0634303
11 91 1 1.0898 0.704842 0.00805675 0.00543115 5.42398e+06 2.26311e+07 1.02353e+07 1.87034e+06 0 1.85163e+07 0 2.26311e+07 1.85163e+07 1.02353e+07 1.87034e+06 0.00899219 -0.00804962 0.00721133 0.0186092 0.0482041
19 91 2 0.787734 0.605506 0.00455043 0.00495923 5.51045e+06 2.29919e+07 1.03985e+07 1.90015e+06 0 1.88115e+07 0 2.29919e+07 1.88115e+07 1.03985e+07 1.90015e+06 0.0081093 9.2066e-05 0.002917 0.0127703 0.0537193
8 92 0 1.0789 1.07326 0.00793794 0.00965194 1.1507e+07 4.8012e+07 2.17142e+07 3.96793e+06 0 3.92825e+07 0 4.8012e+07 3.92825e+07 2.17142e+07 3.96793e+06 0.0069744 -0.00228358 0.00340962 0.00781362 0.0409175
3 92 1 1.16006 1.45613 0.00870681 0.0126194 1.32882e+07 5.54438e+07 2.50754e+07 4.58214e+06 0 4.53631e+07 0 5.54438e+07 4.53631e+07 2.50754e+07 4.58214e+06 0.00519603 -0.00355122 -0.00127281 0.00838127 0.0369
7 92 2 0.834928 1.36699 0.0067964 0.0122669 1.06018e+07 4.4235e+07 2.0006e+07 3.65578e+06 0 3.61922e+07 0 4.4235e+07 3.61922e+07 2.0006e+07 3.65578e+06 0.0080717 0.000826771 -0.00323256 0.00830193 0.0365238
0 93 0 1.00272 1.6188 0.00784947 0.0144119 1.1522e+07 4.80746e+07 2.17425e+07 3.9731e+06 0 3.93337e+07 0 4.80746e+07 3.93337e+07 2.17425e+07 3.9731e+06 0.00623712 -0.00135511 0.00206211 0.0090872 0.0350097
7 93 1 0.834928 1.36699 0.0067964 0.0122669 1.06018e+07 4.4235e+07 2.0006e+07 3.65578e+06 0 3.61922e+07 0 4.4235e+07 3.61922e+07 2.0006e+07 3.65578e+06 0.0080717 0.000826771 -0.00323256 0.00830193 0.0365238
3 93 2 1.16006 1.45613 0.00870681 0.0126194 1.32882e+07 5.54438e+07 2.50754e+07 4.58214e+06 0 4.53631e+07 0 5.54438e+07 4.53631e+07 2.50754e+07 4.58214e+06 0.00519603 -0.00355122 -0.00127281 0.00838127 0.0369
7 94 0 0.834928 1.36699 0.0067964 0.0122669 1.06018e+07 4.4235e+07 2.0006e+07 3.65578e+06 0 3.61922e+07 0 4.4235e+07 3.61922e+07 2.0006e+07 3.65578e+06 0.0080717 0.000826771 -0.00323256 0.00830193 0.0365238
16 94 1 0.747981 0.955829 0.00527557 0.00867352 1.30739e+07 5.45499e+07 2.46711e+07 4.50826e+06 0 4.46317e+07 0 5.45499e+07 4.46317e+07 2.46711e+07 4.50826e+06 0.00625721 0.00286075 0.00464757 0.00722407 0.0435209
8 94 2 1.0789 1.07326 0.00793794 0.00965194 1.1507e+07 4.8012e+07 2.17142e+07 3.96793e+06 0 3.92825e+07 0 4.8012e+07 3.92825e+07 2.17142e+07 3.96793e+06 0.0069744 -0.00228358 0.00340962 0.00781362 0.0409175
6 95 0 0.844872 1.78098 0.00763604 0.0154107 1.30055e+07 5.42641e+07 2.45419e+07 4.48464e+06 0 4.43979e+07 0 5.42641e+07 4.43979e+07 2.45419e+07 4.48464e+06 0.00573448 0.00496926 0.00695729 0.0067465 0.0335072
7 95 1 0.834928 1.36699 0.0067964 0.0122669 1.06018e+07 4.4235e+07 2.0006e+07 3.65578e+06 0 3.61922e+07 0 4.4235e+07 3.61922e+07 2.0006e+07 3.65578e+06 0.0080717 0.000826771 -0.00323256 0.00830193 0.0365238
0 95 2 1.00272 1.6188 0.00784947 0.0144119 1.1522e+07 4.80746e+07 2.17425e+07 3.9731e+06 0 3.93337e+07 0 4.80746e+07 3.93337e+07 2.17425e+07 3.9731e+06 0.00623712 -0.00135511 0.00206211 0.0090872 0.0350097
15 96 0 0.544361 1.60833 0.00554077 0.0139386 2.63665e+07 1.10012e+08 4.97547e+07 9.09188e+06 0 9.00096e+07 0 1.10012e+08 9.00096e+07 4.97547e+07 9.09188e+06 0.00290356 0.00290041 0.00275171 0.00269797 0.0336444
23 96 1 0.222083 1.3765 0.00348405 0.0122634 1.84364e+07 7.69244e+07 3.47904e+07 6.35739e+06 0 6.29382e+07 0 7.69244e+07 6.29382e+07 3.47904e+07 6.35739e+06 0.00304109 0.000912304 0.00672771 0.00645355 0.0359854
17 96 2 0.542396 1.25809 0.0046421 0.0115328 6.82704e+06 2.84853e+07 1.28829e+07 2.35415e+06 0 2.33061e+07 0 2.84853e+07 2.33061e+07 1.28829e+07 2.35415e+06 0.00753492 0.000984822 0.00232142 0.0110179 0.0377662
26 97 0 0.60909 0.317797 0.00265317 0.00248101 2.52582e+07 1.05387e+08 4.76633e+07 8.70971e+06 0 8.62261e+07 0 1.05387e+08 8.62261e+07 4.76633e+07 8.70971e+06 0.00232542 0.00155807 0.00577233 0.00487347 0.0699444
20 97 1 0.714286 3.26103e-24 1.08096e-27 4.36823e-26 6.06579e+06 2.5309e+07 1.14464e+07 2.09165e+06 0 2.07074e+07 0 2.5309e+07 2.07074e+07 1.14464e+07 2.09165e+06 0.00463528 0.000873834 0.0153119 0.0141779 0.0925114
18 97 2 0.935199 0.317368 0.00418722 0.00225501 1.45497e+07 6.07075e+07 2.7456e+07 5.01715e+06 0 4.96698e+07 0 6.07075e+07 4.96698e+07 2.7456e+07 5.01715e+06 0.00692395 -0.00476381 0.00729784 0.00360906 0.0634303
19 98 0 0.787734 0.605506 0.00455043 0.00495923 5.51045e+06 2.29919e+07 1.03985e+07 1.90015e+06 0 1.88115e+07 0 2.29919e+07 1.88115e+07 1.03985e+07 1.90015e+06 0.0081093 9.2066e-05 0.002917 0.0127703 0.0537193
26 98 1 0.60909 0.317797 0.00265317 0.00248101 2.52582e+07 1.05387e+08 4.76633e+07 8.70971e+06 0 8.62261e+07 0 1.05387e+08 8.62261e+07 4.76633e+07 8.70971e+06 0.00232542 0.00155807 0.00577233 0.00487347 0.0699444
18 98 2 0.935199 0.317368 0.00418722 0.00225501 1.45497e+07 6.07075e+07 2.7456e+07 5.01715e+06 0 4.96698e+07 0 6.07075e+07 4.96698e+07 2.7456e+07 5.01715e+06 0.00692395 -0.00476381 0.00729784 0.00360906 0.0634303
33 99 0 0.3031 0.336249 0.0016211 0.00254959 1.29638e+07 5.40904e+07 2.44633e+07 4.47028e+06 0 4.42557e+07 0 5.40904e+07 4.42557e+07 2.44633e+07 4.47028e+06 0.00496575 -0.00128984 0.0032723 0.00700912 0.0718524
27 99 1 0.428571 3.42387e-24 7.25927e-27 5.29216e-26 1.76674e+07 7.37156e+07 3.33392e+07 6.0922e+06 0 6.03128e+07 0 7.37156e+07 6.03128e+07 3.33392e+07 6.0922e+06 0.00146737 0.00231705 0.00877049 0.0085391 0.097763
26 99 2 0.60909 0.317797 0.00265317 0.00248101 2.52582e+07 1.05387e+08 4.76633e+07 8.70971e+06 0 8.62261e+07 0 1.05387e+08 8.62261e+07 4.76633e+07 8.70971e+06 0.00232542 0.00155807 0.00577233 0.00487347 0.0699444
