Index_Vertex nbTriangle nbInTr x y ux uy Elast AR BR IR GR ER FR A1 A2 B12 C3 Defxx Defxy Defyx Defyy Density 
2 0 0 0.964284 0.170217 0.00229058 0.000600782 1.82939e+07 7.63297e+07 3.45214e+07 6.30824e+06 0 6.24516e+07 0 7.63297e+07 6.24516e+07 3.45214e+07 6.30824e+06 0.0046978 -0.00206657 0.00600525 0.00342003 0.0934388
0 0 1 1 1.1461e-24 -4.1163e-27 2.35172e-26 3.0726e+07 1.28202e+08 5.79814e+07 1.05952e+07 0 1.04892e+08 0 1.28202e+08 1.04892e+08 5.79814e+07 1.05952e+07 -4.67866e-26 -6.62205e-25 0.0225901 0.00356703 0.103867
1 0 2 1.193 0.217159 0.00305723 8.6787e-05 4.59027e+07 1.91525e+08 8.66205e+07 1.58285e+07 0 1.56702e+08 0 1.91525e+08 1.56702e+08 8.66205e+07 1.58285e+07 -0.000444047 -0.00249942 0.00761234 0.00320521 0.0871377
4 1 0 1.17559 0.51171 0.00520685 0.00261972 5.16569e+06 2.15534e+07 9.74789e+06 1.78127e+06 0 1.76346e+07 0 2.15534e+07 1.76346e+07 9.74789e+06 1.78127e+06 0.0044399 -0.013788 -0.0119448 0.0111191 0.0787849
5 1 1 0.971501 0.363805 0.00309182 0.00156819 7.33869e+06 3.062e+07 1.38484e+07 2.53058e+06 0 2.50528e+07 0 3.062e+07 2.50528e+07 1.38484e+07 2.53058e+06 0.00987103 -0.00489294 0.00113735 0.00645906 0.0837971
1 1 2 1.193 0.217159 0.00305723 8.6787e-05 4.59027e+07 1.91525e+08 8.66205e+07 1.58285e+07 0 1.56702e+08 0 1.91525e+08 1.56702e+08 8.66205e+07 1.58285e+07 -0.000444047 -0.00249942 0.00761234 0.00320521 0.0871377
6 2 0 0.765244 0.203787 0.00159129 0.00132674 1.60406e+07 6.69278e+07 3.02693e+07 5.53123e+06 0 5.47591e+07 0 6.69278e+07 5.47591e+07 3.02693e+07 5.53123e+06 0.00356903 -0.00486827 0.00236326 0.00523021 0.0949396
3 2 1 0.8 2.5513e-24 2.76231e-27 3.51414e-26 2.51953e+07 1.05125e+08 4.75447e+07 8.68804e+06 0 8.60116e+07 0 1.05125e+08 8.60116e+07 4.75447e+07 8.68804e+06 -8.25354e-26 -6.04281e-25 0.0147892 0.00553116 0.111138
2 2 2 0.964284 0.170217 0.00229058 0.000600782 1.82939e+07 7.63297e+07 3.45214e+07 6.30824e+06 0 6.24516e+07 0 7.63297e+07 6.24516e+07 3.45214e+07 6.30824e+06 0.0046978 -0.00206657 0.00600525 0.00342003 0.0934388
5 3 0 0.971501 0.363805 0.00309182 0.00156819 7.33869e+06 3.062e+07 1.38484e+07 2.53058e+06 0 2.50528e+07 0 3.062e+07 2.50528e+07 1.38484e+07 2.53058e+06 0.00987103 -0.00489294 0.00113735 0.00645906 0.0837971
2 3 1 0.964284 0.170217 0.00229058 0.000600782 1.82939e+07 7.63297e+07 3.45214e+07 6.30824e+06 0 6.24516e+07 0 7.63297e+07 6.24516e+07 3.45214e+07 6.30824e+06 0.0046978 -0.00206657 0.00600525 0.00342003 0.0934388
1 3 2 1.193 0.217159 0.00305723 8.6787e-05 4.59027e+07 1.91525e+08 8.66205e+07 1.58285e+07 0 1.56702e+08 0 1.91525e+08 1.56702e+08 8.66205e+07 1.58285e+07 -0.000444047 -0.00249942 0.00761234 0.00320521 0.0871377
9 4 0 0.920217 0.58561 0.00305107 0.00361909 5.96303e+06 2.48802e+07 1.12525e+07 2.05622e+06 0 2.03566e+07 0 2.48802e+07 2.03566e+07 1.12525e+07 2.05622e+06 0.00781237 0.00580294 0.00126861 0.00569906 0.0757556
5 4 1 0.971501 0.363805 0.00309182 0.00156819 7.33869e+06 3.062e+07 1.38484e+07 2.53058e+06 0 2.50528e+07 0 3.062e+07 2.50528e+07 1.38484e+07 2.53058e+06 0.00987103 -0.00489294 0.00113735 0.00645906 0.0837971
4 4 2 1.17559 0.51171 0.00520685 0.00261972 5.16569e+06 2.15534e+07 9.74789e+06 1.78127e+06 0 1.76346e+07 0 2.15534e+07 1.76346e+07 9.74789e+06 1.78127e+06 0.0044399 -0.013788 -0.0119448 0.0111191 0.0787849
9 5 0 0.920217 0.58561 0.00305107 0.00361909 5.96303e+06 2.48802e+07 1.12525e+07 2.05622e+06 0 2.03566e+07 0 2.48802e+07 2.03566e+07 1.12525e+07 2.05622e+06 0.00781237 0.00580294 0.00126861 0.00569906 0.0757556
10 5 1 0.734014 0.418799 0.00186848 0.00245681 2.84705e+07 1.18791e+08 5.3725e+07 9.8174e+06 0 9.71922e+07 0 1.18791e+08 9.71922e+07 5.3725e+07 9.8174e+06 0.00132919 -0.00021436 0.00273988 0.00380258 0.0826985
5 5 2 0.971501 0.363805 0.00309182 0.00156819 7.33869e+06 3.062e+07 1.38484e+07 2.53058e+06 0 2.50528e+07 0 3.062e+07 2.50528e+07 1.38484e+07 2.53058e+06 0.00987103 -0.00489294 0.00113735 0.00645906 0.0837971
3 6 0 0.8 2.5513e-24 2.76231e-27 3.51414e-26 2.51953e+07 1.05125e+08 4.75447e+07 8.68804e+06 0 8.60116e+07 0 1.05125e+08 8.60116e+07 4.75447e+07 8.68804e+06 -8.25354e-26 -6.04281e-25 0.0147892 0.00553116 0.111138
0 6 1 1 1.1461e-24 -4.1163e-27 2.35172e-26 3.0726e+07 1.28202e+08 5.79814e+07 1.05952e+07 0 1.04892e+08 0 1.28202e+08 1.04892e+08 5.79814e+07 1.05952e+07 -4.67866e-26 -6.62205e-25 0.0225901 0.00356703 0.103867
2 6 2 0.964284 0.170217 0.00229058 0.000600782 1.82939e+07 7.63297e+07 3.45214e+07 6.30824e+06 0 6.24516e+07 0 7.63297e+07 6.24516e+07 3.45214e+07 6.30824e+06 0.0046978 -0.00206657 0.00600525 0.00342003 0.0934388
14 7 0 0.841026 0.79922 0.00235882 0.00422495 1.17133e+07 4.88727e+07 2.21035e+07 4.03907e+06 0 3.99867e+07 0 4.88727e+07 3.99867e+07 2.21035e+07 4.03907e+06 0.00561441 0.00520882 -0.00277232 0.00405589 0.0695699
9 7 1 0.920217 0.58561 0.00305107 0.00361909 5.96303e+06 2.48802e+07 1.12525e+07 2.05622e+06 0 2.03566e+07 0 2.48802e+07 2.03566e+07 1.12525e+07 2.05622e+06 0.00781237 0.00580294 0.00126861 0.00569906 0.0757556
8 7 2 1.07066 0.783662 0.00297147 0.00477122 7.62872e+07 3.18302e+08 1.43957e+08 2.63059e+07 0 2.60429e+08 0 3.18302e+08 2.60429e+08 1.43957e+08 2.63059e+07 -6.10465e-05 -2.56756e-05 -0.00293928 0.001096 0.0716636
16 8 0 0.738482 1.1953 0.00187223 0.00476995 4.73577e+07 1.97596e+08 8.93661e+07 1.63302e+07 0 1.61669e+08 0 1.97596e+08 1.61669e+08 8.93661e+07 1.63302e+07 0.00126685 0.0027766 0.00105465 0.00232576 0.0627287
21 8 1 0.63785 0.921817 0.00178355 0.00404318 7.40242e+07 3.0886e+08 1.39687e+08 2.55256e+07 0 2.52703e+08 0 3.0886e+08 2.52703e+08 1.39687e+08 2.55256e+07 0.000615908 -0.000558272 -0.00109895 0.00217291 0.0657998
13 8 2 0.923616 1.00982 0.00218068 0.00527368 2.60467e+07 1.08678e+08 4.91513e+07 8.98161e+06 0 8.8918e+07 0 1.08678e+08 8.8918e+07 4.91513e+07 8.98161e+06 0.00216761 0.00126946 -0.00268434 0.00415611 0.0664915
17 9 0 0.674759 0.650081 0.00217183 0.00339164 4.7898e+07 1.9985e+08 9.03856e+07 1.65165e+07 0 1.63514e+08 0 1.9985e+08 1.63514e+08 9.03856e+07 1.65165e+07 0.000414293 0.000273056 0.00131435 0.00321738 0.0732495
10 9 1 0.734014 0.418799 0.00186848 0.00245681 2.84705e+07 1.18791e+08 5.3725e+07 9.8174e+06 0 9.71922e+07 0 1.18791e+08 9.71922e+07 5.3725e+07 9.8174e+06 0.00132919 -0.00021436 0.00273988 0.00380258 0.0826985
9 9 2 0.920217 0.58561 0.00305107 0.00361909 5.96303e+06 2.48802e+07 1.12525e+07 2.05622e+06 0 2.03566e+07 0 2.48802e+07 2.03566e+07 1.12525e+07 2.05622e+06 0.00781237 0.00580294 0.00126861 0.00569906 0.0757556
21 10 0 0.63785 0.921817 0.00178355 0.00404318 7.40242e+07 3.0886e+08 1.39687e+08 2.55256e+07 0 2.52703e+08 0 3.0886e+08 2.52703e+08 1.39687e+08 2.55256e+07 0.000615908 -0.000558272 -0.00109895 0.00217291 0.0657998
17 10 1 0.674759 0.650081 0.00217183 0.00339164 4.7898e+07 1.9985e+08 9.03856e+07 1.65165e+07 0 1.63514e+08 0 1.9985e+08 1.63514e+08 9.03856e+07 1.65165e+07 0.000414293 0.000273056 0.00131435 0.00321738 0.0732495
14 10 2 0.841026 0.79922 0.00235882 0.00422495 1.17133e+07 4.88727e+07 2.21035e+07 4.03907e+06 0 3.99867e+07 0 4.88727e+07 3.99867e+07 2.21035e+07 4.03907e+06 0.00561441 0.00520882 -0.00277232 0.00405589 0.0695699
24 11 0 0.448193 0.698655 0.00167667 0.00352777 7.21131e+06 3.00886e+07 1.36081e+07 2.48666e+06 0 2.46179e+07 0 3.00886e+07 2.46179e+07 1.36081e+07 2.48666e+06 0.00753989 0.000438033 0.000594738 0.0094912 0.0713735
18 11 1 0.507158 0.453104 0.00146466 0.00198875 2.25872e+07 9.42432e+07 4.26231e+07 7.78869e+06 0 7.71081e+07 0 9.42432e+07 7.71081e+07 4.26231e+07 7.78869e+06 0.00241572 0.00574916 0.00237382 0.00427889 0.0817625
17 11 2 0.674759 0.650081 0.00217183 0.00339164 4.7898e+07 1.9985e+08 9.03856e+07 1.65165e+07 0 1.63514e+08 0 1.9985e+08 1.63514e+08 9.03856e+07 1.65165e+07 0.000414293 0.000273056 0.00131435 0.00321738 0.0732495
3 12 0 0.8 2.5513e-24 2.76231e-27 3.51414e-26 2.51953e+07 1.05125e+08 4.75447e+07 8.68804e+06 0 8.60116e+07 0 1.05125e+08 8.60116e+07 4.75447e+07 8.68804e+06 -8.25354e-26 -6.04281e-25 0.0147892 0.00553116 0.111138
6 12 1 0.765244 0.203787 0.00159129 0.00132674 1.60406e+07 6.69278e+07 3.02693e+07 5.53123e+06 0 5.47591e+07 0 6.69278e+07 5.47591e+07 3.02693e+07 5.53123e+06 0.00356903 -0.00486827 0.00236326 0.00523021 0.0949396
7 12 2 0.6 2.63883e-24 -2.48789e-28 3.51569e-26 9.39972e+06 3.92195e+07 1.77377e+07 3.24128e+06 0 3.20887e+07 0 3.92195e+07 3.20887e+07 1.77377e+07 3.24128e+06 0.000795213 0.000551063 0.00971509 0.0112913 0.114098
4 13 0 1.17559 0.51171 0.00520685 0.00261972 5.16569e+06 2.15534e+07 9.74789e+06 1.78127e+06 0 1.76346e+07 0 2.15534e+07 1.76346e+07 9.74789e+06 1.78127e+06 0.0044399 -0.013788 -0.0119448 0.0111191 0.0787849
8 13 1 1.07066 0.783662 0.00297147 0.00477122 7.62872e+07 3.18302e+08 1.43957e+08 2.63059e+07 0 2.60429e+08 0 3.18302e+08 2.60429e+08 1.43957e+08 2.63059e+07 -6.10465e-05 -2.56756e-05 -0.00293928 0.001096 0.0716636
9 13 2 0.920217 0.58561 0.00305107 0.00361909 5.96303e+06 2.48802e+07 1.12525e+07 2.05622e+06 0 2.03566e+07 0 2.48802e+07 2.03566e+07 1.12525e+07 2.05622e+06 0.00781237 0.00580294 0.00126861 0.00569906 0.0757556
66 14 0 -0.932576 0.215426 -0.00264516 0.00177284 2.3891e+06 9.96831e+06 4.50834e+06 823827 0 8.15589e+06 0 9.96831e+06 8.15589e+06 4.50834e+06 823827 0.0078934 -0.00601289 -0.00140882 0.00632881 0.0905518
70 14 1 -1.19981 0.240567 -0.00469585 0.00207419 1.9727e+07 8.23091e+07 3.72257e+07 6.80241e+06 0 6.73438e+07 0 8.23091e+07 6.73438e+07 3.72257e+07 6.80241e+06 0.00183788 -0.00666545 0.00688727 0.00754513 0.0848657
67 14 2 -1.10163 0.118853 -0.00415599 0.000957542 3.30147e+07 1.37751e+08 6.23002e+07 1.13844e+07 0 1.12705e+08 0 1.37751e+08 1.12705e+08 6.23002e+07 1.13844e+07 -0.00428199 -0.00132988 -0.00676065 0.00537836 0.0908794
66 15 0 -0.932576 0.215426 -0.00264516 0.00177284 2.3891e+06 9.96831e+06 4.50834e+06 823827 0 8.15589e+06 0 9.96831e+06 8.15589e+06 4.50834e+06 823827 0.0078934 -0.00601289 -0.00140882 0.00632881 0.0905518
60 15 1 -1 1.14363e-24 -1.21175e-26 1.52535e-26 2.18616e+06 9.12155e+06 4.12538e+06 753847 0 7.46308e+06 0 9.12155e+06 7.46308e+06 4.12538e+06 753847 0.0168258 0.00397581 -0.0524484 0.0129971 0.10309
58 15 2 -0.8 2.62769e-24 -1.38134e-26 3.32689e-26 1.76811e+07 7.37729e+07 3.33651e+07 6.09694e+06 0 6.03597e+07 0 7.37729e+07 6.03597e+07 3.33651e+07 6.09694e+06 1.57567e-25 9.34441e-25 -0.0140547 0.00641325 0.110303
65 16 0 -0.849834 0.461455 -0.0025131 0.00245822 2.50305e+07 1.04438e+08 4.72337e+07 8.63121e+06 0 8.54489e+07 0 1.04438e+08 8.54489e+07 4.72337e+07 8.63121e+06 0.00258768 -0.00536598 7.79618e-05 0.00504319 0.0792736
62 16 1 -0.676289 0.611455 -0.00225544 0.00246911 5.07305e+07 2.11669e+08 9.57308e+07 1.74933e+07 0 1.73183e+08 0 2.11669e+08 1.73183e+08 9.57308e+07 1.74933e+07 0.000814301 -0.00131359 -0.000674051 0.00337386 0.0738018
68 16 2 -0.847414 0.752557 -0.00259951 0.00353224 3.73966e+07 1.56034e+08 7.05691e+07 1.28954e+07 0 1.27664e+08 0 1.56034e+08 1.27664e+08 7.05691e+07 1.28954e+07 0.00169314 -0.00578148 0.00127814 0.0030318 0.0696887
72 17 0 -1.04087 0.387467 -0.00352465 0.00256521 1.66108e+07 6.93071e+07 3.13453e+07 5.72786e+06 0 5.67058e+07 0 6.93071e+07 5.67058e+07 3.13453e+07 5.72786e+06 0.00448259 -0.00201627 0.00104666 0.00355761 0.0812519
65 17 1 -0.849834 0.461455 -0.0025131 0.00245822 2.50305e+07 1.04438e+08 4.72337e+07 8.63121e+06 0 8.54489e+07 0 1.04438e+08 8.54489e+07 4.72337e+07 8.63121e+06 0.00258768 -0.00536598 7.79618e-05 0.00504319 0.0792736
71 17 2 -0.99198 0.596838 -0.00319039 0.00362115 5.69386e+06 2.37572e+07 1.07446e+07 1.9634e+06 0 1.94377e+07 0 2.37572e+07 1.94377e+07 1.07446e+07 1.9634e+06 0.00845317 -0.00178523 -0.000158711 0.00601379 0.0743989
70 18 0 -1.19981 0.240567 -0.00469585 0.00207419 1.9727e+07 8.23091e+07 3.72257e+07 6.80241e+06 0 6.73438e+07 0 8.23091e+07 6.73438e+07 3.72257e+07 6.80241e+06 0.00183788 -0.00666545 0.00688727 0.00754513 0.0848657
72 18 1 -1.04087 0.387467 -0.00352465 0.00256521 1.66108e+07 6.93071e+07 3.13453e+07 5.72786e+06 0 5.67058e+07 0 6.93071e+07 5.67058e+07 3.13453e+07 5.72786e+06 0.00448259 -0.00201627 0.00104666 0.00355761 0.0812519
74 18 2 -1.17987 0.526476 -0.00386461 0.00314652 3.99389e+07 1.66642e+08 7.53665e+07 1.3772e+07 0 1.36343e+08 0 1.66642e+08 1.36343e+08 7.53665e+07 1.3772e+07 6.40192e-05 0.00132374 -0.0024263 0.00235939 0.0769904
66 19 0 -0.932576 0.215426 -0.00264516 0.00177284 2.3891e+06 9.96831e+06 4.50834e+06 823827 0 8.15589e+06 0 9.96831e+06 8.15589e+06 4.50834e+06 823827 0.0078934 -0.00601289 -0.00140882 0.00632881 0.0905518
65 19 1 -0.849834 0.461455 -0.0025131 0.00245822 2.50305e+07 1.04438e+08 4.72337e+07 8.63121e+06 0 8.54489e+07 0 1.04438e+08 8.54489e+07 4.72337e+07 8.63121e+06 0.00258768 -0.00536598 7.79618e-05 0.00504319 0.0792736
72 19 2 -1.04087 0.387467 -0.00352465 0.00256521 1.66108e+07 6.93071e+07 3.13453e+07 5.72786e+06 0 5.67058e+07 0 6.93071e+07 5.67058e+07 3.13453e+07 5.72786e+06 0.00448259 -0.00201627 0.00104666 0.00355761 0.0812519
59 20 0 -0.706578 0.227666 -0.00189042 0.00093494 5.34507e+07 2.23018e+08 1.00864e+08 1.84313e+07 0 1.8247e+08 0 2.23018e+08 1.8247e+08 1.00864e+08 1.84313e+07 -0.000962983 -0.00192513 -0.00322926 0.00332548 0.0931471
50 20 1 -0.482059 0.218401 -0.00176078 0.00125827 2.94668e+07 1.22948e+08 5.56052e+07 1.0161e+07 0 1.00594e+08 0 1.22948e+08 1.00594e+08 5.56052e+07 1.0161e+07 -6.78569e-05 0.00670723 -0.000271515 0.00517555 0.0958804
54 20 2 -0.543654 0.427774 -0.00191685 0.00186161 3.62607e+07 1.51294e+08 6.84255e+07 1.25037e+07 0 1.23786e+08 0 1.51294e+08 1.23786e+08 6.84255e+07 1.25037e+07 0.00176784 0.00186157 -0.00114808 0.00363652 0.0823448
57 21 0 -0.701179 0.411087 -0.00215766 0.00169563 2.52188e+07 1.05223e+08 4.7589e+07 8.69614e+06 0 8.60918e+07 0 1.05223e+08 8.60918e+07 4.7589e+07 8.69614e+06 0.00195154 -0.00131018 -0.000794481 0.00553392 0.0823516
59 21 1 -0.706578 0.227666 -0.00189042 0.00093494 5.34507e+07 2.23018e+08 1.00864e+08 1.84313e+07 0 1.8247e+08 0 2.23018e+08 1.8247e+08 1.00864e+08 1.84313e+07 -0.000962983 -0.00192513 -0.00322926 0.00332548 0.0931471
54 21 2 -0.543654 0.427774 -0.00191685 0.00186161 3.62607e+07 1.51294e+08 6.84255e+07 1.25037e+07 0 1.23786e+08 0 1.51294e+08 1.23786e+08 6.84255e+07 1.25037e+07 0.00176784 0.00186157 -0.00114808 0.00363652 0.0823448
62 22 0 -0.676289 0.611455 -0.00225544 0.00246911 5.07305e+07 2.11669e+08 9.57308e+07 1.74933e+07 0 1.73183e+08 0 2.11669e+08 1.73183e+08 9.57308e+07 1.74933e+07 0.000814301 -0.00131359 -0.000674051 0.00337386 0.0738018
57 22 1 -0.701179 0.411087 -0.00215766 0.00169563 2.52188e+07 1.05223e+08 4.7589e+07 8.69614e+06 0 8.60918e+07 0 1.05223e+08 8.60918e+07 4.7589e+07 8.69614e+06 0.00195154 -0.00131018 -0.000794481 0.00553392 0.0823516
54 22 2 -0.543654 0.427774 -0.00191685 0.00186161 3.62607e+07 1.51294e+08 6.84255e+07 1.25037e+07 0 1.23786e+08 0 1.51294e+08 1.23786e+08 6.84255e+07 1.25037e+07 0.00176784 0.00186157 -0.00114808 0.00363652 0.0823448
65 23 0 -0.849834 0.461455 -0.0025131 0.00245822 2.50305e+07 1.04438e+08 4.72337e+07 8.63121e+06 0 8.54489e+07 0 1.04438e+08 8.54489e+07 4.72337e+07 8.63121e+06 0.00258768 -0.00536598 7.79618e-05 0.00504319 0.0792736
59 23 1 -0.706578 0.227666 -0.00189042 0.00093494 5.34507e+07 2.23018e+08 1.00864e+08 1.84313e+07 0 1.8247e+08 0 2.23018e+08 1.8247e+08 1.00864e+08 1.84313e+07 -0.000962983 -0.00192513 -0.00322926 0.00332548 0.0931471
57 23 2 -0.701179 0.411087 -0.00215766 0.00169563 2.52188e+07 1.05223e+08 4.7589e+07 8.69614e+06 0 8.60918e+07 0 1.05223e+08 8.60918e+07 4.7589e+07 8.69614e+06 0.00195154 -0.00131018 -0.000794481 0.00553392 0.0823516
66 24 0 -0.932576 0.215426 -0.00264516 0.00177284 2.3891e+06 9.96831e+06 4.50834e+06 823827 0 8.15589e+06 0 9.96831e+06 8.15589e+06 4.50834e+06 823827 0.0078934 -0.00601289 -0.00140882 0.00632881 0.0905518
58 24 1 -0.8 2.62769e-24 -1.38134e-26 3.32689e-26 1.76811e+07 7.37729e+07 3.33651e+07 6.09694e+06 0 6.03597e+07 0 7.37729e+07 6.03597e+07 3.33651e+07 6.09694e+06 1.57567e-25 9.34441e-25 -0.0140547 0.00641325 0.110303
59 24 2 -0.706578 0.227666 -0.00189042 0.00093494 5.34507e+07 2.23018e+08 1.00864e+08 1.84313e+07 0 1.8247e+08 0 2.23018e+08 1.8247e+08 1.00864e+08 1.84313e+07 -0.000962983 -0.00192513 -0.00322926 0.00332548 0.0931471
60 25 0 -1 1.14363e-24 -1.21175e-26 1.52535e-26 2.18616e+06 9.12155e+06 4.12538e+06 753847 0 7.46308e+06 0 9.12155e+06 7.46308e+06 4.12538e+06 753847 0.0168258 0.00397581 -0.0524484 0.0129971 0.10309
66 25 1 -0.932576 0.215426 -0.00264516 0.00177284 2.3891e+06 9.96831e+06 4.50834e+06 823827 0 8.15589e+06 0 9.96831e+06 8.15589e+06 4.50834e+06 823827 0.0078934 -0.00601289 -0.00140882 0.00632881 0.0905518
67 25 2 -1.10163 0.118853 -0.00415599 0.000957542 3.30147e+07 1.37751e+08 6.23002e+07 1.13844e+07 0 1.12705e+08 0 1.37751e+08 1.12705e+08 6.23002e+07 1.13844e+07 -0.00428199 -0.00132988 -0.00676065 0.00537836 0.0908794
58 26 0 -0.8 2.62769e-24 -1.38134e-26 3.32689e-26 1.76811e+07 7.37729e+07 3.33651e+07 6.09694e+06 0 6.03597e+07 0 7.37729e+07 6.03597e+07 3.33651e+07 6.09694e+06 1.57567e-25 9.34441e-25 -0.0140547 0.00641325 0.110303
51 26 1 -0.6 2.60523e-24 -7.88349e-27 5.02434e-26 5.76179e+07 2.40406e+08 1.08728e+08 1.98683e+07 0 1.96696e+08 0 2.40406e+08 1.96696e+08 1.08728e+08 1.98683e+07 -1.21542e-25 8.66834e-25 -0.0133286 0.00335884 0.113431
59 26 2 -0.706578 0.227666 -0.00189042 0.00093494 5.34507e+07 2.23018e+08 1.00864e+08 1.84313e+07 0 1.8247e+08 0 2.23018e+08 1.8247e+08 1.00864e+08 1.84313e+07 -0.000962983 -0.00192513 -0.00322926 0.00332548 0.0931471
50 27 0 -0.482059 0.218401 -0.00176078 0.00125827 2.94668e+07 1.22948e+08 5.56052e+07 1.0161e+07 0 1.00594e+08 0 1.22948e+08 1.00594e+08 5.56052e+07 1.0161e+07 -6.78569e-05 0.00670723 -0.000271515 0.00517555 0.0958804
59 27 1 -0.706578 0.227666 -0.00189042 0.00093494 5.34507e+07 2.23018e+08 1.00864e+08 1.84313e+07 0 1.8247e+08 0 2.23018e+08 1.8247e+08 1.00864e+08 1.84313e+07 -0.000962983 -0.00192513 -0.00322926 0.00332548 0.0931471
51 27 2 -0.6 2.60523e-24 -7.88349e-27 5.02434e-26 5.76179e+07 2.40406e+08 1.08728e+08 1.98683e+07 0 1.96696e+08 0 2.40406e+08 1.96696e+08 1.08728e+08 1.98683e+07 -1.21542e-25 8.66834e-25 -0.0133286 0.00335884 0.113431
66 28 0 -0.932576 0.215426 -0.00264516 0.00177284 2.3891e+06 9.96831e+06 4.50834e+06 823827 0 8.15589e+06 0 9.96831e+06 8.15589e+06 4.50834e+06 823827 0.0078934 -0.00601289 -0.00140882 0.00632881 0.0905518
72 28 1 -1.04087 0.387467 -0.00352465 0.00256521 1.66108e+07 6.93071e+07 3.13453e+07 5.72786e+06 0 5.67058e+07 0 6.93071e+07 5.67058e+07 3.13453e+07 5.72786e+06 0.00448259 -0.00201627 0.00104666 0.00355761 0.0812519
70 28 2 -1.19981 0.240567 -0.00469585 0.00207419 1.9727e+07 8.23091e+07 3.72257e+07 6.80241e+06 0 6.73438e+07 0 8.23091e+07 6.73438e+07 3.72257e+07 6.80241e+06 0.00183788 -0.00666545 0.00688727 0.00754513 0.0848657
71 29 0 -0.99198 0.596838 -0.00319039 0.00362115 5.69386e+06 2.37572e+07 1.07446e+07 1.9634e+06 0 1.94377e+07 0 2.37572e+07 1.94377e+07 1.07446e+07 1.9634e+06 0.00845317 -0.00178523 -0.000158711 0.00601379 0.0743989
74 29 1 -1.17987 0.526476 -0.00386461 0.00314652 3.99389e+07 1.66642e+08 7.53665e+07 1.3772e+07 0 1.36343e+08 0 1.66642e+08 1.36343e+08 7.53665e+07 1.3772e+07 6.40192e-05 0.00132374 -0.0024263 0.00235939 0.0769904
72 29 2 -1.04087 0.387467 -0.00352465 0.00256521 1.66108e+07 6.93071e+07 3.13453e+07 5.72786e+06 0 5.67058e+07 0 6.93071e+07 5.67058e+07 3.13453e+07 5.72786e+06 0.00448259 -0.00201627 0.00104666 0.00355761 0.0812519
68 30 0 -0.847414 0.752557 -0.00259951 0.00353224 3.73966e+07 1.56034e+08 7.05691e+07 1.28954e+07 0 1.27664e+08 0 1.56034e+08 1.27664e+08 7.05691e+07 1.28954e+07 0.00169314 -0.00578148 0.00127814 0.0030318 0.0696887
71 30 1 -0.99198 0.596838 -0.00319039 0.00362115 5.69386e+06 2.37572e+07 1.07446e+07 1.9634e+06 0 1.94377e+07 0 2.37572e+07 1.94377e+07 1.07446e+07 1.9634e+06 0.00845317 -0.00178523 -0.000158711 0.00601379 0.0743989
65 30 2 -0.849834 0.461455 -0.0025131 0.00245822 2.50305e+07 1.04438e+08 4.72337e+07 8.63121e+06 0 8.54489e+07 0 1.04438e+08 8.54489e+07 4.72337e+07 8.63121e+06 0.00258768 -0.00536598 7.79618e-05 0.00504319 0.0792736
73 31 0 -1.09131 0.774596 -0.00339311 0.00469892 1.45723e+07 6.08016e+07 2.74985e+07 5.02492e+06 0 4.97467e+07 0 6.08016e+07 4.97467e+07 2.74985e+07 5.02492e+06 0.00512091 -0.000602159 -0.00208201 0.00573041 0.0707712
74 31 1 -1.17987 0.526476 -0.00386461 0.00314652 3.99389e+07 1.66642e+08 7.53665e+07 1.3772e+07 0 1.36343e+08 0 1.66642e+08 1.36343e+08 7.53665e+07 1.3772e+07 6.40192e-05 0.00132374 -0.0024263 0.00235939 0.0769904
71 31 2 -0.99198 0.596838 -0.00319039 0.00362115 5.69386e+06 2.37572e+07 1.07446e+07 1.9634e+06 0 1.94377e+07 0 2.37572e+07 1.94377e+07 1.07446e+07 1.9634e+06 0.00845317 -0.00178523 -0.000158711 0.00601379 0.0743989
51 32 0 -0.6 2.60523e-24 -7.88349e-27 5.02434e-26 5.76179e+07 2.40406e+08 1.08728e+08 1.98683e+07 0 1.96696e+08 0 2.40406e+08 1.96696e+08 1.08728e+08 1.98683e+07 -1.21542e-25 8.66834e-25 -0.0133286 0.00335884 0.113431
44 32 1 -0.4 2.63676e-24 -2.88264e-27 3.22912e-26 1.28837e+07 5.37563e+07 2.43122e+07 4.44267e+06 0 4.39824e+07 0 5.37563e+07 4.39824e+07 2.43122e+07 4.44267e+06 0.00116163 -0.000242949 -0.0125228 0.00894951 0.115136
50 32 2 -0.482059 0.218401 -0.00176078 0.00125827 2.94668e+07 1.22948e+08 5.56052e+07 1.0161e+07 0 1.00594e+08 0 1.22948e+08 1.00594e+08 5.56052e+07 1.0161e+07 -6.78569e-05 0.00670723 -0.000271515 0.00517555 0.0958804
68 33 0 -0.847414 0.752557 -0.00259951 0.00353224 3.73966e+07 1.56034e+08 7.05691e+07 1.28954e+07 0 1.27664e+08 0 1.56034e+08 1.27664e+08 7.05691e+07 1.28954e+07 0.00169314 -0.00578148 0.00127814 0.0030318 0.0696887
64 33 1 -0.750775 0.970179 -0.00207509 0.00412511 2.10819e+07 8.79626e+07 3.97826e+07 7.26964e+06 0 7.19694e+07 0 8.79626e+07 7.19694e+07 3.97826e+07 7.26964e+06 0.0023807 -0.0025881 0.00173228 0.00613357 0.0647355
69 33 2 -0.95297 0.996206 -0.00290871 0.00575296 6.55247e+06 2.73396e+07 1.23648e+07 2.25947e+06 0 2.23688e+07 0 2.73396e+07 2.23688e+07 1.23648e+07 2.25947e+06 0.00681042 -0.0124232 0.0047008 0.00748171 0.0659008
71 34 0 -0.99198 0.596838 -0.00319039 0.00362115 5.69386e+06 2.37572e+07 1.07446e+07 1.9634e+06 0 1.94377e+07 0 2.37572e+07 1.94377e+07 1.07446e+07 1.9634e+06 0.00845317 -0.00178523 -0.000158711 0.00601379 0.0743989
68 34 1 -0.847414 0.752557 -0.00259951 0.00353224 3.73966e+07 1.56034e+08 7.05691e+07 1.28954e+07 0 1.27664e+08 0 1.56034e+08 1.27664e+08 7.05691e+07 1.28954e+07 0.00169314 -0.00578148 0.00127814 0.0030318 0.0696887
73 34 2 -1.09131 0.774596 -0.00339311 0.00469892 1.45723e+07 6.08016e+07 2.74985e+07 5.02492e+06 0 4.97467e+07 0 6.08016e+07 4.97467e+07 2.74985e+07 5.02492e+06 0.00512091 -0.000602159 -0.00208201 0.00573041 0.0707712
62 35 0 -0.676289 0.611455 -0.00225544 0.00246911 5.07305e+07 2.11669e+08 9.57308e+07 1.74933e+07 0 1.73183e+08 0 2.11669e+08 1.73183e+08 9.57308e+07 1.74933e+07 0.000814301 -0.00131359 -0.000674051 0.00337386 0.0738018
61 35 1 -0.608982 0.828354 -0.00205251 0.00325484 2.90259e+07 1.21108e+08 5.47731e+07 1.00089e+07 0 9.90883e+07 0 1.21108e+08 9.90883e+07 5.47731e+07 1.00089e+07 0.00130269 0.000169429 0.00242733 0.00441221 0.0671491
68 35 2 -0.847414 0.752557 -0.00259951 0.00353224 3.73966e+07 1.56034e+08 7.05691e+07 1.28954e+07 0 1.27664e+08 0 1.56034e+08 1.27664e+08 7.05691e+07 1.28954e+07 0.00169314 -0.00578148 0.00127814 0.0030318 0.0696887
66 36 0 -0.932576 0.215426 -0.00264516 0.00177284 2.3891e+06 9.96831e+06 4.50834e+06 823827 0 8.15589e+06 0 9.96831e+06 8.15589e+06 4.50834e+06 823827 0.0078934 -0.00601289 -0.00140882 0.00632881 0.0905518
59 36 1 -0.706578 0.227666 -0.00189042 0.00093494 5.34507e+07 2.23018e+08 1.00864e+08 1.84313e+07 0 1.8247e+08 0 2.23018e+08 1.8247e+08 1.00864e+08 1.84313e+07 -0.000962983 -0.00192513 -0.00322926 0.00332548 0.0931471
65 36 2 -0.849834 0.461455 -0.0025131 0.00245822 2.50305e+07 1.04438e+08 4.72337e+07 8.63121e+06 0 8.54489e+07 0 1.04438e+08 8.54489e+07 4.72337e+07 8.63121e+06 0.00258768 -0.00536598 7.79618e-05 0.00504319 0.0792736
36 37 0 -0.2 2.57974e-24 -1.43568e-27 1.99393e-26 9.34016e+06 3.8971e+07 1.76253e+07 3.22074e+06 0 3.18854e+07 0 3.8971e+07 3.18854e+07 1.76253e+07 3.22074e+06 1.78081e-25 5.62414e-25 0.00172682 0.00804435 0.116054
43 37 1 -0.272283 0.228484 -0.00123134 0.00242546 3.26403e+06 1.36189e+07 6.15938e+06 1.12553e+06 0 1.11427e+07 0 1.36189e+07 1.11427e+07 6.15938e+06 1.12553e+06 0.0052082 0.00388751 -0.00165573 0.00591965 0.096321
44 37 2 -0.4 2.63676e-24 -2.88264e-27 3.22912e-26 1.28837e+07 5.37563e+07 2.43122e+07 4.44267e+06 0 4.39824e+07 0 5.37563e+07 4.39824e+07 2.43122e+07 4.44267e+06 0.00116163 -0.000242949 -0.0125228 0.00894951 0.115136
27 38 0 0.140415 0.238871 0.000713365 0.00116447 4.42239e+07 1.8452e+08 8.34524e+07 1.52496e+07 0 1.50971e+08 0 1.8452e+08 1.50971e+08 8.34524e+07 1.52496e+07 0.000569515 -0.00380421 -9.92598e-05 0.00361776 0.0960068
28 38 1 -1.07623e-16 2.59049e-24 2.10141e-27 3.58051e-26 2.4728e+07 1.03175e+08 4.66628e+07 8.52689e+06 0 8.44162e+07 0 1.03175e+08 8.44162e+07 4.66628e+07 8.52689e+06 8.25654e-05 0.00151985 0.0060785 0.00584767 0.116451
20 38 2 0.2 2.63181e-24 1.69363e-27 4.00725e-26 3.3217e+07 1.38595e+08 6.2682e+07 1.14541e+07 0 1.13396e+08 0 1.38595e+08 1.13396e+08 6.2682e+07 1.14541e+07 4.71769e-05 -0.000340828 0.00622589 0.00509803 0.116332
32 39 0 0.068982 0.476477 3.59963e-06 0.00225787 4.50499e+07 1.87967e+08 8.50113e+07 1.55345e+07 0 1.53791e+08 0 1.87967e+08 1.53791e+08 8.50113e+07 1.55345e+07 0.000612905 -0.00300716 -0.000489824 0.00327488 0.0811122
27 39 1 0.140415 0.238871 0.000713365 0.00116447 4.42239e+07 1.8452e+08 8.34524e+07 1.52496e+07 0 1.50971e+08 0 1.8452e+08 1.50971e+08 8.34524e+07 1.52496e+07 0.000569515 -0.00380421 -9.92598e-05 0.00361776 0.0960068
25 39 2 0.287464 0.473825 0.000563198 0.00170495 9.82292e+06 4.09853e+07 1.85363e+07 3.38721e+06 0 3.35334e+07 0 4.09853e+07 3.35334e+07 1.85363e+07 3.38721e+06 0.00583979 -0.00225361 -0.0018542 0.00539083 0.0811379
35 40 0 -0.0660524 0.236425 0.000498814 0.00172047 9.4958e+06 3.96204e+07 1.7919e+07 3.27441e+06 0 3.24167e+07 0 3.96204e+07 3.24167e+07 1.7919e+07 3.27441e+06 0.0039632 -0.005208 -0.00424591 0.00758233 0.0961826
43 40 1 -0.272283 0.228484 -0.00123134 0.00242546 3.26403e+06 1.36189e+07 6.15938e+06 1.12553e+06 0 1.11427e+07 0 1.36189e+07 1.11427e+07 6.15938e+06 1.12553e+06 0.0052082 0.00388751 -0.00165573 0.00591965 0.096321
36 40 2 -0.2 2.57974e-24 -1.43568e-27 1.99393e-26 9.34016e+06 3.8971e+07 1.76253e+07 3.22074e+06 0 3.18854e+07 0 3.8971e+07 3.18854e+07 1.76253e+07 3.22074e+06 1.78081e-25 5.62414e-25 0.00172682 0.00804435 0.116054
32 41 0 0.068982 0.476477 3.59963e-06 0.00225787 4.50499e+07 1.87967e+08 8.50113e+07 1.55345e+07 0 1.53791e+08 0 1.87967e+08 1.53791e+08 8.50113e+07 1.55345e+07 0.000612905 -0.00300716 -0.000489824 0.00327488 0.0811122
35 41 1 -0.0660524 0.236425 0.000498814 0.00172047 9.4958e+06 3.96204e+07 1.7919e+07 3.27441e+06 0 3.24167e+07 0 3.96204e+07 3.24167e+07 1.7919e+07 3.27441e+06 0.0039632 -0.005208 -0.00424591 0.00758233 0.0961826
27 41 2 0.140415 0.238871 0.000713365 0.00116447 4.42239e+07 1.8452e+08 8.34524e+07 1.52496e+07 0 1.50971e+08 0 1.8452e+08 1.50971e+08 8.34524e+07 1.52496e+07 0.000569515 -0.00380421 -9.92598e-05 0.00361776 0.0960068
39 42 0 -0.144804 0.466239 -0.000758305 0.00323578 1.44803e+07 6.04179e+07 2.7325e+07 4.99322e+06 0 4.94329e+07 0 6.04179e+07 4.94329e+07 2.7325e+07 4.99322e+06 0.00767445 -0.0014384 -0.000302074 0.00216606 0.081549
43 42 1 -0.272283 0.228484 -0.00123134 0.00242546 3.26403e+06 1.36189e+07 6.15938e+06 1.12553e+06 0 1.11427e+07 0 1.36189e+07 1.11427e+07 6.15938e+06 1.12553e+06 0.0052082 0.00388751 -0.00165573 0.00591965 0.096321
35 42 2 -0.0660524 0.236425 0.000498814 0.00172047 9.4958e+06 3.96204e+07 1.7919e+07 3.27441e+06 0 3.24167e+07 0 3.96204e+07 3.24167e+07 1.7919e+07 3.27441e+06 0.0039632 -0.005208 -0.00424591 0.00758233 0.0961826
68 43 0 -0.847414 0.752557 -0.00259951 0.00353224 3.73966e+07 1.56034e+08 7.05691e+07 1.28954e+07 0 1.27664e+08 0 1.56034e+08 1.27664e+08 7.05691e+07 1.28954e+07 0.00169314 -0.00578148 0.00127814 0.0030318 0.0696887
69 43 1 -0.95297 0.996206 -0.00290871 0.00575296 6.55247e+06 2.73396e+07 1.23648e+07 2.25947e+06 0 2.23688e+07 0 2.73396e+07 2.23688e+07 1.23648e+07 2.25947e+06 0.00681042 -0.0124232 0.0047008 0.00748171 0.0659008
73 43 2 -1.09131 0.774596 -0.00339311 0.00469892 1.45723e+07 6.08016e+07 2.74985e+07 5.02492e+06 0 4.97467e+07 0 6.08016e+07 4.97467e+07 2.74985e+07 5.02492e+06 0.00512091 -0.000602159 -0.00208201 0.00573041 0.0707712
53 44 0 -0.464206 0.653906 -0.00197124 0.00279767 3.28866e+07 1.37216e+08 6.20584e+07 1.13402e+07 0 1.12268e+08 0 1.37216e+08 1.12268e+08 6.20584e+07 1.13402e+07 0.00185789 0.00189276 -0.00011273 0.00235749 0.0724999
61 44 1 -0.608982 0.828354 -0.00205251 0.00325484 2.90259e+07 1.21108e+08 5.47731e+07 1.00089e+07 0 9.90883e+07 0 1.21108e+08 9.90883e+07 5.47731e+07 1.00089e+07 0.00130269 0.000169429 0.00242733 0.00441221 0.0671491
62 44 2 -0.676289 0.611455 -0.00225544 0.00246911 5.07305e+07 2.11669e+08 9.57308e+07 1.74933e+07 0 1.73183e+08 0 2.11669e+08 1.73183e+08 9.57308e+07 1.74933e+07 0.000814301 -0.00131359 -0.000674051 0.00337386 0.0738018
63 45 0 -0.768794 1.19305 -0.00157824 0.00502794 4.32368e+07 1.80402e+08 8.15897e+07 1.49092e+07 0 1.47601e+08 0 1.80402e+08 1.47601e+08 8.15897e+07 1.49092e+07 0.00128221 -0.00113966 0.00122411 0.00240893 0.0622443
69 45 1 -0.95297 0.996206 -0.00290871 0.00575296 6.55247e+06 2.73396e+07 1.23648e+07 2.25947e+06 0 2.23688e+07 0 2.73396e+07 2.23688e+07 1.23648e+07 2.25947e+06 0.00681042 -0.0124232 0.0047008 0.00748171 0.0659008
64 45 2 -0.750775 0.970179 -0.00207509 0.00412511 2.10819e+07 8.79626e+07 3.97826e+07 7.26964e+06 0 7.19694e+07 0 8.79626e+07 7.19694e+07 3.97826e+07 7.26964e+06 0.0023807 -0.0025881 0.00173228 0.00613357 0.0647355
43 46 0 -0.272283 0.228484 -0.00123134 0.00242546 3.26403e+06 1.36189e+07 6.15938e+06 1.12553e+06 0 1.11427e+07 0 1.36189e+07 1.11427e+07 6.15938e+06 1.12553e+06 0.0052082 0.00388751 -0.00165573 0.00591965 0.096321
50 46 1 -0.482059 0.218401 -0.00176078 0.00125827 2.94668e+07 1.22948e+08 5.56052e+07 1.0161e+07 0 1.00594e+08 0 1.22948e+08 1.00594e+08 5.56052e+07 1.0161e+07 -6.78569e-05 0.00670723 -0.000271515 0.00517555 0.0958804
44 46 2 -0.4 2.63676e-24 -2.88264e-27 3.22912e-26 1.28837e+07 5.37563e+07 2.43122e+07 4.44267e+06 0 4.39824e+07 0 5.37563e+07 4.39824e+07 2.43122e+07 4.44267e+06 0.00116163 -0.000242949 -0.0125228 0.00894951 0.115136
28 47 0 -1.07623e-16 2.59049e-24 2.10141e-27 3.58051e-26 2.4728e+07 1.03175e+08 4.66628e+07 8.52689e+06 0 8.44162e+07 0 1.03175e+08 8.44162e+07 4.66628e+07 8.52689e+06 8.25654e-05 0.00151985 0.0060785 0.00584767 0.116451
35 47 1 -0.0660524 0.236425 0.000498814 0.00172047 9.4958e+06 3.96204e+07 1.7919e+07 3.27441e+06 0 3.24167e+07 0 3.96204e+07 3.24167e+07 1.7919e+07 3.27441e+06 0.0039632 -0.005208 -0.00424591 0.00758233 0.0961826
36 47 2 -0.2 2.57974e-24 -1.43568e-27 1.99393e-26 9.34016e+06 3.8971e+07 1.76253e+07 3.22074e+06 0 3.18854e+07 0 3.8971e+07 3.18854e+07 1.76253e+07 3.22074e+06 1.78081e-25 5.62414e-25 0.00172682 0.00804435 0.116054
39 48 0 -0.144804 0.466239 -0.000758305 0.00323578 1.44803e+07 6.04179e+07 2.7325e+07 4.99322e+06 0 4.94329e+07 0 6.04179e+07 4.94329e+07 2.7325e+07 4.99322e+06 0.00767445 -0.0014384 -0.000302074 0.00216606 0.081549
47 48 1 -0.351832 0.446817 -0.00155266 0.00270164 5.60992e+07 2.34069e+08 1.05862e+08 1.93445e+07 0 1.91511e+08 0 2.34069e+08 1.91511e+08 1.05862e+08 1.93445e+07 0.00162934 0.00600544 0.0012036 0.000214732 0.0821074
43 48 2 -0.272283 0.228484 -0.00123134 0.00242546 3.26403e+06 1.36189e+07 6.15938e+06 1.12553e+06 0 1.11427e+07 0 1.36189e+07 1.11427e+07 6.15938e+06 1.12553e+06 0.0052082 0.00388751 -0.00165573 0.00591965 0.096321
28 49 0 -1.07623e-16 2.59049e-24 2.10141e-27 3.58051e-26 2.4728e+07 1.03175e+08 4.66628e+07 8.52689e+06 0 8.44162e+07 0 1.03175e+08 8.44162e+07 4.66628e+07 8.52689e+06 8.25654e-05 0.00151985 0.0060785 0.00584767 0.116451
27 49 1 0.140415 0.238871 0.000713365 0.00116447 4.42239e+07 1.8452e+08 8.34524e+07 1.52496e+07 0 1.50971e+08 0 1.8452e+08 1.50971e+08 8.34524e+07 1.52496e+07 0.000569515 -0.00380421 -9.92598e-05 0.00361776 0.0960068
35 49 2 -0.0660524 0.236425 0.000498814 0.00172047 9.4958e+06 3.96204e+07 1.7919e+07 3.27441e+06 0 3.24167e+07 0 3.96204e+07 3.24167e+07 1.7919e+07 3.27441e+06 0.0039632 -0.005208 -0.00424591 0.00758233 0.0961826
46 50 0 -0.251971 0.683411 -0.00117613 0.00394901 9.48104e+06 3.95588e+07 1.78911e+07 3.26932e+06 0 3.23663e+07 0 3.95588e+07 3.23663e+07 1.78911e+07 3.26932e+06 0.0071837 0.00477499 0.00378619 0.00604876 0.0715988
45 50 1 -0.162836 0.915088 3.25473e-05 0.00512909 3.03631e+07 1.26687e+08 5.72965e+07 1.047e+07 0 1.03653e+08 0 1.26687e+08 1.03653e+08 5.72965e+07 1.047e+07 0.00283654 -0.00223703 0.00143818 0.00303424 0.0645139
52 50 2 -0.389986 0.894578 -0.00103561 0.00434724 8.45114e+06 3.52617e+07 1.59477e+07 2.91419e+06 0 2.88504e+07 0 3.52617e+07 2.88504e+07 1.59477e+07 2.91419e+06 0.00727919 0.00553828 0.00344427 0.00822544 0.0651534
47 51 0 -0.351832 0.446817 -0.00155266 0.00270164 5.60992e+07 2.34069e+08 1.05862e+08 1.93445e+07 0 1.91511e+08 0 2.34069e+08 1.91511e+08 1.05862e+08 1.93445e+07 0.00162934 0.00600544 0.0012036 0.000214732 0.0821074
46 51 1 -0.251971 0.683411 -0.00117613 0.00394901 9.48104e+06 3.95588e+07 1.78911e+07 3.26932e+06 0 3.23663e+07 0 3.95588e+07 3.23663e+07 1.78911e+07 3.26932e+06 0.0071837 0.00477499 0.00378619 0.00604876 0.0715988
53 51 2 -0.464206 0.653906 -0.00197124 0.00279767 3.28866e+07 1.37216e+08 6.20584e+07 1.13402e+07 0 1.12268e+08 0 1.37216e+08 1.12268e+08 6.20584e+07 1.13402e+07 0.00185789 0.00189276 -0.00011273 0.00235749 0.0724999
38 52 0 -0.0243173 0.709782 4.10058e-05 0.00376658 1.93135e+07 8.0584e+07 3.64455e+07 6.65983e+06 0 6.59323e+07 0 8.0584e+07 6.59323e+07 3.64455e+07 6.65983e+06 0.00256779 -0.0065414 0.00208246 0.00584004 0.0707353
45 52 1 -0.162836 0.915088 3.25473e-05 0.00512909 3.03631e+07 1.26687e+08 5.72965e+07 1.047e+07 0 1.03653e+08 0 1.26687e+08 1.03653e+08 5.72965e+07 1.047e+07 0.00283654 -0.00223703 0.00143818 0.00303424 0.0645139
46 52 2 -0.251971 0.683411 -0.00117613 0.00394901 9.48104e+06 3.95588e+07 1.78911e+07 3.26932e+06 0 3.23663e+07 0 3.95588e+07 3.23663e+07 1.78911e+07 3.26932e+06 0.0071837 0.00477499 0.00378619 0.00604876 0.0715988
20 53 0 0.2 2.63181e-24 1.69363e-27 4.00725e-26 3.3217e+07 1.38595e+08 6.2682e+07 1.14541e+07 0 1.13396e+08 0 1.38595e+08 1.13396e+08 6.2682e+07 1.14541e+07 4.71769e-05 -0.000340828 0.00622589 0.00509803 0.116332
12 53 1 0.4 2.57816e-24 3.51353e-27 3.49669e-26 2.24894e+07 9.38351e+07 4.24385e+07 7.75496e+06 0 7.67741e+07 0 9.38351e+07 7.67741e+07 4.24385e+07 7.75496e+06 3.25566e-26 7.23564e-25 0.00805349 0.00633374 0.115617
19 53 2 0.347665 0.233776 0.000893181 0.000838245 5.20474e+07 2.17163e+08 9.82157e+07 1.79474e+07 0 1.77679e+08 0 2.17163e+08 1.77679e+08 9.82157e+07 1.79474e+07 0.00052273 0.000783684 0.000700516 0.00146164 0.095884
45 54 0 -0.162836 0.915088 3.25473e-05 0.00512909 3.03631e+07 1.26687e+08 5.72965e+07 1.047e+07 0 1.03653e+08 0 1.26687e+08 1.03653e+08 5.72965e+07 1.047e+07 0.00283654 -0.00223703 0.00143818 0.00303424 0.0645139
41 54 1 -0.086891 1.10144 0.000288267 0.00554149 3.29562e+07 1.37507e+08 6.21898e+07 1.13642e+07 0 1.12506e+08 0 1.37507e+08 1.12506e+08 6.21898e+07 1.13642e+07 0.00188937 -0.00162761 -0.000619669 0.00296684 0.0607951
49 54 2 -0.324268 1.15421 -0.000458327 0.00619776 1.92046e+07 8.01297e+07 3.624e+07 6.62229e+06 0 6.55606e+07 0 8.01297e+07 6.55606e+07 3.624e+07 6.62229e+06 0.00403775 0.00236616 -0.00186189 0.00402852 0.0603681
53 55 0 -0.464206 0.653906 -0.00197124 0.00279767 3.28866e+07 1.37216e+08 6.20584e+07 1.13402e+07 0 1.12268e+08 0 1.37216e+08 1.12268e+08 6.20584e+07 1.13402e+07 0.00185789 0.00189276 -0.00011273 0.00235749 0.0724999
46 55 1 -0.251971 0.683411 -0.00117613 0.00394901 9.48104e+06 3.95588e+07 1.78911e+07 3.26932e+06 0 3.23663e+07 0 3.95588e+07 3.23663e+07 1.78911e+07 3.26932e+06 0.0071837 0.00477499 0.00378619 0.00604876 0.0715988
52 55 2 -0.389986 0.894578 -0.00103561 0.00434724 8.45114e+06 3.52617e+07 1.59477e+07 2.91419e+06 0 2.88504e+07 0 3.52617e+07 2.88504e+07 1.59477e+07 2.91419e+06 0.00727919 0.00553828 0.00344427 0.00822544 0.0651534
38 56 0 -0.0243173 0.709782 4.10058e-05 0.00376658 1.93135e+07 8.0584e+07 3.64455e+07 6.65983e+06 0 6.59323e+07 0 8.0584e+07 6.59323e+07 3.64455e+07 6.65983e+06 0.00256779 -0.0065414 0.00208246 0.00584004 0.0707353
37 56 1 0.101601 0.96401 0.00075872 0.00458474 2.83319e+07 1.18212e+08 5.34635e+07 9.76961e+06 0 9.67192e+07 0 1.18212e+08 9.67192e+07 5.34635e+07 9.76961e+06 0.00271412 -0.00308407 0.000145935 0.00387104 0.0634395
45 56 2 -0.162836 0.915088 3.25473e-05 0.00512909 3.03631e+07 1.26687e+08 5.72965e+07 1.047e+07 0 1.03653e+08 0 1.26687e+08 1.03653e+08 5.72965e+07 1.047e+07 0.00283654 -0.00223703 0.00143818 0.00303424 0.0645139
56 57 0 -0.553974 1.07663 -0.00129363 0.00480039 1.7973e+07 7.49908e+07 3.39158e+07 6.19758e+06 0 6.13561e+07 0 7.49908e+07 6.13561e+07 3.39158e+07 6.19758e+06 0.00289049 0.00601998 0.00288189 0.00716427 0.062125
63 57 1 -0.768794 1.19305 -0.00157824 0.00502794 4.32368e+07 1.80402e+08 8.15897e+07 1.49092e+07 0 1.47601e+08 0 1.80402e+08 1.47601e+08 8.15897e+07 1.49092e+07 0.00128221 -0.00113966 0.00122411 0.00240893 0.0622443
64 57 2 -0.750775 0.970179 -0.00207509 0.00412511 2.10819e+07 8.79626e+07 3.97826e+07 7.26964e+06 0 7.19694e+07 0 8.79626e+07 7.19694e+07 3.97826e+07 7.26964e+06 0.0023807 -0.0025881 0.00173228 0.00613357 0.0647355
61 58 0 -0.608982 0.828354 -0.00205251 0.00325484 2.90259e+07 1.21108e+08 5.47731e+07 1.00089e+07 0 9.90883e+07 0 1.21108e+08 9.90883e+07 5.47731e+07 1.00089e+07 0.00130269 0.000169429 0.00242733 0.00441221 0.0671491
56 58 1 -0.553974 1.07663 -0.00129363 0.00480039 1.7973e+07 7.49908e+07 3.39158e+07 6.19758e+06 0 6.13561e+07 0 7.49908e+07 6.13561e+07 3.39158e+07 6.19758e+06 0.00289049 0.00601998 0.00288189 0.00716427 0.062125
64 58 2 -0.750775 0.970179 -0.00207509 0.00412511 2.10819e+07 8.79626e+07 3.97826e+07 7.26964e+06 0 7.19694e+07 0 8.79626e+07 7.19694e+07 3.97826e+07 7.26964e+06 0.0023807 -0.0025881 0.00173228 0.00613357 0.0647355
49 59 0 -0.324268 1.15421 -0.000458327 0.00619776 1.92046e+07 8.01297e+07 3.624e+07 6.62229e+06 0 6.55606e+07 0 8.01297e+07 6.55606e+07 3.624e+07 6.62229e+06 0.00403775 0.00236616 -0.00186189 0.00402852 0.0603681
55 59 1 -0.548453 1.33972 -0.00114247 0.00593977 3.86937e+07 1.61446e+08 7.30167e+07 1.33426e+07 0 1.32092e+08 0 1.61446e+08 1.32092e+08 7.30167e+07 1.33426e+07 0.00226476 0.00629019 0.000603156 0.00268711 0.0598936
56 59 2 -0.553974 1.07663 -0.00129363 0.00480039 1.7973e+07 7.49908e+07 3.39158e+07 6.19758e+06 0 6.13561e+07 0 7.49908e+07 6.13561e+07 3.39158e+07 6.19758e+06 0.00289049 0.00601998 0.00288189 0.00716427 0.062125
56 60 0 -0.553974 1.07663 -0.00129363 0.00480039 1.7973e+07 7.49908e+07 3.39158e+07 6.19758e+06 0 6.13561e+07 0 7.49908e+07 6.13561e+07 3.39158e+07 6.19758e+06 0.00289049 0.00601998 0.00288189 0.00716427 0.062125
55 60 1 -0.548453 1.33972 -0.00114247 0.00593977 3.86937e+07 1.61446e+08 7.30167e+07 1.33426e+07 0 1.32092e+08 0 1.61446e+08 1.32092e+08 7.30167e+07 1.33426e+07 0.00226476 0.00629019 0.000603156 0.00268711 0.0598936
63 60 2 -0.768794 1.19305 -0.00157824 0.00502794 4.32368e+07 1.80402e+08 8.15897e+07 1.49092e+07 0 1.47601e+08 0 1.80402e+08 1.47601e+08 8.15897e+07 1.49092e+07 0.00128221 -0.00113966 0.00122411 0.00240893 0.0622443
11 61 0 0.556545 0.22178 0.00115577 0.00132286 4.40535e+07 1.83809e+08 8.31309e+07 1.51908e+07 0 1.50389e+08 0 1.83809e+08 1.50389e+08 8.31309e+07 1.51908e+07 0.000897943 0.00551391 0.00103935 0.00182645 0.0956909
19 61 1 0.347665 0.233776 0.000893181 0.000838245 5.20474e+07 2.17163e+08 9.82157e+07 1.79474e+07 0 1.77679e+08 0 2.17163e+08 1.77679e+08 9.82157e+07 1.79474e+07 0.00052273 0.000783684 0.000700516 0.00146164 0.095884
12 61 2 0.4 2.57816e-24 3.51353e-27 3.49669e-26 2.24894e+07 9.38351e+07 4.24385e+07 7.75496e+06 0 7.67741e+07 0 9.38351e+07 7.67741e+07 4.24385e+07 7.75496e+06 3.25566e-26 7.23564e-25 0.00805349 0.00633374 0.115617
31 62 0 0.207071 0.714547 0.000613637 0.00333527 2.13299e+07 8.89973e+07 4.02506e+07 7.35515e+06 0 7.2816e+07 0 8.89973e+07 7.2816e+07 4.02506e+07 7.35515e+06 0.00225754 0.00256891 0.00394974 0.00603046 0.0706661
25 62 1 0.287464 0.473825 0.000563198 0.00170495 9.82292e+06 4.09853e+07 1.85363e+07 3.38721e+06 0 3.35334e+07 0 4.09853e+07 3.35334e+07 1.85363e+07 3.38721e+06 0.00583979 -0.00225361 -0.0018542 0.00539083 0.0811379
24 62 2 0.448193 0.698655 0.00167667 0.00352777 7.21131e+06 3.00886e+07 1.36081e+07 2.48666e+06 0 2.46179e+07 0 3.00886e+07 2.46179e+07 1.36081e+07 2.48666e+06 0.00753989 0.000438033 0.000594738 0.0094912 0.0713735
32 63 0 0.068982 0.476477 3.59963e-06 0.00225787 4.50499e+07 1.87967e+08 8.50113e+07 1.55345e+07 0 1.53791e+08 0 1.87967e+08 1.53791e+08 8.50113e+07 1.55345e+07 0.000612905 -0.00300716 -0.000489824 0.00327488 0.0811122
39 63 1 -0.144804 0.466239 -0.000758305 0.00323578 1.44803e+07 6.04179e+07 2.7325e+07 4.99322e+06 0 4.94329e+07 0 6.04179e+07 4.94329e+07 2.7325e+07 4.99322e+06 0.00767445 -0.0014384 -0.000302074 0.00216606 0.081549
35 63 2 -0.0660524 0.236425 0.000498814 0.00172047 9.4958e+06 3.96204e+07 1.7919e+07 3.27441e+06 0 3.24167e+07 0 3.96204e+07 3.24167e+07 1.7919e+07 3.27441e+06 0.0039632 -0.005208 -0.00424591 0.00758233 0.0961826
31 64 0 0.207071 0.714547 0.000613637 0.00333527 2.13299e+07 8.89973e+07 4.02506e+07 7.35515e+06 0 7.2816e+07 0 8.89973e+07 7.2816e+07 4.02506e+07 7.35515e+06 0.00225754 0.00256891 0.00394974 0.00603046 0.0706661
32 64 1 0.068982 0.476477 3.59963e-06 0.00225787 4.50499e+07 1.87967e+08 8.50113e+07 1.55345e+07 0 1.53791e+08 0 1.87967e+08 1.53791e+08 8.50113e+07 1.55345e+07 0.000612905 -0.00300716 -0.000489824 0.00327488 0.0811122
25 64 2 0.287464 0.473825 0.000563198 0.00170495 9.82292e+06 4.09853e+07 1.85363e+07 3.38721e+06 0 3.35334e+07 0 4.09853e+07 3.35334e+07 1.85363e+07 3.38721e+06 0.00583979 -0.00225361 -0.0018542 0.00539083 0.0811379
38 65 0 -0.0243173 0.709782 4.10058e-05 0.00376658 1.93135e+07 8.0584e+07 3.64455e+07 6.65983e+06 0 6.59323e+07 0 8.0584e+07 6.59323e+07 3.64455e+07 6.65983e+06 0.00256779 -0.0065414 0.00208246 0.00584004 0.0707353
39 65 1 -0.144804 0.466239 -0.000758305 0.00323578 1.44803e+07 6.04179e+07 2.7325e+07 4.99322e+06 0 4.94329e+07 0 6.04179e+07 4.94329e+07 2.7325e+07 4.99322e+06 0.00767445 -0.0014384 -0.000302074 0.00216606 0.081549
32 65 2 0.068982 0.476477 3.59963e-06 0.00225787 4.50499e+07 1.87967e+08 8.50113e+07 1.55345e+07 0 1.53791e+08 0 1.87967e+08 1.53791e+08 8.50113e+07 1.55345e+07 0.000612905 -0.00300716 -0.000489824 0.00327488 0.0811122
48 66 0 -0.311502 1.43501 -0.000433949 0.00717537 3.88074e+07 1.6192e+08 7.32313e+07 1.33819e+07 0 1.3248e+08 0 1.6192e+08 1.3248e+08 7.32313e+07 1.33819e+07 0.00193858 0.00297513 0.00174918 0.00212 0.0585292
55 66 1 -0.548453 1.33972 -0.00114247 0.00593977 3.86937e+07 1.61446e+08 7.30167e+07 1.33426e+07 0 1.32092e+08 0 1.61446e+08 1.32092e+08 7.30167e+07 1.33426e+07 0.00226476 0.00629019 0.000603156 0.00268711 0.0598936
49 66 2 -0.324268 1.15421 -0.000458327 0.00619776 1.92046e+07 8.01297e+07 3.624e+07 6.62229e+06 0 6.55606e+07 0 8.01297e+07 6.55606e+07 3.624e+07 6.62229e+06 0.00403775 0.00236616 -0.00186189 0.00402852 0.0603681
49 67 0 -0.324268 1.15421 -0.000458327 0.00619776 1.92046e+07 8.01297e+07 3.624e+07 6.62229e+06 0 6.55606e+07 0 8.01297e+07 6.55606e+07 3.624e+07 6.62229e+06 0.00403775 0.00236616 -0.00186189 0.00402852 0.0603681
42 67 1 -0.130824 1.29498 0.00010756 0.00650419 1.39634e+07 5.82612e+07 2.63496e+07 4.81497e+06 0 4.76682e+07 0 5.82612e+07 4.76682e+07 2.63496e+07 4.81497e+06 0.00345008 -0.0044175 -0.000825989 0.00582985 0.0586668
48 67 2 -0.311502 1.43501 -0.000433949 0.00717537 3.88074e+07 1.6192e+08 7.32313e+07 1.33819e+07 0 1.3248e+08 0 1.6192e+08 1.3248e+08 7.32313e+07 1.33819e+07 0.00193858 0.00297513 0.00174918 0.00212 0.0585292
47 68 0 -0.351832 0.446817 -0.00155266 0.00270164 5.60992e+07 2.34069e+08 1.05862e+08 1.93445e+07 0 1.91511e+08 0 2.34069e+08 1.91511e+08 1.05862e+08 1.93445e+07 0.00162934 0.00600544 0.0012036 0.000214732 0.0821074
39 68 1 -0.144804 0.466239 -0.000758305 0.00323578 1.44803e+07 6.04179e+07 2.7325e+07 4.99322e+06 0 4.94329e+07 0 6.04179e+07 4.94329e+07 2.7325e+07 4.99322e+06 0.00767445 -0.0014384 -0.000302074 0.00216606 0.081549
46 68 2 -0.251971 0.683411 -0.00117613 0.00394901 9.48104e+06 3.95588e+07 1.78911e+07 3.26932e+06 0 3.23663e+07 0 3.95588e+07 3.23663e+07 1.78911e+07 3.26932e+06 0.0071837 0.00477499 0.00378619 0.00604876 0.0715988
54 69 0 -0.543654 0.427774 -0.00191685 0.00186161 3.62607e+07 1.51294e+08 6.84255e+07 1.25037e+07 0 1.23786e+08 0 1.51294e+08 1.23786e+08 6.84255e+07 1.25037e+07 0.00176784 0.00186157 -0.00114808 0.00363652 0.0823448
47 69 1 -0.351832 0.446817 -0.00155266 0.00270164 5.60992e+07 2.34069e+08 1.05862e+08 1.93445e+07 0 1.91511e+08 0 2.34069e+08 1.91511e+08 1.05862e+08 1.93445e+07 0.00162934 0.00600544 0.0012036 0.000214732 0.0821074
53 69 2 -0.464206 0.653906 -0.00197124 0.00279767 3.28866e+07 1.37216e+08 6.20584e+07 1.13402e+07 0 1.12268e+08 0 1.37216e+08 1.12268e+08 6.20584e+07 1.13402e+07 0.00185789 0.00189276 -0.00011273 0.00235749 0.0724999
54 70 0 -0.543654 0.427774 -0.00191685 0.00186161 3.62607e+07 1.51294e+08 6.84255e+07 1.25037e+07 0 1.23786e+08 0 1.51294e+08 1.23786e+08 6.84255e+07 1.25037e+07 0.00176784 0.00186157 -0.00114808 0.00363652 0.0823448
50 70 1 -0.482059 0.218401 -0.00176078 0.00125827 2.94668e+07 1.22948e+08 5.56052e+07 1.0161e+07 0 1.00594e+08 0 1.22948e+08 1.00594e+08 5.56052e+07 1.0161e+07 -6.78569e-05 0.00670723 -0.000271515 0.00517555 0.0958804
47 70 2 -0.351832 0.446817 -0.00155266 0.00270164 5.60992e+07 2.34069e+08 1.05862e+08 1.93445e+07 0 1.91511e+08 0 2.34069e+08 1.91511e+08 1.05862e+08 1.93445e+07 0.00162934 0.00600544 0.0012036 0.000214732 0.0821074
42 71 0 -0.130824 1.29498 0.00010756 0.00650419 1.39634e+07 5.82612e+07 2.63496e+07 4.81497e+06 0 4.76682e+07 0 5.82612e+07 4.76682e+07 2.63496e+07 4.81497e+06 0.00345008 -0.0044175 -0.000825989 0.00582985 0.0586668
40 71 1 -0.135967 1.4667 0.000327401 0.00737919 1.62878e+07 6.79594e+07 3.07358e+07 5.61648e+06 0 5.56032e+07 0 6.79594e+07 5.56032e+07 3.07358e+07 5.61648e+06 0.00440804 -0.00929076 0.00345635 0.00464348 0.058063
48 71 2 -0.311502 1.43501 -0.000433949 0.00717537 3.88074e+07 1.6192e+08 7.32313e+07 1.33819e+07 0 1.3248e+08 0 1.6192e+08 1.3248e+08 7.32313e+07 1.33819e+07 0.00193858 0.00297513 0.00174918 0.00212 0.0585292
41 72 0 -0.086891 1.10144 0.000288267 0.00554149 3.29562e+07 1.37507e+08 6.21898e+07 1.13642e+07 0 1.12506e+08 0 1.37507e+08 1.12506e+08 6.21898e+07 1.13642e+07 0.00188937 -0.00162761 -0.000619669 0.00296684 0.0607951
42 72 1 -0.130824 1.29498 0.00010756 0.00650419 1.39634e+07 5.82612e+07 2.63496e+07 4.81497e+06 0 4.76682e+07 0 5.82612e+07 4.76682e+07 2.63496e+07 4.81497e+06 0.00345008 -0.0044175 -0.000825989 0.00582985 0.0586668
49 72 2 -0.324268 1.15421 -0.000458327 0.00619776 1.92046e+07 8.01297e+07 3.624e+07 6.62229e+06 0 6.55606e+07 0 8.01297e+07 6.55606e+07 3.624e+07 6.62229e+06 0.00403775 0.00236616 -0.00186189 0.00402852 0.0603681
52 73 0 -0.389986 0.894578 -0.00103561 0.00434724 8.45114e+06 3.52617e+07 1.59477e+07 2.91419e+06 0 2.88504e+07 0 3.52617e+07 2.88504e+07 1.59477e+07 2.91419e+06 0.00727919 0.00553828 0.00344427 0.00822544 0.0651534
45 73 1 -0.162836 0.915088 3.25473e-05 0.00512909 3.03631e+07 1.26687e+08 5.72965e+07 1.047e+07 0 1.03653e+08 0 1.26687e+08 1.03653e+08 5.72965e+07 1.047e+07 0.00283654 -0.00223703 0.00143818 0.00303424 0.0645139
49 73 2 -0.324268 1.15421 -0.000458327 0.00619776 1.92046e+07 8.01297e+07 3.624e+07 6.62229e+06 0 6.55606e+07 0 8.01297e+07 6.55606e+07 3.624e+07 6.62229e+06 0.00403775 0.00236616 -0.00186189 0.00402852 0.0603681
37 74 0 0.101601 0.96401 0.00075872 0.00458474 2.83319e+07 1.18212e+08 5.34635e+07 9.76961e+06 0 9.67192e+07 0 1.18212e+08 9.67192e+07 5.34635e+07 9.76961e+06 0.00271412 -0.00308407 0.000145935 0.00387104 0.0634395
30 74 1 0.27613 1.18172 0.00116332 0.00515302 1.13879e+07 4.75152e+07 2.14895e+07 3.92687e+06 0 3.88761e+07 0 4.75152e+07 3.88761e+07 2.14895e+07 3.92687e+06 0.00336162 -0.00212494 -0.000226521 0.00491125 0.0601191
33 74 2 0.0820934 1.24243 0.000615418 0.00568301 4.46036e+07 1.86105e+08 8.4169e+07 1.53806e+07 0 1.52268e+08 0 1.86105e+08 1.52268e+08 8.4169e+07 1.53806e+07 0.00147242 -0.00204798 -0.000518044 0.00289142 0.0591127
41 75 0 -0.086891 1.10144 0.000288267 0.00554149 3.29562e+07 1.37507e+08 6.21898e+07 1.13642e+07 0 1.12506e+08 0 1.37507e+08 1.12506e+08 6.21898e+07 1.13642e+07 0.00188937 -0.00162761 -0.000619669 0.00296684 0.0607951
37 75 1 0.101601 0.96401 0.00075872 0.00458474 2.83319e+07 1.18212e+08 5.34635e+07 9.76961e+06 0 9.67192e+07 0 1.18212e+08 9.67192e+07 5.34635e+07 9.76961e+06 0.00271412 -0.00308407 0.000145935 0.00387104 0.0634395
33 75 2 0.0820934 1.24243 0.000615418 0.00568301 4.46036e+07 1.86105e+08 8.4169e+07 1.53806e+07 0 1.52268e+08 0 1.86105e+08 1.52268e+08 8.4169e+07 1.53806e+07 0.00147242 -0.00204798 -0.000518044 0.00289142 0.0591127
40 76 0 -0.135967 1.4667 0.000327401 0.00737919 1.62878e+07 6.79594e+07 3.07358e+07 5.61648e+06 0 5.56032e+07 0 6.79594e+07 5.56032e+07 3.07358e+07 5.61648e+06 0.00440804 -0.00929076 0.00345635 0.00464348 0.058063
42 76 1 -0.130824 1.29498 0.00010756 0.00650419 1.39634e+07 5.82612e+07 2.63496e+07 4.81497e+06 0 4.76682e+07 0 5.82612e+07 4.76682e+07 2.63496e+07 4.81497e+06 0.00345008 -0.0044175 -0.000825989 0.00582985 0.0586668
34 76 2 0.0421203 1.47679 0.000747887 0.00627481 6.38619e+07 2.66458e+08 1.2051e+08 2.20213e+07 0 2.18011e+08 0 2.66458e+08 2.18011e+08 1.2051e+08 2.20213e+07 0.000769212 -0.00123069 0.00203082 0.00159958 0.0579986
33 77 0 0.0820934 1.24243 0.000615418 0.00568301 4.46036e+07 1.86105e+08 8.4169e+07 1.53806e+07 0 1.52268e+08 0 1.86105e+08 1.52268e+08 8.4169e+07 1.53806e+07 0.00147242 -0.00204798 -0.000518044 0.00289142 0.0591127
30 77 1 0.27613 1.18172 0.00116332 0.00515302 1.13879e+07 4.75152e+07 2.14895e+07 3.92687e+06 0 3.88761e+07 0 4.75152e+07 3.88761e+07 2.14895e+07 3.92687e+06 0.00336162 -0.00212494 -0.000226521 0.00491125 0.0601191
26 77 2 0.219952 1.46292 0.00105562 0.00651301 2.36467e+07 9.8664e+07 4.46225e+07 8.15405e+06 0 8.07251e+07 0 9.8664e+07 8.07251e+07 4.46225e+07 8.15405e+06 0.00298465 0.00428708 0.00172421 0.0032373 0.0583214
42 78 0 -0.130824 1.29498 0.00010756 0.00650419 1.39634e+07 5.82612e+07 2.63496e+07 4.81497e+06 0 4.76682e+07 0 5.82612e+07 4.76682e+07 2.63496e+07 4.81497e+06 0.00345008 -0.0044175 -0.000825989 0.00582985 0.0586668
33 78 1 0.0820934 1.24243 0.000615418 0.00568301 4.46036e+07 1.86105e+08 8.4169e+07 1.53806e+07 0 1.52268e+08 0 1.86105e+08 1.52268e+08 8.4169e+07 1.53806e+07 0.00147242 -0.00204798 -0.000518044 0.00289142 0.0591127
34 78 2 0.0421203 1.47679 0.000747887 0.00627481 6.38619e+07 2.66458e+08 1.2051e+08 2.20213e+07 0 2.18011e+08 0 2.66458e+08 2.18011e+08 1.2051e+08 2.20213e+07 0.000769212 -0.00123069 0.00203082 0.00159958 0.0579986
42 79 0 -0.130824 1.29498 0.00010756 0.00650419 1.39634e+07 5.82612e+07 2.63496e+07 4.81497e+06 0 4.76682e+07 0 5.82612e+07 4.76682e+07 2.63496e+07 4.81497e+06 0.00345008 -0.0044175 -0.000825989 0.00582985 0.0586668
41 79 1 -0.086891 1.10144 0.000288267 0.00554149 3.29562e+07 1.37507e+08 6.21898e+07 1.13642e+07 0 1.12506e+08 0 1.37507e+08 1.12506e+08 6.21898e+07 1.13642e+07 0.00188937 -0.00162761 -0.000619669 0.00296684 0.0607951
33 79 2 0.0820934 1.24243 0.000615418 0.00568301 4.46036e+07 1.86105e+08 8.4169e+07 1.53806e+07 0 1.52268e+08 0 1.86105e+08 1.52268e+08 8.4169e+07 1.53806e+07 0.00147242 -0.00204798 -0.000518044 0.00289142 0.0591127
19 80 0 0.347665 0.233776 0.000893181 0.000838245 5.20474e+07 2.17163e+08 9.82157e+07 1.79474e+07 0 1.77679e+08 0 2.17163e+08 1.77679e+08 9.82157e+07 1.79474e+07 0.00052273 0.000783684 0.000700516 0.00146164 0.095884
25 80 1 0.287464 0.473825 0.000563198 0.00170495 9.82292e+06 4.09853e+07 1.85363e+07 3.38721e+06 0 3.35334e+07 0 4.09853e+07 3.35334e+07 1.85363e+07 3.38721e+06 0.00583979 -0.00225361 -0.0018542 0.00539083 0.0811379
27 80 2 0.140415 0.238871 0.000713365 0.00116447 4.42239e+07 1.8452e+08 8.34524e+07 1.52496e+07 0 1.50971e+08 0 1.8452e+08 1.50971e+08 8.34524e+07 1.52496e+07 0.000569515 -0.00380421 -9.92598e-05 0.00361776 0.0960068
20 81 0 0.2 2.63181e-24 1.69363e-27 4.00725e-26 3.3217e+07 1.38595e+08 6.2682e+07 1.14541e+07 0 1.13396e+08 0 1.38595e+08 1.13396e+08 6.2682e+07 1.14541e+07 4.71769e-05 -0.000340828 0.00622589 0.00509803 0.116332
19 81 1 0.347665 0.233776 0.000893181 0.000838245 5.20474e+07 2.17163e+08 9.82157e+07 1.79474e+07 0 1.77679e+08 0 2.17163e+08 1.77679e+08 9.82157e+07 1.79474e+07 0.00052273 0.000783684 0.000700516 0.00146164 0.095884
27 81 2 0.140415 0.238871 0.000713365 0.00116447 4.42239e+07 1.8452e+08 8.34524e+07 1.52496e+07 0 1.50971e+08 0 1.8452e+08 1.50971e+08 8.34524e+07 1.52496e+07 0.000569515 -0.00380421 -9.92598e-05 0.00361776 0.0960068
11 82 0 0.556545 0.22178 0.00115577 0.00132286 4.40535e+07 1.83809e+08 8.31309e+07 1.51908e+07 0 1.50389e+08 0 1.83809e+08 1.50389e+08 8.31309e+07 1.51908e+07 0.000897943 0.00551391 0.00103935 0.00182645 0.0956909
18 82 1 0.507158 0.453104 0.00146466 0.00198875 2.25872e+07 9.42432e+07 4.26231e+07 7.78869e+06 0 7.71081e+07 0 9.42432e+07 7.71081e+07 4.26231e+07 7.78869e+06 0.00241572 0.00574916 0.00237382 0.00427889 0.0817625
19 82 2 0.347665 0.233776 0.000893181 0.000838245 5.20474e+07 2.17163e+08 9.82157e+07 1.79474e+07 0 1.77679e+08 0 2.17163e+08 1.77679e+08 9.82157e+07 1.79474e+07 0.00052273 0.000783684 0.000700516 0.00146164 0.095884
7 83 0 0.6 2.63883e-24 -2.48789e-28 3.51569e-26 9.39972e+06 3.92195e+07 1.77377e+07 3.24128e+06 0 3.20887e+07 0 3.92195e+07 3.20887e+07 1.77377e+07 3.24128e+06 0.000795213 0.000551063 0.00971509 0.0112913 0.114098
11 83 1 0.556545 0.22178 0.00115577 0.00132286 4.40535e+07 1.83809e+08 8.31309e+07 1.51908e+07 0 1.50389e+08 0 1.83809e+08 1.50389e+08 8.31309e+07 1.51908e+07 0.000897943 0.00551391 0.00103935 0.00182645 0.0956909
12 83 2 0.4 2.57816e-24 3.51353e-27 3.49669e-26 2.24894e+07 9.38351e+07 4.24385e+07 7.75496e+06 0 7.67741e+07 0 9.38351e+07 7.67741e+07 4.24385e+07 7.75496e+06 3.25566e-26 7.23564e-25 0.00805349 0.00633374 0.115617
6 84 0 0.765244 0.203787 0.00159129 0.00132674 1.60406e+07 6.69278e+07 3.02693e+07 5.53123e+06 0 5.47591e+07 0 6.69278e+07 5.47591e+07 3.02693e+07 5.53123e+06 0.00356903 -0.00486827 0.00236326 0.00523021 0.0949396
10 84 1 0.734014 0.418799 0.00186848 0.00245681 2.84705e+07 1.18791e+08 5.3725e+07 9.8174e+06 0 9.71922e+07 0 1.18791e+08 9.71922e+07 5.3725e+07 9.8174e+06 0.00132919 -0.00021436 0.00273988 0.00380258 0.0826985
11 84 2 0.556545 0.22178 0.00115577 0.00132286 4.40535e+07 1.83809e+08 8.31309e+07 1.51908e+07 0 1.50389e+08 0 1.83809e+08 1.50389e+08 8.31309e+07 1.51908e+07 0.000897943 0.00551391 0.00103935 0.00182645 0.0956909
31 85 0 0.207071 0.714547 0.000613637 0.00333527 2.13299e+07 8.89973e+07 4.02506e+07 7.35515e+06 0 7.2816e+07 0 8.89973e+07 7.2816e+07 4.02506e+07 7.35515e+06 0.00225754 0.00256891 0.00394974 0.00603046 0.0706661
37 85 1 0.101601 0.96401 0.00075872 0.00458474 2.83319e+07 1.18212e+08 5.34635e+07 9.76961e+06 0 9.67192e+07 0 1.18212e+08 9.67192e+07 5.34635e+07 9.76961e+06 0.00271412 -0.00308407 0.000145935 0.00387104 0.0634395
38 85 2 -0.0243173 0.709782 4.10058e-05 0.00376658 1.93135e+07 8.0584e+07 3.64455e+07 6.65983e+06 0 6.59323e+07 0 8.0584e+07 6.59323e+07 3.64455e+07 6.65983e+06 0.00256779 -0.0065414 0.00208246 0.00584004 0.0707353
17 86 0 0.674759 0.650081 0.00217183 0.00339164 4.7898e+07 1.9985e+08 9.03856e+07 1.65165e+07 0 1.63514e+08 0 1.9985e+08 1.63514e+08 9.03856e+07 1.65165e+07 0.000414293 0.000273056 0.00131435 0.00321738 0.0732495
21 86 1 0.63785 0.921817 0.00178355 0.00404318 7.40242e+07 3.0886e+08 1.39687e+08 2.55256e+07 0 2.52703e+08 0 3.0886e+08 2.52703e+08 1.39687e+08 2.55256e+07 0.000615908 -0.000558272 -0.00109895 0.00217291 0.0657998
24 86 2 0.448193 0.698655 0.00167667 0.00352777 7.21131e+06 3.00886e+07 1.36081e+07 2.48666e+06 0 2.46179e+07 0 3.00886e+07 2.46179e+07 1.36081e+07 2.48666e+06 0.00753989 0.000438033 0.000594738 0.0094912 0.0713735
30 87 0 0.27613 1.18172 0.00116332 0.00515302 1.13879e+07 4.75152e+07 2.14895e+07 3.92687e+06 0 3.88761e+07 0 4.75152e+07 3.88761e+07 2.14895e+07 3.92687e+06 0.00336162 -0.00212494 -0.000226521 0.00491125 0.0601191
37 87 1 0.101601 0.96401 0.00075872 0.00458474 2.83319e+07 1.18212e+08 5.34635e+07 9.76961e+06 0 9.67192e+07 0 1.18212e+08 9.67192e+07 5.34635e+07 9.76961e+06 0.00271412 -0.00308407 0.000145935 0.00387104 0.0634395
29 87 2 0.360532 0.932195 0.00136603 0.00433166 4.4138e+07 1.84162e+08 8.32904e+07 1.522e+07 0 1.50678e+08 0 1.84162e+08 1.50678e+08 8.32904e+07 1.522e+07 0.00196606 0.00101079 0.000403873 0.00129519 0.0645477
22 88 0 0.403103 1.39449 0.00156514 0.00555009 3.05194e+07 1.27339e+08 5.75914e+07 1.05239e+07 0 1.04187e+08 0 1.27339e+08 1.04187e+08 5.75914e+07 1.05239e+07 0.0018679 -0.00367443 0.000348616 0.00408409 0.0592061
30 88 1 0.27613 1.18172 0.00116332 0.00515302 1.13879e+07 4.75152e+07 2.14895e+07 3.92687e+06 0 3.88761e+07 0 4.75152e+07 3.88761e+07 2.14895e+07 3.92687e+06 0.00336162 -0.00212494 -0.000226521 0.00491125 0.0601191
23 88 2 0.496392 1.13396 0.00156019 0.00460978 7.34171e+07 3.06327e+08 1.38541e+08 2.53162e+07 0 2.50631e+08 0 3.06327e+08 2.50631e+08 1.38541e+08 2.53162e+07 0.000205557 -0.00137298 5.84817e-05 0.00170552 0.0615882
22 89 0 0.403103 1.39449 0.00156514 0.00555009 3.05194e+07 1.27339e+08 5.75914e+07 1.05239e+07 0 1.04187e+08 0 1.27339e+08 1.04187e+08 5.75914e+07 1.05239e+07 0.0018679 -0.00367443 0.000348616 0.00408409 0.0592061
26 89 1 0.219952 1.46292 0.00105562 0.00651301 2.36467e+07 9.8664e+07 4.46225e+07 8.15405e+06 0 8.07251e+07 0 9.8664e+07 8.07251e+07 4.46225e+07 8.15405e+06 0.00298465 0.00428708 0.00172421 0.0032373 0.0583214
30 89 2 0.27613 1.18172 0.00116332 0.00515302 1.13879e+07 4.75152e+07 2.14895e+07 3.92687e+06 0 3.88761e+07 0 4.75152e+07 3.88761e+07 2.14895e+07 3.92687e+06 0.00336162 -0.00212494 -0.000226521 0.00491125 0.0601191
57 90 0 -0.701179 0.411087 -0.00215766 0.00169563 2.52188e+07 1.05223e+08 4.7589e+07 8.69614e+06 0 8.60918e+07 0 1.05223e+08 8.60918e+07 4.7589e+07 8.69614e+06 0.00195154 -0.00131018 -0.000794481 0.00553392 0.0823516
62 90 1 -0.676289 0.611455 -0.00225544 0.00246911 5.07305e+07 2.11669e+08 9.57308e+07 1.74933e+07 0 1.73183e+08 0 2.11669e+08 1.73183e+08 9.57308e+07 1.74933e+07 0.000814301 -0.00131359 -0.000674051 0.00337386 0.0738018
65 90 2 -0.849834 0.461455 -0.0025131 0.00245822 2.50305e+07 1.04438e+08 4.72337e+07 8.63121e+06 0 8.54489e+07 0 1.04438e+08 8.54489e+07 4.72337e+07 8.63121e+06 0.00258768 -0.00536598 7.79618e-05 0.00504319 0.0792736
43 91 0 -0.272283 0.228484 -0.00123134 0.00242546 3.26403e+06 1.36189e+07 6.15938e+06 1.12553e+06 0 1.11427e+07 0 1.36189e+07 1.11427e+07 6.15938e+06 1.12553e+06 0.0052082 0.00388751 -0.00165573 0.00591965 0.096321
47 91 1 -0.351832 0.446817 -0.00155266 0.00270164 5.60992e+07 2.34069e+08 1.05862e+08 1.93445e+07 0 1.91511e+08 0 2.34069e+08 1.91511e+08 1.05862e+08 1.93445e+07 0.00162934 0.00600544 0.0012036 0.000214732 0.0821074
50 91 2 -0.482059 0.218401 -0.00176078 0.00125827 2.94668e+07 1.22948e+08 5.56052e+07 1.0161e+07 0 1.00594e+08 0 1.22948e+08 1.00594e+08 5.56052e+07 1.0161e+07 -6.78569e-05 0.00670723 -0.000271515 0.00517555 0.0958804
53 92 0 -0.464206 0.653906 -0.00197124 0.00279767 3.28866e+07 1.37216e+08 6.20584e+07 1.13402e+07 0 1.12268e+08 0 1.37216e+08 1.12268e+08 6.20584e+07 1.13402e+07 0.00185789 0.00189276 -0.00011273 0.00235749 0.0724999
62 92 1 -0.676289 0.611455 -0.00225544 0.00246911 5.07305e+07 2.11669e+08 9.57308e+07 1.74933e+07 0 1.73183e+08 0 2.11669e+08 1.73183e+08 9.57308e+07 1.74933e+07 0.000814301 -0.00131359 -0.000674051 0.00337386 0.0738018
54 92 2 -0.543654 0.427774 -0.00191685 0.00186161 3.62607e+07 1.51294e+08 6.84255e+07 1.25037e+07 0 1.23786e+08 0 1.51294e+08 1.23786e+08 6.84255e+07 1.25037e+07 0.00176784 0.00186157 -0.00114808 0.00363652 0.0823448
38 93 0 -0.0243173 0.709782 4.10058e-05 0.00376658 1.93135e+07 8.0584e+07 3.64455e+07 6.65983e+06 0 6.59323e+07 0 8.0584e+07 6.59323e+07 3.64455e+07 6.65983e+06 0.00256779 -0.0065414 0.00208246 0.00584004 0.0707353
46 93 1 -0.251971 0.683411 -0.00117613 0.00394901 9.48104e+06 3.95588e+07 1.78911e+07 3.26932e+06 0 3.23663e+07 0 3.95588e+07 3.23663e+07 1.78911e+07 3.26932e+06 0.0071837 0.00477499 0.00378619 0.00604876 0.0715988
39 93 2 -0.144804 0.466239 -0.000758305 0.00323578 1.44803e+07 6.04179e+07 2.7325e+07 4.99322e+06 0 4.94329e+07 0 6.04179e+07 4.94329e+07 2.7325e+07 4.99322e+06 0.00767445 -0.0014384 -0.000302074 0.00216606 0.081549
61 94 0 -0.608982 0.828354 -0.00205251 0.00325484 2.90259e+07 1.21108e+08 5.47731e+07 1.00089e+07 0 9.90883e+07 0 1.21108e+08 9.90883e+07 5.47731e+07 1.00089e+07 0.00130269 0.000169429 0.00242733 0.00441221 0.0671491
64 94 1 -0.750775 0.970179 -0.00207509 0.00412511 2.10819e+07 8.79626e+07 3.97826e+07 7.26964e+06 0 7.19694e+07 0 8.79626e+07 7.19694e+07 3.97826e+07 7.26964e+06 0.0023807 -0.0025881 0.00173228 0.00613357 0.0647355
68 94 2 -0.847414 0.752557 -0.00259951 0.00353224 3.73966e+07 1.56034e+08 7.05691e+07 1.28954e+07 0 1.27664e+08 0 1.56034e+08 1.27664e+08 7.05691e+07 1.28954e+07 0.00169314 -0.00578148 0.00127814 0.0030318 0.0696887
52 95 0 -0.389986 0.894578 -0.00103561 0.00434724 8.45114e+06 3.52617e+07 1.59477e+07 2.91419e+06 0 2.88504e+07 0 3.52617e+07 2.88504e+07 1.59477e+07 2.91419e+06 0.00727919 0.00553828 0.00344427 0.00822544 0.0651534
61 95 1 -0.608982 0.828354 -0.00205251 0.00325484 2.90259e+07 1.21108e+08 5.47731e+07 1.00089e+07 0 9.90883e+07 0 1.21108e+08 9.90883e+07 5.47731e+07 1.00089e+07 0.00130269 0.000169429 0.00242733 0.00441221 0.0671491
53 95 2 -0.464206 0.653906 -0.00197124 0.00279767 3.28866e+07 1.37216e+08 6.20584e+07 1.13402e+07 0 1.12268e+08 0 1.37216e+08 1.12268e+08 6.20584e+07 1.13402e+07 0.00185789 0.00189276 -0.00011273 0.00235749 0.0724999
52 96 0 -0.389986 0.894578 -0.00103561 0.00434724 8.45114e+06 3.52617e+07 1.59477e+07 2.91419e+06 0 2.88504e+07 0 3.52617e+07 2.88504e+07 1.59477e+07 2.91419e+06 0.00727919 0.00553828 0.00344427 0.00822544 0.0651534
56 96 1 -0.553974 1.07663 -0.00129363 0.00480039 1.7973e+07 7.49908e+07 3.39158e+07 6.19758e+06 0 6.13561e+07 0 7.49908e+07 6.13561e+07 3.39158e+07 6.19758e+06 0.00289049 0.00601998 0.00288189 0.00716427 0.062125
61 96 2 -0.608982 0.828354 -0.00205251 0.00325484 2.90259e+07 1.21108e+08 5.47731e+07 1.00089e+07 0 9.90883e+07 0 1.21108e+08 9.90883e+07 5.47731e+07 1.00089e+07 0.00130269 0.000169429 0.00242733 0.00441221 0.0671491
37 97 0 0.101601 0.96401 0.00075872 0.00458474 2.83319e+07 1.18212e+08 5.34635e+07 9.76961e+06 0 9.67192e+07 0 1.18212e+08 9.67192e+07 5.34635e+07 9.76961e+06 0.00271412 -0.00308407 0.000145935 0.00387104 0.0634395
41 97 1 -0.086891 1.10144 0.000288267 0.00554149 3.29562e+07 1.37507e+08 6.21898e+07 1.13642e+07 0 1.12506e+08 0 1.37507e+08 1.12506e+08 6.21898e+07 1.13642e+07 0.00188937 -0.00162761 -0.000619669 0.00296684 0.0607951
45 97 2 -0.162836 0.915088 3.25473e-05 0.00512909 3.03631e+07 1.26687e+08 5.72965e+07 1.047e+07 0 1.03653e+08 0 1.26687e+08 1.03653e+08 5.72965e+07 1.047e+07 0.00283654 -0.00223703 0.00143818 0.00303424 0.0645139
49 98 0 -0.324268 1.15421 -0.000458327 0.00619776 1.92046e+07 8.01297e+07 3.624e+07 6.62229e+06 0 6.55606e+07 0 8.01297e+07 6.55606e+07 3.624e+07 6.62229e+06 0.00403775 0.00236616 -0.00186189 0.00402852 0.0603681
56 98 1 -0.553974 1.07663 -0.00129363 0.00480039 1.7973e+07 7.49908e+07 3.39158e+07 6.19758e+06 0 6.13561e+07 0 7.49908e+07 6.13561e+07 3.39158e+07 6.19758e+06 0.00289049 0.00601998 0.00288189 0.00716427 0.062125
52 98 2 -0.389986 0.894578 -0.00103561 0.00434724 8.45114e+06 3.52617e+07 1.59477e+07 2.91419e+06 0 2.88504e+07 0 3.52617e+07 2.88504e+07 1.59477e+07 2.91419e+06 0.00727919 0.00553828 0.00344427 0.00822544 0.0651534
34 99 0 0.0421203 1.47679 0.000747887 0.00627481 6.38619e+07 2.66458e+08 1.2051e+08 2.20213e+07 0 2.18011e+08 0 2.66458e+08 2.18011e+08 1.2051e+08 2.20213e+07 0.000769212 -0.00123069 0.00203082 0.00159958 0.0579986
33 99 1 0.0820934 1.24243 0.000615418 0.00568301 4.46036e+07 1.86105e+08 8.4169e+07 1.53806e+07 0 1.52268e+08 0 1.86105e+08 1.52268e+08 8.4169e+07 1.53806e+07 0.00147242 -0.00204798 -0.000518044 0.00289142 0.0591127
26 99 2 0.219952 1.46292 0.00105562 0.00651301 2.36467e+07 9.8664e+07 4.46225e+07 8.15405e+06 0 8.07251e+07 0 9.8664e+07 8.07251e+07 4.46225e+07 8.15405e+06 0.00298465 0.00428708 0.00172421 0.0032373 0.0583214
23 100 0 0.496392 1.13396 0.00156019 0.00460978 7.34171e+07 3.06327e+08 1.38541e+08 2.53162e+07 0 2.50631e+08 0 3.06327e+08 2.50631e+08 1.38541e+08 2.53162e+07 0.000205557 -0.00137298 5.84817e-05 0.00170552 0.0615882
16 100 1 0.738482 1.1953 0.00187223 0.00476995 4.73577e+07 1.97596e+08 8.93661e+07 1.63302e+07 0 1.61669e+08 0 1.97596e+08 1.61669e+08 8.93661e+07 1.63302e+07 0.00126685 0.0027766 0.00105465 0.00232576 0.0627287
15 100 2 0.577771 1.30664 0.00187616 0.0049545 2.12e+07 8.84553e+07 4.00054e+07 7.31035e+06 0 7.23725e+07 0 8.84553e+07 7.23725e+07 4.00054e+07 7.31035e+06 0.00271303 0.000716797 0.00167886 0.00359468 0.060669
22 101 0 0.403103 1.39449 0.00156514 0.00555009 3.05194e+07 1.27339e+08 5.75914e+07 1.05239e+07 0 1.04187e+08 0 1.27339e+08 1.04187e+08 5.75914e+07 1.05239e+07 0.0018679 -0.00367443 0.000348616 0.00408409 0.0592061
23 101 1 0.496392 1.13396 0.00156019 0.00460978 7.34171e+07 3.06327e+08 1.38541e+08 2.53162e+07 0 2.50631e+08 0 3.06327e+08 2.50631e+08 1.38541e+08 2.53162e+07 0.000205557 -0.00137298 5.84817e-05 0.00170552 0.0615882
15 101 2 0.577771 1.30664 0.00187616 0.0049545 2.12e+07 8.84553e+07 4.00054e+07 7.31035e+06 0 7.23725e+07 0 8.84553e+07 7.23725e+07 4.00054e+07 7.31035e+06 0.00271303 0.000716797 0.00167886 0.00359468 0.060669
21 102 0 0.63785 0.921817 0.00178355 0.00404318 7.40242e+07 3.0886e+08 1.39687e+08 2.55256e+07 0 2.52703e+08 0 3.0886e+08 2.52703e+08 1.39687e+08 2.55256e+07 0.000615908 -0.000558272 -0.00109895 0.00217291 0.0657998
14 102 1 0.841026 0.79922 0.00235882 0.00422495 1.17133e+07 4.88727e+07 2.21035e+07 4.03907e+06 0 3.99867e+07 0 4.88727e+07 3.99867e+07 2.21035e+07 4.03907e+06 0.00561441 0.00520882 -0.00277232 0.00405589 0.0695699
13 102 2 0.923616 1.00982 0.00218068 0.00527368 2.60467e+07 1.08678e+08 4.91513e+07 8.98161e+06 0 8.8918e+07 0 1.08678e+08 8.8918e+07 4.91513e+07 8.98161e+06 0.00216761 0.00126946 -0.00268434 0.00415611 0.0664915
29 103 0 0.360532 0.932195 0.00136603 0.00433166 4.4138e+07 1.84162e+08 8.32904e+07 1.522e+07 0 1.50678e+08 0 1.84162e+08 1.50678e+08 8.32904e+07 1.522e+07 0.00196606 0.00101079 0.000403873 0.00129519 0.0645477
21 103 1 0.63785 0.921817 0.00178355 0.00404318 7.40242e+07 3.0886e+08 1.39687e+08 2.55256e+07 0 2.52703e+08 0 3.0886e+08 2.52703e+08 1.39687e+08 2.55256e+07 0.000615908 -0.000558272 -0.00109895 0.00217291 0.0657998
23 103 2 0.496392 1.13396 0.00156019 0.00460978 7.34171e+07 3.06327e+08 1.38541e+08 2.53162e+07 0 2.50631e+08 0 3.06327e+08 2.50631e+08 1.38541e+08 2.53162e+07 0.000205557 -0.00137298 5.84817e-05 0.00170552 0.0615882
29 104 0 0.360532 0.932195 0.00136603 0.00433166 4.4138e+07 1.84162e+08 8.32904e+07 1.522e+07 0 1.50678e+08 0 1.84162e+08 1.50678e+08 8.32904e+07 1.522e+07 0.00196606 0.00101079 0.000403873 0.00129519 0.0645477
24 104 1 0.448193 0.698655 0.00167667 0.00352777 7.21131e+06 3.00886e+07 1.36081e+07 2.48666e+06 0 2.46179e+07 0 3.00886e+07 2.46179e+07 1.36081e+07 2.48666e+06 0.00753989 0.000438033 0.000594738 0.0094912 0.0713735
21 104 2 0.63785 0.921817 0.00178355 0.00404318 7.40242e+07 3.0886e+08 1.39687e+08 2.55256e+07 0 2.52703e+08 0 3.0886e+08 2.52703e+08 1.39687e+08 2.55256e+07 0.000615908 -0.000558272 -0.00109895 0.00217291 0.0657998
11 105 0 0.556545 0.22178 0.00115577 0.00132286 4.40535e+07 1.83809e+08 8.31309e+07 1.51908e+07 0 1.50389e+08 0 1.83809e+08 1.50389e+08 8.31309e+07 1.51908e+07 0.000897943 0.00551391 0.00103935 0.00182645 0.0956909
10 105 1 0.734014 0.418799 0.00186848 0.00245681 2.84705e+07 1.18791e+08 5.3725e+07 9.8174e+06 0 9.71922e+07 0 1.18791e+08 9.71922e+07 5.3725e+07 9.8174e+06 0.00132919 -0.00021436 0.00273988 0.00380258 0.0826985
18 105 2 0.507158 0.453104 0.00146466 0.00198875 2.25872e+07 9.42432e+07 4.26231e+07 7.78869e+06 0 7.71081e+07 0 9.42432e+07 7.71081e+07 4.26231e+07 7.78869e+06 0.00241572 0.00574916 0.00237382 0.00427889 0.0817625
23 106 0 0.496392 1.13396 0.00156019 0.00460978 7.34171e+07 3.06327e+08 1.38541e+08 2.53162e+07 0 2.50631e+08 0 3.06327e+08 2.50631e+08 1.38541e+08 2.53162e+07 0.000205557 -0.00137298 5.84817e-05 0.00170552 0.0615882
21 106 1 0.63785 0.921817 0.00178355 0.00404318 7.40242e+07 3.0886e+08 1.39687e+08 2.55256e+07 0 2.52703e+08 0 3.0886e+08 2.52703e+08 1.39687e+08 2.55256e+07 0.000615908 -0.000558272 -0.00109895 0.00217291 0.0657998
16 106 2 0.738482 1.1953 0.00187223 0.00476995 4.73577e+07 1.97596e+08 8.93661e+07 1.63302e+07 0 1.61669e+08 0 1.97596e+08 1.61669e+08 8.93661e+07 1.63302e+07 0.00126685 0.0027766 0.00105465 0.00232576 0.0627287
31 107 0 0.207071 0.714547 0.000613637 0.00333527 2.13299e+07 8.89973e+07 4.02506e+07 7.35515e+06 0 7.2816e+07 0 8.89973e+07 7.2816e+07 4.02506e+07 7.35515e+06 0.00225754 0.00256891 0.00394974 0.00603046 0.0706661
24 107 1 0.448193 0.698655 0.00167667 0.00352777 7.21131e+06 3.00886e+07 1.36081e+07 2.48666e+06 0 2.46179e+07 0 3.00886e+07 2.46179e+07 1.36081e+07 2.48666e+06 0.00753989 0.000438033 0.000594738 0.0094912 0.0713735
29 107 2 0.360532 0.932195 0.00136603 0.00433166 4.4138e+07 1.84162e+08 8.32904e+07 1.522e+07 0 1.50678e+08 0 1.84162e+08 1.50678e+08 8.32904e+07 1.522e+07 0.00196606 0.00101079 0.000403873 0.00129519 0.0645477
37 108 0 0.101601 0.96401 0.00075872 0.00458474 2.83319e+07 1.18212e+08 5.34635e+07 9.76961e+06 0 9.67192e+07 0 1.18212e+08 9.67192e+07 5.34635e+07 9.76961e+06 0.00271412 -0.00308407 0.000145935 0.00387104 0.0634395
31 108 1 0.207071 0.714547 0.000613637 0.00333527 2.13299e+07 8.89973e+07 4.02506e+07 7.35515e+06 0 7.2816e+07 0 8.89973e+07 7.2816e+07 4.02506e+07 7.35515e+06 0.00225754 0.00256891 0.00394974 0.00603046 0.0706661
29 108 2 0.360532 0.932195 0.00136603 0.00433166 4.4138e+07 1.84162e+08 8.32904e+07 1.522e+07 0 1.50678e+08 0 1.84162e+08 1.50678e+08 8.32904e+07 1.522e+07 0.00196606 0.00101079 0.000403873 0.00129519 0.0645477
38 109 0 -0.0243173 0.709782 4.10058e-05 0.00376658 1.93135e+07 8.0584e+07 3.64455e+07 6.65983e+06 0 6.59323e+07 0 8.0584e+07 6.59323e+07 3.64455e+07 6.65983e+06 0.00256779 -0.0065414 0.00208246 0.00584004 0.0707353
32 109 1 0.068982 0.476477 3.59963e-06 0.00225787 4.50499e+07 1.87967e+08 8.50113e+07 1.55345e+07 0 1.53791e+08 0 1.87967e+08 1.53791e+08 8.50113e+07 1.55345e+07 0.000612905 -0.00300716 -0.000489824 0.00327488 0.0811122
31 109 2 0.207071 0.714547 0.000613637 0.00333527 2.13299e+07 8.89973e+07 4.02506e+07 7.35515e+06 0 7.2816e+07 0 8.89973e+07 7.2816e+07 4.02506e+07 7.35515e+06 0.00225754 0.00256891 0.00394974 0.00603046 0.0706661
14 110 0 0.841026 0.79922 0.00235882 0.00422495 1.17133e+07 4.88727e+07 2.21035e+07 4.03907e+06 0 3.99867e+07 0 4.88727e+07 3.99867e+07 2.21035e+07 4.03907e+06 0.00561441 0.00520882 -0.00277232 0.00405589 0.0695699
8 110 1 1.07066 0.783662 0.00297147 0.00477122 7.62872e+07 3.18302e+08 1.43957e+08 2.63059e+07 0 2.60429e+08 0 3.18302e+08 2.60429e+08 1.43957e+08 2.63059e+07 -6.10465e-05 -2.56756e-05 -0.00293928 0.001096 0.0716636
13 110 2 0.923616 1.00982 0.00218068 0.00527368 2.60467e+07 1.08678e+08 4.91513e+07 8.98161e+06 0 8.8918e+07 0 1.08678e+08 8.8918e+07 4.91513e+07 8.98161e+06 0.00216761 0.00126946 -0.00268434 0.00415611 0.0664915
17 111 0 0.674759 0.650081 0.00217183 0.00339164 4.7898e+07 1.9985e+08 9.03856e+07 1.65165e+07 0 1.63514e+08 0 1.9985e+08 1.63514e+08 9.03856e+07 1.65165e+07 0.000414293 0.000273056 0.00131435 0.00321738 0.0732495
9 111 1 0.920217 0.58561 0.00305107 0.00361909 5.96303e+06 2.48802e+07 1.12525e+07 2.05622e+06 0 2.03566e+07 0 2.48802e+07 2.03566e+07 1.12525e+07 2.05622e+06 0.00781237 0.00580294 0.00126861 0.00569906 0.0757556
14 111 2 0.841026 0.79922 0.00235882 0.00422495 1.17133e+07 4.88727e+07 2.21035e+07 4.03907e+06 0 3.99867e+07 0 4.88727e+07 3.99867e+07 2.21035e+07 4.03907e+06 0.00561441 0.00520882 -0.00277232 0.00405589 0.0695699
18 112 0 0.507158 0.453104 0.00146466 0.00198875 2.25872e+07 9.42432e+07 4.26231e+07 7.78869e+06 0 7.71081e+07 0 9.42432e+07 7.71081e+07 4.26231e+07 7.78869e+06 0.00241572 0.00574916 0.00237382 0.00427889 0.0817625
10 112 1 0.734014 0.418799 0.00186848 0.00245681 2.84705e+07 1.18791e+08 5.3725e+07 9.8174e+06 0 9.71922e+07 0 1.18791e+08 9.71922e+07 5.3725e+07 9.8174e+06 0.00132919 -0.00021436 0.00273988 0.00380258 0.0826985
17 112 2 0.674759 0.650081 0.00217183 0.00339164 4.7898e+07 1.9985e+08 9.03856e+07 1.65165e+07 0 1.63514e+08 0 1.9985e+08 1.63514e+08 9.03856e+07 1.65165e+07 0.000414293 0.000273056 0.00131435 0.00321738 0.0732495
25 113 0 0.287464 0.473825 0.000563198 0.00170495 9.82292e+06 4.09853e+07 1.85363e+07 3.38721e+06 0 3.35334e+07 0 4.09853e+07 3.35334e+07 1.85363e+07 3.38721e+06 0.00583979 -0.00225361 -0.0018542 0.00539083 0.0811379
18 113 1 0.507158 0.453104 0.00146466 0.00198875 2.25872e+07 9.42432e+07 4.26231e+07 7.78869e+06 0 7.71081e+07 0 9.42432e+07 7.71081e+07 4.26231e+07 7.78869e+06 0.00241572 0.00574916 0.00237382 0.00427889 0.0817625
24 113 2 0.448193 0.698655 0.00167667 0.00352777 7.21131e+06 3.00886e+07 1.36081e+07 2.48666e+06 0 2.46179e+07 0 3.00886e+07 2.46179e+07 1.36081e+07 2.48666e+06 0.00753989 0.000438033 0.000594738 0.0094912 0.0713735
25 114 0 0.287464 0.473825 0.000563198 0.00170495 9.82292e+06 4.09853e+07 1.85363e+07 3.38721e+06 0 3.35334e+07 0 4.09853e+07 3.35334e+07 1.85363e+07 3.38721e+06 0.00583979 -0.00225361 -0.0018542 0.00539083 0.0811379
19 114 1 0.347665 0.233776 0.000893181 0.000838245 5.20474e+07 2.17163e+08 9.82157e+07 1.79474e+07 0 1.77679e+08 0 2.17163e+08 1.77679e+08 9.82157e+07 1.79474e+07 0.00052273 0.000783684 0.000700516 0.00146164 0.095884
18 114 2 0.507158 0.453104 0.00146466 0.00198875 2.25872e+07 9.42432e+07 4.26231e+07 7.78869e+06 0 7.71081e+07 0 9.42432e+07 7.71081e+07 4.26231e+07 7.78869e+06 0.00241572 0.00574916 0.00237382 0.00427889 0.0817625
6 115 0 0.765244 0.203787 0.00159129 0.00132674 1.60406e+07 6.69278e+07 3.02693e+07 5.53123e+06 0 5.47591e+07 0 6.69278e+07 5.47591e+07 3.02693e+07 5.53123e+06 0.00356903 -0.00486827 0.00236326 0.00523021 0.0949396
2 115 1 0.964284 0.170217 0.00229058 0.000600782 1.82939e+07 7.63297e+07 3.45214e+07 6.30824e+06 0 6.24516e+07 0 7.63297e+07 6.24516e+07 3.45214e+07 6.30824e+06 0.0046978 -0.00206657 0.00600525 0.00342003 0.0934388
5 115 2 0.971501 0.363805 0.00309182 0.00156819 7.33869e+06 3.062e+07 1.38484e+07 2.53058e+06 0 2.50528e+07 0 3.062e+07 2.50528e+07 1.38484e+07 2.53058e+06 0.00987103 -0.00489294 0.00113735 0.00645906 0.0837971
10 116 0 0.734014 0.418799 0.00186848 0.00245681 2.84705e+07 1.18791e+08 5.3725e+07 9.8174e+06 0 9.71922e+07 0 1.18791e+08 9.71922e+07 5.3725e+07 9.8174e+06 0.00132919 -0.00021436 0.00273988 0.00380258 0.0826985
6 116 1 0.765244 0.203787 0.00159129 0.00132674 1.60406e+07 6.69278e+07 3.02693e+07 5.53123e+06 0 5.47591e+07 0 6.69278e+07 5.47591e+07 3.02693e+07 5.53123e+06 0.00356903 -0.00486827 0.00236326 0.00523021 0.0949396
5 116 2 0.971501 0.363805 0.00309182 0.00156819 7.33869e+06 3.062e+07 1.38484e+07 2.53058e+06 0 2.50528e+07 0 3.062e+07 2.50528e+07 1.38484e+07 2.53058e+06 0.00987103 -0.00489294 0.00113735 0.00645906 0.0837971
6 117 0 0.765244 0.203787 0.00159129 0.00132674 1.60406e+07 6.69278e+07 3.02693e+07 5.53123e+06 0 5.47591e+07 0 6.69278e+07 5.47591e+07 3.02693e+07 5.53123e+06 0.00356903 -0.00486827 0.00236326 0.00523021 0.0949396
11 117 1 0.556545 0.22178 0.00115577 0.00132286 4.40535e+07 1.83809e+08 8.31309e+07 1.51908e+07 0 1.50389e+08 0 1.83809e+08 1.50389e+08 8.31309e+07 1.51908e+07 0.000897943 0.00551391 0.00103935 0.00182645 0.0956909
7 117 2 0.6 2.63883e-24 -2.48789e-28 3.51569e-26 9.39972e+06 3.92195e+07 1.77377e+07 3.24128e+06 0 3.20887e+07 0 3.92195e+07 3.20887e+07 1.77377e+07 3.24128e+06 0.000795213 0.000551063 0.00971509 0.0112913 0.114098
30 118 0 0.27613 1.18172 0.00116332 0.00515302 1.13879e+07 4.75152e+07 2.14895e+07 3.92687e+06 0 3.88761e+07 0 4.75152e+07 3.88761e+07 2.14895e+07 3.92687e+06 0.00336162 -0.00212494 -0.000226521 0.00491125 0.0601191
29 118 1 0.360532 0.932195 0.00136603 0.00433166 4.4138e+07 1.84162e+08 8.32904e+07 1.522e+07 0 1.50678e+08 0 1.84162e+08 1.50678e+08 8.32904e+07 1.522e+07 0.00196606 0.00101079 0.000403873 0.00129519 0.0645477
23 118 2 0.496392 1.13396 0.00156019 0.00460978 7.34171e+07 3.06327e+08 1.38541e+08 2.53162e+07 0 2.50631e+08 0 3.06327e+08 2.50631e+08 1.38541e+08 2.53162e+07 0.000205557 -0.00137298 5.84817e-05 0.00170552 0.0615882
