Index_Vertex nbTriangle nbInTr x y ux uy Elast AR BR IR GR ER FR A1 A2 B12 C3 Defxx Defxy Defyx Defyy Density 
5 0 0 -0.922158 0.228311 -0.00200182 0.00101259 1.30567e+07 5.44781e+07 2.46386e+07 4.50232e+06 0 4.4573e+07 0 5.44781e+07 4.4573e+07 2.46386e+07 4.50232e+06 0.00351415 -0.00188938 -0.00292603 0.00520054 0.108467
11 0 1 -0.8 1.589e-24 -8.60874e-27 3.83336e-26 4.3926e+07 1.83277e+08 8.28904e+07 1.51469e+07 0 1.49954e+08 0 1.83277e+08 1.49954e+08 8.28904e+07 1.51469e+07 -4.99785e-26 8.22885e-25 -0.00988364 0.00366996 0.127784
12 0 2 -0.719417 0.219266 -0.00159686 0.00065636 5.8598e+07 2.44495e+08 1.10577e+08 2.02062e+07 0 2.00042e+08 0 2.44495e+08 2.00042e+08 1.10577e+08 2.02062e+07 5.85053e-05 -0.00136384 -0.00562403 0.00276553 0.110288
11 1 0 -0.8 1.589e-24 -8.60874e-27 3.83336e-26 4.3926e+07 1.83277e+08 8.28904e+07 1.51469e+07 0 1.49954e+08 0 1.83277e+08 1.49954e+08 8.28904e+07 1.51469e+07 -4.99785e-26 8.22885e-25 -0.00988364 0.00366996 0.127784
5 1 1 -0.922158 0.228311 -0.00200182 0.00101259 1.30567e+07 5.44781e+07 2.46386e+07 4.50232e+06 0 4.4573e+07 0 5.44781e+07 4.4573e+07 2.46386e+07 4.50232e+06 0.00351415 -0.00188938 -0.00292603 0.00520054 0.108467
4 1 2 -1 5.12266e-25 3.83643e-27 1.22868e-26 1.67187e+07 6.97575e+07 3.1549e+07 5.76508e+06 0 5.70743e+07 0 6.97575e+07 5.70743e+07 3.1549e+07 5.76508e+06 0.00688823 0.016957 -0.0192707 -0.00058014 0.123446
12 2 0 -0.719417 0.219266 -0.00159686 0.00065636 5.8598e+07 2.44495e+08 1.10577e+08 2.02062e+07 0 2.00042e+08 0 2.44495e+08 2.00042e+08 1.10577e+08 2.02062e+07 5.85053e-05 -0.00136384 -0.00562403 0.00276553 0.110288
11 2 1 -0.8 1.589e-24 -8.60874e-27 3.83336e-26 4.3926e+07 1.83277e+08 8.28904e+07 1.51469e+07 0 1.49954e+08 0 1.83277e+08 1.49954e+08 8.28904e+07 1.51469e+07 -4.99785e-26 8.22885e-25 -0.00988364 0.00366996 0.127784
19 2 2 -0.6 1.56313e-24 -5.45719e-27 3.98828e-26 6.74043e+07 2.81239e+08 1.27195e+08 2.32429e+07 0 2.30104e+08 0 2.81239e+08 2.30104e+08 1.27195e+08 2.32429e+07 0.000319011 -0.000771952 -0.00873586 0.00205815 0.129273
5 3 0 -0.922158 0.228311 -0.00200182 0.00101259 1.30567e+07 5.44781e+07 2.46386e+07 4.50232e+06 0 4.4573e+07 0 5.44781e+07 4.4573e+07 2.46386e+07 4.50232e+06 0.00351415 -0.00188938 -0.00292603 0.00520054 0.108467
1 3 1 -1.0687 0.468354 -0.00273503 0.00218878 3.09942e+07 1.2932e+08 5.84874e+07 1.06876e+07 0 1.05808e+08 0 1.2932e+08 1.05808e+08 5.84874e+07 1.06876e+07 0.00232103 -0.00114686 -0.00311382 0.00271979 0.0982649
0 3 2 -1.10393 0.222242 -0.00333789 0.00056108 5.66779e+06 2.36484e+07 1.06954e+07 1.95441e+06 0 1.93487e+07 0 2.36484e+07 1.93487e+07 1.06954e+07 1.95441e+06 0.00863065 0.00700259 -0.00351057 0.0168336 0.107327
4 4 0 -1 5.12266e-25 3.83643e-27 1.22868e-26 1.67187e+07 6.97575e+07 3.1549e+07 5.76508e+06 0 5.70743e+07 0 6.97575e+07 5.70743e+07 3.1549e+07 5.76508e+06 0.00688823 0.016957 -0.0192707 -0.00058014 0.123446
5 4 1 -0.922158 0.228311 -0.00200182 0.00101259 1.30567e+07 5.44781e+07 2.46386e+07 4.50232e+06 0 4.4573e+07 0 5.44781e+07 4.4573e+07 2.46386e+07 4.50232e+06 0.00351415 -0.00188938 -0.00292603 0.00520054 0.108467
0 4 2 -1.10393 0.222242 -0.00333789 0.00056108 5.66779e+06 2.36484e+07 1.06954e+07 1.95441e+06 0 1.93487e+07 0 2.36484e+07 1.93487e+07 1.06954e+07 1.95441e+06 0.00863065 0.00700259 -0.00351057 0.0168336 0.107327
13 5 0 -0.634977 0.42986 -0.00176173 0.00152786 1.62445e+07 6.77787e+07 3.06541e+07 5.60154e+06 0 5.54553e+07 0 6.77787e+07 5.54553e+07 3.06541e+07 5.60154e+06 0.00550881 0.00522274 0.00113416 0.00460548 0.0981767
21 5 1 -0.418479 0.446423 -0.000708294 0.00313474 2.11923e+07 8.8423e+07 3.99908e+07 7.30768e+06 0 7.23461e+07 0 8.8423e+07 7.23461e+07 3.99908e+07 7.30768e+06 0.00430661 0.0105643 0.000673459 0.0024467 0.0972923
14 5 2 -0.545576 0.640552 -0.00141376 0.00372037 4.58074e+06 1.91127e+07 8.64407e+06 1.57957e+06 0 1.56377e+07 0 1.91127e+07 1.56377e+07 8.64407e+06 1.57957e+06 0.008257 0.00808269 0.00146951 0.013149 0.089362
12 6 0 -0.719417 0.219266 -0.00159686 0.00065636 5.8598e+07 2.44495e+08 1.10577e+08 2.02062e+07 0 2.00042e+08 0 2.44495e+08 2.00042e+08 1.10577e+08 2.02062e+07 5.85053e-05 -0.00136384 -0.00562403 0.00276553 0.110288
13 6 1 -0.634977 0.42986 -0.00176173 0.00152786 1.62445e+07 6.77787e+07 3.06541e+07 5.60154e+06 0 5.54553e+07 0 6.77787e+07 5.54553e+07 3.06541e+07 5.60154e+06 0.00550881 0.00522274 0.00113416 0.00460548 0.0981767
6 6 2 -0.854295 0.439954 -0.0022578 0.00168177 4.12906e+07 1.72281e+08 7.79172e+07 1.42381e+07 0 1.40958e+08 0 1.72281e+08 1.40958e+08 7.79172e+07 1.42381e+07 0.00126439 -0.00354234 -0.00136903 0.0031925 0.098072
12 7 0 -0.719417 0.219266 -0.00159686 0.00065636 5.8598e+07 2.44495e+08 1.10577e+08 2.02062e+07 0 2.00042e+08 0 2.44495e+08 2.00042e+08 1.10577e+08 2.02062e+07 5.85053e-05 -0.00136384 -0.00562403 0.00276553 0.110288
20 7 1 -0.508047 0.22113 -0.00134166 0.000909435 1.01332e+07 4.22799e+07 1.91218e+07 3.49421e+06 0 3.45927e+07 0 4.22799e+07 3.45927e+07 1.91218e+07 3.49421e+06 0.00455429 0.00799322 0.000960343 0.00935686 0.110878
13 7 2 -0.634977 0.42986 -0.00176173 0.00152786 1.62445e+07 6.77787e+07 3.06541e+07 5.60154e+06 0 5.54553e+07 0 6.77787e+07 5.54553e+07 3.06541e+07 5.60154e+06 0.00550881 0.00522274 0.00113416 0.00460548 0.0981767
6 8 0 -0.854295 0.439954 -0.0022578 0.00168177 4.12906e+07 1.72281e+08 7.79172e+07 1.42381e+07 0 1.40958e+08 0 1.72281e+08 1.40958e+08 7.79172e+07 1.42381e+07 0.00126439 -0.00354234 -0.00136903 0.0031925 0.098072
7 8 1 -0.76483 0.63226 -0.0023827 0.00250407 2.35878e+07 9.84179e+07 4.45112e+07 8.13371e+06 0 8.05237e+07 0 9.84179e+07 8.05237e+07 4.45112e+07 8.13371e+06 0.000522354 0.0023149 9.28665e-05 0.00528772 0.0907146
2 8 2 -0.982452 0.674524 -0.0030898 0.0029986 1.28697e+07 5.36975e+07 2.42856e+07 4.43781e+06 0 4.39343e+07 0 5.36975e+07 4.39343e+07 2.42856e+07 4.43781e+06 0.00508167 -0.00266116 0.00117185 0.00655186 0.0916628
5 9 0 -0.922158 0.228311 -0.00200182 0.00101259 1.30567e+07 5.44781e+07 2.46386e+07 4.50232e+06 0 4.4573e+07 0 5.44781e+07 4.4573e+07 2.46386e+07 4.50232e+06 0.00351415 -0.00188938 -0.00292603 0.00520054 0.108467
6 9 1 -0.854295 0.439954 -0.0022578 0.00168177 4.12906e+07 1.72281e+08 7.79172e+07 1.42381e+07 0 1.40958e+08 0 1.72281e+08 1.40958e+08 7.79172e+07 1.42381e+07 0.00126439 -0.00354234 -0.00136903 0.0031925 0.098072
1 9 2 -1.0687 0.468354 -0.00273503 0.00218878 3.09942e+07 1.2932e+08 5.84874e+07 1.06876e+07 0 1.05808e+08 0 1.2932e+08 1.05808e+08 5.84874e+07 1.06876e+07 0.00232103 -0.00114686 -0.00311382 0.00271979 0.0982649
5 10 0 -0.922158 0.228311 -0.00200182 0.00101259 1.30567e+07 5.44781e+07 2.46386e+07 4.50232e+06 0 4.4573e+07 0 5.44781e+07 4.4573e+07 2.46386e+07 4.50232e+06 0.00351415 -0.00188938 -0.00292603 0.00520054 0.108467
12 10 1 -0.719417 0.219266 -0.00159686 0.00065636 5.8598e+07 2.44495e+08 1.10577e+08 2.02062e+07 0 2.00042e+08 0 2.44495e+08 2.00042e+08 1.10577e+08 2.02062e+07 5.85053e-05 -0.00136384 -0.00562403 0.00276553 0.110288
6 10 2 -0.854295 0.439954 -0.0022578 0.00168177 4.12906e+07 1.72281e+08 7.79172e+07 1.42381e+07 0 1.40958e+08 0 1.72281e+08 1.40958e+08 7.79172e+07 1.42381e+07 0.00126439 -0.00354234 -0.00136903 0.0031925 0.098072
27 11 0 -0.4 1.58715e-24 4.99942e-28 3.62039e-26 4.18743e+07 1.74717e+08 7.90186e+07 1.44394e+07 0 1.4295e+08 0 1.74717e+08 1.4295e+08 7.90186e+07 1.44394e+07 -1.69343e-25 6.68931e-25 -0.00715859 0.00140057 0.129947
20 11 1 -0.508047 0.22113 -0.00134166 0.000909435 1.01332e+07 4.22799e+07 1.91218e+07 3.49421e+06 0 3.45927e+07 0 4.22799e+07 3.45927e+07 1.91218e+07 3.49421e+06 0.00455429 0.00799322 0.000960343 0.00935686 0.110878
19 11 2 -0.6 1.56313e-24 -5.45719e-27 3.98828e-26 6.74043e+07 2.81239e+08 1.27195e+08 2.32429e+07 0 2.30104e+08 0 2.81239e+08 2.30104e+08 1.27195e+08 2.32429e+07 0.000319011 -0.000771952 -0.00873586 0.00205815 0.129273
6 12 0 -0.854295 0.439954 -0.0022578 0.00168177 4.12906e+07 1.72281e+08 7.79172e+07 1.42381e+07 0 1.40958e+08 0 1.72281e+08 1.40958e+08 7.79172e+07 1.42381e+07 0.00126439 -0.00354234 -0.00136903 0.0031925 0.098072
2 12 1 -0.982452 0.674524 -0.0030898 0.0029986 1.28697e+07 5.36975e+07 2.42856e+07 4.43781e+06 0 4.39343e+07 0 5.36975e+07 4.39343e+07 2.42856e+07 4.43781e+06 0.00508167 -0.00266116 0.00117185 0.00655186 0.0916628
1 12 2 -1.0687 0.468354 -0.00273503 0.00218878 3.09942e+07 1.2932e+08 5.84874e+07 1.06876e+07 0 1.05808e+08 0 1.2932e+08 1.05808e+08 5.84874e+07 1.06876e+07 0.00232103 -0.00114686 -0.00311382 0.00271979 0.0982649
13 13 0 -0.634977 0.42986 -0.00176173 0.00152786 1.62445e+07 6.77787e+07 3.06541e+07 5.60154e+06 0 5.54553e+07 0 6.77787e+07 5.54553e+07 3.06541e+07 5.60154e+06 0.00550881 0.00522274 0.00113416 0.00460548 0.0981767
7 13 1 -0.76483 0.63226 -0.0023827 0.00250407 2.35878e+07 9.84179e+07 4.45112e+07 8.13371e+06 0 8.05237e+07 0 9.84179e+07 8.05237e+07 4.45112e+07 8.13371e+06 0.000522354 0.0023149 9.28665e-05 0.00528772 0.0907146
6 13 2 -0.854295 0.439954 -0.0022578 0.00168177 4.12906e+07 1.72281e+08 7.79172e+07 1.42381e+07 0 1.40958e+08 0 1.72281e+08 1.40958e+08 7.79172e+07 1.42381e+07 0.00126439 -0.00354234 -0.00136903 0.0031925 0.098072
14 14 0 -0.545576 0.640552 -0.00141376 0.00372037 4.58074e+06 1.91127e+07 8.64407e+06 1.57957e+06 0 1.56377e+07 0 1.91127e+07 1.56377e+07 8.64407e+06 1.57957e+06 0.008257 0.00808269 0.00146951 0.013149 0.089362
15 14 1 -0.49151 0.883446 -0.00072969 0.00600832 1.75802e+07 7.33517e+07 3.31746e+07 6.06212e+06 0 6.0015e+07 0 7.33517e+07 6.0015e+07 3.31746e+07 6.06212e+06 0.00478266 0.0012794 0.000220332 0.0039529 0.0828381
9 14 2 -0.666469 0.807626 -0.00176646 0.00427333 1.32387e+07 5.52373e+07 2.4982e+07 4.56507e+06 0 4.51942e+07 0 5.52373e+07 4.51942e+07 2.4982e+07 4.56507e+06 0.00495065 0.0111118 0.00386534 0.00735925 0.0855331
28 15 0 -0.294805 0.233024 -0.000668179 0.00244033 5.03592e+06 2.10119e+07 9.503e+06 1.73652e+06 0 1.71916e+07 0 2.10119e+07 1.71916e+07 9.503e+06 1.73652e+06 0.00174824 0.00591324 0.00245963 0.0136108 0.110421
35 15 1 -0.0757272 0.261889 0.000321764 0.00348072 4.54968e+06 1.89831e+07 8.58545e+06 1.56886e+06 0 1.55317e+07 0 1.89831e+07 1.55317e+07 8.58545e+06 1.56886e+06 0.00700149 -0.0074054 -0.00137756 0.00623509 0.108459
29 15 2 -0.209687 0.47815 -0.000120536 0.00445479 5.34075e+07 2.22838e+08 1.00782e+08 1.84164e+07 0 1.82322e+08 0 2.22838e+08 1.82322e+08 1.00782e+08 1.84164e+07 -3.31959e-05 0.00447216 0.00160355 0.000956222 0.0955518
27 16 0 -0.4 1.58715e-24 4.99942e-28 3.62039e-26 4.18743e+07 1.74717e+08 7.90186e+07 1.44394e+07 0 1.4295e+08 0 1.74717e+08 1.4295e+08 7.90186e+07 1.44394e+07 -1.69343e-25 6.68931e-25 -0.00715859 0.00140057 0.129947
28 16 1 -0.294805 0.233024 -0.000668179 0.00244033 5.03592e+06 2.10119e+07 9.503e+06 1.73652e+06 0 1.71916e+07 0 2.10119e+07 1.71916e+07 9.503e+06 1.73652e+06 0.00174824 0.00591324 0.00245963 0.0136108 0.110421
20 16 2 -0.508047 0.22113 -0.00134166 0.000909435 1.01332e+07 4.22799e+07 1.91218e+07 3.49421e+06 0 3.45927e+07 0 4.22799e+07 3.45927e+07 1.91218e+07 3.49421e+06 0.00455429 0.00799322 0.000960343 0.00935686 0.110878
34 17 0 -0.2 1.57235e-24 6.11462e-27 3.40922e-26 1.62121e+07 6.76438e+07 3.0593e+07 5.59039e+06 0 5.53449e+07 0 6.76438e+07 5.53449e+07 3.0593e+07 5.59039e+06 -3.63444e-25 4.40174e-25 -0.00693507 0.00772924 0.130241
35 17 1 -0.0757272 0.261889 0.000321764 0.00348072 4.54968e+06 1.89831e+07 8.58545e+06 1.56886e+06 0 1.55317e+07 0 1.89831e+07 1.55317e+07 8.58545e+06 1.56886e+06 0.00700149 -0.0074054 -0.00137756 0.00623509 0.108459
28 17 2 -0.294805 0.233024 -0.000668179 0.00244033 5.03592e+06 2.10119e+07 9.503e+06 1.73652e+06 0 1.71916e+07 0 2.10119e+07 1.71916e+07 9.503e+06 1.73652e+06 0.00174824 0.00591324 0.00245963 0.0136108 0.110421
7 18 0 -0.76483 0.63226 -0.0023827 0.00250407 2.35878e+07 9.84179e+07 4.45112e+07 8.13371e+06 0 8.05237e+07 0 9.84179e+07 8.05237e+07 4.45112e+07 8.13371e+06 0.000522354 0.0023149 9.28665e-05 0.00528772 0.0907146
3 18 1 -0.853212 0.857781 -0.00220533 0.00360044 3.18686e+07 1.32969e+08 6.01375e+07 1.09892e+07 0 1.08793e+08 0 1.32969e+08 1.08793e+08 6.01375e+07 1.09892e+07 0.00202338 -0.000796582 0.00336804 0.00327132 0.0865469
2 18 2 -0.982452 0.674524 -0.0030898 0.0029986 1.28697e+07 5.36975e+07 2.42856e+07 4.43781e+06 0 4.39343e+07 0 5.36975e+07 4.39343e+07 2.42856e+07 4.43781e+06 0.00508167 -0.00266116 0.00117185 0.00655186 0.0916628
21 19 0 -0.418479 0.446423 -0.000708294 0.00313474 2.11923e+07 8.8423e+07 3.99908e+07 7.30768e+06 0 7.23461e+07 0 8.8423e+07 7.23461e+07 3.99908e+07 7.30768e+06 0.00430661 0.0105643 0.000673459 0.0024467 0.0972923
29 19 1 -0.209687 0.47815 -0.000120536 0.00445479 5.34075e+07 2.22838e+08 1.00782e+08 1.84164e+07 0 1.82322e+08 0 2.22838e+08 1.82322e+08 1.00782e+08 1.84164e+07 -3.31959e-05 0.00447216 0.00160355 0.000956222 0.0955518
22 19 2 -0.345601 0.690792 -2.09608e-05 0.0050231 1.17394e+07 4.89818e+07 2.21528e+07 4.04808e+06 0 4.0076e+07 0 4.89818e+07 4.0076e+07 2.21528e+07 4.04808e+06 0.00409563 -0.000230291 -0.000853768 0.0070694 0.0870591
7 20 0 -0.76483 0.63226 -0.0023827 0.00250407 2.35878e+07 9.84179e+07 4.45112e+07 8.13371e+06 0 8.05237e+07 0 9.84179e+07 8.05237e+07 4.45112e+07 8.13371e+06 0.000522354 0.0023149 9.28665e-05 0.00528772 0.0907146
13 20 1 -0.634977 0.42986 -0.00176173 0.00152786 1.62445e+07 6.77787e+07 3.06541e+07 5.60154e+06 0 5.54553e+07 0 6.77787e+07 5.54553e+07 3.06541e+07 5.60154e+06 0.00550881 0.00522274 0.00113416 0.00460548 0.0981767
14 20 2 -0.545576 0.640552 -0.00141376 0.00372037 4.58074e+06 1.91127e+07 8.64407e+06 1.57957e+06 0 1.56377e+07 0 1.91127e+07 1.56377e+07 8.64407e+06 1.57957e+06 0.008257 0.00808269 0.00146951 0.013149 0.089362
20 21 0 -0.508047 0.22113 -0.00134166 0.000909435 1.01332e+07 4.22799e+07 1.91218e+07 3.49421e+06 0 3.45927e+07 0 4.22799e+07 3.45927e+07 1.91218e+07 3.49421e+06 0.00455429 0.00799322 0.000960343 0.00935686 0.110878
28 21 1 -0.294805 0.233024 -0.000668179 0.00244033 5.03592e+06 2.10119e+07 9.503e+06 1.73652e+06 0 1.71916e+07 0 2.10119e+07 1.71916e+07 9.503e+06 1.73652e+06 0.00174824 0.00591324 0.00245963 0.0136108 0.110421
21 21 2 -0.418479 0.446423 -0.000708294 0.00313474 2.11923e+07 8.8423e+07 3.99908e+07 7.30768e+06 0 7.23461e+07 0 8.8423e+07 7.23461e+07 3.99908e+07 7.30768e+06 0.00430661 0.0105643 0.000673459 0.0024467 0.0972923
19 22 0 -0.6 1.56313e-24 -5.45719e-27 3.98828e-26 6.74043e+07 2.81239e+08 1.27195e+08 2.32429e+07 0 2.30104e+08 0 2.81239e+08 2.30104e+08 1.27195e+08 2.32429e+07 0.000319011 -0.000771952 -0.00873586 0.00205815 0.129273
20 22 1 -0.508047 0.22113 -0.00134166 0.000909435 1.01332e+07 4.22799e+07 1.91218e+07 3.49421e+06 0 3.45927e+07 0 4.22799e+07 3.45927e+07 1.91218e+07 3.49421e+06 0.00455429 0.00799322 0.000960343 0.00935686 0.110878
12 22 2 -0.719417 0.219266 -0.00159686 0.00065636 5.8598e+07 2.44495e+08 1.10577e+08 2.02062e+07 0 2.00042e+08 0 2.44495e+08 2.00042e+08 1.10577e+08 2.02062e+07 5.85053e-05 -0.00136384 -0.00562403 0.00276553 0.110288
27 23 0 -0.4 1.58715e-24 4.99942e-28 3.62039e-26 4.18743e+07 1.74717e+08 7.90186e+07 1.44394e+07 0 1.4295e+08 0 1.74717e+08 1.4295e+08 7.90186e+07 1.44394e+07 -1.69343e-25 6.68931e-25 -0.00715859 0.00140057 0.129947
34 23 1 -0.2 1.57235e-24 6.11462e-27 3.40922e-26 1.62121e+07 6.76438e+07 3.0593e+07 5.59039e+06 0 5.53449e+07 0 6.76438e+07 5.53449e+07 3.0593e+07 5.59039e+06 -3.63444e-25 4.40174e-25 -0.00693507 0.00772924 0.130241
28 23 2 -0.294805 0.233024 -0.000668179 0.00244033 5.03592e+06 2.10119e+07 9.503e+06 1.73652e+06 0 1.71916e+07 0 2.10119e+07 1.71916e+07 9.503e+06 1.73652e+06 0.00174824 0.00591324 0.00245963 0.0136108 0.110421
9 24 0 -0.666469 0.807626 -0.00176646 0.00427333 1.32387e+07 5.52373e+07 2.4982e+07 4.56507e+06 0 4.51942e+07 0 5.52373e+07 4.51942e+07 2.4982e+07 4.56507e+06 0.00495065 0.0111118 0.00386534 0.00735925 0.0855331
8 24 1 -0.685365 1.01826 -0.0016485 0.00546912 1.79156e+07 7.47512e+07 3.38075e+07 6.17778e+06 0 6.11601e+07 0 7.47512e+07 6.11601e+07 3.38075e+07 6.17778e+06 0.00456591 0.011242 -0.00059503 0.00632522 0.0826985
3 24 2 -0.853212 0.857781 -0.00220533 0.00360044 3.18686e+07 1.32969e+08 6.01375e+07 1.09892e+07 0 1.08793e+08 0 1.32969e+08 1.08793e+08 6.01375e+07 1.09892e+07 0.00202338 -0.000796582 0.00336804 0.00327132 0.0865469
22 25 0 -0.345601 0.690792 -2.09608e-05 0.0050231 1.17394e+07 4.89818e+07 2.21528e+07 4.04808e+06 0 4.0076e+07 0 4.89818e+07 4.0076e+07 2.21528e+07 4.04808e+06 0.00409563 -0.000230291 -0.000853768 0.0070694 0.0870591
15 25 1 -0.49151 0.883446 -0.00072969 0.00600832 1.75802e+07 7.33517e+07 3.31746e+07 6.06212e+06 0 6.0015e+07 0 7.33517e+07 6.0015e+07 3.31746e+07 6.06212e+06 0.00478266 0.0012794 0.000220332 0.0039529 0.0828381
14 25 2 -0.545576 0.640552 -0.00141376 0.00372037 4.58074e+06 1.91127e+07 8.64407e+06 1.57957e+06 0 1.56377e+07 0 1.91127e+07 1.56377e+07 8.64407e+06 1.57957e+06 0.008257 0.00808269 0.00146951 0.013149 0.089362
21 26 0 -0.418479 0.446423 -0.000708294 0.00313474 2.11923e+07 8.8423e+07 3.99908e+07 7.30768e+06 0 7.23461e+07 0 8.8423e+07 7.23461e+07 3.99908e+07 7.30768e+06 0.00430661 0.0105643 0.000673459 0.0024467 0.0972923
22 26 1 -0.345601 0.690792 -2.09608e-05 0.0050231 1.17394e+07 4.89818e+07 2.21528e+07 4.04808e+06 0 4.0076e+07 0 4.89818e+07 4.0076e+07 2.21528e+07 4.04808e+06 0.00409563 -0.000230291 -0.000853768 0.0070694 0.0870591
14 26 2 -0.545576 0.640552 -0.00141376 0.00372037 4.58074e+06 1.91127e+07 8.64407e+06 1.57957e+06 0 1.56377e+07 0 1.91127e+07 1.56377e+07 8.64407e+06 1.57957e+06 0.008257 0.00808269 0.00146951 0.013149 0.089362
24 27 0 -0.142215 0.725924 0.000431173 0.00525369 4.2354e+07 1.76718e+08 7.99239e+07 1.46048e+07 0 1.44588e+08 0 1.76718e+08 1.44588e+08 7.99239e+07 1.46048e+07 0.00198685 -0.00208504 -0.00147907 0.00207508 0.0854716
16 27 1 -0.295936 0.951356 -0.000164327 0.0061373 4.39778e+07 1.83494e+08 8.29882e+07 1.51648e+07 0 1.50131e+08 0 1.83494e+08 1.50131e+08 8.29882e+07 1.51648e+07 0.000703295 -0.0014433 -0.00196972 0.00335824 0.0805773
22 27 2 -0.345601 0.690792 -2.09608e-05 0.0050231 1.17394e+07 4.89818e+07 2.21528e+07 4.04808e+06 0 4.0076e+07 0 4.89818e+07 4.0076e+07 2.21528e+07 4.04808e+06 0.00409563 -0.000230291 -0.000853768 0.0070694 0.0870591
16 28 0 -0.295936 0.951356 -0.000164327 0.0061373 4.39778e+07 1.83494e+08 8.29882e+07 1.51648e+07 0 1.50131e+08 0 1.83494e+08 1.50131e+08 8.29882e+07 1.51648e+07 0.000703295 -0.0014433 -0.00196972 0.00335824 0.0805773
10 28 1 -0.492442 1.13778 -0.000879171 0.00721865 1.71715e+07 7.16467e+07 3.24034e+07 5.92121e+06 0 5.862e+07 0 7.16467e+07 5.862e+07 3.24034e+07 5.92121e+06 0.00505786 -0.000169874 -0.00206554 0.0050784 0.0799311
15 28 2 -0.49151 0.883446 -0.00072969 0.00600832 1.75802e+07 7.33517e+07 3.31746e+07 6.06212e+06 0 6.0015e+07 0 7.33517e+07 6.0015e+07 3.31746e+07 6.06212e+06 0.00478266 0.0012794 0.000220332 0.0039529 0.0828381
42 29 0 0.139891 0.205745 0.00124094 0.00157939 1.63832e+07 6.83574e+07 3.09158e+07 5.64937e+06 0 5.59288e+07 0 6.83574e+07 5.59288e+07 3.09158e+07 5.64937e+06 0.000146426 -0.00263674 0.00248744 0.00977917 0.112394
41 29 1 -1.07623e-16 1.55609e-24 4.4497e-27 1.72308e-26 2.77988e+06 1.15988e+07 5.24575e+06 958578 0 9.48992e+06 0 1.15988e+07 9.48992e+06 5.24575e+06 958578 3.46333e-25 -6.06778e-25 0.0012458 0.0169982 0.130301
47 29 2 0.2 1.57132e-24 4.69946e-27 5.03042e-26 4.70228e+07 1.96199e+08 8.87342e+07 1.62148e+07 0 1.60526e+08 0 1.96199e+08 1.60526e+08 8.87342e+07 1.62148e+07 -1.98926e-18 -1.51639e-18 0.00752089 0.00293829 0.130245
9 30 0 -0.666469 0.807626 -0.00176646 0.00427333 1.32387e+07 5.52373e+07 2.4982e+07 4.56507e+06 0 4.51942e+07 0 5.52373e+07 4.51942e+07 2.4982e+07 4.56507e+06 0.00495065 0.0111118 0.00386534 0.00735925 0.0855331
15 30 1 -0.49151 0.883446 -0.00072969 0.00600832 1.75802e+07 7.33517e+07 3.31746e+07 6.06212e+06 0 6.0015e+07 0 7.33517e+07 6.0015e+07 3.31746e+07 6.06212e+06 0.00478266 0.0012794 0.000220332 0.0039529 0.0828381
8 30 2 -0.685365 1.01826 -0.0016485 0.00546912 1.79156e+07 7.47512e+07 3.38075e+07 6.17778e+06 0 6.11601e+07 0 7.47512e+07 6.11601e+07 3.38075e+07 6.17778e+06 0.00456591 0.011242 -0.00059503 0.00632522 0.0826985
7 31 0 -0.76483 0.63226 -0.0023827 0.00250407 2.35878e+07 9.84179e+07 4.45112e+07 8.13371e+06 0 8.05237e+07 0 9.84179e+07 8.05237e+07 4.45112e+07 8.13371e+06 0.000522354 0.0023149 9.28665e-05 0.00528772 0.0907146
9 31 1 -0.666469 0.807626 -0.00176646 0.00427333 1.32387e+07 5.52373e+07 2.4982e+07 4.56507e+06 0 4.51942e+07 0 5.52373e+07 4.51942e+07 2.4982e+07 4.56507e+06 0.00495065 0.0111118 0.00386534 0.00735925 0.0855331
3 31 2 -0.853212 0.857781 -0.00220533 0.00360044 3.18686e+07 1.32969e+08 6.01375e+07 1.09892e+07 0 1.08793e+08 0 1.32969e+08 1.08793e+08 6.01375e+07 1.09892e+07 0.00202338 -0.000796582 0.00336804 0.00327132 0.0865469
7 32 0 -0.76483 0.63226 -0.0023827 0.00250407 2.35878e+07 9.84179e+07 4.45112e+07 8.13371e+06 0 8.05237e+07 0 9.84179e+07 8.05237e+07 4.45112e+07 8.13371e+06 0.000522354 0.0023149 9.28665e-05 0.00528772 0.0907146
14 32 1 -0.545576 0.640552 -0.00141376 0.00372037 4.58074e+06 1.91127e+07 8.64407e+06 1.57957e+06 0 1.56377e+07 0 1.91127e+07 1.56377e+07 8.64407e+06 1.57957e+06 0.008257 0.00808269 0.00146951 0.013149 0.089362
9 32 2 -0.666469 0.807626 -0.00176646 0.00427333 1.32387e+07 5.52373e+07 2.4982e+07 4.56507e+06 0 4.51942e+07 0 5.52373e+07 4.51942e+07 2.4982e+07 4.56507e+06 0.00495065 0.0111118 0.00386534 0.00735925 0.0855331
16 33 0 -0.295936 0.951356 -0.000164327 0.0061373 4.39778e+07 1.83494e+08 8.29882e+07 1.51648e+07 0 1.50131e+08 0 1.83494e+08 1.50131e+08 8.29882e+07 1.51648e+07 0.000703295 -0.0014433 -0.00196972 0.00335824 0.0805773
17 33 1 -0.283584 1.22657 -0.000183393 0.00752081 6.91935e+06 2.88704e+07 1.30571e+07 2.38598e+06 0 2.36212e+07 0 2.88704e+07 2.36212e+07 1.30571e+07 2.38598e+06 0.00553539 0.00223452 -0.00183654 0.0141311 0.0781147
10 33 2 -0.492442 1.13778 -0.000879171 0.00721865 1.71715e+07 7.16467e+07 3.24034e+07 5.92121e+06 0 5.862e+07 0 7.16467e+07 5.862e+07 3.24034e+07 5.92121e+06 0.00505786 -0.000169874 -0.00206554 0.0050784 0.0799311
8 34 0 -0.685365 1.01826 -0.0016485 0.00546912 1.79156e+07 7.47512e+07 3.38075e+07 6.17778e+06 0 6.11601e+07 0 7.47512e+07 6.11601e+07 3.38075e+07 6.17778e+06 0.00456591 0.011242 -0.00059503 0.00632522 0.0826985
15 34 1 -0.49151 0.883446 -0.00072969 0.00600832 1.75802e+07 7.33517e+07 3.31746e+07 6.06212e+06 0 6.0015e+07 0 7.33517e+07 6.0015e+07 3.31746e+07 6.06212e+06 0.00478266 0.0012794 0.000220332 0.0039529 0.0828381
10 34 2 -0.492442 1.13778 -0.000879171 0.00721865 1.71715e+07 7.16467e+07 3.24034e+07 5.92121e+06 0 5.862e+07 0 7.16467e+07 5.862e+07 3.24034e+07 5.92121e+06 0.00505786 -0.000169874 -0.00206554 0.0050784 0.0799311
42 35 0 0.139891 0.205745 0.00124094 0.00157939 1.63832e+07 6.83574e+07 3.09158e+07 5.64937e+06 0 5.59288e+07 0 6.83574e+07 5.59288e+07 3.09158e+07 5.64937e+06 0.000146426 -0.00263674 0.00248744 0.00977917 0.112394
35 35 1 -0.0757272 0.261889 0.000321764 0.00348072 4.54968e+06 1.89831e+07 8.58545e+06 1.56886e+06 0 1.55317e+07 0 1.89831e+07 1.55317e+07 8.58545e+06 1.56886e+06 0.00700149 -0.0074054 -0.00137756 0.00623509 0.108459
41 35 2 -1.07623e-16 1.55609e-24 4.4497e-27 1.72308e-26 2.77988e+06 1.15988e+07 5.24575e+06 958578 0 9.48992e+06 0 1.15988e+07 9.48992e+06 5.24575e+06 958578 3.46333e-25 -6.06778e-25 0.0012458 0.0169982 0.130301
48 36 0 0.346561 0.208062 0.00137098 0.00181935 1.1603e+07 4.84124e+07 2.18953e+07 4.00103e+06 0 3.96102e+07 0 4.84124e+07 3.96102e+07 2.18953e+07 4.00103e+06 0.00424019 -0.000488366 0.00458816 0.00720075 0.112215
42 36 1 0.139891 0.205745 0.00124094 0.00157939 1.63832e+07 6.83574e+07 3.09158e+07 5.64937e+06 0 5.59288e+07 0 6.83574e+07 5.59288e+07 3.09158e+07 5.64937e+06 0.000146426 -0.00263674 0.00248744 0.00977917 0.112394
47 36 2 0.2 1.57132e-24 4.69946e-27 5.03042e-26 4.70228e+07 1.96199e+08 8.87342e+07 1.62148e+07 0 1.60526e+08 0 1.96199e+08 1.60526e+08 8.87342e+07 1.62148e+07 -1.98926e-18 -1.51639e-18 0.00752089 0.00293829 0.130245
38 37 0 0.104565 0.402608 0.00125074 0.00302499 2.72897e+07 1.13864e+08 5.14969e+07 9.41025e+06 0 9.31615e+07 0 1.13864e+08 9.31615e+07 5.14969e+07 9.41025e+06 0.00168203 -0.00458549 0.000961307 0.00417912 0.0994408
35 37 1 -0.0757272 0.261889 0.000321764 0.00348072 4.54968e+06 1.89831e+07 8.58545e+06 1.56886e+06 0 1.55317e+07 0 1.89831e+07 1.55317e+07 8.58545e+06 1.56886e+06 0.00700149 -0.0074054 -0.00137756 0.00623509 0.108459
42 37 2 0.139891 0.205745 0.00124094 0.00157939 1.63832e+07 6.83574e+07 3.09158e+07 5.64937e+06 0 5.59288e+07 0 6.83574e+07 5.59288e+07 3.09158e+07 5.64937e+06 0.000146426 -0.00263674 0.00248744 0.00977917 0.112394
48 38 0 0.346561 0.208062 0.00137098 0.00181935 1.1603e+07 4.84124e+07 2.18953e+07 4.00103e+06 0 3.96102e+07 0 4.84124e+07 3.96102e+07 2.18953e+07 4.00103e+06 0.00424019 -0.000488366 0.00458816 0.00720075 0.112215
44 38 1 0.302582 0.410785 0.00154859 0.00274378 4.99578e+07 2.08445e+08 9.42726e+07 1.72268e+07 0 1.70546e+08 0 2.08445e+08 1.70546e+08 9.42726e+07 1.72268e+07 0.000833567 0.00116311 0.00052321 0.00316397 0.0990519
42 38 2 0.139891 0.205745 0.00124094 0.00157939 1.63832e+07 6.83574e+07 3.09158e+07 5.64937e+06 0 5.59288e+07 0 6.83574e+07 5.59288e+07 3.09158e+07 5.64937e+06 0.000146426 -0.00263674 0.00248744 0.00977917 0.112394
16 39 0 -0.295936 0.951356 -0.000164327 0.0061373 4.39778e+07 1.83494e+08 8.29882e+07 1.51648e+07 0 1.50131e+08 0 1.83494e+08 1.50131e+08 8.29882e+07 1.51648e+07 0.000703295 -0.0014433 -0.00196972 0.00335824 0.0805773
18 39 1 -0.140361 1.09121 0.000441134 0.00676885 2.44432e+07 1.01987e+08 4.61255e+07 8.4287e+06 0 8.34441e+07 0 1.01987e+08 8.34441e+07 4.61255e+07 8.4287e+06 0.00324912 0.00425868 0.00215968 0.00412516 0.0782267
17 39 2 -0.283584 1.22657 -0.000183393 0.00752081 6.91935e+06 2.88704e+07 1.30571e+07 2.38598e+06 0 2.36212e+07 0 2.88704e+07 2.36212e+07 1.30571e+07 2.38598e+06 0.00553539 0.00223452 -0.00183654 0.0141311 0.0781147
18 40 0 -0.140361 1.09121 0.000441134 0.00676885 2.44432e+07 1.01987e+08 4.61255e+07 8.4287e+06 0 8.34441e+07 0 1.01987e+08 8.34441e+07 4.61255e+07 8.4287e+06 0.00324912 0.00425868 0.00215968 0.00412516 0.0782267
26 40 1 0.065068 1.05989 0.00111625 0.00612093 2.93282e+07 1.22369e+08 5.53437e+07 1.01132e+07 0 1.0012e+08 0 1.22369e+08 1.0012e+08 5.53437e+07 1.01132e+07 0.0028571 -0.00675494 0.0014679 0.00351924 0.0783348
25 40 2 -0.0447489 1.26681 0.00130029 0.00792166 8.26815e+06 3.44981e+07 1.56024e+07 2.85109e+06 0 2.82257e+07 0 3.44981e+07 2.82257e+07 1.56024e+07 2.85109e+06 0.00657127 -0.00517128 0.0046465 0.00912922 0.07723
17 41 0 -0.283584 1.22657 -0.000183393 0.00752081 6.91935e+06 2.88704e+07 1.30571e+07 2.38598e+06 0 2.36212e+07 0 2.88704e+07 2.36212e+07 1.30571e+07 2.38598e+06 0.00553539 0.00223452 -0.00183654 0.0141311 0.0781147
18 41 1 -0.140361 1.09121 0.000441134 0.00676885 2.44432e+07 1.01987e+08 4.61255e+07 8.4287e+06 0 8.34441e+07 0 1.01987e+08 8.34441e+07 4.61255e+07 8.4287e+06 0.00324912 0.00425868 0.00215968 0.00412516 0.0782267
25 41 2 -0.0447489 1.26681 0.00130029 0.00792166 8.26815e+06 3.44981e+07 1.56024e+07 2.85109e+06 0 2.82257e+07 0 3.44981e+07 2.82257e+07 1.56024e+07 2.85109e+06 0.00657127 -0.00517128 0.0046465 0.00912922 0.07723
20 42 0 -0.508047 0.22113 -0.00134166 0.000909435 1.01332e+07 4.22799e+07 1.91218e+07 3.49421e+06 0 3.45927e+07 0 4.22799e+07 3.45927e+07 1.91218e+07 3.49421e+06 0.00455429 0.00799322 0.000960343 0.00935686 0.110878
21 42 1 -0.418479 0.446423 -0.000708294 0.00313474 2.11923e+07 8.8423e+07 3.99908e+07 7.30768e+06 0 7.23461e+07 0 8.8423e+07 7.23461e+07 3.99908e+07 7.30768e+06 0.00430661 0.0105643 0.000673459 0.0024467 0.0972923
13 42 2 -0.634977 0.42986 -0.00176173 0.00152786 1.62445e+07 6.77787e+07 3.06541e+07 5.60154e+06 0 5.54553e+07 0 6.77787e+07 5.54553e+07 3.06541e+07 5.60154e+06 0.00550881 0.00522274 0.00113416 0.00460548 0.0981767
28 43 0 -0.294805 0.233024 -0.000668179 0.00244033 5.03592e+06 2.10119e+07 9.503e+06 1.73652e+06 0 1.71916e+07 0 2.10119e+07 1.71916e+07 9.503e+06 1.73652e+06 0.00174824 0.00591324 0.00245963 0.0136108 0.110421
29 43 1 -0.209687 0.47815 -0.000120536 0.00445479 5.34075e+07 2.22838e+08 1.00782e+08 1.84164e+07 0 1.82322e+08 0 2.22838e+08 1.82322e+08 1.00782e+08 1.84164e+07 -3.31959e-05 0.00447216 0.00160355 0.000956222 0.0955518
21 43 2 -0.418479 0.446423 -0.000708294 0.00313474 2.11923e+07 8.8423e+07 3.99908e+07 7.30768e+06 0 7.23461e+07 0 8.8423e+07 7.23461e+07 3.99908e+07 7.30768e+06 0.00430661 0.0105643 0.000673459 0.0024467 0.0972923
41 44 0 -1.07623e-16 1.55609e-24 4.4497e-27 1.72308e-26 2.77988e+06 1.15988e+07 5.24575e+06 958578 0 9.48992e+06 0 1.15988e+07 9.48992e+06 5.24575e+06 958578 3.46333e-25 -6.06778e-25 0.0012458 0.0169982 0.130301
35 44 1 -0.0757272 0.261889 0.000321764 0.00348072 4.54968e+06 1.89831e+07 8.58545e+06 1.56886e+06 0 1.55317e+07 0 1.89831e+07 1.55317e+07 8.58545e+06 1.56886e+06 0.00700149 -0.0074054 -0.00137756 0.00623509 0.108459
34 44 2 -0.2 1.57235e-24 6.11462e-27 3.40922e-26 1.62121e+07 6.76438e+07 3.0593e+07 5.59039e+06 0 5.53449e+07 0 6.76438e+07 5.53449e+07 3.0593e+07 5.59039e+06 -3.63444e-25 4.40174e-25 -0.00693507 0.00772924 0.130241
38 45 0 0.104565 0.402608 0.00125074 0.00302499 2.72897e+07 1.13864e+08 5.14969e+07 9.41025e+06 0 9.31615e+07 0 1.13864e+08 9.31615e+07 5.14969e+07 9.41025e+06 0.00168203 -0.00458549 0.000961307 0.00417912 0.0994408
31 45 1 -0.00712759 0.552259 0.000646028 0.00448733 8.51831e+06 3.55419e+07 1.60744e+07 2.93735e+06 0 2.90798e+07 0 3.55419e+07 2.90798e+07 1.60744e+07 2.93735e+06 0.00689533 -0.00590681 0.000327904 0.00384317 0.0919217
35 45 2 -0.0757272 0.261889 0.000321764 0.00348072 4.54968e+06 1.89831e+07 8.58545e+06 1.56886e+06 0 1.55317e+07 0 1.89831e+07 1.55317e+07 8.58545e+06 1.56886e+06 0.00700149 -0.0074054 -0.00137756 0.00623509 0.108459
49 46 0 0.511684 0.416581 0.00201582 0.00254354 1.63731e+07 6.83153e+07 3.08968e+07 5.6459e+06 0 5.58944e+07 0 6.83153e+07 5.58944e+07 3.08968e+07 5.6459e+06 0.00378714 -0.00540554 -0.00250431 0.00609885 0.0989617
44 46 1 0.302582 0.410785 0.00154859 0.00274378 4.99578e+07 2.08445e+08 9.42726e+07 1.72268e+07 0 1.70546e+08 0 2.08445e+08 1.70546e+08 9.42726e+07 1.72268e+07 0.000833567 0.00116311 0.00052321 0.00316397 0.0990519
48 46 2 0.346561 0.208062 0.00137098 0.00181935 1.1603e+07 4.84124e+07 2.18953e+07 4.00103e+06 0 3.96102e+07 0 4.84124e+07 3.96102e+07 2.18953e+07 4.00103e+06 0.00424019 -0.000488366 0.00458816 0.00720075 0.112215
18 47 0 -0.140361 1.09121 0.000441134 0.00676885 2.44432e+07 1.01987e+08 4.61255e+07 8.4287e+06 0 8.34441e+07 0 1.01987e+08 8.34441e+07 4.61255e+07 8.4287e+06 0.00324912 0.00425868 0.00215968 0.00412516 0.0782267
23 47 1 -0.080739 0.910925 0.000428673 0.00594748 1.00481e+07 4.19249e+07 1.89613e+07 3.46487e+06 0 3.43022e+07 0 4.19249e+07 3.43022e+07 1.89613e+07 3.46487e+06 0.0043171 0.00137388 -0.000642771 0.00566172 0.0806735
26 47 2 0.065068 1.05989 0.00111625 0.00612093 2.93282e+07 1.22369e+08 5.53437e+07 1.01132e+07 0 1.0012e+08 0 1.22369e+08 1.0012e+08 5.53437e+07 1.01132e+07 0.0028571 -0.00675494 0.0014679 0.00351924 0.0783348
44 48 0 0.302582 0.410785 0.00154859 0.00274378 4.99578e+07 2.08445e+08 9.42726e+07 1.72268e+07 0 1.70546e+08 0 2.08445e+08 1.70546e+08 9.42726e+07 1.72268e+07 0.000833567 0.00116311 0.00052321 0.00316397 0.0990519
36 48 1 0.215679 0.607052 0.00148758 0.00343159 3.9908e+07 1.66513e+08 7.53082e+07 1.37614e+07 0 1.36238e+08 0 1.66513e+08 1.36238e+08 7.53082e+07 1.37614e+07 0.00142632 -0.00124617 -0.000144225 0.00380821 0.0896783
38 48 2 0.104565 0.402608 0.00125074 0.00302499 2.72897e+07 1.13864e+08 5.14969e+07 9.41025e+06 0 9.31615e+07 0 1.13864e+08 9.31615e+07 5.14969e+07 9.41025e+06 0.00168203 -0.00458549 0.000961307 0.00417912 0.0994408
42 49 0 0.139891 0.205745 0.00124094 0.00157939 1.63832e+07 6.83574e+07 3.09158e+07 5.64937e+06 0 5.59288e+07 0 6.83574e+07 5.59288e+07 3.09158e+07 5.64937e+06 0.000146426 -0.00263674 0.00248744 0.00977917 0.112394
44 49 1 0.302582 0.410785 0.00154859 0.00274378 4.99578e+07 2.08445e+08 9.42726e+07 1.72268e+07 0 1.70546e+08 0 2.08445e+08 1.70546e+08 9.42726e+07 1.72268e+07 0.000833567 0.00116311 0.00052321 0.00316397 0.0990519
38 49 2 0.104565 0.402608 0.00125074 0.00302499 2.72897e+07 1.13864e+08 5.14969e+07 9.41025e+06 0 9.31615e+07 0 1.13864e+08 9.31615e+07 5.14969e+07 9.41025e+06 0.00168203 -0.00458549 0.000961307 0.00417912 0.0994408
49 50 0 0.511684 0.416581 0.00201582 0.00254354 1.63731e+07 6.83153e+07 3.08968e+07 5.6459e+06 0 5.58944e+07 0 6.83153e+07 5.58944e+07 3.08968e+07 5.6459e+06 0.00378714 -0.00540554 -0.00250431 0.00609885 0.0989617
43 50 1 0.452772 0.613623 0.00186181 0.00332326 4.87918e+07 2.0358e+08 9.20724e+07 1.68248e+07 0 1.66565e+08 0 2.0358e+08 1.66565e+08 9.20724e+07 1.68248e+07 0.00126679 -0.000890202 0.000838016 0.00146248 0.0899861
44 50 2 0.302582 0.410785 0.00154859 0.00274378 4.99578e+07 2.08445e+08 9.42726e+07 1.72268e+07 0 1.70546e+08 0 2.08445e+08 1.70546e+08 9.42726e+07 1.72268e+07 0.000833567 0.00116311 0.00052321 0.00316397 0.0990519
45 51 0 0.591962 0.809373 0.00217951 0.00365077 5.47828e+07 2.28576e+08 1.03378e+08 1.88906e+07 0 1.87017e+08 0 2.28576e+08 1.87017e+08 1.03378e+08 1.88906e+07 0.00132713 -0.000154934 0.00069818 0.00187238 0.0848968
51 51 1 0.841303 0.872206 0.00258421 0.00401666 5.09194e+07 2.12457e+08 9.60872e+07 1.75584e+07 0 1.73828e+08 0 2.12457e+08 1.73828e+08 9.60872e+07 1.75584e+07 0.000751531 0.00419482 0.000484345 0.000861717 0.0862715
46 51 2 0.669489 1.03272 0.00286647 0.00433266 1.78804e+07 7.46045e+07 3.37411e+07 6.16566e+06 0 6.104e+07 0 7.46045e+07 6.104e+07 3.37411e+07 6.16566e+06 0.00364407 -0.00130875 0.00239396 0.00591587 0.082203
43 52 0 0.452772 0.613623 0.00186181 0.00332326 4.87918e+07 2.0358e+08 9.20724e+07 1.68248e+07 0 1.66565e+08 0 2.0358e+08 1.66565e+08 9.20724e+07 1.68248e+07 0.00126679 -0.000890202 0.000838016 0.00146248 0.0899861
45 52 1 0.591962 0.809373 0.00217951 0.00365077 5.47828e+07 2.28576e+08 1.03378e+08 1.88906e+07 0 1.87017e+08 0 2.28576e+08 1.87017e+08 1.03378e+08 1.88906e+07 0.00132713 -0.000154934 0.00069818 0.00187238 0.0848968
37 52 2 0.339987 0.797908 0.00175679 0.00382937 4.60354e+07 1.92079e+08 8.68708e+07 1.58743e+07 0 1.57155e+08 0 1.92079e+08 1.57155e+08 8.68708e+07 1.58743e+07 0.00180196 -0.00151822 -0.000306447 0.0020256 0.0837794
36 53 0 0.215679 0.607052 0.00148758 0.00343159 3.9908e+07 1.66513e+08 7.53082e+07 1.37614e+07 0 1.36238e+08 0 1.66513e+08 1.36238e+08 7.53082e+07 1.37614e+07 0.00142632 -0.00124617 -0.000144225 0.00380821 0.0896783
43 53 1 0.452772 0.613623 0.00186181 0.00332326 4.87918e+07 2.0358e+08 9.20724e+07 1.68248e+07 0 1.66565e+08 0 2.0358e+08 1.66565e+08 9.20724e+07 1.68248e+07 0.00126679 -0.000890202 0.000838016 0.00146248 0.0899861
37 53 2 0.339987 0.797908 0.00175679 0.00382937 4.60354e+07 1.92079e+08 8.68708e+07 1.58743e+07 0 1.57155e+08 0 1.92079e+08 1.57155e+08 8.68708e+07 1.58743e+07 0.00180196 -0.00151822 -0.000306447 0.0020256 0.0837794
49 54 0 0.511684 0.416581 0.00201582 0.00254354 1.63731e+07 6.83153e+07 3.08968e+07 5.6459e+06 0 5.58944e+07 0 6.83153e+07 5.58944e+07 3.08968e+07 5.6459e+06 0.00378714 -0.00540554 -0.00250431 0.00609885 0.0989617
54 54 1 0.701626 0.386657 0.00257882 0.00173962 2.95817e+07 1.23427e+08 5.5822e+07 1.02006e+07 0 1.00986e+08 0 1.23427e+08 1.00986e+08 5.5822e+07 1.02006e+07 0.00138619 -0.00212337 1.77745e-06 0.00506829 0.100713
50 54 2 0.703929 0.624567 0.00240958 0.00299443 1.97628e+07 8.24587e+07 3.72933e+07 6.81477e+06 0 6.74662e+07 0 8.24587e+07 6.74662e+07 3.72933e+07 6.81477e+06 0.00324 0.00024644 -0.00128827 0.00493036 0.0907943
50 55 0 0.703929 0.624567 0.00240958 0.00299443 1.97628e+07 8.24587e+07 3.72933e+07 6.81477e+06 0 6.74662e+07 0 8.24587e+07 6.74662e+07 3.72933e+07 6.81477e+06 0.00324 0.00024644 -0.00128827 0.00493036 0.0907943
54 55 1 0.701626 0.386657 0.00257882 0.00173962 2.95817e+07 1.23427e+08 5.5822e+07 1.02006e+07 0 1.00986e+08 0 1.23427e+08 1.00986e+08 5.5822e+07 1.02006e+07 0.00138619 -0.00212337 1.77745e-06 0.00506829 0.100713
55 55 2 0.868647 0.510646 0.0031536 0.00251602 1.39085e+07 5.80318e+07 2.62459e+07 4.79602e+06 0 4.74806e+07 0 5.80318e+07 4.74806e+07 2.62459e+07 4.79602e+06 0.00614619 0.00318294 0.000944437 0.00545198 0.0958035
24 56 0 -0.142215 0.725924 0.000431173 0.00525369 4.2354e+07 1.76718e+08 7.99239e+07 1.46048e+07 0 1.44588e+08 0 1.76718e+08 1.44588e+08 7.99239e+07 1.46048e+07 0.00198685 -0.00208504 -0.00147907 0.00207508 0.0854716
22 56 1 -0.345601 0.690792 -2.09608e-05 0.0050231 1.17394e+07 4.89818e+07 2.21528e+07 4.04808e+06 0 4.0076e+07 0 4.89818e+07 4.0076e+07 2.21528e+07 4.04808e+06 0.00409563 -0.000230291 -0.000853768 0.0070694 0.0870591
29 56 2 -0.209687 0.47815 -0.000120536 0.00445479 5.34075e+07 2.22838e+08 1.00782e+08 1.84164e+07 0 1.82322e+08 0 2.22838e+08 1.82322e+08 1.00782e+08 1.84164e+07 -3.31959e-05 0.00447216 0.00160355 0.000956222 0.0955518
31 57 0 -0.00712759 0.552259 0.000646028 0.00448733 8.51831e+06 3.55419e+07 1.60744e+07 2.93735e+06 0 2.90798e+07 0 3.55419e+07 2.90798e+07 1.60744e+07 2.93735e+06 0.00689533 -0.00590681 0.000327904 0.00384317 0.0919217
36 57 1 0.215679 0.607052 0.00148758 0.00343159 3.9908e+07 1.66513e+08 7.53082e+07 1.37614e+07 0 1.36238e+08 0 1.66513e+08 1.36238e+08 7.53082e+07 1.37614e+07 0.00142632 -0.00124617 -0.000144225 0.00380821 0.0896783
30 57 2 0.0989775 0.804526 0.00119774 0.0048006 2.10228e+07 8.7716e+07 3.9671e+07 7.24925e+06 0 7.17676e+07 0 8.7716e+07 7.17676e+07 3.9671e+07 7.24925e+06 0.00316698 -0.00726443 -0.000100505 0.00484487 0.0830737
29 58 0 -0.209687 0.47815 -0.000120536 0.00445479 5.34075e+07 2.22838e+08 1.00782e+08 1.84164e+07 0 1.82322e+08 0 2.22838e+08 1.82322e+08 1.00782e+08 1.84164e+07 -3.31959e-05 0.00447216 0.00160355 0.000956222 0.0955518
31 58 1 -0.00712759 0.552259 0.000646028 0.00448733 8.51831e+06 3.55419e+07 1.60744e+07 2.93735e+06 0 2.90798e+07 0 3.55419e+07 2.90798e+07 1.60744e+07 2.93735e+06 0.00689533 -0.00590681 0.000327904 0.00384317 0.0919217
24 58 2 -0.142215 0.725924 0.000431173 0.00525369 4.2354e+07 1.76718e+08 7.99239e+07 1.46048e+07 0 1.44588e+08 0 1.76718e+08 1.44588e+08 7.99239e+07 1.46048e+07 0.00198685 -0.00208504 -0.00147907 0.00207508 0.0854716
38 59 0 0.104565 0.402608 0.00125074 0.00302499 2.72897e+07 1.13864e+08 5.14969e+07 9.41025e+06 0 9.31615e+07 0 1.13864e+08 9.31615e+07 5.14969e+07 9.41025e+06 0.00168203 -0.00458549 0.000961307 0.00417912 0.0994408
36 59 1 0.215679 0.607052 0.00148758 0.00343159 3.9908e+07 1.66513e+08 7.53082e+07 1.37614e+07 0 1.36238e+08 0 1.66513e+08 1.36238e+08 7.53082e+07 1.37614e+07 0.00142632 -0.00124617 -0.000144225 0.00380821 0.0896783
31 59 2 -0.00712759 0.552259 0.000646028 0.00448733 8.51831e+06 3.55419e+07 1.60744e+07 2.93735e+06 0 2.90798e+07 0 3.55419e+07 2.90798e+07 1.60744e+07 2.93735e+06 0.00689533 -0.00590681 0.000327904 0.00384317 0.0919217
33 60 0 0.25993 1.0122 0.00160982 0.00478302 2.66132e+07 1.11041e+08 5.02203e+07 9.17696e+06 0 9.08519e+07 0 1.11041e+08 9.08519e+07 5.02203e+07 9.17696e+06 0.00281608 -0.0052317 0.00101324 0.00361109 0.079348
37 60 1 0.339987 0.797908 0.00175679 0.00382937 4.60354e+07 1.92079e+08 8.68708e+07 1.58743e+07 0 1.57155e+08 0 1.92079e+08 1.57155e+08 8.68708e+07 1.58743e+07 0.00180196 -0.00151822 -0.000306447 0.0020256 0.0837794
40 60 2 0.464955 0.964899 0.00208974 0.00419937 2.14465e+07 8.94839e+07 4.04706e+07 7.39536e+06 0 7.32141e+07 0 8.94839e+07 7.32141e+07 4.04706e+07 7.39536e+06 0.00284647 -0.00101611 0.000937206 0.00502595 0.0810991
32 61 0 0.196864 1.25869 0.00247124 0.00640146 1.4386e+07 6.00242e+07 2.7147e+07 4.96068e+06 0 4.91107e+07 0 6.00242e+07 4.91107e+07 2.7147e+07 4.96068e+06 0.00388888 -0.0047896 0.00769171 0.00695675 0.077463
33 61 1 0.25993 1.0122 0.00160982 0.00478302 2.66132e+07 1.11041e+08 5.02203e+07 9.17696e+06 0 9.08519e+07 0 1.11041e+08 9.08519e+07 5.02203e+07 9.17696e+06 0.00281608 -0.0052317 0.00101324 0.00361109 0.079348
39 61 2 0.447294 1.16444 0.00261642 0.00510912 2.49831e+07 1.0424e+08 4.71442e+07 8.61485e+06 0 8.5287e+07 0 1.0424e+08 8.5287e+07 4.71442e+07 8.61485e+06 0.00290126 0.000210603 0.00485032 0.004021 0.0791525
26 62 0 0.065068 1.05989 0.00111625 0.00612093 2.93282e+07 1.22369e+08 5.53437e+07 1.01132e+07 0 1.0012e+08 0 1.22369e+08 1.0012e+08 5.53437e+07 1.01132e+07 0.0028571 -0.00675494 0.0014679 0.00351924 0.0783348
30 62 1 0.0989775 0.804526 0.00119774 0.0048006 2.10228e+07 8.7716e+07 3.9671e+07 7.24925e+06 0 7.17676e+07 0 8.7716e+07 7.17676e+07 3.9671e+07 7.24925e+06 0.00316698 -0.00726443 -0.000100505 0.00484487 0.0830737
33 62 2 0.25993 1.0122 0.00160982 0.00478302 2.66132e+07 1.11041e+08 5.02203e+07 9.17696e+06 0 9.08519e+07 0 1.11041e+08 9.08519e+07 5.02203e+07 9.17696e+06 0.00281608 -0.0052317 0.00101324 0.00361109 0.079348
25 63 0 -0.0447489 1.26681 0.00130029 0.00792166 8.26815e+06 3.44981e+07 1.56024e+07 2.85109e+06 0 2.82257e+07 0 3.44981e+07 2.82257e+07 1.56024e+07 2.85109e+06 0.00657127 -0.00517128 0.0046465 0.00912922 0.07723
26 63 1 0.065068 1.05989 0.00111625 0.00612093 2.93282e+07 1.22369e+08 5.53437e+07 1.01132e+07 0 1.0012e+08 0 1.22369e+08 1.0012e+08 5.53437e+07 1.01132e+07 0.0028571 -0.00675494 0.0014679 0.00351924 0.0783348
32 63 2 0.196864 1.25869 0.00247124 0.00640146 1.4386e+07 6.00242e+07 2.7147e+07 4.96068e+06 0 4.91107e+07 0 6.00242e+07 4.91107e+07 2.7147e+07 4.96068e+06 0.00388888 -0.0047896 0.00769171 0.00695675 0.077463
23 64 0 -0.080739 0.910925 0.000428673 0.00594748 1.00481e+07 4.19249e+07 1.89613e+07 3.46487e+06 0 3.43022e+07 0 4.19249e+07 3.43022e+07 1.89613e+07 3.46487e+06 0.0043171 0.00137388 -0.000642771 0.00566172 0.0806735
30 64 1 0.0989775 0.804526 0.00119774 0.0048006 2.10228e+07 8.7716e+07 3.9671e+07 7.24925e+06 0 7.17676e+07 0 8.7716e+07 7.17676e+07 3.9671e+07 7.24925e+06 0.00316698 -0.00726443 -0.000100505 0.00484487 0.0830737
26 64 2 0.065068 1.05989 0.00111625 0.00612093 2.93282e+07 1.22369e+08 5.53437e+07 1.01132e+07 0 1.0012e+08 0 1.22369e+08 1.0012e+08 5.53437e+07 1.01132e+07 0.0028571 -0.00675494 0.0014679 0.00351924 0.0783348
16 65 0 -0.295936 0.951356 -0.000164327 0.0061373 4.39778e+07 1.83494e+08 8.29882e+07 1.51648e+07 0 1.50131e+08 0 1.83494e+08 1.50131e+08 8.29882e+07 1.51648e+07 0.000703295 -0.0014433 -0.00196972 0.00335824 0.0805773
23 65 1 -0.080739 0.910925 0.000428673 0.00594748 1.00481e+07 4.19249e+07 1.89613e+07 3.46487e+06 0 3.43022e+07 0 4.19249e+07 3.43022e+07 1.89613e+07 3.46487e+06 0.0043171 0.00137388 -0.000642771 0.00566172 0.0806735
18 65 2 -0.140361 1.09121 0.000441134 0.00676885 2.44432e+07 1.01987e+08 4.61255e+07 8.4287e+06 0 8.34441e+07 0 1.01987e+08 8.34441e+07 4.61255e+07 8.4287e+06 0.00324912 0.00425868 0.00215968 0.00412516 0.0782267
24 66 0 -0.142215 0.725924 0.000431173 0.00525369 4.2354e+07 1.76718e+08 7.99239e+07 1.46048e+07 0 1.44588e+08 0 1.76718e+08 1.44588e+08 7.99239e+07 1.46048e+07 0.00198685 -0.00208504 -0.00147907 0.00207508 0.0854716
31 66 1 -0.00712759 0.552259 0.000646028 0.00448733 8.51831e+06 3.55419e+07 1.60744e+07 2.93735e+06 0 2.90798e+07 0 3.55419e+07 2.90798e+07 1.60744e+07 2.93735e+06 0.00689533 -0.00590681 0.000327904 0.00384317 0.0919217
30 66 2 0.0989775 0.804526 0.00119774 0.0048006 2.10228e+07 8.7716e+07 3.9671e+07 7.24925e+06 0 7.17676e+07 0 8.7716e+07 7.17676e+07 3.9671e+07 7.24925e+06 0.00316698 -0.00726443 -0.000100505 0.00484487 0.0830737
31 67 0 -0.00712759 0.552259 0.000646028 0.00448733 8.51831e+06 3.55419e+07 1.60744e+07 2.93735e+06 0 2.90798e+07 0 3.55419e+07 2.90798e+07 1.60744e+07 2.93735e+06 0.00689533 -0.00590681 0.000327904 0.00384317 0.0919217
29 67 1 -0.209687 0.47815 -0.000120536 0.00445479 5.34075e+07 2.22838e+08 1.00782e+08 1.84164e+07 0 1.82322e+08 0 2.22838e+08 1.82322e+08 1.00782e+08 1.84164e+07 -3.31959e-05 0.00447216 0.00160355 0.000956222 0.0955518
35 67 2 -0.0757272 0.261889 0.000321764 0.00348072 4.54968e+06 1.89831e+07 8.58545e+06 1.56886e+06 0 1.55317e+07 0 1.89831e+07 1.55317e+07 8.58545e+06 1.56886e+06 0.00700149 -0.0074054 -0.00137756 0.00623509 0.108459
30 68 0 0.0989775 0.804526 0.00119774 0.0048006 2.10228e+07 8.7716e+07 3.9671e+07 7.24925e+06 0 7.17676e+07 0 8.7716e+07 7.17676e+07 3.9671e+07 7.24925e+06 0.00316698 -0.00726443 -0.000100505 0.00484487 0.0830737
23 68 1 -0.080739 0.910925 0.000428673 0.00594748 1.00481e+07 4.19249e+07 1.89613e+07 3.46487e+06 0 3.43022e+07 0 4.19249e+07 3.43022e+07 1.89613e+07 3.46487e+06 0.0043171 0.00137388 -0.000642771 0.00566172 0.0806735
24 68 2 -0.142215 0.725924 0.000431173 0.00525369 4.2354e+07 1.76718e+08 7.99239e+07 1.46048e+07 0 1.44588e+08 0 1.76718e+08 1.44588e+08 7.99239e+07 1.46048e+07 0.00198685 -0.00208504 -0.00147907 0.00207508 0.0854716
37 69 0 0.339987 0.797908 0.00175679 0.00382937 4.60354e+07 1.92079e+08 8.68708e+07 1.58743e+07 0 1.57155e+08 0 1.92079e+08 1.57155e+08 8.68708e+07 1.58743e+07 0.00180196 -0.00151822 -0.000306447 0.0020256 0.0837794
30 69 1 0.0989775 0.804526 0.00119774 0.0048006 2.10228e+07 8.7716e+07 3.9671e+07 7.24925e+06 0 7.17676e+07 0 8.7716e+07 7.17676e+07 3.9671e+07 7.24925e+06 0.00316698 -0.00726443 -0.000100505 0.00484487 0.0830737
36 69 2 0.215679 0.607052 0.00148758 0.00343159 3.9908e+07 1.66513e+08 7.53082e+07 1.37614e+07 0 1.36238e+08 0 1.66513e+08 1.36238e+08 7.53082e+07 1.37614e+07 0.00142632 -0.00124617 -0.000144225 0.00380821 0.0896783
37 70 0 0.339987 0.797908 0.00175679 0.00382937 4.60354e+07 1.92079e+08 8.68708e+07 1.58743e+07 0 1.57155e+08 0 1.92079e+08 1.57155e+08 8.68708e+07 1.58743e+07 0.00180196 -0.00151822 -0.000306447 0.0020256 0.0837794
33 70 1 0.25993 1.0122 0.00160982 0.00478302 2.66132e+07 1.11041e+08 5.02203e+07 9.17696e+06 0 9.08519e+07 0 1.11041e+08 9.08519e+07 5.02203e+07 9.17696e+06 0.00281608 -0.0052317 0.00101324 0.00361109 0.079348
30 70 2 0.0989775 0.804526 0.00119774 0.0048006 2.10228e+07 8.7716e+07 3.9671e+07 7.24925e+06 0 7.17676e+07 0 8.7716e+07 7.17676e+07 3.9671e+07 7.24925e+06 0.00316698 -0.00726443 -0.000100505 0.00484487 0.0830737
16 71 0 -0.295936 0.951356 -0.000164327 0.0061373 4.39778e+07 1.83494e+08 8.29882e+07 1.51648e+07 0 1.50131e+08 0 1.83494e+08 1.50131e+08 8.29882e+07 1.51648e+07 0.000703295 -0.0014433 -0.00196972 0.00335824 0.0805773
15 71 1 -0.49151 0.883446 -0.00072969 0.00600832 1.75802e+07 7.33517e+07 3.31746e+07 6.06212e+06 0 6.0015e+07 0 7.33517e+07 6.0015e+07 3.31746e+07 6.06212e+06 0.00478266 0.0012794 0.000220332 0.0039529 0.0828381
22 71 2 -0.345601 0.690792 -2.09608e-05 0.0050231 1.17394e+07 4.89818e+07 2.21528e+07 4.04808e+06 0 4.0076e+07 0 4.89818e+07 4.0076e+07 2.21528e+07 4.04808e+06 0.00409563 -0.000230291 -0.000853768 0.0070694 0.0870591
53 72 0 0.540871 0.202871 0.00186521 0.00133718 2.92532e+07 1.22056e+08 5.5202e+07 1.00873e+07 0 9.98642e+07 0 1.22056e+08 9.98642e+07 5.5202e+07 1.00873e+07 0.00158826 -0.00295303 0.00464796 0.00404933 0.11237
52 72 1 0.4 1.5231e-24 2.90158e-27 2.58318e-26 6.79353e+06 2.83454e+07 1.28197e+07 2.3426e+06 0 2.31917e+07 0 2.83454e+07 2.31917e+07 1.28197e+07 2.3426e+06 0.00340534 0.00325254 0.0105541 0.0109978 0.130069
57 72 2 0.6 1.61637e-24 4.30149e-27 3.94525e-26 1.6428e+07 6.85445e+07 3.10004e+07 5.66483e+06 0 5.60818e+07 0 6.85445e+07 5.60818e+07 3.10004e+07 5.66483e+06 2.16421e-06 -0.000290748 0.0153113 0.0089541 0.129559
23 73 0 -0.080739 0.910925 0.000428673 0.00594748 1.00481e+07 4.19249e+07 1.89613e+07 3.46487e+06 0 3.43022e+07 0 4.19249e+07 3.43022e+07 1.89613e+07 3.46487e+06 0.0043171 0.00137388 -0.000642771 0.00566172 0.0806735
16 73 1 -0.295936 0.951356 -0.000164327 0.0061373 4.39778e+07 1.83494e+08 8.29882e+07 1.51648e+07 0 1.50131e+08 0 1.83494e+08 1.50131e+08 8.29882e+07 1.51648e+07 0.000703295 -0.0014433 -0.00196972 0.00335824 0.0805773
24 73 2 -0.142215 0.725924 0.000431173 0.00525369 4.2354e+07 1.76718e+08 7.99239e+07 1.46048e+07 0 1.44588e+08 0 1.76718e+08 1.44588e+08 7.99239e+07 1.46048e+07 0.00198685 -0.00208504 -0.00147907 0.00207508 0.0854716
52 74 0 0.4 1.5231e-24 2.90158e-27 2.58318e-26 6.79353e+06 2.83454e+07 1.28197e+07 2.3426e+06 0 2.31917e+07 0 2.83454e+07 2.31917e+07 1.28197e+07 2.3426e+06 0.00340534 0.00325254 0.0105541 0.0109978 0.130069
48 74 1 0.346561 0.208062 0.00137098 0.00181935 1.1603e+07 4.84124e+07 2.18953e+07 4.00103e+06 0 3.96102e+07 0 4.84124e+07 3.96102e+07 2.18953e+07 4.00103e+06 0.00424019 -0.000488366 0.00458816 0.00720075 0.112215
47 74 2 0.2 1.57132e-24 4.69946e-27 5.03042e-26 4.70228e+07 1.96199e+08 8.87342e+07 1.62148e+07 0 1.60526e+08 0 1.96199e+08 1.60526e+08 8.87342e+07 1.62148e+07 -1.98926e-18 -1.51639e-18 0.00752089 0.00293829 0.130245
40 75 0 0.464955 0.964899 0.00208974 0.00419937 2.14465e+07 8.94839e+07 4.04706e+07 7.39536e+06 0 7.32141e+07 0 8.94839e+07 7.32141e+07 4.04706e+07 7.39536e+06 0.00284647 -0.00101611 0.000937206 0.00502595 0.0810991
45 75 1 0.591962 0.809373 0.00217951 0.00365077 5.47828e+07 2.28576e+08 1.03378e+08 1.88906e+07 0 1.87017e+08 0 2.28576e+08 1.87017e+08 1.03378e+08 1.88906e+07 0.00132713 -0.000154934 0.00069818 0.00187238 0.0848968
46 75 2 0.669489 1.03272 0.00286647 0.00433266 1.78804e+07 7.46045e+07 3.37411e+07 6.16566e+06 0 6.104e+07 0 7.46045e+07 6.104e+07 3.37411e+07 6.16566e+06 0.00364407 -0.00130875 0.00239396 0.00591587 0.082203
33 76 0 0.25993 1.0122 0.00160982 0.00478302 2.66132e+07 1.11041e+08 5.02203e+07 9.17696e+06 0 9.08519e+07 0 1.11041e+08 9.08519e+07 5.02203e+07 9.17696e+06 0.00281608 -0.0052317 0.00101324 0.00361109 0.079348
40 76 1 0.464955 0.964899 0.00208974 0.00419937 2.14465e+07 8.94839e+07 4.04706e+07 7.39536e+06 0 7.32141e+07 0 8.94839e+07 7.32141e+07 4.04706e+07 7.39536e+06 0.00284647 -0.00101611 0.000937206 0.00502595 0.0810991
39 76 2 0.447294 1.16444 0.00261642 0.00510912 2.49831e+07 1.0424e+08 4.71442e+07 8.61485e+06 0 8.5287e+07 0 1.0424e+08 8.5287e+07 4.71442e+07 8.61485e+06 0.00290126 0.000210603 0.00485032 0.004021 0.0791525
37 77 0 0.339987 0.797908 0.00175679 0.00382937 4.60354e+07 1.92079e+08 8.68708e+07 1.58743e+07 0 1.57155e+08 0 1.92079e+08 1.57155e+08 8.68708e+07 1.58743e+07 0.00180196 -0.00151822 -0.000306447 0.0020256 0.0837794
45 77 1 0.591962 0.809373 0.00217951 0.00365077 5.47828e+07 2.28576e+08 1.03378e+08 1.88906e+07 0 1.87017e+08 0 2.28576e+08 1.87017e+08 1.03378e+08 1.88906e+07 0.00132713 -0.000154934 0.00069818 0.00187238 0.0848968
40 77 2 0.464955 0.964899 0.00208974 0.00419937 2.14465e+07 8.94839e+07 4.04706e+07 7.39536e+06 0 7.32141e+07 0 8.94839e+07 7.32141e+07 4.04706e+07 7.39536e+06 0.00284647 -0.00101611 0.000937206 0.00502595 0.0810991
32 78 0 0.196864 1.25869 0.00247124 0.00640146 1.4386e+07 6.00242e+07 2.7147e+07 4.96068e+06 0 4.91107e+07 0 6.00242e+07 4.91107e+07 2.7147e+07 4.96068e+06 0.00388888 -0.0047896 0.00769171 0.00695675 0.077463
26 78 1 0.065068 1.05989 0.00111625 0.00612093 2.93282e+07 1.22369e+08 5.53437e+07 1.01132e+07 0 1.0012e+08 0 1.22369e+08 1.0012e+08 5.53437e+07 1.01132e+07 0.0028571 -0.00675494 0.0014679 0.00351924 0.0783348
33 78 2 0.25993 1.0122 0.00160982 0.00478302 2.66132e+07 1.11041e+08 5.02203e+07 9.17696e+06 0 9.08519e+07 0 1.11041e+08 9.08519e+07 5.02203e+07 9.17696e+06 0.00281608 -0.0052317 0.00101324 0.00361109 0.079348
36 79 0 0.215679 0.607052 0.00148758 0.00343159 3.9908e+07 1.66513e+08 7.53082e+07 1.37614e+07 0 1.36238e+08 0 1.66513e+08 1.36238e+08 7.53082e+07 1.37614e+07 0.00142632 -0.00124617 -0.000144225 0.00380821 0.0896783
44 79 1 0.302582 0.410785 0.00154859 0.00274378 4.99578e+07 2.08445e+08 9.42726e+07 1.72268e+07 0 1.70546e+08 0 2.08445e+08 1.70546e+08 9.42726e+07 1.72268e+07 0.000833567 0.00116311 0.00052321 0.00316397 0.0990519
43 79 2 0.452772 0.613623 0.00186181 0.00332326 4.87918e+07 2.0358e+08 9.20724e+07 1.68248e+07 0 1.66565e+08 0 2.0358e+08 1.66565e+08 9.20724e+07 1.68248e+07 0.00126679 -0.000890202 0.000838016 0.00146248 0.0899861
53 80 0 0.540871 0.202871 0.00186521 0.00133718 2.92532e+07 1.22056e+08 5.5202e+07 1.00873e+07 0 9.98642e+07 0 1.22056e+08 9.98642e+07 5.5202e+07 1.00873e+07 0.00158826 -0.00295303 0.00464796 0.00404933 0.11237
49 80 1 0.511684 0.416581 0.00201582 0.00254354 1.63731e+07 6.83153e+07 3.08968e+07 5.6459e+06 0 5.58944e+07 0 6.83153e+07 5.58944e+07 3.08968e+07 5.6459e+06 0.00378714 -0.00540554 -0.00250431 0.00609885 0.0989617
48 80 2 0.346561 0.208062 0.00137098 0.00181935 1.1603e+07 4.84124e+07 2.18953e+07 4.00103e+06 0 3.96102e+07 0 4.84124e+07 3.96102e+07 2.18953e+07 4.00103e+06 0.00424019 -0.000488366 0.00458816 0.00720075 0.112215
52 81 0 0.4 1.5231e-24 2.90158e-27 2.58318e-26 6.79353e+06 2.83454e+07 1.28197e+07 2.3426e+06 0 2.31917e+07 0 2.83454e+07 2.31917e+07 1.28197e+07 2.3426e+06 0.00340534 0.00325254 0.0105541 0.0109978 0.130069
53 81 1 0.540871 0.202871 0.00186521 0.00133718 2.92532e+07 1.22056e+08 5.5202e+07 1.00873e+07 0 9.98642e+07 0 1.22056e+08 9.98642e+07 5.5202e+07 1.00873e+07 0.00158826 -0.00295303 0.00464796 0.00404933 0.11237
48 81 2 0.346561 0.208062 0.00137098 0.00181935 1.1603e+07 4.84124e+07 2.18953e+07 4.00103e+06 0 3.96102e+07 0 4.84124e+07 3.96102e+07 2.18953e+07 4.00103e+06 0.00424019 -0.000488366 0.00458816 0.00720075 0.112215
57 82 0 0.6 1.61637e-24 4.30149e-27 3.94525e-26 1.6428e+07 6.85445e+07 3.10004e+07 5.66483e+06 0 5.60818e+07 0 6.85445e+07 5.60818e+07 3.10004e+07 5.66483e+06 2.16421e-06 -0.000290748 0.0153113 0.0089541 0.129559
61 82 1 0.8 1.5347e-24 4.50789e-27 3.29881e-26 2.09614e+07 8.74596e+07 3.95551e+07 7.22806e+06 0 7.15578e+07 0 8.74596e+07 7.15578e+07 3.95551e+07 7.22806e+06 -4.02319e-05 -0.00270006 0.0162755 0.00631658 0.12812
58 82 2 0.730714 0.184853 0.00203243 0.00092725 5.04777e+07 2.10614e+08 9.52538e+07 1.74061e+07 0 1.72321e+08 0 2.10614e+08 1.72321e+08 9.52538e+07 1.74061e+07 0.000447553 -0.000638013 0.00543582 0.0029503 0.113053
50 83 0 0.703929 0.624567 0.00240958 0.00299443 1.97628e+07 8.24587e+07 3.72933e+07 6.81477e+06 0 6.74662e+07 0 8.24587e+07 6.74662e+07 3.72933e+07 6.81477e+06 0.00324 0.00024644 -0.00128827 0.00493036 0.0907943
51 83 1 0.841303 0.872206 0.00258421 0.00401666 5.09194e+07 2.12457e+08 9.60872e+07 1.75584e+07 0 1.73828e+08 0 2.12457e+08 1.73828e+08 9.60872e+07 1.75584e+07 0.000751531 0.00419482 0.000484345 0.000861717 0.0862715
45 83 2 0.591962 0.809373 0.00217951 0.00365077 5.47828e+07 2.28576e+08 1.03378e+08 1.88906e+07 0 1.87017e+08 0 2.28576e+08 1.87017e+08 1.03378e+08 1.88906e+07 0.00132713 -0.000154934 0.00069818 0.00187238 0.0848968
58 84 0 0.730714 0.184853 0.00203243 0.00092725 5.04777e+07 2.10614e+08 9.52538e+07 1.74061e+07 0 1.72321e+08 0 2.10614e+08 1.72321e+08 9.52538e+07 1.74061e+07 0.000447553 -0.000638013 0.00543582 0.0029503 0.113053
53 84 1 0.540871 0.202871 0.00186521 0.00133718 2.92532e+07 1.22056e+08 5.5202e+07 1.00873e+07 0 9.98642e+07 0 1.22056e+08 9.98642e+07 5.5202e+07 1.00873e+07 0.00158826 -0.00295303 0.00464796 0.00404933 0.11237
57 84 2 0.6 1.61637e-24 4.30149e-27 3.94525e-26 1.6428e+07 6.85445e+07 3.10004e+07 5.66483e+06 0 5.60818e+07 0 6.85445e+07 5.60818e+07 3.10004e+07 5.66483e+06 2.16421e-06 -0.000290748 0.0153113 0.0089541 0.129559
64 85 0 1 5.11611e-25 -5.69306e-27 1.99373e-26 1.80972e+07 7.5509e+07 3.41502e+07 6.24041e+06 0 6.17801e+07 0 7.5509e+07 6.17801e+07 3.41502e+07 6.24041e+06 0.00258116 0.000354662 0.0388704 0.00621029 0.123722
62 85 1 0.916569 0.150903 0.00253973 0.00102772 1.07904e+06 4.50219e+06 2.03619e+06 372082 0 3.68361e+06 0 4.50219e+06 3.68361e+06 2.03619e+06 372082 0.0100112 -0.00181659 0.00375899 0.00641474 0.113909
61 85 2 0.8 1.5347e-24 4.50789e-27 3.29881e-26 2.09614e+07 8.74596e+07 3.95551e+07 7.22806e+06 0 7.15578e+07 0 8.74596e+07 7.15578e+07 3.95551e+07 7.22806e+06 -4.02319e-05 -0.00270006 0.0162755 0.00631658 0.12812
54 86 0 0.701626 0.386657 0.00257882 0.00173962 2.95817e+07 1.23427e+08 5.5822e+07 1.02006e+07 0 1.00986e+08 0 1.23427e+08 1.00986e+08 5.5822e+07 1.02006e+07 0.00138619 -0.00212337 1.77745e-06 0.00506829 0.100713
53 86 1 0.540871 0.202871 0.00186521 0.00133718 2.92532e+07 1.22056e+08 5.5202e+07 1.00873e+07 0 9.98642e+07 0 1.22056e+08 9.98642e+07 5.5202e+07 1.00873e+07 0.00158826 -0.00295303 0.00464796 0.00404933 0.11237
58 86 2 0.730714 0.184853 0.00203243 0.00092725 5.04777e+07 2.10614e+08 9.52538e+07 1.74061e+07 0 1.72321e+08 0 2.10614e+08 1.72321e+08 9.52538e+07 1.74061e+07 0.000447553 -0.000638013 0.00543582 0.0029503 0.113053
39 87 0 0.447294 1.16444 0.00261642 0.00510912 2.49831e+07 1.0424e+08 4.71442e+07 8.61485e+06 0 8.5287e+07 0 1.0424e+08 8.5287e+07 4.71442e+07 8.61485e+06 0.00290126 0.000210603 0.00485032 0.004021 0.0791525
40 87 1 0.464955 0.964899 0.00208974 0.00419937 2.14465e+07 8.94839e+07 4.04706e+07 7.39536e+06 0 7.32141e+07 0 8.94839e+07 7.32141e+07 4.04706e+07 7.39536e+06 0.00284647 -0.00101611 0.000937206 0.00502595 0.0810991
46 87 2 0.669489 1.03272 0.00286647 0.00433266 1.78804e+07 7.46045e+07 3.37411e+07 6.16566e+06 0 6.104e+07 0 7.46045e+07 6.104e+07 3.37411e+07 6.16566e+06 0.00364407 -0.00130875 0.00239396 0.00591587 0.082203
50 88 0 0.703929 0.624567 0.00240958 0.00299443 1.97628e+07 8.24587e+07 3.72933e+07 6.81477e+06 0 6.74662e+07 0 8.24587e+07 6.74662e+07 3.72933e+07 6.81477e+06 0.00324 0.00024644 -0.00128827 0.00493036 0.0907943
55 88 1 0.868647 0.510646 0.0031536 0.00251602 1.39085e+07 5.80318e+07 2.62459e+07 4.79602e+06 0 4.74806e+07 0 5.80318e+07 4.74806e+07 2.62459e+07 4.79602e+06 0.00614619 0.00318294 0.000944437 0.00545198 0.0958035
56 88 2 0.975856 0.678304 0.00343002 0.00400231 1.13282e+07 4.72659e+07 2.13768e+07 3.90627e+06 0 3.86721e+07 0 4.72659e+07 3.86721e+07 2.13768e+07 3.90627e+06 0.00507788 0.000432629 -0.00539342 0.0103547 0.0918252
43 89 0 0.452772 0.613623 0.00186181 0.00332326 4.87918e+07 2.0358e+08 9.20724e+07 1.68248e+07 0 1.66565e+08 0 2.0358e+08 1.66565e+08 9.20724e+07 1.68248e+07 0.00126679 -0.000890202 0.000838016 0.00146248 0.0899861
50 89 1 0.703929 0.624567 0.00240958 0.00299443 1.97628e+07 8.24587e+07 3.72933e+07 6.81477e+06 0 6.74662e+07 0 8.24587e+07 6.74662e+07 3.72933e+07 6.81477e+06 0.00324 0.00024644 -0.00128827 0.00493036 0.0907943
45 89 2 0.591962 0.809373 0.00217951 0.00365077 5.47828e+07 2.28576e+08 1.03378e+08 1.88906e+07 0 1.87017e+08 0 2.28576e+08 1.87017e+08 1.03378e+08 1.88906e+07 0.00132713 -0.000154934 0.00069818 0.00187238 0.0848968
43 90 0 0.452772 0.613623 0.00186181 0.00332326 4.87918e+07 2.0358e+08 9.20724e+07 1.68248e+07 0 1.66565e+08 0 2.0358e+08 1.66565e+08 9.20724e+07 1.68248e+07 0.00126679 -0.000890202 0.000838016 0.00146248 0.0899861
49 90 1 0.511684 0.416581 0.00201582 0.00254354 1.63731e+07 6.83153e+07 3.08968e+07 5.6459e+06 0 5.58944e+07 0 6.83153e+07 5.58944e+07 3.08968e+07 5.6459e+06 0.00378714 -0.00540554 -0.00250431 0.00609885 0.0989617
50 90 2 0.703929 0.624567 0.00240958 0.00299443 1.97628e+07 8.24587e+07 3.72933e+07 6.81477e+06 0 6.74662e+07 0 8.24587e+07 6.74662e+07 3.72933e+07 6.81477e+06 0.00324 0.00024644 -0.00128827 0.00493036 0.0907943
53 91 0 0.540871 0.202871 0.00186521 0.00133718 2.92532e+07 1.22056e+08 5.5202e+07 1.00873e+07 0 9.98642e+07 0 1.22056e+08 9.98642e+07 5.5202e+07 1.00873e+07 0.00158826 -0.00295303 0.00464796 0.00404933 0.11237
54 91 1 0.701626 0.386657 0.00257882 0.00173962 2.95817e+07 1.23427e+08 5.5822e+07 1.02006e+07 0 1.00986e+08 0 1.23427e+08 1.00986e+08 5.5822e+07 1.02006e+07 0.00138619 -0.00212337 1.77745e-06 0.00506829 0.100713
49 91 2 0.511684 0.416581 0.00201582 0.00254354 1.63731e+07 6.83153e+07 3.08968e+07 5.6459e+06 0 5.58944e+07 0 6.83153e+07 5.58944e+07 3.08968e+07 5.6459e+06 0.00378714 -0.00540554 -0.00250431 0.00609885 0.0989617
62 92 0 0.916569 0.150903 0.00253973 0.00102772 1.07904e+06 4.50219e+06 2.03619e+06 372082 0 3.68361e+06 0 4.50219e+06 3.68361e+06 2.03619e+06 372082 0.0100112 -0.00181659 0.00375899 0.00641474 0.113909
64 92 1 1 5.11611e-25 -5.69306e-27 1.99373e-26 1.80972e+07 7.5509e+07 3.41502e+07 6.24041e+06 0 6.17801e+07 0 7.5509e+07 6.17801e+07 3.41502e+07 6.24041e+06 0.00258116 0.000354662 0.0388704 0.00621029 0.123722
63 92 2 1.10358 0.205301 0.00333857 0.000805304 4.50621e+07 1.88018e+08 8.50342e+07 1.55387e+07 0 1.53833e+08 0 1.88018e+08 1.53833e+08 8.50342e+07 1.55387e+07 -0.00178521 -0.00359552 -0.00266814 0.00401383 0.108766
58 93 0 0.730714 0.184853 0.00203243 0.00092725 5.04777e+07 2.10614e+08 9.52538e+07 1.74061e+07 0 1.72321e+08 0 2.10614e+08 1.72321e+08 9.52538e+07 1.74061e+07 0.000447553 -0.000638013 0.00543582 0.0029503 0.113053
62 93 1 0.916569 0.150903 0.00253973 0.00102772 1.07904e+06 4.50219e+06 2.03619e+06 372082 0 3.68361e+06 0 4.50219e+06 3.68361e+06 2.03619e+06 372082 0.0100112 -0.00181659 0.00375899 0.00641474 0.113909
59 93 2 0.90619 0.322519 0.00303879 0.00177858 2.01923e+07 8.42506e+07 3.81038e+07 6.96286e+06 0 6.89323e+07 0 8.42506e+07 6.89323e+07 3.81038e+07 6.96286e+06 0.00397555 -0.000658562 0.00229605 0.00289168 0.104022
58 94 0 0.730714 0.184853 0.00203243 0.00092725 5.04777e+07 2.10614e+08 9.52538e+07 1.74061e+07 0 1.72321e+08 0 2.10614e+08 1.72321e+08 9.52538e+07 1.74061e+07 0.000447553 -0.000638013 0.00543582 0.0029503 0.113053
61 94 1 0.8 1.5347e-24 4.50789e-27 3.29881e-26 2.09614e+07 8.74596e+07 3.95551e+07 7.22806e+06 0 7.15578e+07 0 8.74596e+07 7.15578e+07 3.95551e+07 7.22806e+06 -4.02319e-05 -0.00270006 0.0162755 0.00631658 0.12812
62 94 2 0.916569 0.150903 0.00253973 0.00102772 1.07904e+06 4.50219e+06 2.03619e+06 372082 0 3.68361e+06 0 4.50219e+06 3.68361e+06 2.03619e+06 372082 0.0100112 -0.00181659 0.00375899 0.00641474 0.113909
56 95 0 0.975856 0.678304 0.00343002 0.00400231 1.13282e+07 4.72659e+07 2.13768e+07 3.90627e+06 0 3.86721e+07 0 4.72659e+07 3.86721e+07 2.13768e+07 3.90627e+06 0.00507788 0.000432629 -0.00539342 0.0103547 0.0918252
51 95 1 0.841303 0.872206 0.00258421 0.00401666 5.09194e+07 2.12457e+08 9.60872e+07 1.75584e+07 0 1.73828e+08 0 2.12457e+08 1.73828e+08 9.60872e+07 1.75584e+07 0.000751531 0.00419482 0.000484345 0.000861717 0.0862715
50 95 2 0.703929 0.624567 0.00240958 0.00299443 1.97628e+07 8.24587e+07 3.72933e+07 6.81477e+06 0 6.74662e+07 0 8.24587e+07 6.74662e+07 3.72933e+07 6.81477e+06 0.00324 0.00024644 -0.00128827 0.00493036 0.0907943
60 96 0 1.06912 0.451914 0.00394513 0.00192906 1.97597e+07 8.24455e+07 3.72874e+07 6.81368e+06 0 6.74554e+07 0 8.24455e+07 6.74554e+07 3.72874e+07 6.81368e+06 0.00291626 -0.0053798 0.00303493 0.00703749 0.0993589
56 96 1 0.975856 0.678304 0.00343002 0.00400231 1.13282e+07 4.72659e+07 2.13768e+07 3.90627e+06 0 3.86721e+07 0 4.72659e+07 3.86721e+07 2.13768e+07 3.90627e+06 0.00507788 0.000432629 -0.00539342 0.0103547 0.0918252
55 96 2 0.868647 0.510646 0.0031536 0.00251602 1.39085e+07 5.80318e+07 2.62459e+07 4.79602e+06 0 4.74806e+07 0 5.80318e+07 4.74806e+07 2.62459e+07 4.79602e+06 0.00614619 0.00318294 0.000944437 0.00545198 0.0958035
59 97 0 0.90619 0.322519 0.00303879 0.00177858 2.01923e+07 8.42506e+07 3.81038e+07 6.96286e+06 0 6.89323e+07 0 8.42506e+07 6.89323e+07 3.81038e+07 6.96286e+06 0.00397555 -0.000658562 0.00229605 0.00289168 0.104022
54 97 1 0.701626 0.386657 0.00257882 0.00173962 2.95817e+07 1.23427e+08 5.5822e+07 1.02006e+07 0 1.00986e+08 0 1.23427e+08 1.00986e+08 5.5822e+07 1.02006e+07 0.00138619 -0.00212337 1.77745e-06 0.00506829 0.100713
58 97 2 0.730714 0.184853 0.00203243 0.00092725 5.04777e+07 2.10614e+08 9.52538e+07 1.74061e+07 0 1.72321e+08 0 2.10614e+08 1.72321e+08 9.52538e+07 1.74061e+07 0.000447553 -0.000638013 0.00543582 0.0029503 0.113053
60 98 0 1.06912 0.451914 0.00394513 0.00192906 1.97597e+07 8.24455e+07 3.72874e+07 6.81368e+06 0 6.74554e+07 0 8.24455e+07 6.74554e+07 3.72874e+07 6.81368e+06 0.00291626 -0.0053798 0.00303493 0.00703749 0.0993589
59 98 1 0.90619 0.322519 0.00303879 0.00177858 2.01923e+07 8.42506e+07 3.81038e+07 6.96286e+06 0 6.89323e+07 0 8.42506e+07 6.89323e+07 3.81038e+07 6.96286e+06 0.00397555 -0.000658562 0.00229605 0.00289168 0.104022
63 98 2 1.10358 0.205301 0.00333857 0.000805304 4.50621e+07 1.88018e+08 8.50342e+07 1.55387e+07 0 1.53833e+08 0 1.88018e+08 1.53833e+08 8.50342e+07 1.55387e+07 -0.00178521 -0.00359552 -0.00266814 0.00401383 0.108766
55 99 0 0.868647 0.510646 0.0031536 0.00251602 1.39085e+07 5.80318e+07 2.62459e+07 4.79602e+06 0 4.74806e+07 0 5.80318e+07 4.74806e+07 2.62459e+07 4.79602e+06 0.00614619 0.00318294 0.000944437 0.00545198 0.0958035
54 99 1 0.701626 0.386657 0.00257882 0.00173962 2.95817e+07 1.23427e+08 5.5822e+07 1.02006e+07 0 1.00986e+08 0 1.23427e+08 1.00986e+08 5.5822e+07 1.02006e+07 0.00138619 -0.00212337 1.77745e-06 0.00506829 0.100713
59 99 2 0.90619 0.322519 0.00303879 0.00177858 2.01923e+07 8.42506e+07 3.81038e+07 6.96286e+06 0 6.89323e+07 0 8.42506e+07 6.89323e+07 3.81038e+07 6.96286e+06 0.00397555 -0.000658562 0.00229605 0.00289168 0.104022
59 100 0 0.90619 0.322519 0.00303879 0.00177858 2.01923e+07 8.42506e+07 3.81038e+07 6.96286e+06 0 6.89323e+07 0 8.42506e+07 6.89323e+07 3.81038e+07 6.96286e+06 0.00397555 -0.000658562 0.00229605 0.00289168 0.104022
62 100 1 0.916569 0.150903 0.00253973 0.00102772 1.07904e+06 4.50219e+06 2.03619e+06 372082 0 3.68361e+06 0 4.50219e+06 3.68361e+06 2.03619e+06 372082 0.0100112 -0.00181659 0.00375899 0.00641474 0.113909
63 100 2 1.10358 0.205301 0.00333857 0.000805304 4.50621e+07 1.88018e+08 8.50342e+07 1.55387e+07 0 1.53833e+08 0 1.88018e+08 1.53833e+08 8.50342e+07 1.55387e+07 -0.00178521 -0.00359552 -0.00266814 0.00401383 0.108766
60 101 0 1.06912 0.451914 0.00394513 0.00192906 1.97597e+07 8.24455e+07 3.72874e+07 6.81368e+06 0 6.74554e+07 0 8.24455e+07 6.74554e+07 3.72874e+07 6.81368e+06 0.00291626 -0.0053798 0.00303493 0.00703749 0.0993589
55 101 1 0.868647 0.510646 0.0031536 0.00251602 1.39085e+07 5.80318e+07 2.62459e+07 4.79602e+06 0 4.74806e+07 0 5.80318e+07 4.74806e+07 2.62459e+07 4.79602e+06 0.00614619 0.00318294 0.000944437 0.00545198 0.0958035
59 101 2 0.90619 0.322519 0.00303879 0.00177858 2.01923e+07 8.42506e+07 3.81038e+07 6.96286e+06 0 6.89323e+07 0 8.42506e+07 6.89323e+07 3.81038e+07 6.96286e+06 0.00397555 -0.000658562 0.00229605 0.00289168 0.104022
