Index_Vertex nbTriangle nbInTr x y ux uy Elast AR BR IR GR ER FR A1 A2 B12 C3 Defxx Defxy Defyx Defyy Density 
82 0 0 -0.729147 0.243972 -0.00164642 0.000887744 5.14498e+07 2.1467e+08 9.70882e+07 1.77413e+07 0 1.75639e+08 0 2.1467e+08 1.75639e+08 9.70882e+07 1.77413e+07 0.00121347 0.00164599 -0.00306565 0.00171499 0.079171
89 0 1 -0.951362 0.201127 -0.00198133 0.000897616 2.44938e+07 1.02198e+08 4.62209e+07 8.44614e+06 0 8.36168e+07 0 1.02198e+08 8.36168e+07 4.62209e+07 8.44614e+06 0.00275211 0.00077863 -0.00247503 0.00388242 0.0767365
81 0 2 -0.8 3.61703e-24 -4.79512e-27 3.49435e-26 2.07465e+07 8.65629e+07 3.91495e+07 7.15396e+06 0 7.08242e+07 0 8.65629e+07 7.08242e+07 3.91495e+07 7.15396e+06 1.08299e-26 6.92699e-25 -0.0118146 0.0061565 0.097112
89 1 0 -0.951362 0.201127 -0.00198133 0.000897616 2.44938e+07 1.02198e+08 4.62209e+07 8.44614e+06 0 8.36168e+07 0 1.02198e+08 8.36168e+07 4.62209e+07 8.44614e+06 0.00275211 0.00077863 -0.00247503 0.00388242 0.0767365
93 1 1 -1.12259 0.377047 -0.00314514 0.00104869 1.54514e+07 6.44695e+07 2.91574e+07 5.32806e+06 0 5.27478e+07 0 6.44695e+07 5.27478e+07 2.91574e+07 5.32806e+06 0.00428962 0.00420111 -0.0020775 0.00582093 0.0660423
92 1 2 -1.16014 0.109578 -0.00272155 -0.00247527 3.02415e+06 1.2618e+07 5.7067e+06 1.04281e+06 0 1.03238e+07 0 1.2618e+07 1.03238e+07 5.7067e+06 1.04281e+06 0.0186353 0.0187957 -0.00537539 0.0191486 0.0734308
81 2 0 -0.8 3.61703e-24 -4.79512e-27 3.49435e-26 2.07465e+07 8.65629e+07 3.91495e+07 7.15396e+06 0 7.08242e+07 0 8.65629e+07 7.08242e+07 3.91495e+07 7.15396e+06 1.08299e-26 6.92699e-25 -0.0118146 0.0061565 0.097112
89 2 1 -0.951362 0.201127 -0.00198133 0.000897616 2.44938e+07 1.02198e+08 4.62209e+07 8.44614e+06 0 8.36168e+07 0 1.02198e+08 8.36168e+07 4.62209e+07 8.44614e+06 0.00275211 0.00077863 -0.00247503 0.00388242 0.0767365
87 2 2 -1 1.72791e-24 -1.49578e-27 1.92619e-26 2.01835e+07 8.4214e+07 3.80872e+07 6.95983e+06 0 6.89023e+07 0 8.4214e+07 6.89023e+07 3.80872e+07 6.95983e+06 0.00478633 0.0194179 -0.0199281 0.00119005 0.0873618
90 3 0 -1.07598 0.638554 -0.0035959 0.00234137 3.42363e+07 1.42848e+08 6.46055e+07 1.18056e+07 0 1.16876e+08 0 1.42848e+08 1.16876e+08 6.46055e+07 1.18056e+07 0.00303039 0.00161 -0.000831083 0.00123125 0.0588455
88 3 1 -0.930614 0.421967 -0.00266734 0.00173606 2.99458e+07 1.24946e+08 5.65091e+07 1.03261e+07 0 1.02229e+08 0 1.24946e+08 1.02229e+08 5.65091e+07 1.03261e+07 0.00130859 -0.000960306 -0.00363754 0.00458401 0.0667273
84 3 2 -0.894441 0.642728 -0.00324899 0.00248728 5.06906e+07 2.11502e+08 9.56555e+07 1.74795e+07 0 1.73047e+08 0 2.11502e+08 1.73047e+08 9.56555e+07 1.74795e+07 0.000682763 0.0010995 -0.00195825 0.00219883 0.0591988
87 4 0 -1 1.72791e-24 -1.49578e-27 1.92619e-26 2.01835e+07 8.4214e+07 3.80872e+07 6.95983e+06 0 6.89023e+07 0 8.4214e+07 6.89023e+07 3.80872e+07 6.95983e+06 0.00478633 0.0194179 -0.0199281 0.00119005 0.0873618
89 4 1 -0.951362 0.201127 -0.00198133 0.000897616 2.44938e+07 1.02198e+08 4.62209e+07 8.44614e+06 0 8.36168e+07 0 1.02198e+08 8.36168e+07 4.62209e+07 8.44614e+06 0.00275211 0.00077863 -0.00247503 0.00388242 0.0767365
92 4 2 -1.16014 0.109578 -0.00272155 -0.00247527 3.02415e+06 1.2618e+07 5.7067e+06 1.04281e+06 0 1.03238e+07 0 1.2618e+07 1.03238e+07 5.7067e+06 1.04281e+06 0.0186353 0.0187957 -0.00537539 0.0191486 0.0734308
82 5 0 -0.729147 0.243972 -0.00164642 0.000887744 5.14498e+07 2.1467e+08 9.70882e+07 1.77413e+07 0 1.75639e+08 0 2.1467e+08 1.75639e+08 9.70882e+07 1.77413e+07 0.00121347 0.00164599 -0.00306565 0.00171499 0.079171
80 5 1 -0.762738 0.476441 -0.0023592 0.00169241 9.55327e+06 3.98602e+07 1.80275e+07 3.29423e+06 0 3.26129e+07 0 3.98602e+07 3.26129e+07 1.80275e+07 3.29423e+06 0.00562355 -0.00144785 -0.00419971 0.00631347 0.0661875
88 5 2 -0.930614 0.421967 -0.00266734 0.00173606 2.99458e+07 1.24946e+08 5.65091e+07 1.03261e+07 0 1.02229e+08 0 1.24946e+08 1.02229e+08 5.65091e+07 1.03261e+07 0.00130859 -0.000960306 -0.00363754 0.00458401 0.0667273
95 6 0 -1.29434 0.249889 -0.00485116 -0.000230804 3.7471e+06 1.56345e+07 7.07095e+06 1.2921e+06 0 1.27918e+07 0 1.56345e+07 1.27918e+07 7.07095e+06 1.2921e+06 0.00867874 -0.00300786 0.0146824 0.0128775 0.067552
92 6 1 -1.16014 0.109578 -0.00272155 -0.00247527 3.02415e+06 1.2618e+07 5.7067e+06 1.04281e+06 0 1.03238e+07 0 1.2618e+07 1.03238e+07 5.7067e+06 1.04281e+06 0.0186353 0.0187957 -0.00537539 0.0191486 0.0734308
93 6 2 -1.12259 0.377047 -0.00314514 0.00104869 1.54514e+07 6.44695e+07 2.91574e+07 5.32806e+06 0 5.27478e+07 0 6.44695e+07 5.27478e+07 2.91574e+07 5.32806e+06 0.00428962 0.00420111 -0.0020775 0.00582093 0.0660423
56 7 0 -0.15239 0.477692 -0.000878961 0.00195003 3.5996e+07 1.5019e+08 6.79261e+07 1.24124e+07 0 1.22883e+08 0 1.5019e+08 1.22883e+08 6.79261e+07 1.24124e+07 0.00150019 -0.000654674 -0.0024761 0.00146558 0.069642
64 7 1 -0.276286 0.236085 -0.000766545 0.00108903 3.23642e+07 1.35037e+08 6.10727e+07 1.11601e+07 0 1.10485e+08 0 1.35037e+08 1.10485e+08 6.10727e+07 1.11601e+07 0.000803877 -0.000692932 -0.00276531 0.00516461 0.0844839
55 7 2 -0.0522479 0.255893 -0.000262958 0.00103279 1.31956e+07 5.50574e+07 2.49006e+07 4.55019e+06 0 4.50469e+07 0 5.50574e+07 4.50469e+07 2.49006e+07 4.55019e+06 0.00507588 -0.00111487 -0.000876861 0.00475613 0.083878
74 8 0 -0.58745 0.456254 -0.0016867 0.00183691 3.17385e+07 1.32426e+08 5.9892e+07 1.09443e+07 0 1.08349e+08 0 1.32426e+08 1.08349e+08 5.9892e+07 1.09443e+07 0.00193271 0.00269279 -0.00218665 0.00323633 0.068641
65 8 1 -0.376499 0.458363 -0.00126355 0.00212465 3.82342e+07 1.59529e+08 7.21498e+07 1.31842e+07 0 1.30524e+08 0 1.59529e+08 1.30524e+08 7.21498e+07 1.31842e+07 0.00164671 -0.00119223 -0.00089659 0.00351304 0.0698822
71 8 2 -0.503011 0.674657 -0.00183012 0.00306704 2.04579e+07 8.53589e+07 3.8605e+07 7.05445e+06 0 6.98391e+07 0 8.53589e+07 6.98391e+07 3.8605e+07 7.05445e+06 0.00319034 0.00474714 0.00180107 0.00519349 0.0595442
82 9 0 -0.729147 0.243972 -0.00164642 0.000887744 5.14498e+07 2.1467e+08 9.70882e+07 1.77413e+07 0 1.75639e+08 0 2.1467e+08 1.75639e+08 9.70882e+07 1.77413e+07 0.00121347 0.00164599 -0.00306565 0.00171499 0.079171
74 9 1 -0.58745 0.456254 -0.0016867 0.00183691 3.17385e+07 1.32426e+08 5.9892e+07 1.09443e+07 0 1.08349e+08 0 1.32426e+08 1.08349e+08 5.9892e+07 1.09443e+07 0.00193271 0.00269279 -0.00218665 0.00323633 0.068641
80 9 2 -0.762738 0.476441 -0.0023592 0.00169241 9.55327e+06 3.98602e+07 1.80275e+07 3.29423e+06 0 3.26129e+07 0 3.98602e+07 3.26129e+07 1.80275e+07 3.29423e+06 0.00562355 -0.00144785 -0.00419971 0.00631347 0.0661875
73 10 0 -0.498024 0.230321 -0.00115741 0.00119925 2.17e+07 9.05415e+07 4.09489e+07 7.48277e+06 0 7.40794e+07 0 9.05415e+07 7.40794e+07 4.09489e+07 7.48277e+06 0.0025427 0.000573581 -0.0022669 0.00493272 0.0832733
65 10 1 -0.376499 0.458363 -0.00126355 0.00212465 3.82342e+07 1.59529e+08 7.21498e+07 1.31842e+07 0 1.30524e+08 0 1.59529e+08 1.30524e+08 7.21498e+07 1.31842e+07 0.00164671 -0.00119223 -0.00089659 0.00351304 0.0698822
74 10 2 -0.58745 0.456254 -0.0016867 0.00183691 3.17385e+07 1.32426e+08 5.9892e+07 1.09443e+07 0 1.08349e+08 0 1.32426e+08 1.08349e+08 5.9892e+07 1.09443e+07 0.00193271 0.00269279 -0.00218665 0.00323633 0.068641
44 11 0 0.204316 0.754514 0.00151502 0.00393487 1.15555e+07 4.82144e+07 2.18058e+07 3.98466e+06 0 3.94482e+07 0 4.82144e+07 3.94482e+07 2.18058e+07 3.98466e+06 0.00398936 -0.00314055 0.002564 0.00835127 0.0575913
39 11 1 0.350795 0.951654 0.00195011 0.00441052 2.90479e+07 1.212e+08 5.48147e+07 1.00165e+07 0 9.91635e+07 0 1.212e+08 9.91635e+07 5.48147e+07 1.00165e+07 0.00256267 -0.00326509 -0.000260902 0.00392581 0.0515584
50 11 2 0.0794586 0.99496 0.0011583 0.00565827 2.80184e+07 1.16904e+08 5.2872e+07 9.66152e+06 0 9.56491e+07 0 1.16904e+08 9.56491e+07 5.2872e+07 9.66152e+06 0.00221979 -0.0026348 -0.0012052 0.000182119 0.0503256
69 12 0 -0.414958 0.875891 -0.00105466 0.00407059 3.47237e+07 1.44882e+08 6.55252e+07 1.19737e+07 0 1.1854e+08 0 1.44882e+08 1.1854e+08 6.55252e+07 1.19737e+07 0.000841232 -0.00502855 0.0042909 0.00358439 0.0531482
77 12 1 -0.660952 0.891207 -0.00182867 0.00450017 3.09655e+06 1.29201e+07 5.84333e+06 1.06778e+06 0 1.0571e+07 0 1.29201e+07 1.0571e+07 5.84333e+06 1.06778e+06 0.0149386 0.00230062 0.00171421 0.0157477 0.0526537
71 12 2 -0.503011 0.674657 -0.00183012 0.00306704 2.04579e+07 8.53589e+07 3.8605e+07 7.05445e+06 0 6.98391e+07 0 8.53589e+07 6.98391e+07 3.8605e+07 7.05445e+06 0.00319034 0.00474714 0.00180107 0.00519349 0.0595442
77 13 0 -0.660952 0.891207 -0.00182867 0.00450017 3.09655e+06 1.29201e+07 5.84333e+06 1.06778e+06 0 1.0571e+07 0 1.29201e+07 1.0571e+07 5.84333e+06 1.06778e+06 0.0149386 0.00230062 0.00171421 0.0157477 0.0526537
69 13 1 -0.414958 0.875891 -0.00105466 0.00407059 3.47237e+07 1.44882e+08 6.55252e+07 1.19737e+07 0 1.1854e+08 0 1.44882e+08 1.1854e+08 6.55252e+07 1.19737e+07 0.000841232 -0.00502855 0.0042909 0.00358439 0.0531482
70 13 2 -0.540277 1.0839 -0.000799704 0.00555592 2.49812e+07 1.04232e+08 4.71407e+07 8.61422e+06 0 8.52808e+07 0 1.04232e+08 8.52808e+07 4.71407e+07 8.61422e+06 0.00249204 -0.00457398 0.00534261 0.00457505 0.0484574
90 14 0 -1.07598 0.638554 -0.0035959 0.00234137 3.42363e+07 1.42848e+08 6.46055e+07 1.18056e+07 0 1.16876e+08 0 1.42848e+08 1.16876e+08 6.46055e+07 1.18056e+07 0.00303039 0.00161 -0.000831083 0.00123125 0.0588455
84 14 1 -0.894441 0.642728 -0.00324899 0.00248728 5.06906e+07 2.11502e+08 9.56555e+07 1.74795e+07 0 1.73047e+08 0 2.11502e+08 1.73047e+08 9.56555e+07 1.74795e+07 0.000682763 0.0010995 -0.00195825 0.00219883 0.0591988
83 14 2 -0.930158 0.8772 -0.00422405 0.00377374 1.09201e+07 4.55634e+07 2.06068e+07 3.76557e+06 0 3.72791e+07 0 4.55634e+07 3.72791e+07 2.06068e+07 3.76557e+06 0.002726 0.00166605 0.000808789 0.011738 0.0532545
91 15 0 -1.29247 0.582414 -0.00413823 0.00159352 1.88086e+07 7.84771e+07 3.54926e+07 6.48571e+06 0 6.42085e+07 0 7.84771e+07 6.42085e+07 3.54926e+07 6.48571e+06 0.00400991 0.00211537 -0.000728491 0.00470995 0.0603523
90 15 1 -1.07598 0.638554 -0.0035959 0.00234137 3.42363e+07 1.42848e+08 6.46055e+07 1.18056e+07 0 1.16876e+08 0 1.42848e+08 1.16876e+08 6.46055e+07 1.18056e+07 0.00303039 0.00161 -0.000831083 0.00123125 0.0588455
86 15 2 -1.24561 0.727025 -0.00442665 0.00213923 3.78085e+07 1.57753e+08 7.13464e+07 1.30374e+07 0 1.2907e+08 0 1.57753e+08 1.2907e+08 7.13464e+07 1.30374e+07 0.00148923 0.00239747 -0.00928343 0.00188281 0.0573284
91 16 0 -1.29247 0.582414 -0.00413823 0.00159352 1.88086e+07 7.84771e+07 3.54926e+07 6.48571e+06 0 6.42085e+07 0 7.84771e+07 6.42085e+07 3.54926e+07 6.48571e+06 0.00400991 0.00211537 -0.000728491 0.00470995 0.0603523
94 16 1 -1.29507 0.416161 -0.00381062 0.000907683 3.24436e+07 1.35368e+08 6.12226e+07 1.11875e+07 0 1.10756e+08 0 1.35368e+08 1.10756e+08 6.12226e+07 1.11875e+07 0.00181736 -0.00065176 -0.00212028 0.000800782 0.0640543
93 16 2 -1.12259 0.377047 -0.00314514 0.00104869 1.54514e+07 6.44695e+07 2.91574e+07 5.32806e+06 0 5.27478e+07 0 6.44695e+07 5.27478e+07 2.91574e+07 5.32806e+06 0.00428962 0.00420111 -0.0020775 0.00582093 0.0660423
64 17 0 -0.276286 0.236085 -0.000766545 0.00108903 3.23642e+07 1.35037e+08 6.10727e+07 1.11601e+07 0 1.10485e+08 0 1.35037e+08 1.10485e+08 6.10727e+07 1.11601e+07 0.000803877 -0.000692932 -0.00276531 0.00516461 0.0844839
73 17 1 -0.498024 0.230321 -0.00115741 0.00119925 2.17e+07 9.05415e+07 4.09489e+07 7.48277e+06 0 7.40794e+07 0 9.05415e+07 7.40794e+07 4.09489e+07 7.48277e+06 0.0025427 0.000573581 -0.0022669 0.00493272 0.0832733
63 17 2 -0.4 3.63134e-24 -2.17896e-27 3.57978e-26 2.61974e+07 1.09307e+08 4.94357e+07 9.0336e+06 0 8.94326e+07 0 1.09307e+08 8.94326e+07 4.94357e+07 9.0336e+06 -1.61923e-26 -6.03431e-25 -0.00539943 0.00573911 0.103894
74 18 0 -0.58745 0.456254 -0.0016867 0.00183691 3.17385e+07 1.32426e+08 5.9892e+07 1.09443e+07 0 1.08349e+08 0 1.32426e+08 1.08349e+08 5.9892e+07 1.09443e+07 0.00193271 0.00269279 -0.00218665 0.00323633 0.068641
82 18 1 -0.729147 0.243972 -0.00164642 0.000887744 5.14498e+07 2.1467e+08 9.70882e+07 1.77413e+07 0 1.75639e+08 0 2.1467e+08 1.75639e+08 9.70882e+07 1.77413e+07 0.00121347 0.00164599 -0.00306565 0.00171499 0.079171
73 18 2 -0.498024 0.230321 -0.00115741 0.00119925 2.17e+07 9.05415e+07 4.09489e+07 7.48277e+06 0 7.40794e+07 0 9.05415e+07 7.40794e+07 4.09489e+07 7.48277e+06 0.0025427 0.000573581 -0.0022669 0.00493272 0.0832733
84 19 0 -0.894441 0.642728 -0.00324899 0.00248728 5.06906e+07 2.11502e+08 9.56555e+07 1.74795e+07 0 1.73047e+08 0 2.11502e+08 1.73047e+08 9.56555e+07 1.74795e+07 0.000682763 0.0010995 -0.00195825 0.00219883 0.0591988
80 19 1 -0.762738 0.476441 -0.0023592 0.00169241 9.55327e+06 3.98602e+07 1.80275e+07 3.29423e+06 0 3.26129e+07 0 3.98602e+07 3.26129e+07 1.80275e+07 3.29423e+06 0.00562355 -0.00144785 -0.00419971 0.00631347 0.0661875
78 19 2 -0.717272 0.687144 -0.00278888 0.00262941 1.58063e+07 6.59506e+07 2.98273e+07 5.45046e+06 0 5.39595e+07 0 6.59506e+07 5.39595e+07 2.98273e+07 5.45046e+06 0.00571355 -0.000170804 -0.0025823 0.00323715 0.0583857
83 20 0 -0.930158 0.8772 -0.00422405 0.00377374 1.09201e+07 4.55634e+07 2.06068e+07 3.76557e+06 0 3.72791e+07 0 4.55634e+07 3.72791e+07 2.06068e+07 3.76557e+06 0.002726 0.00166605 0.000808789 0.011738 0.0532545
84 20 1 -0.894441 0.642728 -0.00324899 0.00248728 5.06906e+07 2.11502e+08 9.56555e+07 1.74795e+07 0 1.73047e+08 0 2.11502e+08 1.73047e+08 9.56555e+07 1.74795e+07 0.000682763 0.0010995 -0.00195825 0.00219883 0.0591988
78 20 2 -0.717272 0.687144 -0.00278888 0.00262941 1.58063e+07 6.59506e+07 2.98273e+07 5.45046e+06 0 5.39595e+07 0 6.59506e+07 5.39595e+07 2.98273e+07 5.45046e+06 0.00571355 -0.000170804 -0.0025823 0.00323715 0.0583857
90 21 0 -1.07598 0.638554 -0.0035959 0.00234137 3.42363e+07 1.42848e+08 6.46055e+07 1.18056e+07 0 1.16876e+08 0 1.42848e+08 1.16876e+08 6.46055e+07 1.18056e+07 0.00303039 0.00161 -0.000831083 0.00123125 0.0588455
93 21 1 -1.12259 0.377047 -0.00314514 0.00104869 1.54514e+07 6.44695e+07 2.91574e+07 5.32806e+06 0 5.27478e+07 0 6.44695e+07 5.27478e+07 2.91574e+07 5.32806e+06 0.00428962 0.00420111 -0.0020775 0.00582093 0.0660423
88 21 2 -0.930614 0.421967 -0.00266734 0.00173606 2.99458e+07 1.24946e+08 5.65091e+07 1.03261e+07 0 1.02229e+08 0 1.24946e+08 1.02229e+08 5.65091e+07 1.03261e+07 0.00130859 -0.000960306 -0.00363754 0.00458401 0.0667273
93 22 0 -1.12259 0.377047 -0.00314514 0.00104869 1.54514e+07 6.44695e+07 2.91574e+07 5.32806e+06 0 5.27478e+07 0 6.44695e+07 5.27478e+07 2.91574e+07 5.32806e+06 0.00428962 0.00420111 -0.0020775 0.00582093 0.0660423
94 22 1 -1.29507 0.416161 -0.00381062 0.000907683 3.24436e+07 1.35368e+08 6.12226e+07 1.11875e+07 0 1.10756e+08 0 1.35368e+08 1.10756e+08 6.12226e+07 1.11875e+07 0.00181736 -0.00065176 -0.00212028 0.000800782 0.0640543
95 22 2 -1.29434 0.249889 -0.00485116 -0.000230804 3.7471e+06 1.56345e+07 7.07095e+06 1.2921e+06 0 1.27918e+07 0 1.56345e+07 1.27918e+07 7.07095e+06 1.2921e+06 0.00867874 -0.00300786 0.0146824 0.0128775 0.067552
88 23 0 -0.930614 0.421967 -0.00266734 0.00173606 2.99458e+07 1.24946e+08 5.65091e+07 1.03261e+07 0 1.02229e+08 0 1.24946e+08 1.02229e+08 5.65091e+07 1.03261e+07 0.00130859 -0.000960306 -0.00363754 0.00458401 0.0667273
93 23 1 -1.12259 0.377047 -0.00314514 0.00104869 1.54514e+07 6.44695e+07 2.91574e+07 5.32806e+06 0 5.27478e+07 0 6.44695e+07 5.27478e+07 2.91574e+07 5.32806e+06 0.00428962 0.00420111 -0.0020775 0.00582093 0.0660423
89 23 2 -0.951362 0.201127 -0.00198133 0.000897616 2.44938e+07 1.02198e+08 4.62209e+07 8.44614e+06 0 8.36168e+07 0 1.02198e+08 8.36168e+07 4.62209e+07 8.44614e+06 0.00275211 0.00077863 -0.00247503 0.00388242 0.0767365
82 24 0 -0.729147 0.243972 -0.00164642 0.000887744 5.14498e+07 2.1467e+08 9.70882e+07 1.77413e+07 0 1.75639e+08 0 2.1467e+08 1.75639e+08 9.70882e+07 1.77413e+07 0.00121347 0.00164599 -0.00306565 0.00171499 0.079171
88 24 1 -0.930614 0.421967 -0.00266734 0.00173606 2.99458e+07 1.24946e+08 5.65091e+07 1.03261e+07 0 1.02229e+08 0 1.24946e+08 1.02229e+08 5.65091e+07 1.03261e+07 0.00130859 -0.000960306 -0.00363754 0.00458401 0.0667273
89 24 2 -0.951362 0.201127 -0.00198133 0.000897616 2.44938e+07 1.02198e+08 4.62209e+07 8.44614e+06 0 8.36168e+07 0 1.02198e+08 8.36168e+07 4.62209e+07 8.44614e+06 0.00275211 0.00077863 -0.00247503 0.00388242 0.0767365
80 25 0 -0.762738 0.476441 -0.0023592 0.00169241 9.55327e+06 3.98602e+07 1.80275e+07 3.29423e+06 0 3.26129e+07 0 3.98602e+07 3.26129e+07 1.80275e+07 3.29423e+06 0.00562355 -0.00144785 -0.00419971 0.00631347 0.0661875
84 25 1 -0.894441 0.642728 -0.00324899 0.00248728 5.06906e+07 2.11502e+08 9.56555e+07 1.74795e+07 0 1.73047e+08 0 2.11502e+08 1.73047e+08 9.56555e+07 1.74795e+07 0.000682763 0.0010995 -0.00195825 0.00219883 0.0591988
88 25 2 -0.930614 0.421967 -0.00266734 0.00173606 2.99458e+07 1.24946e+08 5.65091e+07 1.03261e+07 0 1.02229e+08 0 1.24946e+08 1.02229e+08 5.65091e+07 1.03261e+07 0.00130859 -0.000960306 -0.00363754 0.00458401 0.0667273
90 26 0 -1.07598 0.638554 -0.0035959 0.00234137 3.42363e+07 1.42848e+08 6.46055e+07 1.18056e+07 0 1.16876e+08 0 1.42848e+08 1.16876e+08 6.46055e+07 1.18056e+07 0.00303039 0.00161 -0.000831083 0.00123125 0.0588455
91 26 1 -1.29247 0.582414 -0.00413823 0.00159352 1.88086e+07 7.84771e+07 3.54926e+07 6.48571e+06 0 6.42085e+07 0 7.84771e+07 6.42085e+07 3.54926e+07 6.48571e+06 0.00400991 0.00211537 -0.000728491 0.00470995 0.0603523
93 26 2 -1.12259 0.377047 -0.00314514 0.00104869 1.54514e+07 6.44695e+07 2.91574e+07 5.32806e+06 0 5.27478e+07 0 6.44695e+07 5.27478e+07 2.91574e+07 5.32806e+06 0.00428962 0.00420111 -0.0020775 0.00582093 0.0660423
81 27 0 -0.8 3.61703e-24 -4.79512e-27 3.49435e-26 2.07465e+07 8.65629e+07 3.91495e+07 7.15396e+06 0 7.08242e+07 0 8.65629e+07 7.08242e+07 3.91495e+07 7.15396e+06 1.08299e-26 6.92699e-25 -0.0118146 0.0061565 0.097112
72 27 1 -0.6 3.56432e-24 -3.8083e-27 3.60247e-26 2.30705e+07 9.62595e+07 4.3535e+07 7.95533e+06 0 7.87578e+07 0 9.62595e+07 7.87578e+07 4.3535e+07 7.95533e+06 0.00104623 -0.00073052 -0.00923493 0.00604703 0.101478
82 27 2 -0.729147 0.243972 -0.00164642 0.000887744 5.14498e+07 2.1467e+08 9.70882e+07 1.77413e+07 0 1.75639e+08 0 2.1467e+08 1.75639e+08 9.70882e+07 1.77413e+07 0.00121347 0.00164599 -0.00306565 0.00171499 0.079171
64 28 0 -0.276286 0.236085 -0.000766545 0.00108903 3.23642e+07 1.35037e+08 6.10727e+07 1.11601e+07 0 1.10485e+08 0 1.35037e+08 1.10485e+08 6.10727e+07 1.11601e+07 0.000803877 -0.000692932 -0.00276531 0.00516461 0.0844839
63 28 1 -0.4 3.63134e-24 -2.17896e-27 3.57978e-26 2.61974e+07 1.09307e+08 4.94357e+07 9.0336e+06 0 8.94326e+07 0 1.09307e+08 8.94326e+07 4.94357e+07 9.0336e+06 -1.61923e-26 -6.03431e-25 -0.00539943 0.00573911 0.103894
54 28 2 -0.2 3.60331e-24 -1.81739e-27 4.03286e-26 4.49269e+07 1.87454e+08 8.47791e+07 1.5492e+07 0 1.53371e+08 0 1.87454e+08 1.53371e+08 8.47791e+07 1.5492e+07 -0.000205987 -0.000592406 -0.0035353 0.00364583 0.105181
62 29 0 -0.269862 0.685482 -0.0013815 0.00282542 3.66771e+07 1.53032e+08 6.92114e+07 1.26473e+07 0 1.25208e+08 0 1.53032e+08 1.25208e+08 6.92114e+07 1.26473e+07 0.000801021 -0.00331337 0.000393566 0.00313784 0.0597144
71 29 1 -0.503011 0.674657 -0.00183012 0.00306704 2.04579e+07 8.53589e+07 3.8605e+07 7.05445e+06 0 6.98391e+07 0 8.53589e+07 6.98391e+07 3.8605e+07 7.05445e+06 0.00319034 0.00474714 0.00180107 0.00519349 0.0595442
65 29 2 -0.376499 0.458363 -0.00126355 0.00212465 3.82342e+07 1.59529e+08 7.21498e+07 1.31842e+07 0 1.30524e+08 0 1.59529e+08 1.30524e+08 7.21498e+07 1.31842e+07 0.00164671 -0.00119223 -0.00089659 0.00351304 0.0698822
73 30 0 -0.498024 0.230321 -0.00115741 0.00119925 2.17e+07 9.05415e+07 4.09489e+07 7.48277e+06 0 7.40794e+07 0 9.05415e+07 7.40794e+07 4.09489e+07 7.48277e+06 0.0025427 0.000573581 -0.0022669 0.00493272 0.0832733
72 30 1 -0.6 3.56432e-24 -3.8083e-27 3.60247e-26 2.30705e+07 9.62595e+07 4.3535e+07 7.95533e+06 0 7.87578e+07 0 9.62595e+07 7.87578e+07 4.3535e+07 7.95533e+06 0.00104623 -0.00073052 -0.00923493 0.00604703 0.101478
63 30 2 -0.4 3.63134e-24 -2.17896e-27 3.57978e-26 2.61974e+07 1.09307e+08 4.94357e+07 9.0336e+06 0 8.94326e+07 0 1.09307e+08 8.94326e+07 4.94357e+07 9.0336e+06 -1.61923e-26 -6.03431e-25 -0.00539943 0.00573911 0.103894
56 31 0 -0.15239 0.477692 -0.000878961 0.00195003 3.5996e+07 1.5019e+08 6.79261e+07 1.24124e+07 0 1.22883e+08 0 1.5019e+08 1.22883e+08 6.79261e+07 1.24124e+07 0.00150019 -0.000654674 -0.0024761 0.00146558 0.069642
65 31 1 -0.376499 0.458363 -0.00126355 0.00212465 3.82342e+07 1.59529e+08 7.21498e+07 1.31842e+07 0 1.30524e+08 0 1.59529e+08 1.30524e+08 7.21498e+07 1.31842e+07 0.00164671 -0.00119223 -0.00089659 0.00351304 0.0698822
64 31 2 -0.276286 0.236085 -0.000766545 0.00108903 3.23642e+07 1.35037e+08 6.10727e+07 1.11601e+07 0 1.10485e+08 0 1.35037e+08 1.10485e+08 6.10727e+07 1.11601e+07 0.000803877 -0.000692932 -0.00276531 0.00516461 0.0844839
82 32 0 -0.729147 0.243972 -0.00164642 0.000887744 5.14498e+07 2.1467e+08 9.70882e+07 1.77413e+07 0 1.75639e+08 0 2.1467e+08 1.75639e+08 9.70882e+07 1.77413e+07 0.00121347 0.00164599 -0.00306565 0.00171499 0.079171
72 32 1 -0.6 3.56432e-24 -3.8083e-27 3.60247e-26 2.30705e+07 9.62595e+07 4.3535e+07 7.95533e+06 0 7.87578e+07 0 9.62595e+07 7.87578e+07 4.3535e+07 7.95533e+06 0.00104623 -0.00073052 -0.00923493 0.00604703 0.101478
73 32 2 -0.498024 0.230321 -0.00115741 0.00119925 2.17e+07 9.05415e+07 4.09489e+07 7.48277e+06 0 7.40794e+07 0 9.05415e+07 7.40794e+07 4.09489e+07 7.48277e+06 0.0025427 0.000573581 -0.0022669 0.00493272 0.0832733
83 33 0 -0.930158 0.8772 -0.00422405 0.00377374 1.09201e+07 4.55634e+07 2.06068e+07 3.76557e+06 0 3.72791e+07 0 4.55634e+07 3.72791e+07 2.06068e+07 3.76557e+06 0.002726 0.00166605 0.000808789 0.011738 0.0532545
85 33 1 -1.20102 0.872348 -0.00619909 0.00326878 4.04553e+06 1.68796e+07 7.6341e+06 1.39501e+06 0 1.38106e+07 0 1.68796e+07 1.38106e+07 7.6341e+06 1.39501e+06 0.0107943 0.00578149 -0.00645173 0.0233752 0.0544993
90 33 2 -1.07598 0.638554 -0.0035959 0.00234137 3.42363e+07 1.42848e+08 6.46055e+07 1.18056e+07 0 1.16876e+08 0 1.42848e+08 1.16876e+08 6.46055e+07 1.18056e+07 0.00303039 0.00161 -0.000831083 0.00123125 0.0588455
86 34 0 -1.24561 0.727025 -0.00442665 0.00213923 3.78085e+07 1.57753e+08 7.13464e+07 1.30374e+07 0 1.2907e+08 0 1.57753e+08 1.2907e+08 7.13464e+07 1.30374e+07 0.00148923 0.00239747 -0.00928343 0.00188281 0.0573284
90 34 1 -1.07598 0.638554 -0.0035959 0.00234137 3.42363e+07 1.42848e+08 6.46055e+07 1.18056e+07 0 1.16876e+08 0 1.42848e+08 1.16876e+08 6.46055e+07 1.18056e+07 0.00303039 0.00161 -0.000831083 0.00123125 0.0588455
85 34 2 -1.20102 0.872348 -0.00619909 0.00326878 4.04553e+06 1.68796e+07 7.6341e+06 1.39501e+06 0 1.38106e+07 0 1.68796e+07 1.38106e+07 7.6341e+06 1.39501e+06 0.0107943 0.00578149 -0.00645173 0.0233752 0.0544993
55 35 0 -0.0522479 0.255893 -0.000262958 0.00103279 1.31956e+07 5.50574e+07 2.49006e+07 4.55019e+06 0 4.50469e+07 0 5.50574e+07 4.50469e+07 2.49006e+07 4.55019e+06 0.00507588 -0.00111487 -0.000876861 0.00475613 0.083878
54 35 1 -0.2 3.60331e-24 -1.81739e-27 4.03286e-26 4.49269e+07 1.87454e+08 8.47791e+07 1.5492e+07 0 1.53371e+08 0 1.87454e+08 1.53371e+08 8.47791e+07 1.5492e+07 -0.000205987 -0.000592406 -0.0035353 0.00364583 0.105181
45 35 2 -1.07623e-16 3.52065e-24 8.46068e-30 2.83397e-26 3.37916e+07 1.40992e+08 6.37662e+07 1.16523e+07 0 1.15357e+08 0 1.40992e+08 1.15357e+08 6.37662e+07 1.16523e+07 4.45039e-26 6.27779e-25 0.000270859 0.00354918 0.105655
48 36 0 0.0717465 0.519105 8.94363e-05 0.00209496 1.35559e+07 5.65608e+07 2.55806e+07 4.67444e+06 0 4.6277e+07 0 5.65608e+07 4.6277e+07 2.55806e+07 4.67444e+06 0.00710722 0.00394739 0.00185588 0.00492588 0.0678616
55 36 1 -0.0522479 0.255893 -0.000262958 0.00103279 1.31956e+07 5.50574e+07 2.49006e+07 4.55019e+06 0 4.50469e+07 0 5.50574e+07 4.50469e+07 2.49006e+07 4.55019e+06 0.00507588 -0.00111487 -0.000876861 0.00475613 0.083878
46 36 2 0.188048 0.352228 0.000639812 0.00133151 2.29023e+07 9.5558e+07 4.32177e+07 7.89735e+06 0 7.81838e+07 0 9.5558e+07 7.81838e+07 4.32177e+07 7.89735e+06 0.00314583 -0.000133143 0.000522975 0.00403391 0.0776857
35 37 0 0.422057 0.371828 0.00126531 0.00167569 3.43398e+07 1.4328e+08 6.48007e+07 1.18413e+07 0 1.17229e+08 0 1.4328e+08 1.17229e+08 6.48007e+07 1.18413e+07 0.00218329 0.00159248 0.00256834 0.00333306 0.0751911
38 37 1 0.318397 0.554773 0.00137467 0.00241442 1.94728e+07 8.12484e+07 3.6746e+07 6.71474e+06 0 6.6476e+07 0 8.12484e+07 6.6476e+07 3.6746e+07 6.71474e+06 0.00328951 0.0012934 0.00299861 0.00581801 0.0658474
46 37 2 0.188048 0.352228 0.000639812 0.00133151 2.29023e+07 9.5558e+07 4.32177e+07 7.89735e+06 0 7.81838e+07 0 9.5558e+07 7.81838e+07 4.32177e+07 7.89735e+06 0.00314583 -0.000133143 0.000522975 0.00403391 0.0776857
53 38 0 -0.0334675 0.726784 -0.000440409 0.00355051 2.87422e+06 1.19924e+07 5.42378e+06 991110 0 9.81199e+06 0 1.19924e+07 9.81199e+06 5.42378e+06 991110 0.0102026 0.00798453 0.00789713 0.0132843 0.0584951
62 38 1 -0.269862 0.685482 -0.0013815 0.00282542 3.66771e+07 1.53032e+08 6.92114e+07 1.26473e+07 0 1.25208e+08 0 1.53032e+08 1.25208e+08 6.92114e+07 1.26473e+07 0.000801021 -0.00331337 0.000393566 0.00313784 0.0597144
56 38 2 -0.15239 0.477692 -0.000878961 0.00195003 3.5996e+07 1.5019e+08 6.79261e+07 1.24124e+07 0 1.22883e+08 0 1.5019e+08 1.22883e+08 6.79261e+07 1.24124e+07 0.00150019 -0.000654674 -0.0024761 0.00146558 0.069642
71 39 0 -0.503011 0.674657 -0.00183012 0.00306704 2.04579e+07 8.53589e+07 3.8605e+07 7.05445e+06 0 6.98391e+07 0 8.53589e+07 6.98391e+07 3.8605e+07 7.05445e+06 0.00319034 0.00474714 0.00180107 0.00519349 0.0595442
62 39 1 -0.269862 0.685482 -0.0013815 0.00282542 3.66771e+07 1.53032e+08 6.92114e+07 1.26473e+07 0 1.25208e+08 0 1.53032e+08 1.25208e+08 6.92114e+07 1.26473e+07 0.000801021 -0.00331337 0.000393566 0.00313784 0.0597144
69 39 2 -0.414958 0.875891 -0.00105466 0.00407059 3.47237e+07 1.44882e+08 6.55252e+07 1.19737e+07 0 1.1854e+08 0 1.44882e+08 1.1854e+08 6.55252e+07 1.19737e+07 0.000841232 -0.00502855 0.0042909 0.00358439 0.0531482
80 40 0 -0.762738 0.476441 -0.0023592 0.00169241 9.55327e+06 3.98602e+07 1.80275e+07 3.29423e+06 0 3.26129e+07 0 3.98602e+07 3.26129e+07 1.80275e+07 3.29423e+06 0.00562355 -0.00144785 -0.00419971 0.00631347 0.0661875
74 40 1 -0.58745 0.456254 -0.0016867 0.00183691 3.17385e+07 1.32426e+08 5.9892e+07 1.09443e+07 0 1.08349e+08 0 1.32426e+08 1.08349e+08 5.9892e+07 1.09443e+07 0.00193271 0.00269279 -0.00218665 0.00323633 0.068641
78 40 2 -0.717272 0.687144 -0.00278888 0.00262941 1.58063e+07 6.59506e+07 2.98273e+07 5.45046e+06 0 5.39595e+07 0 6.59506e+07 5.39595e+07 2.98273e+07 5.45046e+06 0.00571355 -0.000170804 -0.0025823 0.00323715 0.0583857
65 41 0 -0.376499 0.458363 -0.00126355 0.00212465 3.82342e+07 1.59529e+08 7.21498e+07 1.31842e+07 0 1.30524e+08 0 1.59529e+08 1.30524e+08 7.21498e+07 1.31842e+07 0.00164671 -0.00119223 -0.00089659 0.00351304 0.0698822
56 41 1 -0.15239 0.477692 -0.000878961 0.00195003 3.5996e+07 1.5019e+08 6.79261e+07 1.24124e+07 0 1.22883e+08 0 1.5019e+08 1.22883e+08 6.79261e+07 1.24124e+07 0.00150019 -0.000654674 -0.0024761 0.00146558 0.069642
62 41 2 -0.269862 0.685482 -0.0013815 0.00282542 3.66771e+07 1.53032e+08 6.92114e+07 1.26473e+07 0 1.25208e+08 0 1.53032e+08 1.25208e+08 6.92114e+07 1.26473e+07 0.000801021 -0.00331337 0.000393566 0.00313784 0.0597144
78 42 0 -0.717272 0.687144 -0.00278888 0.00262941 1.58063e+07 6.59506e+07 2.98273e+07 5.45046e+06 0 5.39595e+07 0 6.59506e+07 5.39595e+07 2.98273e+07 5.45046e+06 0.00571355 -0.000170804 -0.0025823 0.00323715 0.0583857
74 42 1 -0.58745 0.456254 -0.0016867 0.00183691 3.17385e+07 1.32426e+08 5.9892e+07 1.09443e+07 0 1.08349e+08 0 1.32426e+08 1.08349e+08 5.9892e+07 1.09443e+07 0.00193271 0.00269279 -0.00218665 0.00323633 0.068641
71 42 2 -0.503011 0.674657 -0.00183012 0.00306704 2.04579e+07 8.53589e+07 3.8605e+07 7.05445e+06 0 6.98391e+07 0 8.53589e+07 6.98391e+07 3.8605e+07 7.05445e+06 0.00319034 0.00474714 0.00180107 0.00519349 0.0595442
73 43 0 -0.498024 0.230321 -0.00115741 0.00119925 2.17e+07 9.05415e+07 4.09489e+07 7.48277e+06 0 7.40794e+07 0 9.05415e+07 7.40794e+07 4.09489e+07 7.48277e+06 0.0025427 0.000573581 -0.0022669 0.00493272 0.0832733
64 43 1 -0.276286 0.236085 -0.000766545 0.00108903 3.23642e+07 1.35037e+08 6.10727e+07 1.11601e+07 0 1.10485e+08 0 1.35037e+08 1.10485e+08 6.10727e+07 1.11601e+07 0.000803877 -0.000692932 -0.00276531 0.00516461 0.0844839
65 43 2 -0.376499 0.458363 -0.00126355 0.00212465 3.82342e+07 1.59529e+08 7.21498e+07 1.31842e+07 0 1.30524e+08 0 1.59529e+08 1.30524e+08 7.21498e+07 1.31842e+07 0.00164671 -0.00119223 -0.00089659 0.00351304 0.0698822
48 44 0 0.0717465 0.519105 8.94363e-05 0.00209496 1.35559e+07 5.65608e+07 2.55806e+07 4.67444e+06 0 4.6277e+07 0 5.65608e+07 4.6277e+07 2.55806e+07 4.67444e+06 0.00710722 0.00394739 0.00185588 0.00492588 0.0678616
56 44 1 -0.15239 0.477692 -0.000878961 0.00195003 3.5996e+07 1.5019e+08 6.79261e+07 1.24124e+07 0 1.22883e+08 0 1.5019e+08 1.22883e+08 6.79261e+07 1.24124e+07 0.00150019 -0.000654674 -0.0024761 0.00146558 0.069642
55 44 2 -0.0522479 0.255893 -0.000262958 0.00103279 1.31956e+07 5.50574e+07 2.49006e+07 4.55019e+06 0 4.50469e+07 0 5.50574e+07 4.50469e+07 2.49006e+07 4.55019e+06 0.00507588 -0.00111487 -0.000876861 0.00475613 0.083878
48 45 0 0.0717465 0.519105 8.94363e-05 0.00209496 1.35559e+07 5.65608e+07 2.55806e+07 4.67444e+06 0 4.6277e+07 0 5.65608e+07 4.6277e+07 2.55806e+07 4.67444e+06 0.00710722 0.00394739 0.00185588 0.00492588 0.0678616
53 45 1 -0.0334675 0.726784 -0.000440409 0.00355051 2.87422e+06 1.19924e+07 5.42378e+06 991110 0 9.81199e+06 0 1.19924e+07 9.81199e+06 5.42378e+06 991110 0.0102026 0.00798453 0.00789713 0.0132843 0.0584951
56 45 2 -0.15239 0.477692 -0.000878961 0.00195003 3.5996e+07 1.5019e+08 6.79261e+07 1.24124e+07 0 1.22883e+08 0 1.5019e+08 1.22883e+08 6.79261e+07 1.24124e+07 0.00150019 -0.000654674 -0.0024761 0.00146558 0.069642
54 46 0 -0.2 3.60331e-24 -1.81739e-27 4.03286e-26 4.49269e+07 1.87454e+08 8.47791e+07 1.5492e+07 0 1.53371e+08 0 1.87454e+08 1.53371e+08 8.47791e+07 1.5492e+07 -0.000205987 -0.000592406 -0.0035353 0.00364583 0.105181
55 46 1 -0.0522479 0.255893 -0.000262958 0.00103279 1.31956e+07 5.50574e+07 2.49006e+07 4.55019e+06 0 4.50469e+07 0 5.50574e+07 4.50469e+07 2.49006e+07 4.55019e+06 0.00507588 -0.00111487 -0.000876861 0.00475613 0.083878
64 46 2 -0.276286 0.236085 -0.000766545 0.00108903 3.23642e+07 1.35037e+08 6.10727e+07 1.11601e+07 0 1.10485e+08 0 1.35037e+08 1.10485e+08 6.10727e+07 1.11601e+07 0.000803877 -0.000692932 -0.00276531 0.00516461 0.0844839
67 47 0 -0.6093 1.30048 -0.000656295 0.00710222 1.50001e+07 6.25866e+07 2.83058e+07 5.17244e+06 0 5.12072e+07 0 6.25866e+07 5.12072e+07 2.83058e+07 5.17244e+06 0.0058778 -0.0105758 -0.002145 0.00560509 0.0456271
60 47 1 -0.363478 1.25137 3.2815e-05 0.00583841 4.90872e+07 2.04812e+08 9.26298e+07 1.69266e+07 0 1.67574e+08 0 2.04812e+08 1.67574e+08 9.26298e+07 1.69266e+07 0.00106698 -0.00042194 0.000768748 0.00203743 0.0455319
58 47 2 -0.417948 1.44422 0.000116505 0.00668999 1.8024e+07 7.52038e+07 3.40122e+07 6.21519e+06 0 6.15304e+07 0 7.52038e+07 6.15304e+07 3.40122e+07 6.21519e+06 0.00310861 -0.00249644 0.00269465 0.00717578 0.0437449
76 48 0 -1.05202 1.13505 -0.00339029 0.00762477 7.67124e+06 3.20076e+07 1.4476e+07 2.64525e+06 0 2.6188e+07 0 3.20076e+07 2.6188e+07 1.4476e+07 2.64525e+06 0.0109991 -0.0113407 0.0154755 0.012941 0.0498595
83 48 1 -0.930158 0.8772 -0.00422405 0.00377374 1.09201e+07 4.55634e+07 2.06068e+07 3.76557e+06 0 3.72791e+07 0 4.55634e+07 3.72791e+07 2.06068e+07 3.76557e+06 0.002726 0.00166605 0.000808789 0.011738 0.0532545
75 48 2 -0.790597 1.11326 -0.00197308 0.00671091 9.46669e+06 3.94989e+07 1.78641e+07 3.26437e+06 0 3.23173e+07 0 3.94989e+07 3.23173e+07 1.78641e+07 3.26437e+06 0.00476384 0.000320893 0.00297331 0.00676766 0.0486402
69 49 0 -0.414958 0.875891 -0.00105466 0.00407059 3.47237e+07 1.44882e+08 6.55252e+07 1.19737e+07 0 1.1854e+08 0 1.44882e+08 1.1854e+08 6.55252e+07 1.19737e+07 0.000841232 -0.00502855 0.0042909 0.00358439 0.0531482
61 49 1 -0.321807 1.05554 -0.000305517 0.00498636 1.70091e+07 7.09689e+07 3.20969e+07 5.8652e+06 0 5.80654e+07 0 7.09689e+07 5.80654e+07 3.20969e+07 5.8652e+06 0.00345347 0.00135137 0.00364843 0.00686212 0.048802
70 49 2 -0.540277 1.0839 -0.000799704 0.00555592 2.49812e+07 1.04232e+08 4.71407e+07 8.61422e+06 0 8.52808e+07 0 1.04232e+08 8.52808e+07 4.71407e+07 8.61422e+06 0.00249204 -0.00457398 0.00534261 0.00457505 0.0484574
83 50 0 -0.930158 0.8772 -0.00422405 0.00377374 1.09201e+07 4.55634e+07 2.06068e+07 3.76557e+06 0 3.72791e+07 0 4.55634e+07 3.72791e+07 2.06068e+07 3.76557e+06 0.002726 0.00166605 0.000808789 0.011738 0.0532545
79 50 1 -1.12652 1.0037 -0.00551854 0.00610829 5.85838e+06 2.44436e+07 1.1055e+07 2.02013e+06 0 1.99993e+07 0 2.44436e+07 1.99993e+07 1.1055e+07 2.02013e+06 0.0108967 -0.00277962 0.0045119 0.0181581 0.0521794
85 50 2 -1.20102 0.872348 -0.00619909 0.00326878 4.04553e+06 1.68796e+07 7.6341e+06 1.39501e+06 0 1.38106e+07 0 1.68796e+07 1.38106e+07 7.6341e+06 1.39501e+06 0.0107943 0.00578149 -0.00645173 0.0233752 0.0544993
77 51 0 -0.660952 0.891207 -0.00182867 0.00450017 3.09655e+06 1.29201e+07 5.84333e+06 1.06778e+06 0 1.0571e+07 0 1.29201e+07 1.0571e+07 5.84333e+06 1.06778e+06 0.0149386 0.00230062 0.00171421 0.0157477 0.0526537
83 51 1 -0.930158 0.8772 -0.00422405 0.00377374 1.09201e+07 4.55634e+07 2.06068e+07 3.76557e+06 0 3.72791e+07 0 4.55634e+07 3.72791e+07 2.06068e+07 3.76557e+06 0.002726 0.00166605 0.000808789 0.011738 0.0532545
78 51 2 -0.717272 0.687144 -0.00278888 0.00262941 1.58063e+07 6.59506e+07 2.98273e+07 5.45046e+06 0 5.39595e+07 0 6.59506e+07 5.39595e+07 2.98273e+07 5.45046e+06 0.00571355 -0.000170804 -0.0025823 0.00323715 0.0583857
71 52 0 -0.503011 0.674657 -0.00183012 0.00306704 2.04579e+07 8.53589e+07 3.8605e+07 7.05445e+06 0 6.98391e+07 0 8.53589e+07 6.98391e+07 3.8605e+07 7.05445e+06 0.00319034 0.00474714 0.00180107 0.00519349 0.0595442
77 52 1 -0.660952 0.891207 -0.00182867 0.00450017 3.09655e+06 1.29201e+07 5.84333e+06 1.06778e+06 0 1.0571e+07 0 1.29201e+07 1.0571e+07 5.84333e+06 1.06778e+06 0.0149386 0.00230062 0.00171421 0.0157477 0.0526537
78 52 2 -0.717272 0.687144 -0.00278888 0.00262941 1.58063e+07 6.59506e+07 2.98273e+07 5.45046e+06 0 5.39595e+07 0 6.59506e+07 5.39595e+07 2.98273e+07 5.45046e+06 0.00571355 -0.000170804 -0.0025823 0.00323715 0.0583857
75 53 0 -0.790597 1.11326 -0.00197308 0.00671091 9.46669e+06 3.94989e+07 1.78641e+07 3.26437e+06 0 3.23173e+07 0 3.94989e+07 3.23173e+07 1.78641e+07 3.26437e+06 0.00476384 0.000320893 0.00297331 0.00676766 0.0486402
68 53 1 -0.949903 1.25256 -0.00202257 0.00748927 5.75292e+07 2.40035e+08 1.0856e+08 1.98376e+07 0 1.96393e+08 0 2.40035e+08 1.96393e+08 1.0856e+08 1.98376e+07 0.000416407 -0.00303275 0.00224036 0.00130632 0.0479235
76 53 2 -1.05202 1.13505 -0.00339029 0.00762477 7.67124e+06 3.20076e+07 1.4476e+07 2.64525e+06 0 2.6188e+07 0 3.20076e+07 2.6188e+07 1.4476e+07 2.64525e+06 0.0109991 -0.0113407 0.0154755 0.012941 0.0498595
70 54 0 -0.540277 1.0839 -0.000799704 0.00555592 2.49812e+07 1.04232e+08 4.71407e+07 8.61422e+06 0 8.52808e+07 0 1.04232e+08 8.52808e+07 4.71407e+07 8.61422e+06 0.00249204 -0.00457398 0.00534261 0.00457505 0.0484574
75 54 1 -0.790597 1.11326 -0.00197308 0.00671091 9.46669e+06 3.94989e+07 1.78641e+07 3.26437e+06 0 3.23173e+07 0 3.94989e+07 3.23173e+07 1.78641e+07 3.26437e+06 0.00476384 0.000320893 0.00297331 0.00676766 0.0486402
77 54 2 -0.660952 0.891207 -0.00182867 0.00450017 3.09655e+06 1.29201e+07 5.84333e+06 1.06778e+06 0 1.0571e+07 0 1.29201e+07 1.0571e+07 5.84333e+06 1.06778e+06 0.0149386 0.00230062 0.00171421 0.0157477 0.0526537
70 55 0 -0.540277 1.0839 -0.000799704 0.00555592 2.49812e+07 1.04232e+08 4.71407e+07 8.61422e+06 0 8.52808e+07 0 1.04232e+08 8.52808e+07 4.71407e+07 8.61422e+06 0.00249204 -0.00457398 0.00534261 0.00457505 0.0484574
67 55 1 -0.6093 1.30048 -0.000656295 0.00710222 1.50001e+07 6.25866e+07 2.83058e+07 5.17244e+06 0 5.12072e+07 0 6.25866e+07 5.12072e+07 2.83058e+07 5.17244e+06 0.0058778 -0.0105758 -0.002145 0.00560509 0.0456271
75 55 2 -0.790597 1.11326 -0.00197308 0.00671091 9.46669e+06 3.94989e+07 1.78641e+07 3.26437e+06 0 3.23173e+07 0 3.94989e+07 3.23173e+07 1.78641e+07 3.26437e+06 0.00476384 0.000320893 0.00297331 0.00676766 0.0486402
76 56 0 -1.05202 1.13505 -0.00339029 0.00762477 7.67124e+06 3.20076e+07 1.4476e+07 2.64525e+06 0 2.6188e+07 0 3.20076e+07 2.6188e+07 1.4476e+07 2.64525e+06 0.0109991 -0.0113407 0.0154755 0.012941 0.0498595
79 56 1 -1.12652 1.0037 -0.00551854 0.00610829 5.85838e+06 2.44436e+07 1.1055e+07 2.02013e+06 0 1.99993e+07 0 2.44436e+07 1.99993e+07 1.1055e+07 2.02013e+06 0.0108967 -0.00277962 0.0045119 0.0181581 0.0521794
83 56 2 -0.930158 0.8772 -0.00422405 0.00377374 1.09201e+07 4.55634e+07 2.06068e+07 3.76557e+06 0 3.72791e+07 0 4.55634e+07 3.72791e+07 2.06068e+07 3.76557e+06 0.002726 0.00166605 0.000808789 0.011738 0.0532545
62 57 0 -0.269862 0.685482 -0.0013815 0.00282542 3.66771e+07 1.53032e+08 6.92114e+07 1.26473e+07 0 1.25208e+08 0 1.53032e+08 1.25208e+08 6.92114e+07 1.26473e+07 0.000801021 -0.00331337 0.000393566 0.00313784 0.0597144
53 57 1 -0.0334675 0.726784 -0.000440409 0.00355051 2.87422e+06 1.19924e+07 5.42378e+06 991110 0 9.81199e+06 0 1.19924e+07 9.81199e+06 5.42378e+06 991110 0.0102026 0.00798453 0.00789713 0.0132843 0.0584951
59 57 2 -0.166432 0.912192 -0.000177975 0.00436938 8.77709e+06 3.66217e+07 1.65628e+07 3.02658e+06 0 2.99632e+07 0 3.66217e+07 2.99632e+07 1.65628e+07 3.02658e+06 0.00668379 0.0101723 0.00704376 0.00856986 0.0522858
33 58 0 0.243655 1.44524 0.00195964 0.00664826 1.84247e+07 7.68757e+07 3.47683e+07 6.35336e+06 0 6.28983e+07 0 7.68757e+07 6.28983e+07 3.47683e+07 6.35336e+06 0.00330116 -0.00396374 0.00153779 0.00422694 0.0435631
43 58 1 0.0507597 1.28143 0.00113594 0.00652547 4.76134e+07 1.98663e+08 8.98486e+07 1.64184e+07 0 1.62542e+08 0 1.98663e+08 1.62542e+08 8.98486e+07 1.64184e+07 0.00140972 -0.00160155 0.00170832 0.00223701 0.0449883
40 58 2 0.269795 1.18649 0.0016046 0.00559046 2.2822e+07 9.52227e+07 4.30661e+07 7.86964e+06 0 7.79095e+07 0 9.52227e+07 7.79095e+07 4.30661e+07 7.86964e+06 0.00329718 -0.00159118 0.000644427 0.00372489 0.0466391
67 59 0 -0.6093 1.30048 -0.000656295 0.00710222 1.50001e+07 6.25866e+07 2.83058e+07 5.17244e+06 0 5.12072e+07 0 6.25866e+07 5.12072e+07 2.83058e+07 5.17244e+06 0.0058778 -0.0105758 -0.002145 0.00560509 0.0456271
66 59 1 -0.848964 1.37109 -0.00168126 0.00788574 2.63433e+07 1.09915e+08 4.9711e+07 9.08389e+06 0 8.99305e+07 0 1.09915e+08 8.99305e+07 4.9711e+07 9.08389e+06 0.00259312 0.00514662 0.000955819 0.00358331 0.0463213
75 59 2 -0.790597 1.11326 -0.00197308 0.00671091 9.46669e+06 3.94989e+07 1.78641e+07 3.26437e+06 0 3.23173e+07 0 3.94989e+07 3.23173e+07 1.78641e+07 3.26437e+06 0.00476384 0.000320893 0.00297331 0.00676766 0.0486402
38 60 0 0.318397 0.554773 0.00137467 0.00241442 1.94728e+07 8.12484e+07 3.6746e+07 6.71474e+06 0 6.6476e+07 0 8.12484e+07 6.6476e+07 3.6746e+07 6.71474e+06 0.00328951 0.0012934 0.00299861 0.00581801 0.0658474
35 60 1 0.422057 0.371828 0.00126531 0.00167569 3.43398e+07 1.4328e+08 6.48007e+07 1.18413e+07 0 1.17229e+08 0 1.4328e+08 1.17229e+08 6.48007e+07 1.18413e+07 0.00218329 0.00159248 0.00256834 0.00333306 0.0751911
27 60 2 0.574179 0.549706 0.00202513 0.00233091 2.6859e+07 1.12067e+08 5.06842e+07 9.26174e+06 0 9.16912e+07 0 1.12067e+08 9.16912e+07 5.06842e+07 9.26174e+06 0.00250443 -0.00229349 0.00181705 0.00369287 0.0650522
39 61 0 0.350795 0.951654 0.00195011 0.00441052 2.90479e+07 1.212e+08 5.48147e+07 1.00165e+07 0 9.91635e+07 0 1.212e+08 9.91635e+07 5.48147e+07 1.00165e+07 0.00256267 -0.00326509 -0.000260902 0.00392581 0.0515584
44 61 1 0.204316 0.754514 0.00151502 0.00393487 1.15555e+07 4.82144e+07 2.18058e+07 3.98466e+06 0 3.94482e+07 0 4.82144e+07 3.94482e+07 2.18058e+07 3.98466e+06 0.00398936 -0.00314055 0.002564 0.00835127 0.0575913
34 61 2 0.468744 0.744803 0.00214419 0.00329409 3.36983e+07 1.40603e+08 6.35903e+07 1.16201e+07 0 1.15039e+08 0 1.40603e+08 1.15039e+08 6.35903e+07 1.16201e+07 0.00146204 -0.00118836 0.00101119 0.00366774 0.057705
48 62 0 0.0717465 0.519105 8.94363e-05 0.00209496 1.35559e+07 5.65608e+07 2.55806e+07 4.67444e+06 0 4.6277e+07 0 5.65608e+07 4.6277e+07 2.55806e+07 4.67444e+06 0.00710722 0.00394739 0.00185588 0.00492588 0.0678616
46 62 1 0.188048 0.352228 0.000639812 0.00133151 2.29023e+07 9.5558e+07 4.32177e+07 7.89735e+06 0 7.81838e+07 0 9.5558e+07 7.81838e+07 4.32177e+07 7.89735e+06 0.00314583 -0.000133143 0.000522975 0.00403391 0.0776857
38 62 2 0.318397 0.554773 0.00137467 0.00241442 1.94728e+07 8.12484e+07 3.6746e+07 6.71474e+06 0 6.6476e+07 0 8.12484e+07 6.6476e+07 3.6746e+07 6.71474e+06 0.00328951 0.0012934 0.00299861 0.00581801 0.0658474
47 63 0 0.11245 0.166761 0.000240967 0.000620026 2.91227e+07 1.21512e+08 5.49558e+07 1.00423e+07 0 9.94187e+07 0 1.21512e+08 9.94187e+07 5.49558e+07 1.00423e+07 0.00216961 1.15331e-05 0.00200522 0.00378831 0.0913551
36 63 1 0.2 3.57653e-24 2.59109e-27 3.42566e-26 3.42821e+07 1.43039e+08 6.46919e+07 1.18214e+07 0 1.17032e+08 0 1.43039e+08 1.17032e+08 6.46919e+07 1.18214e+07 9.94422e-27 7.72686e-25 0.0029748 0.0044629 0.105373
37 63 2 0.309377 0.184494 0.000592219 0.000800579 4.12188e+07 1.71982e+08 7.77818e+07 1.42134e+07 0 1.40713e+08 0 1.71982e+08 1.40713e+08 7.77818e+07 1.42134e+07 0.000855231 0.00203313 0.00245756 0.00266916 0.0886845
55 64 0 -0.0522479 0.255893 -0.000262958 0.00103279 1.31956e+07 5.50574e+07 2.49006e+07 4.55019e+06 0 4.50469e+07 0 5.50574e+07 4.50469e+07 2.49006e+07 4.55019e+06 0.00507588 -0.00111487 -0.000876861 0.00475613 0.083878
47 64 1 0.11245 0.166761 0.000240967 0.000620026 2.91227e+07 1.21512e+08 5.49558e+07 1.00423e+07 0 9.94187e+07 0 1.21512e+08 9.94187e+07 5.49558e+07 1.00423e+07 0.00216961 1.15331e-05 0.00200522 0.00378831 0.0913551
46 64 2 0.188048 0.352228 0.000639812 0.00133151 2.29023e+07 9.5558e+07 4.32177e+07 7.89735e+06 0 7.81838e+07 0 9.5558e+07 7.81838e+07 4.32177e+07 7.89735e+06 0.00314583 -0.000133143 0.000522975 0.00403391 0.0776857
55 65 0 -0.0522479 0.255893 -0.000262958 0.00103279 1.31956e+07 5.50574e+07 2.49006e+07 4.55019e+06 0 4.50469e+07 0 5.50574e+07 4.50469e+07 2.49006e+07 4.55019e+06 0.00507588 -0.00111487 -0.000876861 0.00475613 0.083878
45 65 1 -1.07623e-16 3.52065e-24 8.46068e-30 2.83397e-26 3.37916e+07 1.40992e+08 6.37662e+07 1.16523e+07 0 1.15357e+08 0 1.40992e+08 1.15357e+08 6.37662e+07 1.16523e+07 4.45039e-26 6.27779e-25 0.000270859 0.00354918 0.105655
47 65 2 0.11245 0.166761 0.000240967 0.000620026 2.91227e+07 1.21512e+08 5.49558e+07 1.00423e+07 0 9.94187e+07 0 1.21512e+08 9.94187e+07 5.49558e+07 1.00423e+07 0.00216961 1.15331e-05 0.00200522 0.00378831 0.0913551
36 66 0 0.2 3.57653e-24 2.59109e-27 3.42566e-26 3.42821e+07 1.43039e+08 6.46919e+07 1.18214e+07 0 1.17032e+08 0 1.43039e+08 1.17032e+08 6.46919e+07 1.18214e+07 9.94422e-27 7.72686e-25 0.0029748 0.0044629 0.105373
47 66 1 0.11245 0.166761 0.000240967 0.000620026 2.91227e+07 1.21512e+08 5.49558e+07 1.00423e+07 0 9.94187e+07 0 1.21512e+08 9.94187e+07 5.49558e+07 1.00423e+07 0.00216961 1.15331e-05 0.00200522 0.00378831 0.0913551
45 66 2 -1.07623e-16 3.52065e-24 8.46068e-30 2.83397e-26 3.37916e+07 1.40992e+08 6.37662e+07 1.16523e+07 0 1.15357e+08 0 1.40992e+08 1.15357e+08 6.37662e+07 1.16523e+07 4.45039e-26 6.27779e-25 0.000270859 0.00354918 0.105655
27 67 0 0.574179 0.549706 0.00202513 0.00233091 2.6859e+07 1.12067e+08 5.06842e+07 9.26174e+06 0 9.16912e+07 0 1.12067e+08 9.16912e+07 5.06842e+07 9.26174e+06 0.00250443 -0.00229349 0.00181705 0.00369287 0.0650522
34 67 1 0.468744 0.744803 0.00214419 0.00329409 3.36983e+07 1.40603e+08 6.35903e+07 1.16201e+07 0 1.15039e+08 0 1.40603e+08 1.15039e+08 6.35903e+07 1.16201e+07 0.00146204 -0.00118836 0.00101119 0.00366774 0.057705
38 67 2 0.318397 0.554773 0.00137467 0.00241442 1.94728e+07 8.12484e+07 3.6746e+07 6.71474e+06 0 6.6476e+07 0 8.12484e+07 6.6476e+07 3.6746e+07 6.71474e+06 0.00328951 0.0012934 0.00299861 0.00581801 0.0658474
75 68 0 -0.790597 1.11326 -0.00197308 0.00671091 9.46669e+06 3.94989e+07 1.78641e+07 3.26437e+06 0 3.23173e+07 0 3.94989e+07 3.23173e+07 1.78641e+07 3.26437e+06 0.00476384 0.000320893 0.00297331 0.00676766 0.0486402
83 68 1 -0.930158 0.8772 -0.00422405 0.00377374 1.09201e+07 4.55634e+07 2.06068e+07 3.76557e+06 0 3.72791e+07 0 4.55634e+07 3.72791e+07 2.06068e+07 3.76557e+06 0.002726 0.00166605 0.000808789 0.011738 0.0532545
77 68 2 -0.660952 0.891207 -0.00182867 0.00450017 3.09655e+06 1.29201e+07 5.84333e+06 1.06778e+06 0 1.0571e+07 0 1.29201e+07 1.0571e+07 5.84333e+06 1.06778e+06 0.0149386 0.00230062 0.00171421 0.0157477 0.0526537
38 69 0 0.318397 0.554773 0.00137467 0.00241442 1.94728e+07 8.12484e+07 3.6746e+07 6.71474e+06 0 6.6476e+07 0 8.12484e+07 6.6476e+07 3.6746e+07 6.71474e+06 0.00328951 0.0012934 0.00299861 0.00581801 0.0658474
44 69 1 0.204316 0.754514 0.00151502 0.00393487 1.15555e+07 4.82144e+07 2.18058e+07 3.98466e+06 0 3.94482e+07 0 4.82144e+07 3.94482e+07 2.18058e+07 3.98466e+06 0.00398936 -0.00314055 0.002564 0.00835127 0.0575913
48 69 2 0.0717465 0.519105 8.94363e-05 0.00209496 1.35559e+07 5.65608e+07 2.55806e+07 4.67444e+06 0 4.6277e+07 0 5.65608e+07 4.6277e+07 2.55806e+07 4.67444e+06 0.00710722 0.00394739 0.00185588 0.00492588 0.0678616
50 70 0 0.0794586 0.99496 0.0011583 0.00565827 2.80184e+07 1.16904e+08 5.2872e+07 9.66152e+06 0 9.56491e+07 0 1.16904e+08 9.56491e+07 5.2872e+07 9.66152e+06 0.00221979 -0.0026348 -0.0012052 0.000182119 0.0503256
40 70 1 0.269795 1.18649 0.0016046 0.00559046 2.2822e+07 9.52227e+07 4.30661e+07 7.86964e+06 0 7.79095e+07 0 9.52227e+07 7.79095e+07 4.30661e+07 7.86964e+06 0.00329718 -0.00159118 0.000644427 0.00372489 0.0466391
43 70 2 0.0507597 1.28143 0.00113594 0.00652547 4.76134e+07 1.98663e+08 8.98486e+07 1.64184e+07 0 1.62542e+08 0 1.98663e+08 1.62542e+08 8.98486e+07 1.64184e+07 0.00140972 -0.00160155 0.00170832 0.00223701 0.0449883
52 71 0 -0.134748 1.15997 0.000521739 0.00598675 2.41727e+07 1.00858e+08 4.56149e+07 8.3354e+06 0 8.25205e+07 0 1.00858e+08 8.25205e+07 4.56149e+07 8.3354e+06 0.00344826 0.00377654 -0.000167863 0.00311147 0.0467827
50 71 1 0.0794586 0.99496 0.0011583 0.00565827 2.80184e+07 1.16904e+08 5.2872e+07 9.66152e+06 0 9.56491e+07 0 1.16904e+08 9.56491e+07 5.2872e+07 9.66152e+06 0.00221979 -0.0026348 -0.0012052 0.000182119 0.0503256
43 71 2 0.0507597 1.28143 0.00113594 0.00652547 4.76134e+07 1.98663e+08 8.98486e+07 1.64184e+07 0 1.62542e+08 0 1.98663e+08 1.62542e+08 8.98486e+07 1.64184e+07 0.00140972 -0.00160155 0.00170832 0.00223701 0.0449883
51 72 0 -0.182846 1.42797 0.000823532 0.00685609 1.5582e+07 6.50146e+07 2.94039e+07 5.3731e+06 0 5.31937e+07 0 6.50146e+07 5.31937e+07 2.94039e+07 5.3731e+06 0.00384987 0.0029854 0.00241243 0.00448146 0.0434271
52 72 1 -0.134748 1.15997 0.000521739 0.00598675 2.41727e+07 1.00858e+08 4.56149e+07 8.3354e+06 0 8.25205e+07 0 1.00858e+08 8.25205e+07 4.56149e+07 8.3354e+06 0.00344826 0.00377654 -0.000167863 0.00311147 0.0467827
43 72 2 0.0507597 1.28143 0.00113594 0.00652547 4.76134e+07 1.98663e+08 8.98486e+07 1.64184e+07 0 1.62542e+08 0 1.98663e+08 1.62542e+08 8.98486e+07 1.64184e+07 0.00140972 -0.00160155 0.00170832 0.00223701 0.0449883
61 73 0 -0.321807 1.05554 -0.000305517 0.00498636 1.70091e+07 7.09689e+07 3.20969e+07 5.8652e+06 0 5.80654e+07 0 7.09689e+07 5.80654e+07 3.20969e+07 5.8652e+06 0.00345347 0.00135137 0.00364843 0.00686212 0.048802
69 73 1 -0.414958 0.875891 -0.00105466 0.00407059 3.47237e+07 1.44882e+08 6.55252e+07 1.19737e+07 0 1.1854e+08 0 1.44882e+08 1.1854e+08 6.55252e+07 1.19737e+07 0.000841232 -0.00502855 0.0042909 0.00358439 0.0531482
59 73 2 -0.166432 0.912192 -0.000177975 0.00436938 8.77709e+06 3.66217e+07 1.65628e+07 3.02658e+06 0 2.99632e+07 0 3.66217e+07 2.99632e+07 1.65628e+07 3.02658e+06 0.00668379 0.0101723 0.00704376 0.00856986 0.0522858
52 74 0 -0.134748 1.15997 0.000521739 0.00598675 2.41727e+07 1.00858e+08 4.56149e+07 8.3354e+06 0 8.25205e+07 0 1.00858e+08 8.25205e+07 4.56149e+07 8.3354e+06 0.00344826 0.00377654 -0.000167863 0.00311147 0.0467827
61 74 1 -0.321807 1.05554 -0.000305517 0.00498636 1.70091e+07 7.09689e+07 3.20969e+07 5.8652e+06 0 5.80654e+07 0 7.09689e+07 5.80654e+07 3.20969e+07 5.8652e+06 0.00345347 0.00135137 0.00364843 0.00686212 0.048802
59 74 2 -0.166432 0.912192 -0.000177975 0.00436938 8.77709e+06 3.66217e+07 1.65628e+07 3.02658e+06 0 2.99632e+07 0 3.66217e+07 2.99632e+07 1.65628e+07 3.02658e+06 0.00668379 0.0101723 0.00704376 0.00856986 0.0522858
60 75 0 -0.363478 1.25137 3.2815e-05 0.00583841 4.90872e+07 2.04812e+08 9.26298e+07 1.69266e+07 0 1.67574e+08 0 2.04812e+08 1.67574e+08 9.26298e+07 1.69266e+07 0.00106698 -0.00042194 0.000768748 0.00203743 0.0455319
70 75 1 -0.540277 1.0839 -0.000799704 0.00555592 2.49812e+07 1.04232e+08 4.71407e+07 8.61422e+06 0 8.52808e+07 0 1.04232e+08 8.52808e+07 4.71407e+07 8.61422e+06 0.00249204 -0.00457398 0.00534261 0.00457505 0.0484574
61 75 2 -0.321807 1.05554 -0.000305517 0.00498636 1.70091e+07 7.09689e+07 3.20969e+07 5.8652e+06 0 5.80654e+07 0 7.09689e+07 5.80654e+07 3.20969e+07 5.8652e+06 0.00345347 0.00135137 0.00364843 0.00686212 0.048802
53 76 0 -0.0334675 0.726784 -0.000440409 0.00355051 2.87422e+06 1.19924e+07 5.42378e+06 991110 0 9.81199e+06 0 1.19924e+07 9.81199e+06 5.42378e+06 991110 0.0102026 0.00798453 0.00789713 0.0132843 0.0584951
44 76 1 0.204316 0.754514 0.00151502 0.00393487 1.15555e+07 4.82144e+07 2.18058e+07 3.98466e+06 0 3.94482e+07 0 4.82144e+07 3.94482e+07 2.18058e+07 3.98466e+06 0.00398936 -0.00314055 0.002564 0.00835127 0.0575913
50 76 2 0.0794586 0.99496 0.0011583 0.00565827 2.80184e+07 1.16904e+08 5.2872e+07 9.66152e+06 0 9.56491e+07 0 1.16904e+08 9.56491e+07 5.2872e+07 9.66152e+06 0.00221979 -0.0026348 -0.0012052 0.000182119 0.0503256
67 77 0 -0.6093 1.30048 -0.000656295 0.00710222 1.50001e+07 6.25866e+07 2.83058e+07 5.17244e+06 0 5.12072e+07 0 6.25866e+07 5.12072e+07 2.83058e+07 5.17244e+06 0.0058778 -0.0105758 -0.002145 0.00560509 0.0456271
57 77 1 -0.60707 1.54203 -0.000562953 0.00906287 8.26978e+06 3.45049e+07 1.56054e+07 2.85165e+06 0 2.82313e+07 0 3.45049e+07 2.82313e+07 1.56054e+07 2.85165e+06 0.00682688 -0.0144823 0.00262271 0.00851439 0.0440623
66 77 2 -0.848964 1.37109 -0.00168126 0.00788574 2.63433e+07 1.09915e+08 4.9711e+07 9.08389e+06 0 8.99305e+07 0 1.09915e+08 8.99305e+07 4.9711e+07 9.08389e+06 0.00259312 0.00514662 0.000955819 0.00358331 0.0463213
68 78 0 -0.949903 1.25256 -0.00202257 0.00748927 5.75292e+07 2.40035e+08 1.0856e+08 1.98376e+07 0 1.96393e+08 0 2.40035e+08 1.96393e+08 1.0856e+08 1.98376e+07 0.000416407 -0.00303275 0.00224036 0.00130632 0.0479235
75 78 1 -0.790597 1.11326 -0.00197308 0.00671091 9.46669e+06 3.94989e+07 1.78641e+07 3.26437e+06 0 3.23173e+07 0 3.94989e+07 3.23173e+07 1.78641e+07 3.26437e+06 0.00476384 0.000320893 0.00297331 0.00676766 0.0486402
66 78 2 -0.848964 1.37109 -0.00168126 0.00788574 2.63433e+07 1.09915e+08 4.9711e+07 9.08389e+06 0 8.99305e+07 0 1.09915e+08 8.99305e+07 4.9711e+07 9.08389e+06 0.00259312 0.00514662 0.000955819 0.00358331 0.0463213
70 79 0 -0.540277 1.0839 -0.000799704 0.00555592 2.49812e+07 1.04232e+08 4.71407e+07 8.61422e+06 0 8.52808e+07 0 1.04232e+08 8.52808e+07 4.71407e+07 8.61422e+06 0.00249204 -0.00457398 0.00534261 0.00457505 0.0484574
60 79 1 -0.363478 1.25137 3.2815e-05 0.00583841 4.90872e+07 2.04812e+08 9.26298e+07 1.69266e+07 0 1.67574e+08 0 2.04812e+08 1.67574e+08 9.26298e+07 1.69266e+07 0.00106698 -0.00042194 0.000768748 0.00203743 0.0455319
67 79 2 -0.6093 1.30048 -0.000656295 0.00710222 1.50001e+07 6.25866e+07 2.83058e+07 5.17244e+06 0 5.12072e+07 0 6.25866e+07 5.12072e+07 2.83058e+07 5.17244e+06 0.0058778 -0.0105758 -0.002145 0.00560509 0.0456271
59 80 0 -0.166432 0.912192 -0.000177975 0.00436938 8.77709e+06 3.66217e+07 1.65628e+07 3.02658e+06 0 2.99632e+07 0 3.66217e+07 2.99632e+07 1.65628e+07 3.02658e+06 0.00668379 0.0101723 0.00704376 0.00856986 0.0522858
50 80 1 0.0794586 0.99496 0.0011583 0.00565827 2.80184e+07 1.16904e+08 5.2872e+07 9.66152e+06 0 9.56491e+07 0 1.16904e+08 9.56491e+07 5.2872e+07 9.66152e+06 0.00221979 -0.0026348 -0.0012052 0.000182119 0.0503256
52 80 2 -0.134748 1.15997 0.000521739 0.00598675 2.41727e+07 1.00858e+08 4.56149e+07 8.3354e+06 0 8.25205e+07 0 1.00858e+08 8.25205e+07 4.56149e+07 8.3354e+06 0.00344826 0.00377654 -0.000167863 0.00311147 0.0467827
51 81 0 -0.182846 1.42797 0.000823532 0.00685609 1.5582e+07 6.50146e+07 2.94039e+07 5.3731e+06 0 5.31937e+07 0 6.50146e+07 5.31937e+07 2.94039e+07 5.3731e+06 0.00384987 0.0029854 0.00241243 0.00448146 0.0434271
49 81 1 -0.34542 1.65352 0.000727082 0.00765286 2.95405e+07 1.23255e+08 5.57442e+07 1.01864e+07 0 1.00845e+08 0 1.23255e+08 1.00845e+08 5.57442e+07 1.01864e+07 0.00170119 0.00175692 0.000642538 0.00421661 0.0427292
58 81 2 -0.417948 1.44422 0.000116505 0.00668999 1.8024e+07 7.52038e+07 3.40122e+07 6.21519e+06 0 6.15304e+07 0 7.52038e+07 6.15304e+07 3.40122e+07 6.21519e+06 0.00310861 -0.00249644 0.00269465 0.00717578 0.0437449
52 82 0 -0.134748 1.15997 0.000521739 0.00598675 2.41727e+07 1.00858e+08 4.56149e+07 8.3354e+06 0 8.25205e+07 0 1.00858e+08 8.25205e+07 4.56149e+07 8.3354e+06 0.00344826 0.00377654 -0.000167863 0.00311147 0.0467827
51 82 1 -0.182846 1.42797 0.000823532 0.00685609 1.5582e+07 6.50146e+07 2.94039e+07 5.3731e+06 0 5.31937e+07 0 6.50146e+07 5.31937e+07 2.94039e+07 5.3731e+06 0.00384987 0.0029854 0.00241243 0.00448146 0.0434271
60 82 2 -0.363478 1.25137 3.2815e-05 0.00583841 4.90872e+07 2.04812e+08 9.26298e+07 1.69266e+07 0 1.67574e+08 0 2.04812e+08 1.67574e+08 9.26298e+07 1.69266e+07 0.00106698 -0.00042194 0.000768748 0.00203743 0.0455319
41 83 0 0.0346222 1.52305 0.00161492 0.00720946 3.88107e+07 1.61934e+08 7.32375e+07 1.3383e+07 0 1.32492e+08 0 1.61934e+08 1.32492e+08 7.32375e+07 1.3383e+07 0.00130764 -0.00305636 0.00243786 0.00311351 0.0427602
42 83 1 -0.154308 1.69467 0.00132416 0.00830905 1.95323e+07 8.14967e+07 3.68583e+07 6.73527e+06 0 6.66791e+07 0 8.14967e+07 6.66791e+07 3.68583e+07 6.73527e+06 0.00437392 0.00323265 0.000162636 0.00450326 0.0423257
51 83 2 -0.182846 1.42797 0.000823532 0.00685609 1.5582e+07 6.50146e+07 2.94039e+07 5.3731e+06 0 5.31937e+07 0 6.50146e+07 5.31937e+07 2.94039e+07 5.3731e+06 0.00384987 0.0029854 0.00241243 0.00448146 0.0434271
41 84 0 0.0346222 1.52305 0.00161492 0.00720946 3.88107e+07 1.61934e+08 7.32375e+07 1.3383e+07 0 1.32492e+08 0 1.61934e+08 1.32492e+08 7.32375e+07 1.3383e+07 0.00130764 -0.00305636 0.00243786 0.00311351 0.0427602
31 84 1 0.236096 1.69884 0.00244695 0.00753586 3.5841e+07 1.49543e+08 6.76335e+07 1.2359e+07 0 1.22354e+08 0 1.49543e+08 1.22354e+08 6.76335e+07 1.2359e+07 0.00244569 -0.00487854 0.00247666 0.00250945 0.0425491
32 84 2 0.0407825 1.70719 0.00198785 0.00783131 2.58475e+07 1.07846e+08 4.87753e+07 8.91292e+06 0 8.82379e+07 0 1.07846e+08 8.82379e+07 4.87753e+07 8.91292e+06 0.00273407 -0.0028505 0.00174566 0.00407645 0.0422743
58 85 0 -0.417948 1.44422 0.000116505 0.00668999 1.8024e+07 7.52038e+07 3.40122e+07 6.21519e+06 0 6.15304e+07 0 7.52038e+07 6.15304e+07 3.40122e+07 6.21519e+06 0.00310861 -0.00249644 0.00269465 0.00717578 0.0437449
57 85 1 -0.60707 1.54203 -0.000562953 0.00906287 8.26978e+06 3.45049e+07 1.56054e+07 2.85165e+06 0 2.82313e+07 0 3.45049e+07 2.82313e+07 1.56054e+07 2.85165e+06 0.00682688 -0.0144823 0.00262271 0.00851439 0.0440623
67 85 2 -0.6093 1.30048 -0.000656295 0.00710222 1.50001e+07 6.25866e+07 2.83058e+07 5.17244e+06 0 5.12072e+07 0 6.25866e+07 5.12072e+07 2.83058e+07 5.17244e+06 0.0058778 -0.0105758 -0.002145 0.00560509 0.0456271
51 86 0 -0.182846 1.42797 0.000823532 0.00685609 1.5582e+07 6.50146e+07 2.94039e+07 5.3731e+06 0 5.31937e+07 0 6.50146e+07 5.31937e+07 2.94039e+07 5.3731e+06 0.00384987 0.0029854 0.00241243 0.00448146 0.0434271
58 86 1 -0.417948 1.44422 0.000116505 0.00668999 1.8024e+07 7.52038e+07 3.40122e+07 6.21519e+06 0 6.15304e+07 0 7.52038e+07 6.15304e+07 3.40122e+07 6.21519e+06 0.00310861 -0.00249644 0.00269465 0.00717578 0.0437449
60 86 2 -0.363478 1.25137 3.2815e-05 0.00583841 4.90872e+07 2.04812e+08 9.26298e+07 1.69266e+07 0 1.67574e+08 0 2.04812e+08 1.67574e+08 9.26298e+07 1.69266e+07 0.00106698 -0.00042194 0.000768748 0.00203743 0.0455319
49 87 0 -0.34542 1.65352 0.000727082 0.00765286 2.95405e+07 1.23255e+08 5.57442e+07 1.01864e+07 0 1.00845e+08 0 1.23255e+08 1.00845e+08 5.57442e+07 1.01864e+07 0.00170119 0.00175692 0.000642538 0.00421661 0.0427292
57 87 1 -0.60707 1.54203 -0.000562953 0.00906287 8.26978e+06 3.45049e+07 1.56054e+07 2.85165e+06 0 2.82313e+07 0 3.45049e+07 2.82313e+07 1.56054e+07 2.85165e+06 0.00682688 -0.0144823 0.00262271 0.00851439 0.0440623
58 87 2 -0.417948 1.44422 0.000116505 0.00668999 1.8024e+07 7.52038e+07 3.40122e+07 6.21519e+06 0 6.15304e+07 0 7.52038e+07 6.15304e+07 3.40122e+07 6.21519e+06 0.00310861 -0.00249644 0.00269465 0.00717578 0.0437449
15 88 0 0.6 3.68337e-24 2.64728e-27 3.38727e-26 1.3523e+07 5.64235e+07 2.55185e+07 4.6631e+06 0 4.61647e+07 0 5.64235e+07 4.61647e+07 2.55185e+07 4.6631e+06 9.73586e-27 -6.22533e-25 0.00785695 0.00920079 0.102032
7 88 1 0.8 3.47201e-24 7.27181e-27 3.65966e-26 3.2355e+07 1.34999e+08 6.10554e+07 1.11569e+07 0 1.10453e+08 0 1.34999e+08 1.10453e+08 6.10554e+07 1.11569e+07 0.000432178 -0.00146603 0.0104052 0.00422183 0.0979008
16 88 2 0.701374 0.167197 0.00114217 0.000895964 3.58173e+07 1.49444e+08 6.75888e+07 1.23508e+07 0 1.22273e+08 0 1.49444e+08 1.22273e+08 6.75888e+07 1.23508e+07 0.00100041 -0.00262032 0.00410237 0.00408518 0.0858044
28 89 0 0.626127 0.926594 0.00253348 0.00368045 3.92394e+07 1.63723e+08 7.40465e+07 1.35308e+07 0 1.33955e+08 0 1.63723e+08 1.33955e+08 7.40465e+07 1.35308e+07 0.00191449 -0.000758718 0.000348395 0.00226857 0.0524376
30 89 1 0.506616 1.12722 0.00229687 0.0047184 2.25325e+07 9.40148e+07 4.25198e+07 7.76981e+06 0 7.69212e+07 0 9.40148e+07 7.69212e+07 4.25198e+07 7.76981e+06 0.00330681 -0.00502618 -0.00279927 0.00433937 0.0481181
39 89 2 0.350795 0.951654 0.00195011 0.00441052 2.90479e+07 1.212e+08 5.48147e+07 1.00165e+07 0 9.91635e+07 0 1.212e+08 9.91635e+07 5.48147e+07 1.00165e+07 0.00256267 -0.00326509 -0.000260902 0.00392581 0.0515584
18 90 0 0.906385 0.917141 0.00322342 0.00350933 2.1099e+07 8.8034e+07 3.98149e+07 7.27553e+06 0 7.20278e+07 0 8.8034e+07 7.20278e+07 3.98149e+07 7.27553e+06 0.00330827 -0.0014331 0.000501856 0.00494027 0.0532737
28 90 1 0.626127 0.926594 0.00253348 0.00368045 3.92394e+07 1.63723e+08 7.40465e+07 1.35308e+07 0 1.33955e+08 0 1.63723e+08 1.33955e+08 7.40465e+07 1.35308e+07 0.00191449 -0.000758718 0.000348395 0.00226857 0.0524376
23 90 2 0.744474 0.721737 0.00266423 0.00277754 2.23814e+07 9.33843e+07 4.22346e+07 7.71771e+06 0 7.64053e+07 0 9.33843e+07 7.64053e+07 4.22346e+07 7.71771e+06 0.00256496 -0.00100321 0.000850565 0.00477671 0.058042
20 91 0 0.7642 1.12364 0.00301678 0.00437175 3.27139e+07 1.36496e+08 6.17327e+07 1.12807e+07 0 1.11679e+08 0 1.36496e+08 1.11679e+08 6.17327e+07 1.12807e+07 0.00160285 0.0034374 0.00236333 0.00329343 0.0491011
30 91 1 0.506616 1.12722 0.00229687 0.0047184 2.25325e+07 9.40148e+07 4.25198e+07 7.76981e+06 0 7.69212e+07 0 9.40148e+07 7.69212e+07 4.25198e+07 7.76981e+06 0.00330681 -0.00502618 -0.00279927 0.00433937 0.0481181
28 91 2 0.626127 0.926594 0.00253348 0.00368045 3.92394e+07 1.63723e+08 7.40465e+07 1.35308e+07 0 1.33955e+08 0 1.63723e+08 1.33955e+08 7.40465e+07 1.35308e+07 0.00191449 -0.000758718 0.000348395 0.00226857 0.0524376
11 92 0 1.013 1.1611 0.00368879 0.00453995 2.44119e+07 1.01857e+08 4.60664e+07 8.4179e+06 0 8.33372e+07 0 1.01857e+08 8.33372e+07 4.60664e+07 8.4179e+06 0.00301388 0.000167423 0.000702067 0.00409005 0.0501985
20 92 1 0.7642 1.12364 0.00301678 0.00437175 3.27139e+07 1.36496e+08 6.17327e+07 1.12807e+07 0 1.11679e+08 0 1.36496e+08 1.11679e+08 6.17327e+07 1.12807e+07 0.00160285 0.0034374 0.00236333 0.00329343 0.0491011
18 92 2 0.906385 0.917141 0.00322342 0.00350933 2.1099e+07 8.8034e+07 3.98149e+07 7.27553e+06 0 7.20278e+07 0 8.8034e+07 7.20278e+07 3.98149e+07 7.27553e+06 0.00330827 -0.0014331 0.000501856 0.00494027 0.0532737
11 93 0 1.013 1.1611 0.00368879 0.00453995 2.44119e+07 1.01857e+08 4.60664e+07 8.4179e+06 0 8.33372e+07 0 1.01857e+08 8.33372e+07 4.60664e+07 8.4179e+06 0.00301388 0.000167423 0.000702067 0.00409005 0.0501985
12 93 1 0.810376 1.37834 0.00323806 0.00523893 3.71092e+07 1.54835e+08 7.00268e+07 1.27963e+07 0 1.26683e+08 0 1.54835e+08 1.26683e+08 7.00268e+07 1.27963e+07 0.000792389 -0.00309604 -0.00105997 0.00345399 0.0466951
20 93 2 0.7642 1.12364 0.00301678 0.00437175 3.27139e+07 1.36496e+08 6.17327e+07 1.12807e+07 0 1.11679e+08 0 1.36496e+08 1.11679e+08 6.17327e+07 1.12807e+07 0.00160285 0.0034374 0.00236333 0.00329343 0.0491011
15 94 0 0.6 3.68337e-24 2.64728e-27 3.38727e-26 1.3523e+07 5.64235e+07 2.55185e+07 4.6631e+06 0 4.61647e+07 0 5.64235e+07 4.61647e+07 2.55185e+07 4.6631e+06 9.73586e-27 -6.22533e-25 0.00785695 0.00920079 0.102032
16 94 1 0.701374 0.167197 0.00114217 0.000895964 3.58173e+07 1.49444e+08 6.75888e+07 1.23508e+07 0 1.22273e+08 0 1.49444e+08 1.22273e+08 6.75888e+07 1.23508e+07 0.00100041 -0.00262032 0.00410237 0.00408518 0.0858044
26 94 2 0.509364 0.186373 0.000886248 0.00114259 2.56214e+07 1.06903e+08 4.83488e+07 8.83498e+06 0 8.74663e+07 0 1.06903e+08 8.74663e+07 4.83488e+07 8.83498e+06 0.00202855 0.00132372 0.00357752 0.00408684 0.0870181
50 95 0 0.0794586 0.99496 0.0011583 0.00565827 2.80184e+07 1.16904e+08 5.2872e+07 9.66152e+06 0 9.56491e+07 0 1.16904e+08 9.56491e+07 5.2872e+07 9.66152e+06 0.00221979 -0.0026348 -0.0012052 0.000182119 0.0503256
39 95 1 0.350795 0.951654 0.00195011 0.00441052 2.90479e+07 1.212e+08 5.48147e+07 1.00165e+07 0 9.91635e+07 0 1.212e+08 9.91635e+07 5.48147e+07 1.00165e+07 0.00256267 -0.00326509 -0.000260902 0.00392581 0.0515584
40 95 2 0.269795 1.18649 0.0016046 0.00559046 2.2822e+07 9.52227e+07 4.30661e+07 7.86964e+06 0 7.79095e+07 0 9.52227e+07 7.79095e+07 4.30661e+07 7.86964e+06 0.00329718 -0.00159118 0.000644427 0.00372489 0.0466391
48 96 0 0.0717465 0.519105 8.94363e-05 0.00209496 1.35559e+07 5.65608e+07 2.55806e+07 4.67444e+06 0 4.6277e+07 0 5.65608e+07 4.6277e+07 2.55806e+07 4.67444e+06 0.00710722 0.00394739 0.00185588 0.00492588 0.0678616
44 96 1 0.204316 0.754514 0.00151502 0.00393487 1.15555e+07 4.82144e+07 2.18058e+07 3.98466e+06 0 3.94482e+07 0 4.82144e+07 3.94482e+07 2.18058e+07 3.98466e+06 0.00398936 -0.00314055 0.002564 0.00835127 0.0575913
53 96 2 -0.0334675 0.726784 -0.000440409 0.00355051 2.87422e+06 1.19924e+07 5.42378e+06 991110 0 9.81199e+06 0 1.19924e+07 9.81199e+06 5.42378e+06 991110 0.0102026 0.00798453 0.00789713 0.0132843 0.0584951
38 97 0 0.318397 0.554773 0.00137467 0.00241442 1.94728e+07 8.12484e+07 3.6746e+07 6.71474e+06 0 6.6476e+07 0 8.12484e+07 6.6476e+07 3.6746e+07 6.71474e+06 0.00328951 0.0012934 0.00299861 0.00581801 0.0658474
34 97 1 0.468744 0.744803 0.00214419 0.00329409 3.36983e+07 1.40603e+08 6.35903e+07 1.16201e+07 0 1.15039e+08 0 1.40603e+08 1.15039e+08 6.35903e+07 1.16201e+07 0.00146204 -0.00118836 0.00101119 0.00366774 0.057705
44 97 2 0.204316 0.754514 0.00151502 0.00393487 1.15555e+07 4.82144e+07 2.18058e+07 3.98466e+06 0 3.94482e+07 0 4.82144e+07 3.94482e+07 2.18058e+07 3.98466e+06 0.00398936 -0.00314055 0.002564 0.00835127 0.0575913
23 98 0 0.744474 0.721737 0.00266423 0.00277754 2.23814e+07 9.33843e+07 4.22346e+07 7.71771e+06 0 7.64053e+07 0 9.33843e+07 7.64053e+07 4.22346e+07 7.71771e+06 0.00256496 -0.00100321 0.000850565 0.00477671 0.058042
34 98 1 0.468744 0.744803 0.00214419 0.00329409 3.36983e+07 1.40603e+08 6.35903e+07 1.16201e+07 0 1.15039e+08 0 1.40603e+08 1.15039e+08 6.35903e+07 1.16201e+07 0.00146204 -0.00118836 0.00101119 0.00366774 0.057705
27 98 2 0.574179 0.549706 0.00202513 0.00233091 2.6859e+07 1.12067e+08 5.06842e+07 9.26174e+06 0 9.16912e+07 0 1.12067e+08 9.16912e+07 5.06842e+07 9.26174e+06 0.00250443 -0.00229349 0.00181705 0.00369287 0.0650522
28 99 0 0.626127 0.926594 0.00253348 0.00368045 3.92394e+07 1.63723e+08 7.40465e+07 1.35308e+07 0 1.33955e+08 0 1.63723e+08 1.33955e+08 7.40465e+07 1.35308e+07 0.00191449 -0.000758718 0.000348395 0.00226857 0.0524376
39 99 1 0.350795 0.951654 0.00195011 0.00441052 2.90479e+07 1.212e+08 5.48147e+07 1.00165e+07 0 9.91635e+07 0 1.212e+08 9.91635e+07 5.48147e+07 1.00165e+07 0.00256267 -0.00326509 -0.000260902 0.00392581 0.0515584
34 99 2 0.468744 0.744803 0.00214419 0.00329409 3.36983e+07 1.40603e+08 6.35903e+07 1.16201e+07 0 1.15039e+08 0 1.40603e+08 1.15039e+08 6.35903e+07 1.16201e+07 0.00146204 -0.00118836 0.00101119 0.00366774 0.057705
18 100 0 0.906385 0.917141 0.00322342 0.00350933 2.1099e+07 8.8034e+07 3.98149e+07 7.27553e+06 0 7.20278e+07 0 8.8034e+07 7.20278e+07 3.98149e+07 7.27553e+06 0.00330827 -0.0014331 0.000501856 0.00494027 0.0532737
20 100 1 0.7642 1.12364 0.00301678 0.00437175 3.27139e+07 1.36496e+08 6.17327e+07 1.12807e+07 0 1.11679e+08 0 1.36496e+08 1.11679e+08 6.17327e+07 1.12807e+07 0.00160285 0.0034374 0.00236333 0.00329343 0.0491011
28 100 2 0.626127 0.926594 0.00253348 0.00368045 3.92394e+07 1.63723e+08 7.40465e+07 1.35308e+07 0 1.33955e+08 0 1.63723e+08 1.33955e+08 7.40465e+07 1.35308e+07 0.00191449 -0.000758718 0.000348395 0.00226857 0.0524376
33 101 0 0.243655 1.44524 0.00195964 0.00664826 1.84247e+07 7.68757e+07 3.47683e+07 6.35336e+06 0 6.28983e+07 0 7.68757e+07 6.28983e+07 3.47683e+07 6.35336e+06 0.00330116 -0.00396374 0.00153779 0.00422694 0.0435631
31 101 1 0.236096 1.69884 0.00244695 0.00753586 3.5841e+07 1.49543e+08 6.76335e+07 1.2359e+07 0 1.22354e+08 0 1.49543e+08 1.22354e+08 6.76335e+07 1.2359e+07 0.00244569 -0.00487854 0.00247666 0.00250945 0.0425491
41 101 2 0.0346222 1.52305 0.00161492 0.00720946 3.88107e+07 1.61934e+08 7.32375e+07 1.3383e+07 0 1.32492e+08 0 1.61934e+08 1.32492e+08 7.32375e+07 1.3383e+07 0.00130764 -0.00305636 0.00243786 0.00311351 0.0427602
43 102 0 0.0507597 1.28143 0.00113594 0.00652547 4.76134e+07 1.98663e+08 8.98486e+07 1.64184e+07 0 1.62542e+08 0 1.98663e+08 1.62542e+08 8.98486e+07 1.64184e+07 0.00140972 -0.00160155 0.00170832 0.00223701 0.0449883
33 102 1 0.243655 1.44524 0.00195964 0.00664826 1.84247e+07 7.68757e+07 3.47683e+07 6.35336e+06 0 6.28983e+07 0 7.68757e+07 6.28983e+07 3.47683e+07 6.35336e+06 0.00330116 -0.00396374 0.00153779 0.00422694 0.0435631
41 102 2 0.0346222 1.52305 0.00161492 0.00720946 3.88107e+07 1.61934e+08 7.32375e+07 1.3383e+07 0 1.32492e+08 0 1.61934e+08 1.32492e+08 7.32375e+07 1.3383e+07 0.00130764 -0.00305636 0.00243786 0.00311351 0.0427602
29 103 0 0.44158 1.3636 0.00223158 0.00581784 5.05823e+07 2.1105e+08 9.54512e+07 1.74422e+07 0 1.72678e+08 0 2.1105e+08 1.72678e+08 9.54512e+07 1.74422e+07 0.00139741 -0.00163145 0.00207551 0.00254732 0.0448355
22 103 1 0.439431 1.61433 0.00262755 0.0064263 4.99461e+07 2.08396e+08 9.42506e+07 1.72228e+07 0 1.70506e+08 0 2.08396e+08 1.70506e+08 9.42506e+07 1.72228e+07 0.00111695 -0.00139688 0.00110451 0.00228011 0.0433989
33 103 2 0.243655 1.44524 0.00195964 0.00664826 1.84247e+07 7.68757e+07 3.47683e+07 6.35336e+06 0 6.28983e+07 0 7.68757e+07 6.28983e+07 3.47683e+07 6.35336e+06 0.00330116 -0.00396374 0.00153779 0.00422694 0.0435631
37 104 0 0.309377 0.184494 0.000592219 0.000800579 4.12188e+07 1.71982e+08 7.77818e+07 1.42134e+07 0 1.40713e+08 0 1.71982e+08 1.40713e+08 7.77818e+07 1.42134e+07 0.000855231 0.00203313 0.00245756 0.00266916 0.0886845
46 104 1 0.188048 0.352228 0.000639812 0.00133151 2.29023e+07 9.5558e+07 4.32177e+07 7.89735e+06 0 7.81838e+07 0 9.5558e+07 7.81838e+07 4.32177e+07 7.89735e+06 0.00314583 -0.000133143 0.000522975 0.00403391 0.0776857
47 104 2 0.11245 0.166761 0.000240967 0.000620026 2.91227e+07 1.21512e+08 5.49558e+07 1.00423e+07 0 9.94187e+07 0 1.21512e+08 9.94187e+07 5.49558e+07 1.00423e+07 0.00216961 1.15331e-05 0.00200522 0.00378831 0.0913551
15 105 0 0.6 3.68337e-24 2.64728e-27 3.38727e-26 1.3523e+07 5.64235e+07 2.55185e+07 4.6631e+06 0 4.61647e+07 0 5.64235e+07 4.61647e+07 2.55185e+07 4.6631e+06 9.73586e-27 -6.22533e-25 0.00785695 0.00920079 0.102032
26 105 1 0.509364 0.186373 0.000886248 0.00114259 2.56214e+07 1.06903e+08 4.83488e+07 8.83498e+06 0 8.74663e+07 0 1.06903e+08 8.74663e+07 4.83488e+07 8.83498e+06 0.00202855 0.00132372 0.00357752 0.00408684 0.0870181
25 105 2 0.4 3.49824e-24 7.97161e-28 3.58583e-26 1.98201e+07 8.26975e+07 3.74013e+07 6.8345e+06 0 6.76616e+07 0 8.26975e+07 6.76616e+07 3.74013e+07 6.8345e+06 0.000334097 0.000361384 0.00454656 0.00718565 0.104283
35 106 0 0.422057 0.371828 0.00126531 0.00167569 3.43398e+07 1.4328e+08 6.48007e+07 1.18413e+07 0 1.17229e+08 0 1.4328e+08 1.17229e+08 6.48007e+07 1.18413e+07 0.00218329 0.00159248 0.00256834 0.00333306 0.0751911
46 106 1 0.188048 0.352228 0.000639812 0.00133151 2.29023e+07 9.5558e+07 4.32177e+07 7.89735e+06 0 7.81838e+07 0 9.5558e+07 7.81838e+07 4.32177e+07 7.89735e+06 0.00314583 -0.000133143 0.000522975 0.00403391 0.0776857
37 106 2 0.309377 0.184494 0.000592219 0.000800579 4.12188e+07 1.71982e+08 7.77818e+07 1.42134e+07 0 1.40713e+08 0 1.71982e+08 1.40713e+08 7.77818e+07 1.42134e+07 0.000855231 0.00203313 0.00245756 0.00266916 0.0886845
23 107 0 0.744474 0.721737 0.00266423 0.00277754 2.23814e+07 9.33843e+07 4.22346e+07 7.71771e+06 0 7.64053e+07 0 9.33843e+07 7.64053e+07 4.22346e+07 7.71771e+06 0.00256496 -0.00100321 0.000850565 0.00477671 0.058042
28 107 1 0.626127 0.926594 0.00253348 0.00368045 3.92394e+07 1.63723e+08 7.40465e+07 1.35308e+07 0 1.33955e+08 0 1.63723e+08 1.33955e+08 7.40465e+07 1.35308e+07 0.00191449 -0.000758718 0.000348395 0.00226857 0.0524376
34 107 2 0.468744 0.744803 0.00214419 0.00329409 3.36983e+07 1.40603e+08 6.35903e+07 1.16201e+07 0 1.15039e+08 0 1.40603e+08 1.15039e+08 6.35903e+07 1.16201e+07 0.00146204 -0.00118836 0.00101119 0.00366774 0.057705
37 108 0 0.309377 0.184494 0.000592219 0.000800579 4.12188e+07 1.71982e+08 7.77818e+07 1.42134e+07 0 1.40713e+08 0 1.71982e+08 1.40713e+08 7.77818e+07 1.42134e+07 0.000855231 0.00203313 0.00245756 0.00266916 0.0886845
36 108 1 0.2 3.57653e-24 2.59109e-27 3.42566e-26 3.42821e+07 1.43039e+08 6.46919e+07 1.18214e+07 0 1.17032e+08 0 1.43039e+08 1.17032e+08 6.46919e+07 1.18214e+07 9.94422e-27 7.72686e-25 0.0029748 0.0044629 0.105373
25 108 2 0.4 3.49824e-24 7.97161e-28 3.58583e-26 1.98201e+07 8.26975e+07 3.74013e+07 6.8345e+06 0 6.76616e+07 0 8.26975e+07 6.76616e+07 3.74013e+07 6.8345e+06 0.000334097 0.000361384 0.00454656 0.00718565 0.104283
41 109 0 0.0346222 1.52305 0.00161492 0.00720946 3.88107e+07 1.61934e+08 7.32375e+07 1.3383e+07 0 1.32492e+08 0 1.61934e+08 1.32492e+08 7.32375e+07 1.3383e+07 0.00130764 -0.00305636 0.00243786 0.00311351 0.0427602
32 109 1 0.0407825 1.70719 0.00198785 0.00783131 2.58475e+07 1.07846e+08 4.87753e+07 8.91292e+06 0 8.82379e+07 0 1.07846e+08 8.82379e+07 4.87753e+07 8.91292e+06 0.00273407 -0.0028505 0.00174566 0.00407645 0.0422743
42 109 2 -0.154308 1.69467 0.00132416 0.00830905 1.95323e+07 8.14967e+07 3.68583e+07 6.73527e+06 0 6.66791e+07 0 8.14967e+07 6.66791e+07 3.68583e+07 6.73527e+06 0.00437392 0.00323265 0.000162636 0.00450326 0.0423257
49 110 0 -0.34542 1.65352 0.000727082 0.00765286 2.95405e+07 1.23255e+08 5.57442e+07 1.01864e+07 0 1.00845e+08 0 1.23255e+08 1.00845e+08 5.57442e+07 1.01864e+07 0.00170119 0.00175692 0.000642538 0.00421661 0.0427292
51 110 1 -0.182846 1.42797 0.000823532 0.00685609 1.5582e+07 6.50146e+07 2.94039e+07 5.3731e+06 0 5.31937e+07 0 6.50146e+07 5.31937e+07 2.94039e+07 5.3731e+06 0.00384987 0.0029854 0.00241243 0.00448146 0.0434271
42 110 2 -0.154308 1.69467 0.00132416 0.00830905 1.95323e+07 8.14967e+07 3.68583e+07 6.73527e+06 0 6.66791e+07 0 8.14967e+07 6.66791e+07 3.68583e+07 6.73527e+06 0.00437392 0.00323265 0.000162636 0.00450326 0.0423257
29 111 0 0.44158 1.3636 0.00223158 0.00581784 5.05823e+07 2.1105e+08 9.54512e+07 1.74422e+07 0 1.72678e+08 0 2.1105e+08 1.72678e+08 9.54512e+07 1.74422e+07 0.00139741 -0.00163145 0.00207551 0.00254732 0.0448355
30 111 1 0.506616 1.12722 0.00229687 0.0047184 2.25325e+07 9.40148e+07 4.25198e+07 7.76981e+06 0 7.69212e+07 0 9.40148e+07 7.69212e+07 4.25198e+07 7.76981e+06 0.00330681 -0.00502618 -0.00279927 0.00433937 0.0481181
21 111 2 0.631866 1.29133 0.00268483 0.00531431 5.7863e+06 2.41429e+07 1.0919e+07 1.99528e+06 0 1.97532e+07 0 2.41429e+07 1.97532e+07 1.0919e+07 1.99528e+06 0.0060577 -0.00334265 -0.000277054 0.00802278 0.0463536
33 112 0 0.243655 1.44524 0.00195964 0.00664826 1.84247e+07 7.68757e+07 3.47683e+07 6.35336e+06 0 6.28983e+07 0 7.68757e+07 6.28983e+07 3.47683e+07 6.35336e+06 0.00330116 -0.00396374 0.00153779 0.00422694 0.0435631
40 112 1 0.269795 1.18649 0.0016046 0.00559046 2.2822e+07 9.52227e+07 4.30661e+07 7.86964e+06 0 7.79095e+07 0 9.52227e+07 7.79095e+07 4.30661e+07 7.86964e+06 0.00329718 -0.00159118 0.000644427 0.00372489 0.0466391
29 112 2 0.44158 1.3636 0.00223158 0.00581784 5.05823e+07 2.1105e+08 9.54512e+07 1.74422e+07 0 1.72678e+08 0 2.1105e+08 1.72678e+08 9.54512e+07 1.74422e+07 0.00139741 -0.00163145 0.00207551 0.00254732 0.0448355
51 113 0 -0.182846 1.42797 0.000823532 0.00685609 1.5582e+07 6.50146e+07 2.94039e+07 5.3731e+06 0 5.31937e+07 0 6.50146e+07 5.31937e+07 2.94039e+07 5.3731e+06 0.00384987 0.0029854 0.00241243 0.00448146 0.0434271
43 113 1 0.0507597 1.28143 0.00113594 0.00652547 4.76134e+07 1.98663e+08 8.98486e+07 1.64184e+07 0 1.62542e+08 0 1.98663e+08 1.62542e+08 8.98486e+07 1.64184e+07 0.00140972 -0.00160155 0.00170832 0.00223701 0.0449883
41 113 2 0.0346222 1.52305 0.00161492 0.00720946 3.88107e+07 1.61934e+08 7.32375e+07 1.3383e+07 0 1.32492e+08 0 1.61934e+08 1.32492e+08 7.32375e+07 1.3383e+07 0.00130764 -0.00305636 0.00243786 0.00311351 0.0427602
59 114 0 -0.166432 0.912192 -0.000177975 0.00436938 8.77709e+06 3.66217e+07 1.65628e+07 3.02658e+06 0 2.99632e+07 0 3.66217e+07 2.99632e+07 1.65628e+07 3.02658e+06 0.00668379 0.0101723 0.00704376 0.00856986 0.0522858
69 114 1 -0.414958 0.875891 -0.00105466 0.00407059 3.47237e+07 1.44882e+08 6.55252e+07 1.19737e+07 0 1.1854e+08 0 1.44882e+08 1.1854e+08 6.55252e+07 1.19737e+07 0.000841232 -0.00502855 0.0042909 0.00358439 0.0531482
62 114 2 -0.269862 0.685482 -0.0013815 0.00282542 3.66771e+07 1.53032e+08 6.92114e+07 1.26473e+07 0 1.25208e+08 0 1.53032e+08 1.25208e+08 6.92114e+07 1.26473e+07 0.000801021 -0.00331337 0.000393566 0.00313784 0.0597144
50 115 0 0.0794586 0.99496 0.0011583 0.00565827 2.80184e+07 1.16904e+08 5.2872e+07 9.66152e+06 0 9.56491e+07 0 1.16904e+08 9.56491e+07 5.2872e+07 9.66152e+06 0.00221979 -0.0026348 -0.0012052 0.000182119 0.0503256
59 115 1 -0.166432 0.912192 -0.000177975 0.00436938 8.77709e+06 3.66217e+07 1.65628e+07 3.02658e+06 0 2.99632e+07 0 3.66217e+07 2.99632e+07 1.65628e+07 3.02658e+06 0.00668379 0.0101723 0.00704376 0.00856986 0.0522858
53 115 2 -0.0334675 0.726784 -0.000440409 0.00355051 2.87422e+06 1.19924e+07 5.42378e+06 991110 0 9.81199e+06 0 1.19924e+07 9.81199e+06 5.42378e+06 991110 0.0102026 0.00798453 0.00789713 0.0132843 0.0584951
52 116 0 -0.134748 1.15997 0.000521739 0.00598675 2.41727e+07 1.00858e+08 4.56149e+07 8.3354e+06 0 8.25205e+07 0 1.00858e+08 8.25205e+07 4.56149e+07 8.3354e+06 0.00344826 0.00377654 -0.000167863 0.00311147 0.0467827
60 116 1 -0.363478 1.25137 3.2815e-05 0.00583841 4.90872e+07 2.04812e+08 9.26298e+07 1.69266e+07 0 1.67574e+08 0 2.04812e+08 1.67574e+08 9.26298e+07 1.69266e+07 0.00106698 -0.00042194 0.000768748 0.00203743 0.0455319
61 116 2 -0.321807 1.05554 -0.000305517 0.00498636 1.70091e+07 7.09689e+07 3.20969e+07 5.8652e+06 0 5.80654e+07 0 7.09689e+07 5.80654e+07 3.20969e+07 5.8652e+06 0.00345347 0.00135137 0.00364843 0.00686212 0.048802
39 117 0 0.350795 0.951654 0.00195011 0.00441052 2.90479e+07 1.212e+08 5.48147e+07 1.00165e+07 0 9.91635e+07 0 1.212e+08 9.91635e+07 5.48147e+07 1.00165e+07 0.00256267 -0.00326509 -0.000260902 0.00392581 0.0515584
30 117 1 0.506616 1.12722 0.00229687 0.0047184 2.25325e+07 9.40148e+07 4.25198e+07 7.76981e+06 0 7.69212e+07 0 9.40148e+07 7.69212e+07 4.25198e+07 7.76981e+06 0.00330681 -0.00502618 -0.00279927 0.00433937 0.0481181
40 117 2 0.269795 1.18649 0.0016046 0.00559046 2.2822e+07 9.52227e+07 4.30661e+07 7.86964e+06 0 7.79095e+07 0 9.52227e+07 7.79095e+07 4.30661e+07 7.86964e+06 0.00329718 -0.00159118 0.000644427 0.00372489 0.0466391
29 118 0 0.44158 1.3636 0.00223158 0.00581784 5.05823e+07 2.1105e+08 9.54512e+07 1.74422e+07 0 1.72678e+08 0 2.1105e+08 1.72678e+08 9.54512e+07 1.74422e+07 0.00139741 -0.00163145 0.00207551 0.00254732 0.0448355
21 118 1 0.631866 1.29133 0.00268483 0.00531431 5.7863e+06 2.41429e+07 1.0919e+07 1.99528e+06 0 1.97532e+07 0 2.41429e+07 1.97532e+07 1.0919e+07 1.99528e+06 0.0060577 -0.00334265 -0.000277054 0.00802278 0.0463536
19 118 2 0.631784 1.50715 0.00282133 0.00627407 3.42235e+07 1.42795e+08 6.45813e+07 1.18012e+07 0 1.16832e+08 0 1.42795e+08 1.16832e+08 6.45813e+07 1.18012e+07 0.0022455 0.00253767 0.00131409 0.002608 0.0448134
31 119 0 0.236096 1.69884 0.00244695 0.00753586 3.5841e+07 1.49543e+08 6.76335e+07 1.2359e+07 0 1.22354e+08 0 1.49543e+08 1.22354e+08 6.76335e+07 1.2359e+07 0.00244569 -0.00487854 0.00247666 0.00250945 0.0425491
33 119 1 0.243655 1.44524 0.00195964 0.00664826 1.84247e+07 7.68757e+07 3.47683e+07 6.35336e+06 0 6.28983e+07 0 7.68757e+07 6.28983e+07 3.47683e+07 6.35336e+06 0.00330116 -0.00396374 0.00153779 0.00422694 0.0435631
22 119 2 0.439431 1.61433 0.00262755 0.0064263 4.99461e+07 2.08396e+08 9.42506e+07 1.72228e+07 0 1.70506e+08 0 2.08396e+08 1.70506e+08 9.42506e+07 1.72228e+07 0.00111695 -0.00139688 0.00110451 0.00228011 0.0433989
40 120 0 0.269795 1.18649 0.0016046 0.00559046 2.2822e+07 9.52227e+07 4.30661e+07 7.86964e+06 0 7.79095e+07 0 9.52227e+07 7.79095e+07 4.30661e+07 7.86964e+06 0.00329718 -0.00159118 0.000644427 0.00372489 0.0466391
30 120 1 0.506616 1.12722 0.00229687 0.0047184 2.25325e+07 9.40148e+07 4.25198e+07 7.76981e+06 0 7.69212e+07 0 9.40148e+07 7.69212e+07 4.25198e+07 7.76981e+06 0.00330681 -0.00502618 -0.00279927 0.00433937 0.0481181
29 120 2 0.44158 1.3636 0.00223158 0.00581784 5.05823e+07 2.1105e+08 9.54512e+07 1.74422e+07 0 1.72678e+08 0 2.1105e+08 1.72678e+08 9.54512e+07 1.74422e+07 0.00139741 -0.00163145 0.00207551 0.00254732 0.0448355
26 121 0 0.509364 0.186373 0.000886248 0.00114259 2.56214e+07 1.06903e+08 4.83488e+07 8.83498e+06 0 8.74663e+07 0 1.06903e+08 8.74663e+07 4.83488e+07 8.83498e+06 0.00202855 0.00132372 0.00357752 0.00408684 0.0870181
24 121 1 0.650355 0.35895 0.00169057 0.00163065 4.41145e+07 1.84064e+08 8.32461e+07 1.52119e+07 0 1.50598e+08 0 1.84064e+08 1.50598e+08 8.32461e+07 1.52119e+07 0.0018947 -0.000695344 0.00344737 0.00245547 0.0740275
35 121 2 0.422057 0.371828 0.00126531 0.00167569 3.43398e+07 1.4328e+08 6.48007e+07 1.18413e+07 0 1.17229e+08 0 1.4328e+08 1.17229e+08 6.48007e+07 1.18413e+07 0.00218329 0.00159248 0.00256834 0.00333306 0.0751911
26 122 0 0.509364 0.186373 0.000886248 0.00114259 2.56214e+07 1.06903e+08 4.83488e+07 8.83498e+06 0 8.74663e+07 0 1.06903e+08 8.74663e+07 4.83488e+07 8.83498e+06 0.00202855 0.00132372 0.00357752 0.00408684 0.0870181
16 122 1 0.701374 0.167197 0.00114217 0.000895964 3.58173e+07 1.49444e+08 6.75888e+07 1.23508e+07 0 1.22273e+08 0 1.49444e+08 1.22273e+08 6.75888e+07 1.23508e+07 0.00100041 -0.00262032 0.00410237 0.00408518 0.0858044
24 122 2 0.650355 0.35895 0.00169057 0.00163065 4.41145e+07 1.84064e+08 8.32461e+07 1.52119e+07 0 1.50598e+08 0 1.84064e+08 1.50598e+08 8.32461e+07 1.52119e+07 0.0018947 -0.000695344 0.00344737 0.00245547 0.0740275
37 123 0 0.309377 0.184494 0.000592219 0.000800579 4.12188e+07 1.71982e+08 7.77818e+07 1.42134e+07 0 1.40713e+08 0 1.71982e+08 1.40713e+08 7.77818e+07 1.42134e+07 0.000855231 0.00203313 0.00245756 0.00266916 0.0886845
26 123 1 0.509364 0.186373 0.000886248 0.00114259 2.56214e+07 1.06903e+08 4.83488e+07 8.83498e+06 0 8.74663e+07 0 1.06903e+08 8.74663e+07 4.83488e+07 8.83498e+06 0.00202855 0.00132372 0.00357752 0.00408684 0.0870181
35 123 2 0.422057 0.371828 0.00126531 0.00167569 3.43398e+07 1.4328e+08 6.48007e+07 1.18413e+07 0 1.17229e+08 0 1.4328e+08 1.17229e+08 6.48007e+07 1.18413e+07 0.00218329 0.00159248 0.00256834 0.00333306 0.0751911
37 124 0 0.309377 0.184494 0.000592219 0.000800579 4.12188e+07 1.71982e+08 7.77818e+07 1.42134e+07 0 1.40713e+08 0 1.71982e+08 1.40713e+08 7.77818e+07 1.42134e+07 0.000855231 0.00203313 0.00245756 0.00266916 0.0886845
25 124 1 0.4 3.49824e-24 7.97161e-28 3.58583e-26 1.98201e+07 8.26975e+07 3.74013e+07 6.8345e+06 0 6.76616e+07 0 8.26975e+07 6.76616e+07 3.74013e+07 6.8345e+06 0.000334097 0.000361384 0.00454656 0.00718565 0.104283
26 124 2 0.509364 0.186373 0.000886248 0.00114259 2.56214e+07 1.06903e+08 4.83488e+07 8.83498e+06 0 8.74663e+07 0 1.06903e+08 8.74663e+07 4.83488e+07 8.83498e+06 0.00202855 0.00132372 0.00357752 0.00408684 0.0870181
7 125 0 0.8 3.47201e-24 7.27181e-27 3.65966e-26 3.2355e+07 1.34999e+08 6.10554e+07 1.11569e+07 0 1.10453e+08 0 1.34999e+08 1.10453e+08 6.10554e+07 1.11569e+07 0.000432178 -0.00146603 0.0104052 0.00422183 0.0979008
1 125 1 1 1.77792e-24 7.92989e-27 1.87926e-26 2.09689e+07 8.74911e+07 3.95694e+07 7.23067e+06 0 7.15837e+07 0 8.74911e+07 7.15837e+07 3.95694e+07 7.23067e+06 0.00524387 -0.00629514 0.0215807 0.0039025 0.0883141
6 125 2 1.01845 0.191336 0.00222486 0.000814163 7.29166e+06 3.04238e+07 1.37597e+07 2.51437e+06 0 2.48922e+07 0 3.04238e+07 2.48922e+07 1.37597e+07 2.51437e+06 0.00388604 -0.00486163 0.0012412 0.00736743 0.0762228
21 126 0 0.631866 1.29133 0.00268483 0.00531431 5.7863e+06 2.41429e+07 1.0919e+07 1.99528e+06 0 1.97532e+07 0 2.41429e+07 1.97532e+07 1.0919e+07 1.99528e+06 0.0060577 -0.00334265 -0.000277054 0.00802278 0.0463536
12 126 1 0.810376 1.37834 0.00323806 0.00523893 3.71092e+07 1.54835e+08 7.00268e+07 1.27963e+07 0 1.26683e+08 0 1.54835e+08 1.26683e+08 7.00268e+07 1.27963e+07 0.000792389 -0.00309604 -0.00105997 0.00345399 0.0466951
19 126 2 0.631784 1.50715 0.00282133 0.00627407 3.42235e+07 1.42795e+08 6.45813e+07 1.18012e+07 0 1.16832e+08 0 1.42795e+08 1.16832e+08 6.45813e+07 1.18012e+07 0.0022455 0.00253767 0.00131409 0.002608 0.0448134
22 127 0 0.439431 1.61433 0.00262755 0.0064263 4.99461e+07 2.08396e+08 9.42506e+07 1.72228e+07 0 1.70506e+08 0 2.08396e+08 1.70506e+08 9.42506e+07 1.72228e+07 0.00111695 -0.00139688 0.00110451 0.00228011 0.0433989
29 127 1 0.44158 1.3636 0.00223158 0.00581784 5.05823e+07 2.1105e+08 9.54512e+07 1.74422e+07 0 1.72678e+08 0 2.1105e+08 1.72678e+08 9.54512e+07 1.74422e+07 0.00139741 -0.00163145 0.00207551 0.00254732 0.0448355
19 127 2 0.631784 1.50715 0.00282133 0.00627407 3.42235e+07 1.42795e+08 6.45813e+07 1.18012e+07 0 1.16832e+08 0 1.42795e+08 1.16832e+08 6.45813e+07 1.18012e+07 0.0022455 0.00253767 0.00131409 0.002608 0.0448134
30 128 0 0.506616 1.12722 0.00229687 0.0047184 2.25325e+07 9.40148e+07 4.25198e+07 7.76981e+06 0 7.69212e+07 0 9.40148e+07 7.69212e+07 4.25198e+07 7.76981e+06 0.00330681 -0.00502618 -0.00279927 0.00433937 0.0481181
20 128 1 0.7642 1.12364 0.00301678 0.00437175 3.27139e+07 1.36496e+08 6.17327e+07 1.12807e+07 0 1.11679e+08 0 1.36496e+08 1.11679e+08 6.17327e+07 1.12807e+07 0.00160285 0.0034374 0.00236333 0.00329343 0.0491011
21 128 2 0.631866 1.29133 0.00268483 0.00531431 5.7863e+06 2.41429e+07 1.0919e+07 1.99528e+06 0 1.97532e+07 0 2.41429e+07 1.97532e+07 1.0919e+07 1.99528e+06 0.0060577 -0.00334265 -0.000277054 0.00802278 0.0463536
6 129 0 1.01845 0.191336 0.00222486 0.000814163 7.29166e+06 3.04238e+07 1.37597e+07 2.51437e+06 0 2.48922e+07 0 3.04238e+07 2.48922e+07 1.37597e+07 2.51437e+06 0.00388604 -0.00486163 0.0012412 0.00736743 0.0762228
1 129 1 1 1.77792e-24 7.92989e-27 1.87926e-26 2.09689e+07 8.74911e+07 3.95694e+07 7.23067e+06 0 7.15837e+07 0 8.74911e+07 7.15837e+07 3.95694e+07 7.23067e+06 0.00524387 -0.00629514 0.0215807 0.0039025 0.0883141
0 129 2 1.15367 0.10247 0.00212916 -0.000113766 4.04109e+07 1.68611e+08 7.62572e+07 1.39348e+07 0 1.37954e+08 0 1.68611e+08 1.37954e+08 7.62572e+07 1.39348e+07 0.00147291 -0.00100206 0.0114799 0.00215536 0.0749258
17 130 0 0.83268 0.506652 0.00242209 0.0019778 4.90557e+07 2.04681e+08 9.25703e+07 1.69158e+07 0 1.67466e+08 0 2.04681e+08 1.67466e+08 9.25703e+07 1.69158e+07 0.00134783 0.000125841 0.00277965 0.00196212 0.065257
14 130 1 0.857847 0.277826 0.00180052 0.00134692 2.04126e+07 8.51698e+07 3.85195e+07 7.03883e+06 0 6.96844e+07 0 8.51698e+07 6.96844e+07 3.85195e+07 7.03883e+06 0.00324852 0.00165313 0.00178988 0.00543533 0.0756789
8 130 2 1.07828 0.414822 0.00269513 0.00143941 5.14993e+07 2.14876e+08 9.71815e+07 1.77584e+07 0 1.75808e+08 0 2.14876e+08 1.75808e+08 9.71815e+07 1.77584e+07 0.0010004 -0.00486976 0.00138375 0.00150914 0.0664552
14 131 0 0.857847 0.277826 0.00180052 0.00134692 2.04126e+07 8.51698e+07 3.85195e+07 7.03883e+06 0 6.96844e+07 0 8.51698e+07 6.96844e+07 3.85195e+07 7.03883e+06 0.00324852 0.00165313 0.00178988 0.00543533 0.0756789
7 131 1 0.8 3.47201e-24 7.27181e-27 3.65966e-26 3.2355e+07 1.34999e+08 6.10554e+07 1.11569e+07 0 1.10453e+08 0 1.34999e+08 1.10453e+08 6.10554e+07 1.11569e+07 0.000432178 -0.00146603 0.0104052 0.00422183 0.0979008
6 131 2 1.01845 0.191336 0.00222486 0.000814163 7.29166e+06 3.04238e+07 1.37597e+07 2.51437e+06 0 2.48922e+07 0 3.04238e+07 2.48922e+07 1.37597e+07 2.51437e+06 0.00388604 -0.00486163 0.0012412 0.00736743 0.0762228
11 132 0 1.013 1.1611 0.00368879 0.00453995 2.44119e+07 1.01857e+08 4.60664e+07 8.4179e+06 0 8.33372e+07 0 1.01857e+08 8.33372e+07 4.60664e+07 8.4179e+06 0.00301388 0.000167423 0.000702067 0.00409005 0.0501985
18 132 1 0.906385 0.917141 0.00322342 0.00350933 2.1099e+07 8.8034e+07 3.98149e+07 7.27553e+06 0 7.20278e+07 0 8.8034e+07 7.20278e+07 3.98149e+07 7.27553e+06 0.00330827 -0.0014331 0.000501856 0.00494027 0.0532737
10 132 2 1.09556 1.02524 0.0039145 0.00387589 1.93549e+07 8.07566e+07 3.65236e+07 6.6741e+06 0 6.60736e+07 0 8.07566e+07 6.60736e+07 3.65236e+07 6.6741e+06 0.00376107 -0.000638518 -8.70147e-05 0.00546738 0.0525458
20 133 0 0.7642 1.12364 0.00301678 0.00437175 3.27139e+07 1.36496e+08 6.17327e+07 1.12807e+07 0 1.11679e+08 0 1.36496e+08 1.11679e+08 6.17327e+07 1.12807e+07 0.00160285 0.0034374 0.00236333 0.00329343 0.0491011
12 133 1 0.810376 1.37834 0.00323806 0.00523893 3.71092e+07 1.54835e+08 7.00268e+07 1.27963e+07 0 1.26683e+08 0 1.54835e+08 1.26683e+08 7.00268e+07 1.27963e+07 0.000792389 -0.00309604 -0.00105997 0.00345399 0.0466951
21 133 2 0.631866 1.29133 0.00268483 0.00531431 5.7863e+06 2.41429e+07 1.0919e+07 1.99528e+06 0 1.97532e+07 0 2.41429e+07 1.97532e+07 1.0919e+07 1.99528e+06 0.0060577 -0.00334265 -0.000277054 0.00802278 0.0463536
17 134 0 0.83268 0.506652 0.00242209 0.0019778 4.90557e+07 2.04681e+08 9.25703e+07 1.69158e+07 0 1.67466e+08 0 2.04681e+08 1.67466e+08 9.25703e+07 1.69158e+07 0.00134783 0.000125841 0.00277965 0.00196212 0.065257
8 134 1 1.07828 0.414822 0.00269513 0.00143941 5.14993e+07 2.14876e+08 9.71815e+07 1.77584e+07 0 1.75808e+08 0 2.14876e+08 1.75808e+08 9.71815e+07 1.77584e+07 0.0010004 -0.00486976 0.00138375 0.00150914 0.0664552
13 134 2 1.02277 0.674415 0.00326955 0.00230163 2.98053e+07 1.2436e+08 5.62439e+07 1.02777e+07 0 1.01749e+08 0 1.2436e+08 1.01749e+08 5.62439e+07 1.02777e+07 0.00214116 -0.00141081 0.00223042 0.00344702 0.0590652
27 135 0 0.574179 0.549706 0.00202513 0.00233091 2.6859e+07 1.12067e+08 5.06842e+07 9.26174e+06 0 9.16912e+07 0 1.12067e+08 9.16912e+07 5.06842e+07 9.26174e+06 0.00250443 -0.00229349 0.00181705 0.00369287 0.0650522
17 135 1 0.83268 0.506652 0.00242209 0.0019778 4.90557e+07 2.04681e+08 9.25703e+07 1.69158e+07 0 1.67466e+08 0 2.04681e+08 1.67466e+08 9.25703e+07 1.69158e+07 0.00134783 0.000125841 0.00277965 0.00196212 0.065257
23 135 2 0.744474 0.721737 0.00266423 0.00277754 2.23814e+07 9.33843e+07 4.22346e+07 7.71771e+06 0 7.64053e+07 0 9.33843e+07 7.64053e+07 4.22346e+07 7.71771e+06 0.00256496 -0.00100321 0.000850565 0.00477671 0.058042
24 136 0 0.650355 0.35895 0.00169057 0.00163065 4.41145e+07 1.84064e+08 8.32461e+07 1.52119e+07 0 1.50598e+08 0 1.84064e+08 1.50598e+08 8.32461e+07 1.52119e+07 0.0018947 -0.000695344 0.00344737 0.00245547 0.0740275
16 136 1 0.701374 0.167197 0.00114217 0.000895964 3.58173e+07 1.49444e+08 6.75888e+07 1.23508e+07 0 1.22273e+08 0 1.49444e+08 1.22273e+08 6.75888e+07 1.23508e+07 0.00100041 -0.00262032 0.00410237 0.00408518 0.0858044
14 136 2 0.857847 0.277826 0.00180052 0.00134692 2.04126e+07 8.51698e+07 3.85195e+07 7.03883e+06 0 6.96844e+07 0 8.51698e+07 6.96844e+07 3.85195e+07 7.03883e+06 0.00324852 0.00165313 0.00178988 0.00543533 0.0756789
35 137 0 0.422057 0.371828 0.00126531 0.00167569 3.43398e+07 1.4328e+08 6.48007e+07 1.18413e+07 0 1.17229e+08 0 1.4328e+08 1.17229e+08 6.48007e+07 1.18413e+07 0.00218329 0.00159248 0.00256834 0.00333306 0.0751911
24 137 1 0.650355 0.35895 0.00169057 0.00163065 4.41145e+07 1.84064e+08 8.32461e+07 1.52119e+07 0 1.50598e+08 0 1.84064e+08 1.50598e+08 8.32461e+07 1.52119e+07 0.0018947 -0.000695344 0.00344737 0.00245547 0.0740275
27 137 2 0.574179 0.549706 0.00202513 0.00233091 2.6859e+07 1.12067e+08 5.06842e+07 9.26174e+06 0 9.16912e+07 0 1.12067e+08 9.16912e+07 5.06842e+07 9.26174e+06 0.00250443 -0.00229349 0.00181705 0.00369287 0.0650522
14 138 0 0.857847 0.277826 0.00180052 0.00134692 2.04126e+07 8.51698e+07 3.85195e+07 7.03883e+06 0 6.96844e+07 0 8.51698e+07 6.96844e+07 3.85195e+07 7.03883e+06 0.00324852 0.00165313 0.00178988 0.00543533 0.0756789
6 138 1 1.01845 0.191336 0.00222486 0.000814163 7.29166e+06 3.04238e+07 1.37597e+07 2.51437e+06 0 2.48922e+07 0 3.04238e+07 2.48922e+07 1.37597e+07 2.51437e+06 0.00388604 -0.00486163 0.0012412 0.00736743 0.0762228
8 138 2 1.07828 0.414822 0.00269513 0.00143941 5.14993e+07 2.14876e+08 9.71815e+07 1.77584e+07 0 1.75808e+08 0 2.14876e+08 1.75808e+08 9.71815e+07 1.77584e+07 0.0010004 -0.00486976 0.00138375 0.00150914 0.0664552
24 139 0 0.650355 0.35895 0.00169057 0.00163065 4.41145e+07 1.84064e+08 8.32461e+07 1.52119e+07 0 1.50598e+08 0 1.84064e+08 1.50598e+08 8.32461e+07 1.52119e+07 0.0018947 -0.000695344 0.00344737 0.00245547 0.0740275
14 139 1 0.857847 0.277826 0.00180052 0.00134692 2.04126e+07 8.51698e+07 3.85195e+07 7.03883e+06 0 6.96844e+07 0 8.51698e+07 6.96844e+07 3.85195e+07 7.03883e+06 0.00324852 0.00165313 0.00178988 0.00543533 0.0756789
17 139 2 0.83268 0.506652 0.00242209 0.0019778 4.90557e+07 2.04681e+08 9.25703e+07 1.69158e+07 0 1.67466e+08 0 2.04681e+08 1.67466e+08 9.25703e+07 1.69158e+07 0.00134783 0.000125841 0.00277965 0.00196212 0.065257
16 140 0 0.701374 0.167197 0.00114217 0.000895964 3.58173e+07 1.49444e+08 6.75888e+07 1.23508e+07 0 1.22273e+08 0 1.49444e+08 1.22273e+08 6.75888e+07 1.23508e+07 0.00100041 -0.00262032 0.00410237 0.00408518 0.0858044
7 140 1 0.8 3.47201e-24 7.27181e-27 3.65966e-26 3.2355e+07 1.34999e+08 6.10554e+07 1.11569e+07 0 1.10453e+08 0 1.34999e+08 1.10453e+08 6.10554e+07 1.11569e+07 0.000432178 -0.00146603 0.0104052 0.00422183 0.0979008
14 140 2 0.857847 0.277826 0.00180052 0.00134692 2.04126e+07 8.51698e+07 3.85195e+07 7.03883e+06 0 6.96844e+07 0 8.51698e+07 6.96844e+07 3.85195e+07 7.03883e+06 0.00324852 0.00165313 0.00178988 0.00543533 0.0756789
6 141 0 1.01845 0.191336 0.00222486 0.000814163 7.29166e+06 3.04238e+07 1.37597e+07 2.51437e+06 0 2.48922e+07 0 3.04238e+07 2.48922e+07 1.37597e+07 2.51437e+06 0.00388604 -0.00486163 0.0012412 0.00736743 0.0762228
0 141 1 1.15367 0.10247 0.00212916 -0.000113766 4.04109e+07 1.68611e+08 7.62572e+07 1.39348e+07 0 1.37954e+08 0 1.68611e+08 1.37954e+08 7.62572e+07 1.39348e+07 0.00147291 -0.00100206 0.0114799 0.00215536 0.0749258
3 141 2 1.29263 0.224139 0.00303029 2.61138e-05 2.84375e+07 1.18653e+08 5.36628e+07 9.80603e+06 0 9.70797e+07 0 1.18653e+08 9.70797e+07 5.36628e+07 9.80603e+06 0.00201519 -0.00228962 -0.00145895 0.00435819 0.0693548
8 142 0 1.07828 0.414822 0.00269513 0.00143941 5.14993e+07 2.14876e+08 9.71815e+07 1.77584e+07 0 1.75808e+08 0 2.14876e+08 1.75808e+08 9.71815e+07 1.77584e+07 0.0010004 -0.00486976 0.00138375 0.00150914 0.0664552
3 142 1 1.29263 0.224139 0.00303029 2.61138e-05 2.84375e+07 1.18653e+08 5.36628e+07 9.80603e+06 0 9.70797e+07 0 1.18653e+08 9.70797e+07 5.36628e+07 9.80603e+06 0.00201519 -0.00228962 -0.00145895 0.00435819 0.0693548
2 142 2 1.29376 0.396032 0.00320206 0.000654212 1.49859e+07 6.25276e+07 2.82792e+07 5.16757e+06 0 5.11589e+07 0 6.25276e+07 5.11589e+07 2.82792e+07 5.16757e+06 0.00449504 -0.00193559 0.00314119 0.00475092 0.0658458
8 143 0 1.07828 0.414822 0.00269513 0.00143941 5.14993e+07 2.14876e+08 9.71815e+07 1.77584e+07 0 1.75808e+08 0 2.14876e+08 1.75808e+08 9.71815e+07 1.77584e+07 0.0010004 -0.00486976 0.00138375 0.00150914 0.0664552
2 143 1 1.29376 0.396032 0.00320206 0.000654212 1.49859e+07 6.25276e+07 2.82792e+07 5.16757e+06 0 5.11589e+07 0 6.25276e+07 5.11589e+07 2.82792e+07 5.16757e+06 0.00449504 -0.00193559 0.00314119 0.00475092 0.0658458
4 143 2 1.29098 0.567905 0.00377593 0.00163484 8.63507e+06 3.60291e+07 1.62948e+07 2.97761e+06 0 2.94783e+07 0 3.60291e+07 2.94783e+07 1.62948e+07 2.97761e+06 0.0048742 0.00141216 0.0041362 0.00798959 0.0619509
27 144 0 0.574179 0.549706 0.00202513 0.00233091 2.6859e+07 1.12067e+08 5.06842e+07 9.26174e+06 0 9.16912e+07 0 1.12067e+08 9.16912e+07 5.06842e+07 9.26174e+06 0.00250443 -0.00229349 0.00181705 0.00369287 0.0650522
24 144 1 0.650355 0.35895 0.00169057 0.00163065 4.41145e+07 1.84064e+08 8.32461e+07 1.52119e+07 0 1.50598e+08 0 1.84064e+08 1.50598e+08 8.32461e+07 1.52119e+07 0.0018947 -0.000695344 0.00344737 0.00245547 0.0740275
17 144 2 0.83268 0.506652 0.00242209 0.0019778 4.90557e+07 2.04681e+08 9.25703e+07 1.69158e+07 0 1.67466e+08 0 2.04681e+08 1.67466e+08 9.25703e+07 1.69158e+07 0.00134783 0.000125841 0.00277965 0.00196212 0.065257
6 145 0 1.01845 0.191336 0.00222486 0.000814163 7.29166e+06 3.04238e+07 1.37597e+07 2.51437e+06 0 2.48922e+07 0 3.04238e+07 2.48922e+07 1.37597e+07 2.51437e+06 0.00388604 -0.00486163 0.0012412 0.00736743 0.0762228
3 145 1 1.29263 0.224139 0.00303029 2.61138e-05 2.84375e+07 1.18653e+08 5.36628e+07 9.80603e+06 0 9.70797e+07 0 1.18653e+08 9.70797e+07 5.36628e+07 9.80603e+06 0.00201519 -0.00228962 -0.00145895 0.00435819 0.0693548
8 145 2 1.07828 0.414822 0.00269513 0.00143941 5.14993e+07 2.14876e+08 9.71815e+07 1.77584e+07 0 1.75808e+08 0 2.14876e+08 1.75808e+08 9.71815e+07 1.77584e+07 0.0010004 -0.00486976 0.00138375 0.00150914 0.0664552
13 146 0 1.02277 0.674415 0.00326955 0.00230163 2.98053e+07 1.2436e+08 5.62439e+07 1.02777e+07 0 1.01749e+08 0 1.2436e+08 1.01749e+08 5.62439e+07 1.02777e+07 0.00214116 -0.00141081 0.00223042 0.00344702 0.0590652
23 146 1 0.744474 0.721737 0.00266423 0.00277754 2.23814e+07 9.33843e+07 4.22346e+07 7.71771e+06 0 7.64053e+07 0 9.33843e+07 7.64053e+07 4.22346e+07 7.71771e+06 0.00256496 -0.00100321 0.000850565 0.00477671 0.058042
17 146 2 0.83268 0.506652 0.00242209 0.0019778 4.90557e+07 2.04681e+08 9.25703e+07 1.69158e+07 0 1.67466e+08 0 2.04681e+08 1.67466e+08 9.25703e+07 1.69158e+07 0.00134783 0.000125841 0.00277965 0.00196212 0.065257
4 147 0 1.29098 0.567905 0.00377593 0.00163484 8.63507e+06 3.60291e+07 1.62948e+07 2.97761e+06 0 2.94783e+07 0 3.60291e+07 2.94783e+07 1.62948e+07 2.97761e+06 0.0048742 0.00141216 0.0041362 0.00798959 0.0619509
13 147 1 1.02277 0.674415 0.00326955 0.00230163 2.98053e+07 1.2436e+08 5.62439e+07 1.02777e+07 0 1.01749e+08 0 1.2436e+08 1.01749e+08 5.62439e+07 1.02777e+07 0.00214116 -0.00141081 0.00223042 0.00344702 0.0590652
8 147 2 1.07828 0.414822 0.00269513 0.00143941 5.14993e+07 2.14876e+08 9.71815e+07 1.77584e+07 0 1.75808e+08 0 2.14876e+08 1.75808e+08 9.71815e+07 1.77584e+07 0.0010004 -0.00486976 0.00138375 0.00150914 0.0664552
5 148 0 1.2345 0.728637 0.00388592 0.00238975 3.10785e+07 1.29672e+08 5.86465e+07 1.07167e+07 0 1.06095e+08 0 1.29672e+08 1.06095e+08 5.86465e+07 1.07167e+07 0.00288585 0.00104688 -4.06121e-05 0.00226793 0.0584819
9 148 1 1.17825 0.88945 0.00411941 0.00307305 1.97142e+07 8.2256e+07 3.72017e+07 6.79801e+06 0 6.73003e+07 0 8.2256e+07 6.73003e+07 3.72017e+07 6.79801e+06 0.00348528 -0.000709251 0.00148173 0.00553686 0.0551974
13 148 2 1.02277 0.674415 0.00326955 0.00230163 2.98053e+07 1.2436e+08 5.62439e+07 1.02777e+07 0 1.01749e+08 0 1.2436e+08 1.01749e+08 5.62439e+07 1.02777e+07 0.00214116 -0.00141081 0.00223042 0.00344702 0.0590652
23 149 0 0.744474 0.721737 0.00266423 0.00277754 2.23814e+07 9.33843e+07 4.22346e+07 7.71771e+06 0 7.64053e+07 0 9.33843e+07 7.64053e+07 4.22346e+07 7.71771e+06 0.00256496 -0.00100321 0.000850565 0.00477671 0.058042
13 149 1 1.02277 0.674415 0.00326955 0.00230163 2.98053e+07 1.2436e+08 5.62439e+07 1.02777e+07 0 1.01749e+08 0 1.2436e+08 1.01749e+08 5.62439e+07 1.02777e+07 0.00214116 -0.00141081 0.00223042 0.00344702 0.0590652
18 149 2 0.906385 0.917141 0.00322342 0.00350933 2.1099e+07 8.8034e+07 3.98149e+07 7.27553e+06 0 7.20278e+07 0 8.8034e+07 7.20278e+07 3.98149e+07 7.27553e+06 0.00330827 -0.0014331 0.000501856 0.00494027 0.0532737
4 150 0 1.29098 0.567905 0.00377593 0.00163484 8.63507e+06 3.60291e+07 1.62948e+07 2.97761e+06 0 2.94783e+07 0 3.60291e+07 2.94783e+07 1.62948e+07 2.97761e+06 0.0048742 0.00141216 0.0041362 0.00798959 0.0619509
5 150 1 1.2345 0.728637 0.00388592 0.00238975 3.10785e+07 1.29672e+08 5.86465e+07 1.07167e+07 0 1.06095e+08 0 1.29672e+08 1.06095e+08 5.86465e+07 1.07167e+07 0.00288585 0.00104688 -4.06121e-05 0.00226793 0.0584819
13 150 2 1.02277 0.674415 0.00326955 0.00230163 2.98053e+07 1.2436e+08 5.62439e+07 1.02777e+07 0 1.01749e+08 0 1.2436e+08 1.01749e+08 5.62439e+07 1.02777e+07 0.00214116 -0.00141081 0.00223042 0.00344702 0.0590652
13 151 0 1.02277 0.674415 0.00326955 0.00230163 2.98053e+07 1.2436e+08 5.62439e+07 1.02777e+07 0 1.01749e+08 0 1.2436e+08 1.01749e+08 5.62439e+07 1.02777e+07 0.00214116 -0.00141081 0.00223042 0.00344702 0.0590652
9 151 1 1.17825 0.88945 0.00411941 0.00307305 1.97142e+07 8.2256e+07 3.72017e+07 6.79801e+06 0 6.73003e+07 0 8.2256e+07 6.73003e+07 3.72017e+07 6.79801e+06 0.00348528 -0.000709251 0.00148173 0.00553686 0.0551974
18 151 2 0.906385 0.917141 0.00322342 0.00350933 2.1099e+07 8.8034e+07 3.98149e+07 7.27553e+06 0 7.20278e+07 0 8.8034e+07 7.20278e+07 3.98149e+07 7.27553e+06 0.00330827 -0.0014331 0.000501856 0.00494027 0.0532737
10 152 0 1.09556 1.02524 0.0039145 0.00387589 1.93549e+07 8.07566e+07 3.65236e+07 6.6741e+06 0 6.60736e+07 0 8.07566e+07 6.60736e+07 3.65236e+07 6.6741e+06 0.00376107 -0.000638518 -8.70147e-05 0.00546738 0.0525458
18 152 1 0.906385 0.917141 0.00322342 0.00350933 2.1099e+07 8.8034e+07 3.98149e+07 7.27553e+06 0 7.20278e+07 0 8.8034e+07 7.20278e+07 3.98149e+07 7.27553e+06 0.00330827 -0.0014331 0.000501856 0.00494027 0.0532737
9 152 2 1.17825 0.88945 0.00411941 0.00307305 1.97142e+07 8.2256e+07 3.72017e+07 6.79801e+06 0 6.73003e+07 0 8.2256e+07 6.73003e+07 3.72017e+07 6.79801e+06 0.00348528 -0.000709251 0.00148173 0.00553686 0.0551974
