Index_Vertex nbTriangle nbInTr x y ux uy Elast AR BR IR GR ER FR A1 A2 B12 C3 Defxx Defxy Defyx Defyy Density 
6 0 0 -1 1.6403e-25 6.36226e-27 9.26454e-27 2.86171e+07 1.19403e+08 5.40018e+07 9.86798e+06 0 9.7693e+07 0 1.19403e+08 9.7693e+07 5.40018e+07 9.86798e+06 0.00342995 0.00643796 -0.0245088 0.000597903 0.130893
13 0 1 -0.8 6.71785e-25 -2.10293e-27 3.88804e-26 1.30315e+07 5.4373e+07 2.45911e+07 4.49364e+06 0 4.4487e+07 0 5.4373e+07 4.4487e+07 2.45911e+07 4.49364e+06 -2.09702e-25 3.99444e-25 -0.0187015 0.0126734 0.131886
7 0 2 -0.872657 0.207508 -0.00225459 0.00128473 2.89407e+07 1.20752e+08 5.46123e+07 9.97954e+06 0 9.87974e+07 0 1.20752e+08 9.87974e+07 5.46123e+07 9.97954e+06 0.00139799 0.00409699 -0.00380566 0.00350497 0.114984
14 1 0 -0.689118 0.19918 -0.001629 0.00179288 1.46127e+07 6.097e+07 2.75747e+07 5.03884e+06 0 4.98846e+07 0 6.097e+07 4.98846e+07 2.75747e+07 5.03884e+06 0.00588997 -0.00458609 -0.00480961 0.00345128 0.114887
7 1 1 -0.872657 0.207508 -0.00225459 0.00128473 2.89407e+07 1.20752e+08 5.46123e+07 9.97954e+06 0 9.87974e+07 0 1.20752e+08 9.87974e+07 5.46123e+07 9.97954e+06 0.00139799 0.00409699 -0.00380566 0.00350497 0.114984
13 1 2 -0.8 6.71785e-25 -2.10293e-27 3.88804e-26 1.30315e+07 5.4373e+07 2.45911e+07 4.49364e+06 0 4.4487e+07 0 5.4373e+07 4.4487e+07 2.45911e+07 4.49364e+06 -2.09702e-25 3.99444e-25 -0.0187015 0.0126734 0.131886
13 2 0 -0.8 6.71785e-25 -2.10293e-27 3.88804e-26 1.30315e+07 5.4373e+07 2.45911e+07 4.49364e+06 0 4.4487e+07 0 5.4373e+07 4.4487e+07 2.45911e+07 4.49364e+06 -2.09702e-25 3.99444e-25 -0.0187015 0.0126734 0.131886
21 2 1 -0.6 6.62783e-25 3.55073e-27 2.48926e-26 2.75033e+06 1.14755e+07 5.19e+06 948390 0 9.38906e+06 0 1.14755e+07 9.38906e+06 5.19e+06 948390 0.00281688 -0.0055254 -0.00930041 0.0124327 0.131467
14 2 2 -0.689118 0.19918 -0.001629 0.00179288 1.46127e+07 6.097e+07 2.75747e+07 5.03884e+06 0 4.98846e+07 0 6.097e+07 4.98846e+07 2.75747e+07 5.03884e+06 0.00588997 -0.00458609 -0.00480961 0.00345128 0.114887
7 3 0 -0.872657 0.207508 -0.00225459 0.00128473 2.89407e+07 1.20752e+08 5.46123e+07 9.97954e+06 0 9.87974e+07 0 1.20752e+08 9.87974e+07 5.46123e+07 9.97954e+06 0.00139799 0.00409699 -0.00380566 0.00350497 0.114984
8 3 1 -0.781003 0.411189 -0.00271453 0.00235695 5.03987e+07 2.10284e+08 9.51046e+07 1.73789e+07 0 1.72051e+08 0 2.10284e+08 1.72051e+08 9.51046e+07 1.73789e+07 0.000839462 0.00383103 -0.00121191 0.00172585 0.103048
3 3 2 -0.982199 0.419981 -0.00323757 0.00222993 9.81884e+06 4.09683e+07 1.85286e+07 3.38581e+06 0 3.35195e+07 0 4.09683e+07 3.35195e+07 1.85286e+07 3.38581e+06 0.0045426 -0.00160953 -0.000261022 0.00542546 0.105072
6 4 0 -1 1.6403e-25 6.36226e-27 9.26454e-27 2.86171e+07 1.19403e+08 5.40018e+07 9.86798e+06 0 9.7693e+07 0 1.19403e+08 9.7693e+07 5.40018e+07 9.86798e+06 0.00342995 0.00643796 -0.0245088 0.000597903 0.130893
7 4 1 -0.872657 0.207508 -0.00225459 0.00128473 2.89407e+07 1.20752e+08 5.46123e+07 9.97954e+06 0 9.87974e+07 0 1.20752e+08 9.87974e+07 5.46123e+07 9.97954e+06 0.00139799 0.00409699 -0.00380566 0.00350497 0.114984
1 4 2 -1.03177 0.211143 -0.00278432 0.000564265 1.32547e+07 5.53042e+07 2.50123e+07 4.5706e+06 0 4.52489e+07 0 5.53042e+07 4.52489e+07 2.50123e+07 4.5706e+06 0.00503479 0.00519958 -0.00606804 0.00703639 0.115129
14 5 0 -0.689118 0.19918 -0.001629 0.00179288 1.46127e+07 6.097e+07 2.75747e+07 5.03884e+06 0 4.98846e+07 0 6.097e+07 4.98846e+07 2.75747e+07 5.03884e+06 0.00588997 -0.00458609 -0.00480961 0.00345128 0.114887
8 5 1 -0.781003 0.411189 -0.00271453 0.00235695 5.03987e+07 2.10284e+08 9.51046e+07 1.73789e+07 0 1.72051e+08 0 2.10284e+08 1.72051e+08 9.51046e+07 1.73789e+07 0.000839462 0.00383103 -0.00121191 0.00172585 0.103048
7 5 2 -0.872657 0.207508 -0.00225459 0.00128473 2.89407e+07 1.20752e+08 5.46123e+07 9.97954e+06 0 9.87974e+07 0 1.20752e+08 9.87974e+07 5.46123e+07 9.97954e+06 0.00139799 0.00409699 -0.00380566 0.00350497 0.114984
28 6 0 -0.4 6.80394e-25 -6.64322e-27 3.83153e-26 5.41386e+07 2.25889e+08 1.02162e+08 1.86685e+07 0 1.84818e+08 0 2.25889e+08 1.84818e+08 1.02162e+08 1.86685e+07 9.85165e-27 7.25646e-25 -0.0060503 0.00269933 0.130781
19 6 1 -0.493095 0.194072 -0.00100522 0.000782297 4.77874e+07 1.99389e+08 9.01769e+07 1.64784e+07 0 1.63136e+08 0 1.99389e+08 1.63136e+08 9.01769e+07 1.64784e+07 0.000246507 -0.00559233 -0.00393442 0.00162939 0.114289
21 6 2 -0.6 6.62783e-25 3.55073e-27 2.48926e-26 2.75033e+06 1.14755e+07 5.19e+06 948390 0 9.38906e+06 0 1.14755e+07 9.38906e+06 5.19e+06 948390 0.00281688 -0.0055254 -0.00930041 0.0124327 0.131467
7 7 0 -0.872657 0.207508 -0.00225459 0.00128473 2.89407e+07 1.20752e+08 5.46123e+07 9.97954e+06 0 9.87974e+07 0 1.20752e+08 9.87974e+07 5.46123e+07 9.97954e+06 0.00139799 0.00409699 -0.00380566 0.00350497 0.114984
3 7 1 -0.982199 0.419981 -0.00323757 0.00222993 9.81884e+06 4.09683e+07 1.85286e+07 3.38581e+06 0 3.35195e+07 0 4.09683e+07 3.35195e+07 1.85286e+07 3.38581e+06 0.0045426 -0.00160953 -0.000261022 0.00542546 0.105072
1 7 2 -1.03177 0.211143 -0.00278432 0.000564265 1.32547e+07 5.53042e+07 2.50123e+07 4.5706e+06 0 4.52489e+07 0 5.53042e+07 4.52489e+07 2.50123e+07 4.5706e+06 0.00503479 0.00519958 -0.00606804 0.00703639 0.115129
11 8 0 -0.593617 0.391513 -0.00226275 0.00223518 1.37716e+07 5.74606e+07 2.59876e+07 4.74881e+06 0 4.70133e+07 0 5.74606e+07 4.70133e+07 2.59876e+07 4.74881e+06 0.00337761 -0.00570229 -0.00214906 0.00873334 0.102407
8 8 1 -0.781003 0.411189 -0.00271453 0.00235695 5.03987e+07 2.10284e+08 9.51046e+07 1.73789e+07 0 1.72051e+08 0 2.10284e+08 1.72051e+08 9.51046e+07 1.73789e+07 0.000839462 0.00383103 -0.00121191 0.00172585 0.103048
14 8 2 -0.689118 0.19918 -0.001629 0.00179288 1.46127e+07 6.097e+07 2.75747e+07 5.03884e+06 0 4.98846e+07 0 6.097e+07 4.98846e+07 2.75747e+07 5.03884e+06 0.00588997 -0.00458609 -0.00480961 0.00345128 0.114887
5 9 0 -0.666263 0.621967 -0.00254151 0.00316546 4.12138e+07 1.71961e+08 7.77722e+07 1.42116e+07 0 1.40695e+08 0 1.71961e+08 1.40695e+08 7.77722e+07 1.42116e+07 0.00212991 0.00314175 0.000258564 0.0017785 0.0936564
2 9 1 -0.89839 0.592506 -0.00294235 0.00272878 4.16046e+07 1.73592e+08 7.85098e+07 1.43464e+07 0 1.4203e+08 0 1.73592e+08 1.4203e+08 7.85098e+07 1.43464e+07 0.00140168 8.2126e-05 0.00105619 0.00274203 0.0979103
8 9 2 -0.781003 0.411189 -0.00271453 0.00235695 5.03987e+07 2.10284e+08 9.51046e+07 1.73789e+07 0 1.72051e+08 0 2.10284e+08 1.72051e+08 9.51046e+07 1.73789e+07 0.000839462 0.00383103 -0.00121191 0.00172585 0.103048
8 10 0 -0.781003 0.411189 -0.00271453 0.00235695 5.03987e+07 2.10284e+08 9.51046e+07 1.73789e+07 0 1.72051e+08 0 2.10284e+08 1.72051e+08 9.51046e+07 1.73789e+07 0.000839462 0.00383103 -0.00121191 0.00172585 0.103048
2 10 1 -0.89839 0.592506 -0.00294235 0.00272878 4.16046e+07 1.73592e+08 7.85098e+07 1.43464e+07 0 1.4203e+08 0 1.73592e+08 1.4203e+08 7.85098e+07 1.43464e+07 0.00140168 8.2126e-05 0.00105619 0.00274203 0.0979103
3 10 2 -0.982199 0.419981 -0.00323757 0.00222993 9.81884e+06 4.09683e+07 1.85286e+07 3.38581e+06 0 3.35195e+07 0 4.09683e+07 3.35195e+07 1.85286e+07 3.38581e+06 0.0045426 -0.00160953 -0.000261022 0.00542546 0.105072
27 11 0 -0.290262 0.196399 -0.000715753 0.000691461 3.8545e+07 1.60826e+08 7.27361e+07 1.32914e+07 0 1.31585e+08 0 1.60826e+08 1.31585e+08 7.27361e+07 1.32914e+07 0.000956705 0.00301322 -0.00263433 0.00198316 0.11336
19 11 1 -0.493095 0.194072 -0.00100522 0.000782297 4.77874e+07 1.99389e+08 9.01769e+07 1.64784e+07 0 1.63136e+08 0 1.99389e+08 1.63136e+08 9.01769e+07 1.64784e+07 0.000246507 -0.00559233 -0.00393442 0.00162939 0.114289
28 11 2 -0.4 6.80394e-25 -6.64322e-27 3.83153e-26 5.41386e+07 2.25889e+08 1.02162e+08 1.86685e+07 0 1.84818e+08 0 2.25889e+08 1.84818e+08 1.02162e+08 1.86685e+07 9.85165e-27 7.25646e-25 -0.0060503 0.00269933 0.130781
33 12 0 -0.0866265 0.210401 -0.000127163 0.00121158 8.58122e+06 3.58044e+07 1.61931e+07 2.95904e+06 0 2.92945e+07 0 3.58044e+07 2.92945e+07 1.61931e+07 2.95904e+06 0.010001 -0.00291903 0.000159659 0.00482212 0.111954
27 12 1 -0.290262 0.196399 -0.000715753 0.000691461 3.8545e+07 1.60826e+08 7.27361e+07 1.32914e+07 0 1.31585e+08 0 1.60826e+08 1.31585e+08 7.27361e+07 1.32914e+07 0.000956705 0.00301322 -0.00263433 0.00198316 0.11336
34 12 2 -0.2 6.75564e-25 2.58991e-27 3.7535e-26 3.87305e+07 1.616e+08 7.30862e+07 1.33554e+07 0 1.32218e+08 0 1.616e+08 1.32218e+08 7.30862e+07 1.33554e+07 -3.16077e-25 4.19297e-25 -0.00538566 0.00331902 0.13027
33 13 0 -0.0866265 0.210401 -0.000127163 0.00121158 8.58122e+06 3.58044e+07 1.61931e+07 2.95904e+06 0 2.92945e+07 0 3.58044e+07 2.92945e+07 1.61931e+07 2.95904e+06 0.010001 -0.00291903 0.000159659 0.00482212 0.111954
26 13 1 -0.19808 0.403493 -0.000731407 0.00210511 1.64509e+07 6.86399e+07 3.10436e+07 5.67272e+06 0 5.61599e+07 0 6.86399e+07 5.61599e+07 3.10436e+07 5.67272e+06 0.00187077 0.010197 0.000434145 0.00863373 0.0998017
27 13 2 -0.290262 0.196399 -0.000715753 0.000691461 3.8545e+07 1.60826e+08 7.27361e+07 1.32914e+07 0 1.31585e+08 0 1.60826e+08 1.31585e+08 7.27361e+07 1.32914e+07 0.000956705 0.00301322 -0.00263433 0.00198316 0.11336
5 14 0 -0.666263 0.621967 -0.00254151 0.00316546 4.12138e+07 1.71961e+08 7.77722e+07 1.42116e+07 0 1.40695e+08 0 1.71961e+08 1.40695e+08 7.77722e+07 1.42116e+07 0.00212991 0.00314175 0.000258564 0.0017785 0.0936564
0 14 1 -0.78275 0.749723 -0.00280834 0.00317853 5.60539e+07 2.3388e+08 1.05776e+08 1.93289e+07 0 1.91356e+08 0 2.3388e+08 1.91356e+08 1.05776e+08 1.93289e+07 0.000539743 0.00224728 -0.00218135 0.00224862 0.0921892
2 14 2 -0.89839 0.592506 -0.00294235 0.00272878 4.16046e+07 1.73592e+08 7.85098e+07 1.43464e+07 0 1.4203e+08 0 1.73592e+08 1.4203e+08 7.85098e+07 1.43464e+07 0.00140168 8.2126e-05 0.00105619 0.00274203 0.0979103
11 15 0 -0.593617 0.391513 -0.00226275 0.00223518 1.37716e+07 5.74606e+07 2.59876e+07 4.74881e+06 0 4.70133e+07 0 5.74606e+07 4.70133e+07 2.59876e+07 4.74881e+06 0.00337761 -0.00570229 -0.00214906 0.00873334 0.102407
5 15 1 -0.666263 0.621967 -0.00254151 0.00316546 4.12138e+07 1.71961e+08 7.77722e+07 1.42116e+07 0 1.40695e+08 0 1.71961e+08 1.40695e+08 7.77722e+07 1.42116e+07 0.00212991 0.00314175 0.000258564 0.0017785 0.0936564
8 15 2 -0.781003 0.411189 -0.00271453 0.00235695 5.03987e+07 2.10284e+08 9.51046e+07 1.73789e+07 0 1.72051e+08 0 2.10284e+08 1.72051e+08 9.51046e+07 1.73789e+07 0.000839462 0.00383103 -0.00121191 0.00172585 0.103048
21 16 0 -0.6 6.62783e-25 3.55073e-27 2.48926e-26 2.75033e+06 1.14755e+07 5.19e+06 948390 0 9.38906e+06 0 1.14755e+07 9.38906e+06 5.19e+06 948390 0.00281688 -0.0055254 -0.00930041 0.0124327 0.131467
19 16 1 -0.493095 0.194072 -0.00100522 0.000782297 4.77874e+07 1.99389e+08 9.01769e+07 1.64784e+07 0 1.63136e+08 0 1.99389e+08 1.63136e+08 9.01769e+07 1.64784e+07 0.000246507 -0.00559233 -0.00393442 0.00162939 0.114289
14 16 2 -0.689118 0.19918 -0.001629 0.00179288 1.46127e+07 6.097e+07 2.75747e+07 5.03884e+06 0 4.98846e+07 0 6.097e+07 4.98846e+07 2.75747e+07 5.03884e+06 0.00588997 -0.00458609 -0.00480961 0.00345128 0.114887
20 17 0 -0.391836 0.384186 -0.0014053 0.00155943 6.31502e+06 2.63489e+07 1.19167e+07 2.17759e+06 0 2.15582e+07 0 2.63489e+07 2.15582e+07 1.19167e+07 2.17759e+06 0.00527432 0.000294894 -0.00133924 0.00905046 0.101534
17 17 1 -0.318223 0.598825 -0.00170766 0.0032981 2.05319e+07 8.56674e+07 3.87446e+07 7.07995e+06 0 7.00915e+07 0 8.56674e+07 7.00915e+07 3.87446e+07 7.07995e+06 0.00301433 -0.00318457 -0.00316529 0.00442612 0.0915106
12 17 2 -0.493998 0.55681 -0.00217746 0.00327167 1.77999e+07 7.42686e+07 3.35893e+07 6.1379e+06 0 6.07652e+07 0 7.42686e+07 6.07652e+07 3.35893e+07 6.1379e+06 0.00278948 0.0012718 -0.000679932 0.00466698 0.0942123
20 18 0 -0.391836 0.384186 -0.0014053 0.00155943 6.31502e+06 2.63489e+07 1.19167e+07 2.17759e+06 0 2.15582e+07 0 2.63489e+07 2.15582e+07 1.19167e+07 2.17759e+06 0.00527432 0.000294894 -0.00133924 0.00905046 0.101534
26 18 1 -0.19808 0.403493 -0.000731407 0.00210511 1.64509e+07 6.86399e+07 3.10436e+07 5.67272e+06 0 5.61599e+07 0 6.86399e+07 5.61599e+07 3.10436e+07 5.67272e+06 0.00187077 0.010197 0.000434145 0.00863373 0.0998017
17 18 2 -0.318223 0.598825 -0.00170766 0.0032981 2.05319e+07 8.56674e+07 3.87446e+07 7.07995e+06 0 7.00915e+07 0 8.56674e+07 7.00915e+07 3.87446e+07 7.07995e+06 0.00301433 -0.00318457 -0.00316529 0.00442612 0.0915106
19 19 0 -0.493095 0.194072 -0.00100522 0.000782297 4.77874e+07 1.99389e+08 9.01769e+07 1.64784e+07 0 1.63136e+08 0 1.99389e+08 1.63136e+08 9.01769e+07 1.64784e+07 0.000246507 -0.00559233 -0.00393442 0.00162939 0.114289
20 19 1 -0.391836 0.384186 -0.0014053 0.00155943 6.31502e+06 2.63489e+07 1.19167e+07 2.17759e+06 0 2.15582e+07 0 2.63489e+07 2.15582e+07 1.19167e+07 2.17759e+06 0.00527432 0.000294894 -0.00133924 0.00905046 0.101534
11 19 2 -0.593617 0.391513 -0.00226275 0.00223518 1.37716e+07 5.74606e+07 2.59876e+07 4.74881e+06 0 4.70133e+07 0 5.74606e+07 4.70133e+07 2.59876e+07 4.74881e+06 0.00337761 -0.00570229 -0.00214906 0.00873334 0.102407
19 20 0 -0.493095 0.194072 -0.00100522 0.000782297 4.77874e+07 1.99389e+08 9.01769e+07 1.64784e+07 0 1.63136e+08 0 1.99389e+08 1.63136e+08 9.01769e+07 1.64784e+07 0.000246507 -0.00559233 -0.00393442 0.00162939 0.114289
27 20 1 -0.290262 0.196399 -0.000715753 0.000691461 3.8545e+07 1.60826e+08 7.27361e+07 1.32914e+07 0 1.31585e+08 0 1.60826e+08 1.31585e+08 7.27361e+07 1.32914e+07 0.000956705 0.00301322 -0.00263433 0.00198316 0.11336
20 20 2 -0.391836 0.384186 -0.0014053 0.00155943 6.31502e+06 2.63489e+07 1.19167e+07 2.17759e+06 0 2.15582e+07 0 2.63489e+07 2.15582e+07 1.19167e+07 2.17759e+06 0.00527432 0.000294894 -0.00133924 0.00905046 0.101534
14 21 0 -0.689118 0.19918 -0.001629 0.00179288 1.46127e+07 6.097e+07 2.75747e+07 5.03884e+06 0 4.98846e+07 0 6.097e+07 4.98846e+07 2.75747e+07 5.03884e+06 0.00588997 -0.00458609 -0.00480961 0.00345128 0.114887
19 21 1 -0.493095 0.194072 -0.00100522 0.000782297 4.77874e+07 1.99389e+08 9.01769e+07 1.64784e+07 0 1.63136e+08 0 1.99389e+08 1.63136e+08 9.01769e+07 1.64784e+07 0.000246507 -0.00559233 -0.00393442 0.00162939 0.114289
11 21 2 -0.593617 0.391513 -0.00226275 0.00223518 1.37716e+07 5.74606e+07 2.59876e+07 4.74881e+06 0 4.70133e+07 0 5.74606e+07 4.70133e+07 2.59876e+07 4.74881e+06 0.00337761 -0.00570229 -0.00214906 0.00873334 0.102407
28 22 0 -0.4 6.80394e-25 -6.64322e-27 3.83153e-26 5.41386e+07 2.25889e+08 1.02162e+08 1.86685e+07 0 1.84818e+08 0 2.25889e+08 1.84818e+08 1.02162e+08 1.86685e+07 9.85165e-27 7.25646e-25 -0.0060503 0.00269933 0.130781
34 22 1 -0.2 6.75564e-25 2.58991e-27 3.7535e-26 3.87305e+07 1.616e+08 7.30862e+07 1.33554e+07 0 1.32218e+08 0 1.616e+08 1.32218e+08 7.30862e+07 1.33554e+07 -3.16077e-25 4.19297e-25 -0.00538566 0.00331902 0.13027
27 22 2 -0.290262 0.196399 -0.000715753 0.000691461 3.8545e+07 1.60826e+08 7.27361e+07 1.32914e+07 0 1.31585e+08 0 1.60826e+08 1.31585e+08 7.27361e+07 1.32914e+07 0.000956705 0.00301322 -0.00263433 0.00198316 0.11336
25 23 0 -0.128786 0.611447 -0.00106802 0.00387494 1.9446e+07 8.11366e+07 3.66954e+07 6.7055e+06 0 6.63845e+07 0 8.11366e+07 6.63845e+07 3.66954e+07 6.7055e+06 0.00324351 0.00559956 0.00046847 0.00507653 0.0903373
18 23 1 -0.28127 0.823541 -0.00179004 0.0044402 9.78811e+06 4.084e+07 1.84706e+07 3.37521e+06 0 3.34146e+07 0 4.084e+07 3.34146e+07 1.84706e+07 3.37521e+06 0.00537321 0.00185691 0.00140077 0.00772088 0.0851629
17 23 2 -0.318223 0.598825 -0.00170766 0.0032981 2.05319e+07 8.56674e+07 3.87446e+07 7.07995e+06 0 7.00915e+07 0 8.56674e+07 7.00915e+07 3.87446e+07 7.07995e+06 0.00301433 -0.00318457 -0.00316529 0.00442612 0.0915106
26 24 0 -0.19808 0.403493 -0.000731407 0.00210511 1.64509e+07 6.86399e+07 3.10436e+07 5.67272e+06 0 5.61599e+07 0 6.86399e+07 5.61599e+07 3.10436e+07 5.67272e+06 0.00187077 0.010197 0.000434145 0.00863373 0.0998017
25 24 1 -0.128786 0.611447 -0.00106802 0.00387494 1.9446e+07 8.11366e+07 3.66954e+07 6.7055e+06 0 6.63845e+07 0 8.11366e+07 6.63845e+07 3.66954e+07 6.7055e+06 0.00324351 0.00559956 0.00046847 0.00507653 0.0903373
17 24 2 -0.318223 0.598825 -0.00170766 0.0032981 2.05319e+07 8.56674e+07 3.87446e+07 7.07995e+06 0 7.00915e+07 0 8.56674e+07 7.00915e+07 3.87446e+07 7.07995e+06 0.00301433 -0.00318457 -0.00316529 0.00442612 0.0915106
32 25 0 0.00350978 0.435393 0.000253676 0.0020848 7.10718e+06 2.96541e+07 1.34116e+07 2.45075e+06 0 2.42625e+07 0 2.96541e+07 2.42625e+07 1.34116e+07 2.45075e+06 0.00849585 -0.0132553 -0.00418451 0.00941989 0.0977925
37 25 1 0.192043 0.49006 0.000522221 0.00184914 4.342e+07 1.81166e+08 8.19355e+07 1.49724e+07 0 1.48227e+08 0 1.81166e+08 1.48227e+08 8.19355e+07 1.49724e+07 0.00080843 0.00411612 -0.00233137 0.00377331 0.0953651
30 25 2 0.0895996 0.678088 -0.000176552 0.00328675 1.02315e+07 4.26901e+07 1.93073e+07 3.52811e+06 0 3.49282e+07 0 4.26901e+07 3.49282e+07 1.93073e+07 3.52811e+06 0.00625516 -0.0129451 -0.00289651 0.0060986 0.0880087
9 26 0 -0.477741 0.760736 -0.00227107 0.00388398 7.20402e+07 3.00582e+08 1.35943e+08 2.48414e+07 0 2.4593e+08 0 3.00582e+08 2.4593e+08 1.35943e+08 2.48414e+07 0.000338397 0.000691339 -0.00088869 0.000938395 0.0879744
10 26 1 -0.451203 1.00049 -0.00223142 0.00458595 2.39028e+07 9.97324e+07 4.51057e+07 8.24235e+06 0 8.15993e+07 0 9.97324e+07 8.15993e+07 4.51057e+07 8.24235e+06 0.00204991 0.00546813 0.000955141 0.0042356 0.0844757
4 26 2 -0.630023 0.893513 -0.00278347 0.00422036 9.45353e+06 3.9444e+07 1.78392e+07 3.25984e+06 0 3.22724e+07 0 3.9444e+07 3.22724e+07 1.78392e+07 3.25984e+06 0.00336087 -0.00114232 -0.00277344 0.00572423 0.0876234
12 27 0 -0.493998 0.55681 -0.00217746 0.00327167 1.77999e+07 7.42686e+07 3.35893e+07 6.1379e+06 0 6.07652e+07 0 7.42686e+07 6.07652e+07 3.35893e+07 6.1379e+06 0.00278948 0.0012718 -0.000679932 0.00466698 0.0942123
17 27 1 -0.318223 0.598825 -0.00170766 0.0032981 2.05319e+07 8.56674e+07 3.87446e+07 7.07995e+06 0 7.00915e+07 0 8.56674e+07 7.00915e+07 3.87446e+07 7.07995e+06 0.00301433 -0.00318457 -0.00316529 0.00442612 0.0915106
9 27 2 -0.477741 0.760736 -0.00227107 0.00388398 7.20402e+07 3.00582e+08 1.35943e+08 2.48414e+07 0 2.4593e+08 0 3.00582e+08 2.4593e+08 1.35943e+08 2.48414e+07 0.000338397 0.000691339 -0.00088869 0.000938395 0.0879744
11 28 0 -0.593617 0.391513 -0.00226275 0.00223518 1.37716e+07 5.74606e+07 2.59876e+07 4.74881e+06 0 4.70133e+07 0 5.74606e+07 4.70133e+07 2.59876e+07 4.74881e+06 0.00337761 -0.00570229 -0.00214906 0.00873334 0.102407
12 28 1 -0.493998 0.55681 -0.00217746 0.00327167 1.77999e+07 7.42686e+07 3.35893e+07 6.1379e+06 0 6.07652e+07 0 7.42686e+07 6.07652e+07 3.35893e+07 6.1379e+06 0.00278948 0.0012718 -0.000679932 0.00466698 0.0942123
5 28 2 -0.666263 0.621967 -0.00254151 0.00316546 4.12138e+07 1.71961e+08 7.77722e+07 1.42116e+07 0 1.40695e+08 0 1.71961e+08 1.40695e+08 7.77722e+07 1.42116e+07 0.00212991 0.00314175 0.000258564 0.0017785 0.0936564
11 29 0 -0.593617 0.391513 -0.00226275 0.00223518 1.37716e+07 5.74606e+07 2.59876e+07 4.74881e+06 0 4.70133e+07 0 5.74606e+07 4.70133e+07 2.59876e+07 4.74881e+06 0.00337761 -0.00570229 -0.00214906 0.00873334 0.102407
20 29 1 -0.391836 0.384186 -0.0014053 0.00155943 6.31502e+06 2.63489e+07 1.19167e+07 2.17759e+06 0 2.15582e+07 0 2.63489e+07 2.15582e+07 1.19167e+07 2.17759e+06 0.00527432 0.000294894 -0.00133924 0.00905046 0.101534
12 29 2 -0.493998 0.55681 -0.00217746 0.00327167 1.77999e+07 7.42686e+07 3.35893e+07 6.1379e+06 0 6.07652e+07 0 7.42686e+07 6.07652e+07 3.35893e+07 6.1379e+06 0.00278948 0.0012718 -0.000679932 0.00466698 0.0942123
18 30 0 -0.28127 0.823541 -0.00179004 0.0044402 9.78811e+06 4.084e+07 1.84706e+07 3.37521e+06 0 3.34146e+07 0 4.084e+07 3.34146e+07 1.84706e+07 3.37521e+06 0.00537321 0.00185691 0.00140077 0.00772088 0.0851629
15 30 1 -0.256593 1.07497 -0.00143897 0.00592952 2.16953e+07 9.05217e+07 4.094e+07 7.48114e+06 0 7.40632e+07 0 9.05217e+07 7.40632e+07 4.094e+07 7.48114e+06 0.0039977 -0.00318623 0.000472153 0.00425629 0.0824855
10 30 2 -0.451203 1.00049 -0.00223142 0.00458595 2.39028e+07 9.97324e+07 4.51057e+07 8.24235e+06 0 8.15993e+07 0 9.97324e+07 8.15993e+07 4.51057e+07 8.24235e+06 0.00204991 0.00546813 0.000955141 0.0042356 0.0844757
17 31 0 -0.318223 0.598825 -0.00170766 0.0032981 2.05319e+07 8.56674e+07 3.87446e+07 7.07995e+06 0 7.00915e+07 0 8.56674e+07 7.00915e+07 3.87446e+07 7.07995e+06 0.00301433 -0.00318457 -0.00316529 0.00442612 0.0915106
18 31 1 -0.28127 0.823541 -0.00179004 0.0044402 9.78811e+06 4.084e+07 1.84706e+07 3.37521e+06 0 3.34146e+07 0 4.084e+07 3.34146e+07 1.84706e+07 3.37521e+06 0.00537321 0.00185691 0.00140077 0.00772088 0.0851629
9 31 2 -0.477741 0.760736 -0.00227107 0.00388398 7.20402e+07 3.00582e+08 1.35943e+08 2.48414e+07 0 2.4593e+08 0 3.00582e+08 2.4593e+08 1.35943e+08 2.48414e+07 0.000338397 0.000691339 -0.00088869 0.000938395 0.0879744
5 32 0 -0.666263 0.621967 -0.00254151 0.00316546 4.12138e+07 1.71961e+08 7.77722e+07 1.42116e+07 0 1.40695e+08 0 1.71961e+08 1.40695e+08 7.77722e+07 1.42116e+07 0.00212991 0.00314175 0.000258564 0.0017785 0.0936564
12 32 1 -0.493998 0.55681 -0.00217746 0.00327167 1.77999e+07 7.42686e+07 3.35893e+07 6.1379e+06 0 6.07652e+07 0 7.42686e+07 6.07652e+07 3.35893e+07 6.1379e+06 0.00278948 0.0012718 -0.000679932 0.00466698 0.0942123
9 32 2 -0.477741 0.760736 -0.00227107 0.00388398 7.20402e+07 3.00582e+08 1.35943e+08 2.48414e+07 0 2.4593e+08 0 3.00582e+08 2.4593e+08 1.35943e+08 2.48414e+07 0.000338397 0.000691339 -0.00088869 0.000938395 0.0879744
26 33 0 -0.19808 0.403493 -0.000731407 0.00210511 1.64509e+07 6.86399e+07 3.10436e+07 5.67272e+06 0 5.61599e+07 0 6.86399e+07 5.61599e+07 3.10436e+07 5.67272e+06 0.00187077 0.010197 0.000434145 0.00863373 0.0998017
32 33 1 0.00350978 0.435393 0.000253676 0.0020848 7.10718e+06 2.96541e+07 1.34116e+07 2.45075e+06 0 2.42625e+07 0 2.96541e+07 2.42625e+07 1.34116e+07 2.45075e+06 0.00849585 -0.0132553 -0.00418451 0.00941989 0.0977925
25 33 2 -0.128786 0.611447 -0.00106802 0.00387494 1.9446e+07 8.11366e+07 3.66954e+07 6.7055e+06 0 6.63845e+07 0 8.11366e+07 6.63845e+07 3.66954e+07 6.7055e+06 0.00324351 0.00559956 0.00046847 0.00507653 0.0903373
30 34 0 0.0895996 0.678088 -0.000176552 0.00328675 1.02315e+07 4.26901e+07 1.93073e+07 3.52811e+06 0 3.49282e+07 0 4.26901e+07 3.49282e+07 1.93073e+07 3.52811e+06 0.00625516 -0.0129451 -0.00289651 0.0060986 0.0880087
37 34 1 0.192043 0.49006 0.000522221 0.00184914 4.342e+07 1.81166e+08 8.19355e+07 1.49724e+07 0 1.48227e+08 0 1.81166e+08 1.48227e+08 8.19355e+07 1.49724e+07 0.00080843 0.00411612 -0.00233137 0.00377331 0.0953651
36 34 2 0.304132 0.682394 0.000600247 0.00319102 2.98907e+07 1.24716e+08 5.64051e+07 1.03071e+07 0 1.02041e+08 0 1.24716e+08 1.02041e+08 5.64051e+07 1.03071e+07 0.00189122 0.00749986 0.0024904 0.00392816 0.0886494
33 35 0 -0.0866265 0.210401 -0.000127163 0.00121158 8.58122e+06 3.58044e+07 1.61931e+07 2.95904e+06 0 2.92945e+07 0 3.58044e+07 2.92945e+07 1.61931e+07 2.95904e+06 0.010001 -0.00291903 0.000159659 0.00482212 0.111954
40 35 1 -1.07623e-16 6.57252e-25 5.07849e-27 2.65218e-26 6.61552e+06 2.76027e+07 1.24838e+07 2.28121e+06 0 2.2584e+07 0 2.76027e+07 2.2584e+07 1.24838e+07 2.28121e+06 9.79639e-26 1.02146e-24 0.00248419 0.00866806 0.130061
39 35 2 0.120328 0.232915 0.000428472 0.00101195 7.67035e+07 3.20039e+08 1.44743e+08 2.64495e+07 0 2.6185e+08 0 3.20039e+08 2.6185e+08 1.44743e+08 2.64495e+07 -1.90996e-05 0.000717516 0.000952124 0.00175369 0.110274
0 36 0 -0.78275 0.749723 -0.00280834 0.00317853 5.60539e+07 2.3388e+08 1.05776e+08 1.93289e+07 0 1.91356e+08 0 2.3388e+08 1.91356e+08 1.05776e+08 1.93289e+07 0.000539743 0.00224728 -0.00218135 0.00224862 0.0921892
5 36 1 -0.666263 0.621967 -0.00254151 0.00316546 4.12138e+07 1.71961e+08 7.77722e+07 1.42116e+07 0 1.40695e+08 0 1.71961e+08 1.40695e+08 7.77722e+07 1.42116e+07 0.00212991 0.00314175 0.000258564 0.0017785 0.0936564
4 36 2 -0.630023 0.893513 -0.00278347 0.00422036 9.45353e+06 3.9444e+07 1.78392e+07 3.25984e+06 0 3.22724e+07 0 3.9444e+07 3.22724e+07 1.78392e+07 3.25984e+06 0.00336087 -0.00114232 -0.00277344 0.00572423 0.0876234
4 37 0 -0.630023 0.893513 -0.00278347 0.00422036 9.45353e+06 3.9444e+07 1.78392e+07 3.25984e+06 0 3.22724e+07 0 3.9444e+07 3.22724e+07 1.78392e+07 3.25984e+06 0.00336087 -0.00114232 -0.00277344 0.00572423 0.0876234
5 37 1 -0.666263 0.621967 -0.00254151 0.00316546 4.12138e+07 1.71961e+08 7.77722e+07 1.42116e+07 0 1.40695e+08 0 1.71961e+08 1.40695e+08 7.77722e+07 1.42116e+07 0.00212991 0.00314175 0.000258564 0.0017785 0.0936564
9 37 2 -0.477741 0.760736 -0.00227107 0.00388398 7.20402e+07 3.00582e+08 1.35943e+08 2.48414e+07 0 2.4593e+08 0 3.00582e+08 2.4593e+08 1.35943e+08 2.48414e+07 0.000338397 0.000691339 -0.00088869 0.000938395 0.0879744
33 38 0 -0.0866265 0.210401 -0.000127163 0.00121158 8.58122e+06 3.58044e+07 1.61931e+07 2.95904e+06 0 2.92945e+07 0 3.58044e+07 2.92945e+07 1.61931e+07 2.95904e+06 0.010001 -0.00291903 0.000159659 0.00482212 0.111954
34 38 1 -0.2 6.75564e-25 2.58991e-27 3.7535e-26 3.87305e+07 1.616e+08 7.30862e+07 1.33554e+07 0 1.32218e+08 0 1.616e+08 1.32218e+08 7.30862e+07 1.33554e+07 -3.16077e-25 4.19297e-25 -0.00538566 0.00331902 0.13027
40 38 2 -1.07623e-16 6.57252e-25 5.07849e-27 2.65218e-26 6.61552e+06 2.76027e+07 1.24838e+07 2.28121e+06 0 2.2584e+07 0 2.76027e+07 2.2584e+07 1.24838e+07 2.28121e+06 9.79639e-26 1.02146e-24 0.00248419 0.00866806 0.130061
32 39 0 0.00350978 0.435393 0.000253676 0.0020848 7.10718e+06 2.96541e+07 1.34116e+07 2.45075e+06 0 2.42625e+07 0 2.96541e+07 2.42625e+07 1.34116e+07 2.45075e+06 0.00849585 -0.0132553 -0.00418451 0.00941989 0.0977925
33 39 1 -0.0866265 0.210401 -0.000127163 0.00121158 8.58122e+06 3.58044e+07 1.61931e+07 2.95904e+06 0 2.92945e+07 0 3.58044e+07 2.92945e+07 1.61931e+07 2.95904e+06 0.010001 -0.00291903 0.000159659 0.00482212 0.111954
39 39 2 0.120328 0.232915 0.000428472 0.00101195 7.67035e+07 3.20039e+08 1.44743e+08 2.64495e+07 0 2.6185e+08 0 3.20039e+08 2.6185e+08 1.44743e+08 2.64495e+07 -1.90996e-05 0.000717516 0.000952124 0.00175369 0.110274
26 40 0 -0.19808 0.403493 -0.000731407 0.00210511 1.64509e+07 6.86399e+07 3.10436e+07 5.67272e+06 0 5.61599e+07 0 6.86399e+07 5.61599e+07 3.10436e+07 5.67272e+06 0.00187077 0.010197 0.000434145 0.00863373 0.0998017
20 40 1 -0.391836 0.384186 -0.0014053 0.00155943 6.31502e+06 2.63489e+07 1.19167e+07 2.17759e+06 0 2.15582e+07 0 2.63489e+07 2.15582e+07 1.19167e+07 2.17759e+06 0.00527432 0.000294894 -0.00133924 0.00905046 0.101534
27 40 2 -0.290262 0.196399 -0.000715753 0.000691461 3.8545e+07 1.60826e+08 7.27361e+07 1.32914e+07 0 1.31585e+08 0 1.60826e+08 1.31585e+08 7.27361e+07 1.32914e+07 0.000956705 0.00301322 -0.00263433 0.00198316 0.11336
10 41 0 -0.451203 1.00049 -0.00223142 0.00458595 2.39028e+07 9.97324e+07 4.51057e+07 8.24235e+06 0 8.15993e+07 0 9.97324e+07 8.15993e+07 4.51057e+07 8.24235e+06 0.00204991 0.00546813 0.000955141 0.0042356 0.0844757
9 41 1 -0.477741 0.760736 -0.00227107 0.00388398 7.20402e+07 3.00582e+08 1.35943e+08 2.48414e+07 0 2.4593e+08 0 3.00582e+08 2.4593e+08 1.35943e+08 2.48414e+07 0.000338397 0.000691339 -0.00088869 0.000938395 0.0879744
18 41 2 -0.28127 0.823541 -0.00179004 0.0044402 9.78811e+06 4.084e+07 1.84706e+07 3.37521e+06 0 3.34146e+07 0 4.084e+07 3.34146e+07 1.84706e+07 3.37521e+06 0.00537321 0.00185691 0.00140077 0.00772088 0.0851629
62 42 0 1 1.6557e-25 -5.80924e-27 1.26052e-26 1.28776e+07 5.37306e+07 2.43006e+07 4.44055e+06 0 4.39614e+07 0 5.37306e+07 4.39614e+07 2.43006e+07 4.44055e+06 -7.59047e-26 -7.39624e-25 0.0304786 0.0082942 0.130607
61 42 1 1.03339 0.192914 0.00262296 0.00101573 2.04366e+07 8.52698e+07 3.85647e+07 7.04709e+06 0 6.97662e+07 0 8.52698e+07 6.97662e+07 3.85647e+07 7.04709e+06 0.00412371 -0.00420301 -0.000161071 0.00392303 0.11605
60 42 2 0.88008 0.133171 0.00178194 0.000915875 7.80205e+06 3.25534e+07 1.47228e+07 2.69036e+06 0 2.66346e+07 0 3.25534e+07 2.66346e+07 1.47228e+07 2.69036e+06 0.00373757 0.00367622 0.00495827 0.00581473 0.119999
58 43 0 0.844894 0.289951 0.00217258 0.00138414 4.44721e+07 1.85556e+08 8.39209e+07 1.53352e+07 0 1.51819e+08 0 1.85556e+08 1.51819e+08 8.39209e+07 1.53352e+07 0.00186044 0.00522588 0.0012814 0.0021567 0.109571
53 43 1 0.799744 0.45807 0.0025338 0.00191253 2.67583e+07 1.11647e+08 5.04941e+07 9.227e+06 0 9.13473e+07 0 1.11647e+08 9.13473e+07 5.04941e+07 9.227e+06 0.00167216 0.00294335 0.00377395 0.00487768 0.100938
54 43 2 0.653017 0.342756 0.00191945 0.00131641 2.90233e+07 1.21097e+08 5.47682e+07 1.0008e+07 0 9.90795e+07 0 1.21097e+08 9.90795e+07 5.47682e+07 1.0008e+07 0.0022626 -0.00349715 -0.000448685 0.00353815 0.105315
61 44 0 1.03339 0.192914 0.00262296 0.00101573 2.04366e+07 8.52698e+07 3.85647e+07 7.04709e+06 0 6.97662e+07 0 8.52698e+07 6.97662e+07 3.85647e+07 7.04709e+06 0.00412371 -0.00420301 -0.000161071 0.00392303 0.11605
58 44 1 0.844894 0.289951 0.00217258 0.00138414 4.44721e+07 1.85556e+08 8.39209e+07 1.53352e+07 0 1.51819e+08 0 1.85556e+08 1.51819e+08 8.39209e+07 1.53352e+07 0.00186044 0.00522588 0.0012814 0.0021567 0.109571
60 44 2 0.88008 0.133171 0.00178194 0.000915875 7.80205e+06 3.25534e+07 1.47228e+07 2.69036e+06 0 2.66346e+07 0 3.25534e+07 2.66346e+07 1.47228e+07 2.69036e+06 0.00373757 0.00367622 0.00495827 0.00581473 0.119999
57 45 0 0.986807 0.404386 0.00292607 0.00206292 1.41005e+07 5.8833e+07 2.66082e+07 4.86223e+06 0 4.81361e+07 0 5.8833e+07 4.81361e+07 2.66082e+07 4.86223e+06 0.00437457 0.0010905 0.00489951 0.0052952 0.105487
53 45 1 0.799744 0.45807 0.0025338 0.00191253 2.67583e+07 1.11647e+08 5.04941e+07 9.227e+06 0 9.13473e+07 0 1.11647e+08 9.13473e+07 5.04941e+07 9.227e+06 0.00167216 0.00294335 0.00377395 0.00487768 0.100938
58 45 2 0.844894 0.289951 0.00217258 0.00138414 4.44721e+07 1.85556e+08 8.39209e+07 1.53352e+07 0 1.51819e+08 0 1.85556e+08 1.51819e+08 8.39209e+07 1.53352e+07 0.00186044 0.00522588 0.0012814 0.0021567 0.109571
53 46 0 0.799744 0.45807 0.0025338 0.00191253 2.67583e+07 1.11647e+08 5.04941e+07 9.227e+06 0 9.13473e+07 0 1.11647e+08 9.13473e+07 5.04941e+07 9.227e+06 0.00167216 0.00294335 0.00377395 0.00487768 0.100938
57 46 1 0.986807 0.404386 0.00292607 0.00206292 1.41005e+07 5.8833e+07 2.66082e+07 4.86223e+06 0 4.81361e+07 0 5.8833e+07 4.81361e+07 2.66082e+07 4.86223e+06 0.00437457 0.0010905 0.00489951 0.0052952 0.105487
52 46 2 0.89799 0.598327 0.00286529 0.00263311 3.85097e+07 1.60678e+08 7.26695e+07 1.32792e+07 0 1.31464e+08 0 1.60678e+08 1.31464e+08 7.26695e+07 1.32792e+07 0.00133744 0.000967487 -0.00181484 0.00235947 0.0974758
48 47 0 0.648373 0.553327 0.00229853 0.00272433 6.40478e+06 2.67234e+07 1.20861e+07 2.20855e+06 0 2.18646e+07 0 2.67234e+07 2.18646e+07 1.20861e+07 2.20855e+06 0.00536577 -0.00228391 0.00204397 0.0104277 0.0956669
53 47 1 0.799744 0.45807 0.0025338 0.00191253 2.67583e+07 1.11647e+08 5.04941e+07 9.227e+06 0 9.13473e+07 0 1.11647e+08 9.13473e+07 5.04941e+07 9.227e+06 0.00167216 0.00294335 0.00377395 0.00487768 0.100938
52 47 2 0.89799 0.598327 0.00286529 0.00263311 3.85097e+07 1.60678e+08 7.26695e+07 1.32792e+07 0 1.31464e+08 0 1.60678e+08 1.31464e+08 7.26695e+07 1.32792e+07 0.00133744 0.000967487 -0.00181484 0.00235947 0.0974758
54 48 0 0.653017 0.342756 0.00191945 0.00131641 2.90233e+07 1.21097e+08 5.47682e+07 1.0008e+07 0 9.90795e+07 0 1.21097e+08 9.90795e+07 5.47682e+07 1.0008e+07 0.0022626 -0.00349715 -0.000448685 0.00353815 0.105315
56 48 1 0.697937 0.162332 0.00158347 0.000710859 6.2886e+07 2.62387e+08 1.18669e+08 2.16848e+07 0 2.1468e+08 0 2.62387e+08 2.1468e+08 1.18669e+08 2.16848e+07 0.000207719 -0.00118414 0.00478804 0.00200894 0.117388
58 48 2 0.844894 0.289951 0.00217258 0.00138414 4.44721e+07 1.85556e+08 8.39209e+07 1.53352e+07 0 1.51819e+08 0 1.85556e+08 1.51819e+08 8.39209e+07 1.53352e+07 0.00186044 0.00522588 0.0012814 0.0021567 0.109571
55 49 0 0.6 7.10565e-25 5.67158e-27 3.59171e-26 1.76939e+07 7.38261e+07 3.33891e+07 6.10133e+06 0 6.04032e+07 0 7.38261e+07 6.04032e+07 3.33891e+07 6.10133e+06 6.81101e-26 9.13852e-25 0.0141177 0.00784795 0.131313
56 49 1 0.697937 0.162332 0.00158347 0.000710859 6.2886e+07 2.62387e+08 1.18669e+08 2.16848e+07 0 2.1468e+08 0 2.62387e+08 2.1468e+08 1.18669e+08 2.16848e+07 0.000207719 -0.00118414 0.00478804 0.00200894 0.117388
51 49 2 0.513543 0.176874 0.00130307 0.00104334 1.39469e+07 5.81924e+07 2.63185e+07 4.80929e+06 0 4.76119e+07 0 5.81924e+07 4.76119e+07 2.63185e+07 4.80929e+06 0.00345361 -0.00192354 0.00307399 0.00431202 0.115615
58 50 0 0.844894 0.289951 0.00217258 0.00138414 4.44721e+07 1.85556e+08 8.39209e+07 1.53352e+07 0 1.51819e+08 0 1.85556e+08 1.51819e+08 8.39209e+07 1.53352e+07 0.00186044 0.00522588 0.0012814 0.0021567 0.109571
61 50 1 1.03339 0.192914 0.00262296 0.00101573 2.04366e+07 8.52698e+07 3.85647e+07 7.04709e+06 0 6.97662e+07 0 8.52698e+07 6.97662e+07 3.85647e+07 7.04709e+06 0.00412371 -0.00420301 -0.000161071 0.00392303 0.11605
57 50 2 0.986807 0.404386 0.00292607 0.00206292 1.41005e+07 5.8833e+07 2.66082e+07 4.86223e+06 0 4.81361e+07 0 5.8833e+07 4.81361e+07 2.66082e+07 4.86223e+06 0.00437457 0.0010905 0.00489951 0.0052952 0.105487
59 51 0 0.8 6.48091e-25 4.44301e-27 3.50762e-26 2.34845e+07 9.79869e+07 4.43162e+07 8.09809e+06 0 8.01711e+07 0 9.79869e+07 8.01711e+07 4.43162e+07 8.09809e+06 -7.12507e-26 -9.177e-25 0.0151589 0.00675272 0.131685
60 51 1 0.88008 0.133171 0.00178194 0.000915875 7.80205e+06 3.25534e+07 1.47228e+07 2.69036e+06 0 2.66346e+07 0 3.25534e+07 2.66346e+07 1.47228e+07 2.69036e+06 0.00373757 0.00367622 0.00495827 0.00581473 0.119999
56 51 2 0.697937 0.162332 0.00158347 0.000710859 6.2886e+07 2.62387e+08 1.18669e+08 2.16848e+07 0 2.1468e+08 0 2.62387e+08 2.1468e+08 1.18669e+08 2.16848e+07 0.000207719 -0.00118414 0.00478804 0.00200894 0.117388
59 52 0 0.8 6.48091e-25 4.44301e-27 3.50762e-26 2.34845e+07 9.79869e+07 4.43162e+07 8.09809e+06 0 8.01711e+07 0 9.79869e+07 8.01711e+07 4.43162e+07 8.09809e+06 -7.12507e-26 -9.177e-25 0.0151589 0.00675272 0.131685
62 52 1 1 1.6557e-25 -5.80924e-27 1.26052e-26 1.28776e+07 5.37306e+07 2.43006e+07 4.44055e+06 0 4.39614e+07 0 5.37306e+07 4.39614e+07 2.43006e+07 4.44055e+06 -7.59047e-26 -7.39624e-25 0.0304786 0.0082942 0.130607
60 52 2 0.88008 0.133171 0.00178194 0.000915875 7.80205e+06 3.25534e+07 1.47228e+07 2.69036e+06 0 2.66346e+07 0 3.25534e+07 2.66346e+07 1.47228e+07 2.69036e+06 0.00373757 0.00367622 0.00495827 0.00581473 0.119999
48 53 0 0.648373 0.553327 0.00229853 0.00272433 6.40478e+06 2.67234e+07 1.20861e+07 2.20855e+06 0 2.18646e+07 0 2.67234e+07 2.18646e+07 1.20861e+07 2.20855e+06 0.00536577 -0.00228391 0.00204397 0.0104277 0.0956669
52 53 1 0.89799 0.598327 0.00286529 0.00263311 3.85097e+07 1.60678e+08 7.26695e+07 1.32792e+07 0 1.31464e+08 0 1.60678e+08 1.31464e+08 7.26695e+07 1.32792e+07 0.00133744 0.000967487 -0.00181484 0.00235947 0.0974758
47 53 2 0.769936 0.768106 0.0024042 0.00347545 3.15766e+07 1.31751e+08 5.95865e+07 1.08885e+07 0 1.07796e+08 0 1.31751e+08 1.07796e+08 5.95865e+07 1.08885e+07 0.00160962 -0.00825634 -0.000347549 0.00358978 0.091559
43 54 0 0.418161 0.535255 0.000901822 0.0029368 1.12333e+07 4.68701e+07 2.11978e+07 3.87356e+06 0 3.83483e+07 0 4.68701e+07 3.83483e+07 2.11978e+07 3.87356e+06 0.00359333 0.00354592 -0.00289292 0.00602396 0.0945022
48 54 1 0.648373 0.553327 0.00229853 0.00272433 6.40478e+06 2.67234e+07 1.20861e+07 2.20855e+06 0 2.18646e+07 0 2.67234e+07 2.18646e+07 1.20861e+07 2.20855e+06 0.00536577 -0.00228391 0.00204397 0.0104277 0.0956669
42 54 2 0.541392 0.707516 0.00151927 0.00428503 1.44875e+07 6.04479e+07 2.73386e+07 4.9957e+06 0 4.94574e+07 0 6.04479e+07 4.94574e+07 2.73386e+07 4.9957e+06 0.00544556 0.000749591 0.00138383 0.00525766 0.0898634
54 55 0 0.653017 0.342756 0.00191945 0.00131641 2.90233e+07 1.21097e+08 5.47682e+07 1.0008e+07 0 9.90795e+07 0 1.21097e+08 9.90795e+07 5.47682e+07 1.0008e+07 0.0022626 -0.00349715 -0.000448685 0.00353815 0.105315
53 55 1 0.799744 0.45807 0.0025338 0.00191253 2.67583e+07 1.11647e+08 5.04941e+07 9.227e+06 0 9.13473e+07 0 1.11647e+08 9.13473e+07 5.04941e+07 9.227e+06 0.00167216 0.00294335 0.00377395 0.00487768 0.100938
48 55 2 0.648373 0.553327 0.00229853 0.00272433 6.40478e+06 2.67234e+07 1.20861e+07 2.20855e+06 0 2.18646e+07 0 2.67234e+07 2.18646e+07 1.20861e+07 2.20855e+06 0.00536577 -0.00228391 0.00204397 0.0104277 0.0956669
51 56 0 0.513543 0.176874 0.00130307 0.00104334 1.39469e+07 5.81924e+07 2.63185e+07 4.80929e+06 0 4.76119e+07 0 5.81924e+07 4.76119e+07 2.63185e+07 4.80929e+06 0.00345361 -0.00192354 0.00307399 0.00431202 0.115615
54 56 1 0.653017 0.342756 0.00191945 0.00131641 2.90233e+07 1.21097e+08 5.47682e+07 1.0008e+07 0 9.90795e+07 0 1.21097e+08 9.90795e+07 5.47682e+07 1.0008e+07 0.0022626 -0.00349715 -0.000448685 0.00353815 0.105315
49 56 2 0.480708 0.365915 0.00135403 0.00196572 2.21916e+07 9.25924e+07 4.18765e+07 7.65226e+06 0 7.57574e+07 0 9.25924e+07 7.57574e+07 4.18765e+07 7.65226e+06 0.00419112 -0.00161013 -0.000794365 0.00334845 0.103032
56 57 0 0.697937 0.162332 0.00158347 0.000710859 6.2886e+07 2.62387e+08 1.18669e+08 2.16848e+07 0 2.1468e+08 0 2.62387e+08 2.1468e+08 1.18669e+08 2.16848e+07 0.000207719 -0.00118414 0.00478804 0.00200894 0.117388
60 57 1 0.88008 0.133171 0.00178194 0.000915875 7.80205e+06 3.25534e+07 1.47228e+07 2.69036e+06 0 2.66346e+07 0 3.25534e+07 2.66346e+07 1.47228e+07 2.69036e+06 0.00373757 0.00367622 0.00495827 0.00581473 0.119999
58 57 2 0.844894 0.289951 0.00217258 0.00138414 4.44721e+07 1.85556e+08 8.39209e+07 1.53352e+07 0 1.51819e+08 0 1.85556e+08 1.51819e+08 8.39209e+07 1.53352e+07 0.00186044 0.00522588 0.0012814 0.0021567 0.109571
43 58 0 0.418161 0.535255 0.000901822 0.0029368 1.12333e+07 4.68701e+07 2.11978e+07 3.87356e+06 0 3.83483e+07 0 4.68701e+07 3.83483e+07 2.11978e+07 3.87356e+06 0.00359333 0.00354592 -0.00289292 0.00602396 0.0945022
44 58 1 0.29474 0.35767 0.000780411 0.00176007 3.44904e+07 1.43908e+08 6.50849e+07 1.18932e+07 0 1.17743e+08 0 1.43908e+08 1.17743e+08 6.50849e+07 1.18932e+07 0.00183918 0.00271908 0.000484725 0.00287444 0.102604
49 58 2 0.480708 0.365915 0.00135403 0.00196572 2.21916e+07 9.25924e+07 4.18765e+07 7.65226e+06 0 7.57574e+07 0 9.25924e+07 7.57574e+07 4.18765e+07 7.65226e+06 0.00419112 -0.00161013 -0.000794365 0.00334845 0.103032
48 59 0 0.648373 0.553327 0.00229853 0.00272433 6.40478e+06 2.67234e+07 1.20861e+07 2.20855e+06 0 2.18646e+07 0 2.67234e+07 2.18646e+07 1.20861e+07 2.20855e+06 0.00536577 -0.00228391 0.00204397 0.0104277 0.0956669
47 59 1 0.769936 0.768106 0.0024042 0.00347545 3.15766e+07 1.31751e+08 5.95865e+07 1.08885e+07 0 1.07796e+08 0 1.31751e+08 1.07796e+08 5.95865e+07 1.08885e+07 0.00160962 -0.00825634 -0.000347549 0.00358978 0.091559
42 59 2 0.541392 0.707516 0.00151927 0.00428503 1.44875e+07 6.04479e+07 2.73386e+07 4.9957e+06 0 4.94574e+07 0 6.04479e+07 4.94574e+07 2.73386e+07 4.9957e+06 0.00544556 0.000749591 0.00138383 0.00525766 0.0898634
38 60 0 0.421878 0.841327 0.00109086 0.00464556 2.22973e+07 9.30335e+07 4.2076e+07 7.68872e+06 0 7.61183e+07 0 9.30335e+07 7.61183e+07 4.2076e+07 7.68872e+06 0.00318585 0.00490752 -7.79726e-05 0.00518354 0.0858772
42 60 1 0.541392 0.707516 0.00151927 0.00428503 1.44875e+07 6.04479e+07 2.73386e+07 4.9957e+06 0 4.94574e+07 0 6.04479e+07 4.94574e+07 2.73386e+07 4.9957e+06 0.00544556 0.000749591 0.00138383 0.00525766 0.0898634
41 60 2 0.613959 0.904762 0.00149884 0.00519773 1.80728e+07 7.5407e+07 3.41041e+07 6.23199e+06 0 6.16967e+07 0 7.5407e+07 6.16967e+07 3.41041e+07 6.23199e+06 0.00421234 -0.002349 -0.00567184 0.00418649 0.0872887
31 61 0 0.234761 0.87746 0.000302685 0.00446764 3.58749e+06 1.49685e+07 6.76976e+06 1.23707e+06 0 1.2247e+07 0 1.49685e+07 1.2247e+07 6.76976e+06 1.23707e+06 0.0104962 -0.00238882 -0.0021873 0.0135022 0.0839816
38 61 1 0.421878 0.841327 0.00109086 0.00464556 2.22973e+07 9.30335e+07 4.2076e+07 7.68872e+06 0 7.61183e+07 0 9.30335e+07 7.61183e+07 4.2076e+07 7.68872e+06 0.00318585 0.00490752 -7.79726e-05 0.00518354 0.0858772
35 61 2 0.409829 1.02486 0.0004076 0.00509105 6.02897e+07 2.51554e+08 1.13769e+08 2.07896e+07 0 2.05817e+08 0 2.51554e+08 2.05817e+08 1.13769e+08 2.07896e+07 0.000778922 0.00631914 -0.00401695 0.000784967 0.0838436
31 62 0 0.234761 0.87746 0.000302685 0.00446764 3.58749e+06 1.49685e+07 6.76976e+06 1.23707e+06 0 1.2247e+07 0 1.49685e+07 1.2247e+07 6.76976e+06 1.23707e+06 0.0104962 -0.00238882 -0.0021873 0.0135022 0.0839816
36 62 1 0.304132 0.682394 0.000600247 0.00319102 2.98907e+07 1.24716e+08 5.64051e+07 1.03071e+07 0 1.02041e+08 0 1.24716e+08 1.02041e+08 5.64051e+07 1.03071e+07 0.00189122 0.00749986 0.0024904 0.00392816 0.0886494
38 62 2 0.421878 0.841327 0.00109086 0.00464556 2.22973e+07 9.30335e+07 4.2076e+07 7.68872e+06 0 7.61183e+07 0 9.30335e+07 7.61183e+07 4.2076e+07 7.68872e+06 0.00318585 0.00490752 -7.79726e-05 0.00518354 0.0858772
29 63 0 0.179401 1.09972 -0.0001697 0.0059709 2.28764e+07 9.54497e+07 4.31687e+07 7.8884e+06 0 7.80952e+07 0 9.54497e+07 7.80952e+07 4.31687e+07 7.8884e+06 0.00393902 0.00248338 -0.000365645 0.00379389 0.0820213
31 63 1 0.234761 0.87746 0.000302685 0.00446764 3.58749e+06 1.49685e+07 6.76976e+06 1.23707e+06 0 1.2247e+07 0 1.49685e+07 1.2247e+07 6.76976e+06 1.23707e+06 0.0104962 -0.00238882 -0.0021873 0.0135022 0.0839816
35 63 2 0.409829 1.02486 0.0004076 0.00509105 6.02897e+07 2.51554e+08 1.13769e+08 2.07896e+07 0 2.05817e+08 0 2.51554e+08 2.05817e+08 1.13769e+08 2.07896e+07 0.000778922 0.00631914 -0.00401695 0.000784967 0.0838436
30 64 0 0.0895996 0.678088 -0.000176552 0.00328675 1.02315e+07 4.26901e+07 1.93073e+07 3.52811e+06 0 3.49282e+07 0 4.26901e+07 3.49282e+07 1.93073e+07 3.52811e+06 0.00625516 -0.0129451 -0.00289651 0.0060986 0.0880087
25 64 1 -0.128786 0.611447 -0.00106802 0.00387494 1.9446e+07 8.11366e+07 3.66954e+07 6.7055e+06 0 6.63845e+07 0 8.11366e+07 6.63845e+07 3.66954e+07 6.7055e+06 0.00324351 0.00559956 0.00046847 0.00507653 0.0903373
32 64 2 0.00350978 0.435393 0.000253676 0.0020848 7.10718e+06 2.96541e+07 1.34116e+07 2.45075e+06 0 2.42625e+07 0 2.96541e+07 2.42625e+07 1.34116e+07 2.45075e+06 0.00849585 -0.0132553 -0.00418451 0.00941989 0.0977925
31 65 0 0.234761 0.87746 0.000302685 0.00446764 3.58749e+06 1.49685e+07 6.76976e+06 1.23707e+06 0 1.2247e+07 0 1.49685e+07 1.2247e+07 6.76976e+06 1.23707e+06 0.0104962 -0.00238882 -0.0021873 0.0135022 0.0839816
30 65 1 0.0895996 0.678088 -0.000176552 0.00328675 1.02315e+07 4.26901e+07 1.93073e+07 3.52811e+06 0 3.49282e+07 0 4.26901e+07 3.49282e+07 1.93073e+07 3.52811e+06 0.00625516 -0.0129451 -0.00289651 0.0060986 0.0880087
36 65 2 0.304132 0.682394 0.000600247 0.00319102 2.98907e+07 1.24716e+08 5.64051e+07 1.03071e+07 0 1.02041e+08 0 1.24716e+08 1.02041e+08 5.64051e+07 1.03071e+07 0.00189122 0.00749986 0.0024904 0.00392816 0.0886494
24 66 0 0.0586279 0.915085 -0.00070316 0.00501457 2.38982e+07 9.97131e+07 4.50969e+07 8.24075e+06 0 8.15834e+07 0 9.97131e+07 8.15834e+07 4.50969e+07 8.24075e+06 0.00280837 4.99716e-05 0.00154171 0.00439258 0.0829046
23 66 1 -0.0791336 0.77906 -0.0010606 0.00460508 4.24265e+07 1.77021e+08 8.00606e+07 1.46298e+07 0 1.44835e+08 0 1.77021e+08 1.44835e+08 8.00606e+07 1.46298e+07 0.000975532 -3.86462e-05 -0.00162971 0.00198842 0.0853217
30 66 2 0.0895996 0.678088 -0.000176552 0.00328675 1.02315e+07 4.26901e+07 1.93073e+07 3.52811e+06 0 3.49282e+07 0 4.26901e+07 3.49282e+07 1.93073e+07 3.52811e+06 0.00625516 -0.0129451 -0.00289651 0.0060986 0.0880087
51 67 0 0.513543 0.176874 0.00130307 0.00104334 1.39469e+07 5.81924e+07 2.63185e+07 4.80929e+06 0 4.76119e+07 0 5.81924e+07 4.76119e+07 2.63185e+07 4.80929e+06 0.00345361 -0.00192354 0.00307399 0.00431202 0.115615
50 67 1 0.4 6.27742e-25 2.70849e-27 2.9748e-26 2.22126e+07 9.26802e+07 4.19162e+07 7.65952e+06 0 7.58293e+07 0 9.26802e+07 7.58293e+07 4.19162e+07 7.65952e+06 4.67807e-26 -6.03845e-25 0.00631816 0.00528932 0.130651
55 67 2 0.6 7.10565e-25 5.67158e-27 3.59171e-26 1.76939e+07 7.38261e+07 3.33891e+07 6.10133e+06 0 6.04032e+07 0 7.38261e+07 6.04032e+07 3.33891e+07 6.10133e+06 6.81101e-26 9.13852e-25 0.0141177 0.00784795 0.131313
51 68 0 0.513543 0.176874 0.00130307 0.00104334 1.39469e+07 5.81924e+07 2.63185e+07 4.80929e+06 0 4.76119e+07 0 5.81924e+07 4.76119e+07 2.63185e+07 4.80929e+06 0.00345361 -0.00192354 0.00307399 0.00431202 0.115615
46 68 1 0.323319 0.18158 0.000568593 0.00109417 1.37418e+07 5.73366e+07 2.59315e+07 4.73856e+06 0 4.69118e+07 0 5.73366e+07 4.69118e+07 2.59315e+07 4.73856e+06 0.00227352 0.00182067 0.00250331 0.00507963 0.114529
50 68 2 0.4 6.27742e-25 2.70849e-27 2.9748e-26 2.22126e+07 9.26802e+07 4.19162e+07 7.65952e+06 0 7.58293e+07 0 9.26802e+07 7.58293e+07 4.19162e+07 7.65952e+06 4.67807e-26 -6.03845e-25 0.00631816 0.00528932 0.130651
59 69 0 0.8 6.48091e-25 4.44301e-27 3.50762e-26 2.34845e+07 9.79869e+07 4.43162e+07 8.09809e+06 0 8.01711e+07 0 9.79869e+07 8.01711e+07 4.43162e+07 8.09809e+06 -7.12507e-26 -9.177e-25 0.0151589 0.00675272 0.131685
56 69 1 0.697937 0.162332 0.00158347 0.000710859 6.2886e+07 2.62387e+08 1.18669e+08 2.16848e+07 0 2.1468e+08 0 2.62387e+08 2.1468e+08 1.18669e+08 2.16848e+07 0.000207719 -0.00118414 0.00478804 0.00200894 0.117388
55 69 2 0.6 7.10565e-25 5.67158e-27 3.59171e-26 1.76939e+07 7.38261e+07 3.33891e+07 6.10133e+06 0 6.04032e+07 0 7.38261e+07 6.04032e+07 3.33891e+07 6.10133e+06 6.81101e-26 9.13852e-25 0.0141177 0.00784795 0.131313
43 70 0 0.418161 0.535255 0.000901822 0.0029368 1.12333e+07 4.68701e+07 2.11978e+07 3.87356e+06 0 3.83483e+07 0 4.68701e+07 3.83483e+07 2.11978e+07 3.87356e+06 0.00359333 0.00354592 -0.00289292 0.00602396 0.0945022
49 70 1 0.480708 0.365915 0.00135403 0.00196572 2.21916e+07 9.25924e+07 4.18765e+07 7.65226e+06 0 7.57574e+07 0 9.25924e+07 7.57574e+07 4.18765e+07 7.65226e+06 0.00419112 -0.00161013 -0.000794365 0.00334845 0.103032
48 70 2 0.648373 0.553327 0.00229853 0.00272433 6.40478e+06 2.67234e+07 1.20861e+07 2.20855e+06 0 2.18646e+07 0 2.67234e+07 2.18646e+07 1.20861e+07 2.20855e+06 0.00536577 -0.00228391 0.00204397 0.0104277 0.0956669
37 71 0 0.192043 0.49006 0.000522221 0.00184914 4.342e+07 1.81166e+08 8.19355e+07 1.49724e+07 0 1.48227e+08 0 1.81166e+08 1.48227e+08 8.19355e+07 1.49724e+07 0.00080843 0.00411612 -0.00233137 0.00377331 0.0953651
32 71 1 0.00350978 0.435393 0.000253676 0.0020848 7.10718e+06 2.96541e+07 1.34116e+07 2.45075e+06 0 2.42625e+07 0 2.96541e+07 2.42625e+07 1.34116e+07 2.45075e+06 0.00849585 -0.0132553 -0.00418451 0.00941989 0.0977925
39 71 2 0.120328 0.232915 0.000428472 0.00101195 7.67035e+07 3.20039e+08 1.44743e+08 2.64495e+07 0 2.6185e+08 0 3.20039e+08 2.6185e+08 1.44743e+08 2.64495e+07 -1.90996e-05 0.000717516 0.000952124 0.00175369 0.110274
44 72 0 0.29474 0.35767 0.000780411 0.00176007 3.44904e+07 1.43908e+08 6.50849e+07 1.18932e+07 0 1.17743e+08 0 1.43908e+08 1.17743e+08 6.50849e+07 1.18932e+07 0.00183918 0.00271908 0.000484725 0.00287444 0.102604
37 72 1 0.192043 0.49006 0.000522221 0.00184914 4.342e+07 1.81166e+08 8.19355e+07 1.49724e+07 0 1.48227e+08 0 1.81166e+08 1.48227e+08 8.19355e+07 1.49724e+07 0.00080843 0.00411612 -0.00233137 0.00377331 0.0953651
39 72 2 0.120328 0.232915 0.000428472 0.00101195 7.67035e+07 3.20039e+08 1.44743e+08 2.64495e+07 0 2.6185e+08 0 3.20039e+08 2.6185e+08 1.44743e+08 2.64495e+07 -1.90996e-05 0.000717516 0.000952124 0.00175369 0.110274
51 73 0 0.513543 0.176874 0.00130307 0.00104334 1.39469e+07 5.81924e+07 2.63185e+07 4.80929e+06 0 4.76119e+07 0 5.81924e+07 4.76119e+07 2.63185e+07 4.80929e+06 0.00345361 -0.00192354 0.00307399 0.00431202 0.115615
49 73 1 0.480708 0.365915 0.00135403 0.00196572 2.21916e+07 9.25924e+07 4.18765e+07 7.65226e+06 0 7.57574e+07 0 9.25924e+07 7.57574e+07 4.18765e+07 7.65226e+06 0.00419112 -0.00161013 -0.000794365 0.00334845 0.103032
46 73 2 0.323319 0.18158 0.000568593 0.00109417 1.37418e+07 5.73366e+07 2.59315e+07 4.73856e+06 0 4.69118e+07 0 5.73366e+07 4.69118e+07 2.59315e+07 4.73856e+06 0.00227352 0.00182067 0.00250331 0.00507963 0.114529
43 74 0 0.418161 0.535255 0.000901822 0.0029368 1.12333e+07 4.68701e+07 2.11978e+07 3.87356e+06 0 3.83483e+07 0 4.68701e+07 3.83483e+07 2.11978e+07 3.87356e+06 0.00359333 0.00354592 -0.00289292 0.00602396 0.0945022
42 74 1 0.541392 0.707516 0.00151927 0.00428503 1.44875e+07 6.04479e+07 2.73386e+07 4.9957e+06 0 4.94574e+07 0 6.04479e+07 4.94574e+07 2.73386e+07 4.9957e+06 0.00544556 0.000749591 0.00138383 0.00525766 0.0898634
36 74 2 0.304132 0.682394 0.000600247 0.00319102 2.98907e+07 1.24716e+08 5.64051e+07 1.03071e+07 0 1.02041e+08 0 1.24716e+08 1.02041e+08 5.64051e+07 1.03071e+07 0.00189122 0.00749986 0.0024904 0.00392816 0.0886494
37 75 0 0.192043 0.49006 0.000522221 0.00184914 4.342e+07 1.81166e+08 8.19355e+07 1.49724e+07 0 1.48227e+08 0 1.81166e+08 1.48227e+08 8.19355e+07 1.49724e+07 0.00080843 0.00411612 -0.00233137 0.00377331 0.0953651
43 75 1 0.418161 0.535255 0.000901822 0.0029368 1.12333e+07 4.68701e+07 2.11978e+07 3.87356e+06 0 3.83483e+07 0 4.68701e+07 3.83483e+07 2.11978e+07 3.87356e+06 0.00359333 0.00354592 -0.00289292 0.00602396 0.0945022
36 75 2 0.304132 0.682394 0.000600247 0.00319102 2.98907e+07 1.24716e+08 5.64051e+07 1.03071e+07 0 1.02041e+08 0 1.24716e+08 1.02041e+08 5.64051e+07 1.03071e+07 0.00189122 0.00749986 0.0024904 0.00392816 0.0886494
49 76 0 0.480708 0.365915 0.00135403 0.00196572 2.21916e+07 9.25924e+07 4.18765e+07 7.65226e+06 0 7.57574e+07 0 9.25924e+07 7.57574e+07 4.18765e+07 7.65226e+06 0.00419112 -0.00161013 -0.000794365 0.00334845 0.103032
54 76 1 0.653017 0.342756 0.00191945 0.00131641 2.90233e+07 1.21097e+08 5.47682e+07 1.0008e+07 0 9.90795e+07 0 1.21097e+08 9.90795e+07 5.47682e+07 1.0008e+07 0.0022626 -0.00349715 -0.000448685 0.00353815 0.105315
48 76 2 0.648373 0.553327 0.00229853 0.00272433 6.40478e+06 2.67234e+07 1.20861e+07 2.20855e+06 0 2.18646e+07 0 2.67234e+07 2.18646e+07 1.20861e+07 2.20855e+06 0.00536577 -0.00228391 0.00204397 0.0104277 0.0956669
46 77 0 0.323319 0.18158 0.000568593 0.00109417 1.37418e+07 5.73366e+07 2.59315e+07 4.73856e+06 0 4.69118e+07 0 5.73366e+07 4.69118e+07 2.59315e+07 4.73856e+06 0.00227352 0.00182067 0.00250331 0.00507963 0.114529
49 77 1 0.480708 0.365915 0.00135403 0.00196572 2.21916e+07 9.25924e+07 4.18765e+07 7.65226e+06 0 7.57574e+07 0 9.25924e+07 7.57574e+07 4.18765e+07 7.65226e+06 0.00419112 -0.00161013 -0.000794365 0.00334845 0.103032
44 77 2 0.29474 0.35767 0.000780411 0.00176007 3.44904e+07 1.43908e+08 6.50849e+07 1.18932e+07 0 1.17743e+08 0 1.43908e+08 1.17743e+08 6.50849e+07 1.18932e+07 0.00183918 0.00271908 0.000484725 0.00287444 0.102604
51 78 0 0.513543 0.176874 0.00130307 0.00104334 1.39469e+07 5.81924e+07 2.63185e+07 4.80929e+06 0 4.76119e+07 0 5.81924e+07 4.76119e+07 2.63185e+07 4.80929e+06 0.00345361 -0.00192354 0.00307399 0.00431202 0.115615
56 78 1 0.697937 0.162332 0.00158347 0.000710859 6.2886e+07 2.62387e+08 1.18669e+08 2.16848e+07 0 2.1468e+08 0 2.62387e+08 2.1468e+08 1.18669e+08 2.16848e+07 0.000207719 -0.00118414 0.00478804 0.00200894 0.117388
54 78 2 0.653017 0.342756 0.00191945 0.00131641 2.90233e+07 1.21097e+08 5.47682e+07 1.0008e+07 0 9.90795e+07 0 1.21097e+08 9.90795e+07 5.47682e+07 1.0008e+07 0.0022626 -0.00349715 -0.000448685 0.00353815 0.105315
41 79 0 0.613959 0.904762 0.00149884 0.00519773 1.80728e+07 7.5407e+07 3.41041e+07 6.23199e+06 0 6.16967e+07 0 7.5407e+07 6.16967e+07 3.41041e+07 6.23199e+06 0.00421234 -0.002349 -0.00567184 0.00418649 0.0872887
42 79 1 0.541392 0.707516 0.00151927 0.00428503 1.44875e+07 6.04479e+07 2.73386e+07 4.9957e+06 0 4.94574e+07 0 6.04479e+07 4.94574e+07 2.73386e+07 4.9957e+06 0.00544556 0.000749591 0.00138383 0.00525766 0.0898634
47 79 2 0.769936 0.768106 0.0024042 0.00347545 3.15766e+07 1.31751e+08 5.95865e+07 1.08885e+07 0 1.07796e+08 0 1.31751e+08 1.07796e+08 5.95865e+07 1.08885e+07 0.00160962 -0.00825634 -0.000347549 0.00358978 0.091559
41 80 0 0.613959 0.904762 0.00149884 0.00519773 1.80728e+07 7.5407e+07 3.41041e+07 6.23199e+06 0 6.16967e+07 0 7.5407e+07 6.16967e+07 3.41041e+07 6.23199e+06 0.00421234 -0.002349 -0.00567184 0.00418649 0.0872887
35 80 1 0.409829 1.02486 0.0004076 0.00509105 6.02897e+07 2.51554e+08 1.13769e+08 2.07896e+07 0 2.05817e+08 0 2.51554e+08 2.05817e+08 1.13769e+08 2.07896e+07 0.000778922 0.00631914 -0.00401695 0.000784967 0.0838436
38 80 2 0.421878 0.841327 0.00109086 0.00464556 2.22973e+07 9.30335e+07 4.2076e+07 7.68872e+06 0 7.61183e+07 0 9.30335e+07 7.61183e+07 4.2076e+07 7.68872e+06 0.00318585 0.00490752 -7.79726e-05 0.00518354 0.0858772
39 81 0 0.120328 0.232915 0.000428472 0.00101195 7.67035e+07 3.20039e+08 1.44743e+08 2.64495e+07 0 2.6185e+08 0 3.20039e+08 2.6185e+08 1.44743e+08 2.64495e+07 -1.90996e-05 0.000717516 0.000952124 0.00175369 0.110274
40 81 1 -1.07623e-16 6.57252e-25 5.07849e-27 2.65218e-26 6.61552e+06 2.76027e+07 1.24838e+07 2.28121e+06 0 2.2584e+07 0 2.76027e+07 2.2584e+07 1.24838e+07 2.28121e+06 9.79639e-26 1.02146e-24 0.00248419 0.00866806 0.130061
45 81 2 0.2 6.80858e-25 -2.93101e-27 4.44596e-26 2.72145e+07 1.1355e+08 5.13549e+07 9.3843e+06 0 9.29046e+07 0 1.1355e+08 9.29046e+07 5.13549e+07 9.3843e+06 -0.000494681 -0.00141561 0.00255134 0.00669698 0.130181
44 82 0 0.29474 0.35767 0.000780411 0.00176007 3.44904e+07 1.43908e+08 6.50849e+07 1.18932e+07 0 1.17743e+08 0 1.43908e+08 1.17743e+08 6.50849e+07 1.18932e+07 0.00183918 0.00271908 0.000484725 0.00287444 0.102604
39 82 1 0.120328 0.232915 0.000428472 0.00101195 7.67035e+07 3.20039e+08 1.44743e+08 2.64495e+07 0 2.6185e+08 0 3.20039e+08 2.6185e+08 1.44743e+08 2.64495e+07 -1.90996e-05 0.000717516 0.000952124 0.00175369 0.110274
46 82 2 0.323319 0.18158 0.000568593 0.00109417 1.37418e+07 5.73366e+07 2.59315e+07 4.73856e+06 0 4.69118e+07 0 5.73366e+07 4.69118e+07 2.59315e+07 4.73856e+06 0.00227352 0.00182067 0.00250331 0.00507963 0.114529
32 83 0 0.00350978 0.435393 0.000253676 0.0020848 7.10718e+06 2.96541e+07 1.34116e+07 2.45075e+06 0 2.42625e+07 0 2.96541e+07 2.42625e+07 1.34116e+07 2.45075e+06 0.00849585 -0.0132553 -0.00418451 0.00941989 0.0977925
26 83 1 -0.19808 0.403493 -0.000731407 0.00210511 1.64509e+07 6.86399e+07 3.10436e+07 5.67272e+06 0 5.61599e+07 0 6.86399e+07 5.61599e+07 3.10436e+07 5.67272e+06 0.00187077 0.010197 0.000434145 0.00863373 0.0998017
33 83 2 -0.0866265 0.210401 -0.000127163 0.00121158 8.58122e+06 3.58044e+07 1.61931e+07 2.95904e+06 0 2.92945e+07 0 3.58044e+07 2.92945e+07 1.61931e+07 2.95904e+06 0.010001 -0.00291903 0.000159659 0.00482212 0.111954
24 84 0 0.0586279 0.915085 -0.00070316 0.00501457 2.38982e+07 9.97131e+07 4.50969e+07 8.24075e+06 0 8.15834e+07 0 9.97131e+07 8.15834e+07 4.50969e+07 8.24075e+06 0.00280837 4.99716e-05 0.00154171 0.00439258 0.0829046
31 84 1 0.234761 0.87746 0.000302685 0.00446764 3.58749e+06 1.49685e+07 6.76976e+06 1.23707e+06 0 1.2247e+07 0 1.49685e+07 1.2247e+07 6.76976e+06 1.23707e+06 0.0104962 -0.00238882 -0.0021873 0.0135022 0.0839816
29 84 2 0.179401 1.09972 -0.0001697 0.0059709 2.28764e+07 9.54497e+07 4.31687e+07 7.8884e+06 0 7.80952e+07 0 9.54497e+07 7.80952e+07 4.31687e+07 7.8884e+06 0.00393902 0.00248338 -0.000365645 0.00379389 0.0820213
43 85 0 0.418161 0.535255 0.000901822 0.0029368 1.12333e+07 4.68701e+07 2.11978e+07 3.87356e+06 0 3.83483e+07 0 4.68701e+07 3.83483e+07 2.11978e+07 3.87356e+06 0.00359333 0.00354592 -0.00289292 0.00602396 0.0945022
37 85 1 0.192043 0.49006 0.000522221 0.00184914 4.342e+07 1.81166e+08 8.19355e+07 1.49724e+07 0 1.48227e+08 0 1.81166e+08 1.48227e+08 8.19355e+07 1.49724e+07 0.00080843 0.00411612 -0.00233137 0.00377331 0.0953651
44 85 2 0.29474 0.35767 0.000780411 0.00176007 3.44904e+07 1.43908e+08 6.50849e+07 1.18932e+07 0 1.17743e+08 0 1.43908e+08 1.17743e+08 6.50849e+07 1.18932e+07 0.00183918 0.00271908 0.000484725 0.00287444 0.102604
38 86 0 0.421878 0.841327 0.00109086 0.00464556 2.22973e+07 9.30335e+07 4.2076e+07 7.68872e+06 0 7.61183e+07 0 9.30335e+07 7.61183e+07 4.2076e+07 7.68872e+06 0.00318585 0.00490752 -7.79726e-05 0.00518354 0.0858772
36 86 1 0.304132 0.682394 0.000600247 0.00319102 2.98907e+07 1.24716e+08 5.64051e+07 1.03071e+07 0 1.02041e+08 0 1.24716e+08 1.02041e+08 5.64051e+07 1.03071e+07 0.00189122 0.00749986 0.0024904 0.00392816 0.0886494
42 86 2 0.541392 0.707516 0.00151927 0.00428503 1.44875e+07 6.04479e+07 2.73386e+07 4.9957e+06 0 4.94574e+07 0 6.04479e+07 4.94574e+07 2.73386e+07 4.9957e+06 0.00544556 0.000749591 0.00138383 0.00525766 0.0898634
31 87 0 0.234761 0.87746 0.000302685 0.00446764 3.58749e+06 1.49685e+07 6.76976e+06 1.23707e+06 0 1.2247e+07 0 1.49685e+07 1.2247e+07 6.76976e+06 1.23707e+06 0.0104962 -0.00238882 -0.0021873 0.0135022 0.0839816
24 87 1 0.0586279 0.915085 -0.00070316 0.00501457 2.38982e+07 9.97131e+07 4.50969e+07 8.24075e+06 0 8.15834e+07 0 9.97131e+07 8.15834e+07 4.50969e+07 8.24075e+06 0.00280837 4.99716e-05 0.00154171 0.00439258 0.0829046
30 87 2 0.0895996 0.678088 -0.000176552 0.00328675 1.02315e+07 4.26901e+07 1.93073e+07 3.52811e+06 0 3.49282e+07 0 4.26901e+07 3.49282e+07 1.93073e+07 3.52811e+06 0.00625516 -0.0129451 -0.00289651 0.0060986 0.0880087
22 88 0 -0.0396199 1.10695 -0.000805111 0.00564619 3.79748e+07 1.58447e+08 7.16602e+07 1.30948e+07 0 1.29638e+08 0 1.58447e+08 1.29638e+08 7.16602e+07 1.30948e+07 0.00248994 0.000254028 0.000108645 0.00234709 0.0816361
24 88 1 0.0586279 0.915085 -0.00070316 0.00501457 2.38982e+07 9.97131e+07 4.50969e+07 8.24075e+06 0 8.15834e+07 0 9.97131e+07 8.15834e+07 4.50969e+07 8.24075e+06 0.00280837 4.99716e-05 0.00154171 0.00439258 0.0829046
29 88 2 0.179401 1.09972 -0.0001697 0.0059709 2.28764e+07 9.54497e+07 4.31687e+07 7.8884e+06 0 7.80952e+07 0 9.54497e+07 7.80952e+07 4.31687e+07 7.8884e+06 0.00393902 0.00248338 -0.000365645 0.00379389 0.0820213
22 89 0 -0.0396199 1.10695 -0.000805111 0.00564619 3.79748e+07 1.58447e+08 7.16602e+07 1.30948e+07 0 1.29638e+08 0 1.58447e+08 1.29638e+08 7.16602e+07 1.30948e+07 0.00248994 0.000254028 0.000108645 0.00234709 0.0816361
15 89 1 -0.256593 1.07497 -0.00143897 0.00592952 2.16953e+07 9.05217e+07 4.094e+07 7.48114e+06 0 7.40632e+07 0 9.05217e+07 7.40632e+07 4.094e+07 7.48114e+06 0.0039977 -0.00318623 0.000472153 0.00425629 0.0824855
16 89 2 -0.132842 0.946712 -0.00113714 0.00517664 3.00613e+07 1.25428e+08 5.6727e+07 1.0366e+07 0 1.02623e+08 0 1.25428e+08 1.02623e+08 5.6727e+07 1.0366e+07 0.00186516 -0.00111059 0.000478153 0.00333778 0.0826557
46 90 0 0.323319 0.18158 0.000568593 0.00109417 1.37418e+07 5.73366e+07 2.59315e+07 4.73856e+06 0 4.69118e+07 0 5.73366e+07 4.69118e+07 2.59315e+07 4.73856e+06 0.00227352 0.00182067 0.00250331 0.00507963 0.114529
45 90 1 0.2 6.80858e-25 -2.93101e-27 4.44596e-26 2.72145e+07 1.1355e+08 5.13549e+07 9.3843e+06 0 9.29046e+07 0 1.1355e+08 9.29046e+07 5.13549e+07 9.3843e+06 -0.000494681 -0.00141561 0.00255134 0.00669698 0.130181
50 90 2 0.4 6.27742e-25 2.70849e-27 2.9748e-26 2.22126e+07 9.26802e+07 4.19162e+07 7.65952e+06 0 7.58293e+07 0 9.26802e+07 7.58293e+07 4.19162e+07 7.65952e+06 4.67807e-26 -6.03845e-25 0.00631816 0.00528932 0.130651
23 91 0 -0.0791336 0.77906 -0.0010606 0.00460508 4.24265e+07 1.77021e+08 8.00606e+07 1.46298e+07 0 1.44835e+08 0 1.77021e+08 1.44835e+08 8.00606e+07 1.46298e+07 0.000975532 -3.86462e-05 -0.00162971 0.00198842 0.0853217
25 91 1 -0.128786 0.611447 -0.00106802 0.00387494 1.9446e+07 8.11366e+07 3.66954e+07 6.7055e+06 0 6.63845e+07 0 8.11366e+07 6.63845e+07 3.66954e+07 6.7055e+06 0.00324351 0.00559956 0.00046847 0.00507653 0.0903373
30 91 2 0.0895996 0.678088 -0.000176552 0.00328675 1.02315e+07 4.26901e+07 1.93073e+07 3.52811e+06 0 3.49282e+07 0 4.26901e+07 3.49282e+07 1.93073e+07 3.52811e+06 0.00625516 -0.0129451 -0.00289651 0.0060986 0.0880087
16 92 0 -0.132842 0.946712 -0.00113714 0.00517664 3.00613e+07 1.25428e+08 5.6727e+07 1.0366e+07 0 1.02623e+08 0 1.25428e+08 1.02623e+08 5.6727e+07 1.0366e+07 0.00186516 -0.00111059 0.000478153 0.00333778 0.0826557
23 92 1 -0.0791336 0.77906 -0.0010606 0.00460508 4.24265e+07 1.77021e+08 8.00606e+07 1.46298e+07 0 1.44835e+08 0 1.77021e+08 1.44835e+08 8.00606e+07 1.46298e+07 0.000975532 -3.86462e-05 -0.00162971 0.00198842 0.0853217
24 92 2 0.0586279 0.915085 -0.00070316 0.00501457 2.38982e+07 9.97131e+07 4.50969e+07 8.24075e+06 0 8.15834e+07 0 9.97131e+07 8.15834e+07 4.50969e+07 8.24075e+06 0.00280837 4.99716e-05 0.00154171 0.00439258 0.0829046
16 93 0 -0.132842 0.946712 -0.00113714 0.00517664 3.00613e+07 1.25428e+08 5.6727e+07 1.0366e+07 0 1.02623e+08 0 1.25428e+08 1.02623e+08 5.6727e+07 1.0366e+07 0.00186516 -0.00111059 0.000478153 0.00333778 0.0826557
18 93 1 -0.28127 0.823541 -0.00179004 0.0044402 9.78811e+06 4.084e+07 1.84706e+07 3.37521e+06 0 3.34146e+07 0 4.084e+07 3.34146e+07 1.84706e+07 3.37521e+06 0.00537321 0.00185691 0.00140077 0.00772088 0.0851629
23 93 2 -0.0791336 0.77906 -0.0010606 0.00460508 4.24265e+07 1.77021e+08 8.00606e+07 1.46298e+07 0 1.44835e+08 0 1.77021e+08 1.44835e+08 8.00606e+07 1.46298e+07 0.000975532 -3.86462e-05 -0.00162971 0.00198842 0.0853217
23 94 0 -0.0791336 0.77906 -0.0010606 0.00460508 4.24265e+07 1.77021e+08 8.00606e+07 1.46298e+07 0 1.44835e+08 0 1.77021e+08 1.44835e+08 8.00606e+07 1.46298e+07 0.000975532 -3.86462e-05 -0.00162971 0.00198842 0.0853217
18 94 1 -0.28127 0.823541 -0.00179004 0.0044402 9.78811e+06 4.084e+07 1.84706e+07 3.37521e+06 0 3.34146e+07 0 4.084e+07 3.34146e+07 1.84706e+07 3.37521e+06 0.00537321 0.00185691 0.00140077 0.00772088 0.0851629
25 94 2 -0.128786 0.611447 -0.00106802 0.00387494 1.9446e+07 8.11366e+07 3.66954e+07 6.7055e+06 0 6.63845e+07 0 8.11366e+07 6.63845e+07 3.66954e+07 6.7055e+06 0.00324351 0.00559956 0.00046847 0.00507653 0.0903373
22 95 0 -0.0396199 1.10695 -0.000805111 0.00564619 3.79748e+07 1.58447e+08 7.16602e+07 1.30948e+07 0 1.29638e+08 0 1.58447e+08 1.29638e+08 7.16602e+07 1.30948e+07 0.00248994 0.000254028 0.000108645 0.00234709 0.0816361
16 95 1 -0.132842 0.946712 -0.00113714 0.00517664 3.00613e+07 1.25428e+08 5.6727e+07 1.0366e+07 0 1.02623e+08 0 1.25428e+08 1.02623e+08 5.6727e+07 1.0366e+07 0.00186516 -0.00111059 0.000478153 0.00333778 0.0826557
24 95 2 0.0586279 0.915085 -0.00070316 0.00501457 2.38982e+07 9.97131e+07 4.50969e+07 8.24075e+06 0 8.15834e+07 0 9.97131e+07 8.15834e+07 4.50969e+07 8.24075e+06 0.00280837 4.99716e-05 0.00154171 0.00439258 0.0829046
15 96 0 -0.256593 1.07497 -0.00143897 0.00592952 2.16953e+07 9.05217e+07 4.094e+07 7.48114e+06 0 7.40632e+07 0 9.05217e+07 7.40632e+07 4.094e+07 7.48114e+06 0.0039977 -0.00318623 0.000472153 0.00425629 0.0824855
18 96 1 -0.28127 0.823541 -0.00179004 0.0044402 9.78811e+06 4.084e+07 1.84706e+07 3.37521e+06 0 3.34146e+07 0 4.084e+07 3.34146e+07 1.84706e+07 3.37521e+06 0.00537321 0.00185691 0.00140077 0.00772088 0.0851629
16 96 2 -0.132842 0.946712 -0.00113714 0.00517664 3.00613e+07 1.25428e+08 5.6727e+07 1.0366e+07 0 1.02623e+08 0 1.25428e+08 1.02623e+08 5.6727e+07 1.0366e+07 0.00186516 -0.00111059 0.000478153 0.00333778 0.0826557
39 97 0 0.120328 0.232915 0.000428472 0.00101195 7.67035e+07 3.20039e+08 1.44743e+08 2.64495e+07 0 2.6185e+08 0 3.20039e+08 2.6185e+08 1.44743e+08 2.64495e+07 -1.90996e-05 0.000717516 0.000952124 0.00175369 0.110274
45 97 1 0.2 6.80858e-25 -2.93101e-27 4.44596e-26 2.72145e+07 1.1355e+08 5.13549e+07 9.3843e+06 0 9.29046e+07 0 1.1355e+08 9.29046e+07 5.13549e+07 9.3843e+06 -0.000494681 -0.00141561 0.00255134 0.00669698 0.130181
46 97 2 0.323319 0.18158 0.000568593 0.00109417 1.37418e+07 5.73366e+07 2.59315e+07 4.73856e+06 0 4.69118e+07 0 5.73366e+07 4.69118e+07 2.59315e+07 4.73856e+06 0.00227352 0.00182067 0.00250331 0.00507963 0.114529
